% function evaluation | noise-free fitness - Fopt (-1.694000000000e+001) | best noise-free fitness - Fopt | measured fitness | best measured fitness | x1 | x2...
1 +2.107390526e+004 +2.107390526e+004 +2.105696526e+004 +2.105696526e+004 -6.0475e+000 -4.5919e+000 +1.8474e+001 +2.2142e+001 +7.3771e+000
2 +1.202438208e+003 +1.202438208e+003 +1.185498208e+003 +1.185498208e+003 +2.6734e+000 -3.1228e+000 +1.2524e+001 -1.1700e+001 +3.6967e+000
3 +7.660562903e+002 +7.660562903e+002 +7.491162903e+002 +7.491162903e+002 +1.0021e+000 -2.1502e+000 +6.8294e+000 -1.0325e+001 -8.6769e+000
4 +1.354134777e+002 +1.354134777e+002 +1.184734777e+002 +1.184734777e+002 +1.5102e+000 -1.2391e-001 +6.7387e+000 -2.3762e+000 +2.6366e+000
5 +1.113654652e+002 +1.113654652e+002 +9.442546521e+001 +9.442546521e+001 +1.4643e+000 -4.3891e+000 +1.1510e+000 -2.2152e+000 -2.1955e+000
8 +5.641322737e+001 +5.641322737e+001 +3.947322737e+001 +3.947322737e+001 +2.0428e+000 -1.1670e+000 +4.3601e+000 -2.7143e+000 +3.1924e+000
64 +4.382180911e+001 +4.382180911e+001 +2.688180911e+001 +2.688180911e+001 +3.3858e+000 +4.5094e+000 +3.9344e+000 +1.5224e+000 +2.9639e+000
78 +3.949083912e+001 +3.949083912e+001 +2.255083912e+001 +2.255083912e+001 +2.7810e+000 +5.1613e+000 +2.3993e+000 -5.1894e-002 +3.5623e+000
109 +2.863144694e+001 +2.863144694e+001 +1.169144694e+001 +1.169144694e+001 +3.2711e+000 +2.3572e+000 +2.4612e+000 +1.7036e+000 +2.8753e+000
166 +1.220256349e+001 +1.220256349e+001 -4.737436510e+000 -4.737436510e+000 +3.3456e+000 +2.8681e+000 -9.7081e-001 +3.3386e-001 +2.5020e+000
314 +6.075208041e+000 +6.075208041e+000 -1.086479196e+001 -1.086479196e+001 +3.6088e+000 +1.7821e+000 -1.0362e+000 +2.6488e+000 +3.0427e-001
411 +3.747168432e+000 +3.747168432e+000 -1.319283157e+001 -1.319283157e+001 +3.9445e+000 +3.1213e+000 -1.0391e+000 +1.3180e+000 +1.3023e+000
536 +3.191601910e+000 +3.191601910e+000 -1.374839809e+001 -1.374839809e+001 +3.9401e+000 +2.6286e+000 -1.1987e+000 +1.5081e+000 +1.4928e+000
559 +2.457312064e+000 +2.457312064e+000 -1.448268794e+001 -1.448268794e+001 +4.1102e+000 +2.7107e+000 -1.0931e+000 +1.5569e+000 +1.3708e+000
573 +1.578750838e+000 +1.578750838e+000 -1.536124916e+001 -1.536124916e+001 +4.1239e+000 +2.7217e+000 -1.3146e+000 +1.4178e+000 +1.5553e+000
619 +1.356450527e+000 +1.356450527e+000 -1.558354947e+001 -1.558354947e+001 +4.2140e+000 +2.5320e+000 -1.2260e+000 +1.3970e+000 +1.5061e+000
682 +7.335991148e-001 +7.335991148e-001 -1.620640089e+001 -1.620640089e+001 +4.2756e+000 +2.7664e+000 -1.2119e+000 +1.2494e+000 +1.5172e+000
912 +6.182548807e-001 +6.182548807e-001 -1.632174512e+001 -1.632174512e+001 +4.1313e+000 +2.7178e+000 -1.3027e+000 +1.2985e+000 +1.5263e+000
940 +5.473341053e-001 +5.473341053e-001 -1.639266589e+001 -1.639266589e+001 +4.1117e+000 +2.7065e+000 -1.2874e+000 +1.3044e+000 +1.5240e+000
982 +4.731722102e-001 +4.731722102e-001 -1.646682779e+001 -1.646682779e+001 +4.1345e+000 +2.7177e+000 -1.3206e+000 +1.2944e+000 +1.5334e+000
1032 +4.252780873e-001 +4.252780873e-001 -1.651472191e+001 -1.651472191e+001 +4.1168e+000 +2.7224e+000 -1.2992e+000 +1.3008e+000 +1.5161e+000
1214 +3.451755156e-001 +3.451755156e-001 -1.659482448e+001 -1.659482448e+001 +4.0134e+000 +2.7300e+000 -1.3677e+000 +1.3004e+000 +1.5066e+000
1228 +3.300287692e-001 +3.300287692e-001 -1.660997123e+001 -1.660997123e+001 +4.0132e+000 +2.7138e+000 -1.3711e+000 +1.3071e+000 +1.5058e+000
1416 +2.741134244e-001 +2.741134244e-001 -1.666588658e+001 -1.666588658e+001 +4.0082e+000 +2.7480e+000 -1.3611e+000 +1.2890e+000 +1.5043e+000
1455 +2.468663483e-001 +2.468663483e-001 -1.669313365e+001 -1.669313365e+001 +4.0171e+000 +2.7594e+000 -1.3606e+000 +1.2827e+000 +1.5117e+000
1503 +2.452804007e-001 +2.452804007e-001 -1.669471960e+001 -1.669471960e+001 +4.0069e+000 +2.7511e+000 -1.3635e+000 +1.2845e+000 +1.5060e+000
1558 +2.347860852e-001 +2.347860852e-001 -1.670521391e+001 -1.670521391e+001 +3.9974e+000 +2.7541e+000 -1.3618e+000 +1.2856e+000 +1.5042e+000
1569 +2.262448146e-001 +2.262448146e-001 -1.671375519e+001 -1.671375519e+001 +4.0073e+000 +2.7576e+000 -1.3662e+000 +1.2867e+000 +1.5085e+000
1586 +2.008878506e-001 +2.008878506e-001 -1.673911215e+001 -1.673911215e+001 +4.0009e+000 +2.7547e+000 -1.3639e+000 +1.2859e+000 +1.5062e+000
1609 +1.654037499e-001 +1.654037499e-001 -1.677459625e+001 -1.677459625e+001 +3.9988e+000 +2.7617e+000 -1.3609e+000 +1.2859e+000 +1.5062e+000
1647 +1.370511718e-001 +1.370511718e-001 -1.680294883e+001 -1.680294883e+001 +3.9993e+000 +2.7587e+000 -1.3642e+000 +1.2886e+000 +1.5047e+000
1827 +1.274977144e-001 +1.274977144e-001 -1.681250229e+001 -1.681250229e+001 +4.0002e+000 +2.7589e+000 -1.3636e+000 +1.2879e+000 +1.5051e+000
1883 +1.181838799e-001 +1.181838799e-001 -1.682181612e+001 -1.682181612e+001 +4.0001e+000 +2.7589e+000 -1.3639e+000 +1.2877e+000 +1.5057e+000
2037 +1.171888367e-001 +1.171888367e-001 -1.682281116e+001 -1.682281116e+001 +4.0000e+000 +2.7589e+000 -1.3638e+000 +1.2877e+000 +1.5056e+000
2058 +1.138880966e-001 +1.138880966e-001 -1.682611190e+001 -1.682611190e+001 +4.0000e+000 +2.7589e+000 -1.3638e+000 +1.2878e+000 +1.5056e+000
2140 +1.111887486e-001 +1.111887486e-001 -1.682881125e+001 -1.682881125e+001 +3.9998e+000 +2.7590e+000 -1.3642e+000 +1.2877e+000 +1.5058e+000
2286 +1.092234726e-001 +1.092234726e-001 -1.683077653e+001 -1.683077653e+001 +4.0002e+000 +2.7589e+000 -1.3640e+000 +1.2876e+000 +1.5059e+000
2350 +1.063126836e-001 +1.063126836e-001 -1.683368732e+001 -1.683368732e+001 +4.0002e+000 +2.7590e+000 -1.3640e+000 +1.2876e+000 +1.5059e+000
2426 +1.026402176e-001 +1.026402176e-001 -1.683735978e+001 -1.683735978e+001 +4.0003e+000 +2.7588e+000 -1.3641e+000 +1.2876e+000 +1.5060e+000
2486 +1.022166588e-001 +1.022166588e-001 -1.683778334e+001 -1.683778334e+001 +4.0003e+000 +2.7588e+000 -1.3641e+000 +1.2875e+000 +1.5060e+000
2744 +9.990352607e-002 +9.990352607e-002 -1.684009647e+001 -1.684009647e+001 +4.0003e+000 +2.7588e+000 -1.3641e+000 +1.2876e+000 +1.5060e+000
% function evaluation | noise-free fitness - Fopt (1.881000000000e+001) | best noise-free fitness - Fopt | measured fitness | best measured fitness | x1 | x2...
1 +9.337798250e+001 +9.337798250e+001 +1.121879825e+002 +1.121879825e+002 -5.1891e+000 +6.3057e+000 -1.8301e+000 +2.8119e+000 -1.1912e+000
3 +4.586878692e+001 +4.586878692e+001 +6.467878692e+001 +6.467878692e+001 +1.7512e-002 +2.2653e+000 +1.6745e+000 -2.1108e+000 -1.2952e+000
6 +3.704594896e+001 +3.704594896e+001 +5.585594896e+001 +5.585594896e+001 -2.3742e+000 +4.3932e+000 -9.3076e-001 +6.1174e+000 -2.5481e+000
35 +2.580402320e+001 +2.580402320e+001 +4.461402320e+001 +4.461402320e+001 -3.4193e+000 +2.8250e+000 -8.6272e-001 +1.8576e-002 -4.2343e-001
43 +2.217690292e+001 +2.217690292e+001 +4.098690292e+001 +4.098690292e+001 -4.6723e-001 +1.8983e+000 -1.4441e+000 +3.8859e+000 -3.4529e+000
64 +2.091055156e+001 +2.091055156e+001 +3.972055156e+001 +3.972055156e+001 -1.1742e+000 +2.9962e+000 -5.7718e-001 +1.1450e+000 -1.5805e+000
74 +1.477496760e+001 +1.477496760e+001 +3.358496760e+001 +3.358496760e+001 -1.6628e+000 +2.5058e+000 -4.4693e-001 +2.6174e+000 -6.8005e-001
130 +1.000652910e+001 +1.000652910e+001 +2.881652910e+001 +2.881652910e+001 -4.9536e-001 +1.4843e+000 +9.8829e-002 +5.5490e-001 +1.4721e+000
156 +8.473982578e+000 +8.473982578e+000 +2.728398258e+001 +2.728398258e+001 -3.4310e-001 +1.2182e+000 -3.4887e-001 -1.6753e-001 +8.8290e-001
368 +7.207613492e+000 +7.207613492e+000 +2.601761349e+001 +2.601761349e+001 -9.8984e-001 +1.0929e+000 -1.3217e+000 +6.8686e-001 +4.1941e-001
380 +6.930182909e+000 +6.930182909e+000 +2.574018291e+001 +2.574018291e+001 -1.1311e+000 +7.3985e-001 -1.2939e+000 +4.6794e-001 +7.4094e-001
414 +5.108630391e+000 +5.108630391e+000 +2.391863039e+001 +2.391863039e+001 -8.0286e-001 +8.9339e-001 -1.0613e+000 +5.9879e-001 +8.3845e-001
505 +4.621268331e+000 +4.621268331e+000 +2.343126833e+001 +2.343126833e+001 -8.5750e-001 +1.6803e+000 -1.1622e+000 +8.2032e-001 +9.6885e-001
507 +4.190520500e+000 +4.190520500e+000 +2.300052050e+001 +2.300052050e+001 -7.5508e-001 +2.2652e+000 -8.0862e-001 +7.3377e-001 +4.6738e-001
531 +2.924368190e+000 +2.924368190e+000 +2.173436819e+001 +2.173436819e+001 -4.2856e-001 +2.0203e+000 -9.0158e-001 +3.6393e-001 +6.5642e-001
562 +2.394951026e+000 +2.394951026e+000 +2.120495103e+001 +2.120495103e+001 -6.1471e-001 +1.9566e+000 -9.7420e-001 +6.5212e-001 +8.2290e-001
675 +1.431706481e+000 +1.431706481e+000 +2.024170648e+001 +2.024170648e+001 -6.4192e-001 +2.1972e+000 -1.0332e+000 +8.1946e-001 +8.2395e-001
805 +9.850388216e-001 +9.850388216e-001 +1.979503882e+001 +1.979503882e+001 -6.7343e-001 +1.8635e+000 -1.1136e+000 +8.2321e-001 +7.9342e-001
1050 +7.507398065e-001 +7.507398065e-001 +1.956073981e+001 +1.956073981e+001 -5.6604e-001 +2.2680e+000 -1.0780e+000 +7.5808e-001 +8.6381e-001
1143 +5.008471785e-001 +5.008471785e-001 +1.931084718e+001 +1.931084718e+001 -5.7514e-001 +2.0972e+000 -1.0537e+000 +7.4270e-001 +8.8785e-001
1594 +4.164839538e-001 +4.164839538e-001 +1.922648395e+001 +1.922648395e+001 -5.5370e-001 +2.2429e+000 -1.0473e+000 +7.6364e-001 +8.6329e-001
1659 +3.925919362e-001 +3.925919362e-001 +1.920259194e+001 +1.920259194e+001 -5.5789e-001 +2.2288e+000 -1.0486e+000 +7.6385e-001 +8.6029e-001
1673 +3.758518822e-001 +3.758518822e-001 +1.918585188e+001 +1.918585188e+001 -5.5582e-001 +2.2448e+000 -1.0476e+000 +7.6547e-001 +8.6067e-001
1940 +3.682568401e-001 +3.682568401e-001 +1.917825684e+001 +1.917825684e+001 -5.5727e-001 +2.2421e+000 -1.0486e+000 +7.6723e-001 +8.5969e-001
1965 +3.626759701e-001 +3.626759701e-001 +1.917267597e+001 +1.917267597e+001 -5.5685e-001 +2.2432e+000 -1.0483e+000 +7.6731e-001 +8.5916e-001
2059 +3.544724416e-001 +3.544724416e-001 +1.916447244e+001 +1.916447244e+001 -5.5691e-001 +2.2422e+000 -1.0483e+000 +7.6737e-001 +8.5927e-001
2286 +3.443187807e-001 +3.443187807e-001 +1.915431878e+001 +1.915431878e+001 -5.5662e-001 +2.2421e+000 -1.0482e+000 +7.6688e-001 +8.5898e-001
5564 +3.387786905e-001 +3.387786905e-001 +1.914877869e+001 +1.914877869e+001 -5.5688e-001 +2.2414e+000 -1.0483e+000 +7.6697e-001 +8.5935e-001
% function evaluation | noise-free fitness - Fopt (2.731500000000e+002) | best noise-free fitness - Fopt | measured fitness | best measured fitness | x1 | x2...
1 +3.235996803e+002 +3.235996803e+002 +5.967496803e+002 +5.967496803e+002 +4.1715e+000 -2.0144e-001 -9.8598e+000 +1.0452e+000 +1.6948e+000
2 +3.050729813e+002 +3.050729813e+002 +5.782229813e+002 +5.782229813e+002 +4.2629e+000 -8.8206e+000 -4.1941e+000 -2.8080e+000 +1.9587e+000
3 +1.391674692e+002 +1.391674692e+002 +4.123174692e+002 +4.123174692e+002 +2.4061e+000 -1.1512e+000 +6.3942e+000 -1.9949e+000 +1.4299e+000
5 +1.184013077e+002 +1.184013077e+002 +3.915513077e+002 +3.915513077e+002 -3.4214e-001 -1.6121e+000 -3.2780e+000 -1.9769e+000 +1.0782e+000
6 +7.444450683e+001 +7.444450683e+001 +3.475945068e+002 +3.475945068e+002 +2.7325e+000 -1.0903e-001 -3.1960e+000 -2.7836e+000 +9.4956e-001
18 +5.197825083e+001 +5.197825083e+001 +3.251282508e+002 +3.251282508e+002 +2.6793e+000 +4.3248e-001 -1.7617e+000 -1.1919e+000 +1.3952e+000
25 +4.256288940e+001 +4.256288940e+001 +3.157128894e+002 +3.157128894e+002 +2.0832e+000 +3.6158e+000 -2.3571e+000 +2.7824e+000 +2.9212e+000
27 +3.832259691e+001 +3.832259691e+001 +3.114725969e+002 +3.114725969e+002 +1.3441e+000 +1.0971e+000 +3.1921e+000 +3.1687e+000 +3.0856e+000
39 +2.855065390e+001 +2.855065390e+001 +3.017006539e+002 +3.017006539e+002 +1.9750e+000 +1.1785e+000 -1.3117e+000 -6.3522e-001 +3.0060e+000
81 +2.021211141e+001 +2.021211141e+001 +2.933621114e+002 +2.933621114e+002 +4.4948e+000 +2.7657e+000 -1.2689e+000 -7.4259e-001 +1.4645e+000
86 +1.989954553e+001 +1.989954553e+001 +2.930495455e+002 +2.930495455e+002 +1.6022e+000 +1.3529e+000 -1.4559e+000 +5.5916e-001 +1.9168e+000
101 +1.437640746e+001 +1.437640746e+001 +2.875264075e+002 +2.875264075e+002 +3.7810e+000 +1.8510e+000 -5.3981e-001 +1.3180e+000 +1.6179e+000
130 +1.056413349e+001 +1.056413349e+001 +2.837141335e+002 +2.837141335e+002 +1.5312e+000 +2.9105e+000 +1.5646e+000 +2.4872e+000 +1.5015e+000
152 +7.756914888e+000 +7.756914888e+000 +2.809069149e+002 +2.809069149e+002 +1.6892e+000 +2.7958e+000 +1.2040e+000 +2.1534e+000 +1.0766e+000
209 +7.324922306e+000 +7.324922306e+000 +2.804749223e+002 +2.804749223e+002 +2.4998e+000 +3.8162e+000 +4.4904e-001 +7.0504e-001 +9.1557e-001
260 +6.487752140e+000 +6.487752140e+000 +2.796377521e+002 +2.796377521e+002 -1.7827e+000 +3.6439e+000 -3.5852e-001 +2.2466e+000 +1.3648e+000
287 +6.022464362e+000 +6.022464362e+000 +2.791724644e+002 +2.791724644e+002 +1.2431e+000 +3.3610e+000 +5.9471e-001 +1.4772e+000 +1.3199e+000
354 +5.487426140e+000 +5.487426140e+000 +2.786374261e+002 +2.786374261e+002 +1.6915e+000 +3.8467e+000 +3.4564e-001 +1.4727e+000 +1.0415e+000
360 +4.211903987e+000 +4.211903987e+000 +2.773619040e+002 +2.773619040e+002 +2.7026e+000 +3.4201e+000 +3.3136e-001 +1.6087e+000 +1.1737e+000
618 +3.877091002e+000 +3.877091002e+000 +2.770270910e+002 +2.770270910e+002 +2.6019e+000 +3.6724e+000 +4.4605e-001 +1.8719e+000 +1.1073e+000
670 +3.589039103e+000 +3.589039103e+000 +2.767390391e+002 +2.767390391e+002 +2.3371e+000 +3.7834e+000 +3.2894e-001 +1.6702e+000 +1.0923e+000
679 +3.477791494e+000 +3.477791494e+000 +2.766277915e+002 +2.766277915e+002 +2.0042e+000 +3.6774e+000 +8.8942e-001 +1.8749e+000 +1.0970e+000
684 +3.388659818e+000 +3.388659818e+000 +2.765386598e+002 +2.765386598e+002 +2.1146e+000 +3.6886e+000 +4.9373e-001 +1.8273e+000 +1.0902e+000
703 +2.770942653e+000 +2.770942653e+000 +2.759209427e+002 +2.759209427e+002 +2.3130e+000 +3.6117e+000 +7.0358e-001 +1.9491e+000 +1.0951e+000
927 +2.668248839e+000 +2.668248839e+000 +2.758182488e+002 +2.758182488e+002 +9.4899e-001 +3.7471e+000 +4.0828e-001 +2.0602e+000 +1.2254e+000
937 +1.901230656e+000 +1.901230656e+000 +2.750512307e+002 +2.750512307e+002 +9.8514e-001 +3.7455e+000 +5.7915e-001 +2.0836e+000 +1.2628e+000
1108 +1.813185982e+000 +1.813185982e+000 +2.749631860e+002 +2.749631860e+002 +9.4724e-001 +3.7187e+000 +5.9355e-001 +2.1205e+000 +1.2664e+000
1142 +1.695923033e+000 +1.695923033e+000 +2.748459230e+002 +2.748459230e+002 +9.6449e-001 +3.7272e+000 +5.6856e-001 +2.0901e+000 +1.2705e+000
1169 +1.619921890e+000 +1.619921890e+000 +2.747699219e+002 +2.747699219e+002 +9.7677e-001 +3.7375e+000 +5.6146e-001 +2.0688e+000 +1.2531e+000
1237 +1.524879024e+000 +1.524879024e+000 +2.746748790e+002 +2.746748790e+002 +9.9518e-001 +3.7380e+000 +5.6400e-001 +2.1022e+000 +1.2527e+000
1269 +1.375265549e+000 +1.375265549e+000 +2.745252655e+002 +2.745252655e+002 +1.0177e+000 +3.7317e+000 +5.6409e-001 +2.0963e+000 +1.2411e+000
1345 +1.346731357e+000 +1.346731357e+000 +2.744967314e+002 +2.744967314e+002 +1.0111e+000 +3.7389e+000 +5.6601e-001 +2.0870e+000 +1.2351e+000
1349 +1.206875966e+000 +1.206875966e+000 +2.743568760e+002 +2.743568760e+002 +1.0086e+000 +3.7370e+000 +5.7445e-001 +2.0876e+000 +1.2404e+000
1426 +1.171851984e+000 +1.171851984e+000 +2.743218520e+002 +2.743218520e+002 +1.0112e+000 +3.7410e+000 +5.7363e-001 +2.0899e+000 +1.2362e+000
1534 +1.144565587e+000 +1.144565587e+000 +2.742945656e+002 +2.742945656e+002 +1.0269e+000 +3.7382e+000 +5.8898e-001 +2.0939e+000 +1.2367e+000
1726 +1.115254113e+000 +1.115254113e+000 +2.742652541e+002 +2.742652541e+002 +1.0205e+000 +3.7387e+000 +5.8664e-001 +2.0917e+000 +1.2373e+000
1732 +1.086416233e+000 +1.086416233e+000 +2.742364162e+002 +2.742364162e+002 +1.0157e+000 +3.7391e+000 +5.8674e-001 +2.0907e+000 +1.2370e+000
1843 +1.069079578e+000 +1.069079578e+000 +2.742190796e+002 +2.742190796e+002 +1.0203e+000 +3.7388e+000 +5.8611e-001 +2.0896e+000 +1.2364e+000
2077 +1.039432037e+000 +1.039432037e+000 +2.741894320e+002 +2.741894320e+002 +1.0210e+000 +3.7381e+000 +5.8674e-001 +2.0899e+000 +1.2366e+000
3098 +1.021582140e+000 +1.021582140e+000 +2.741715821e+002 +2.741715821e+002 +1.0228e+000 +3.7381e+000 +5.8680e-001 +2.0895e+000 +1.2363e+000
% function evaluation | noise-free fitness - Fopt (3.718000000000e+001) | best noise-free fitness - Fopt | measured fitness | best measured fitness | x1 | x2...
1 +2.068243430e+003 +2.068243430e+003 +2.105423430e+003 +2.105423430e+003 +8.5556e-001 +2.7941e+000 -4.0520e+000 +4.3711e+000 +7.8002e+000
2 +1.661792300e+003 +1.661792300e+003 +1.698972300e+003 +1.698972300e+003 -1.5080e+001 +5.7391e-001 -1.8680e+000 +3.6331e+000 +1.0673e+000
3 +6.017035239e+002 +6.017035239e+002 +6.388835239e+002 +6.388835239e+002 +4.5196e-001 -2.0320e+000 -2.3095e+000 +3.4502e+000 +2.3874e+000
5 +4.414098109e+002 +4.414098109e+002 +4.785898109e+002 +4.785898109e+002 -4.8428e-001 +1.0663e+000 +9.9959e-001 +8.8844e+000 +2.1499e+000
9 +1.905942247e+002 +1.905942247e+002 +2.277742247e+002 +2.277742247e+002 +1.5343e+000 -3.3614e+000 -1.0784e+000 +3.7600e+000 +9.3932e-001
29 +1.323414720e+002 +1.323414720e+002 +1.695214720e+002 +1.695214720e+002 -9.2136e-002 -5.9802e+000 +6.5774e+000 +5.9106e+000 -2.0606e+000
31 +7.957505799e+001 +7.957505799e+001 +1.167550580e+002 +1.167550580e+002 +8.8884e-001 -1.6249e+000 +4.3755e-001 +2.0023e+000 -3.1986e+000
47 +3.906084085e+001 +3.906084085e+001 +7.624084085e+001 +7.624084085e+001 -2.1046e+000 +1.3594e-001 +2.5155e+000 +3.9969e+000 -6.1734e-001
174 +3.639564351e+001 +3.639564351e+001 +7.357564351e+001 +7.357564351e+001 -1.9431e+000 -2.3898e+000 +2.3954e+000 +2.6503e+000 -1.0244e+000
188 +2.607490873e+001 +2.607490873e+001 +6.325490873e+001 +6.325490873e+001 -4.0622e+000 +1.0721e+000 +2.6752e+000 +2.9153e+000 -3.0529e+000
228 +1.362306009e+001 +1.362306009e+001 +5.080306009e+001 +5.080306009e+001 -4.3095e+000 +2.5037e+000 +2.2757e+000 +4.7435e-001 -2.4634e+000
251 +9.856263076e+000 +9.856263076e+000 +4.703626308e+001 +4.703626308e+001 -3.2467e+000 +1.0416e+000 +3.2814e+000 +1.6639e+000 -2.8759e+000
262 +8.712415483e+000 +8.712415483e+000 +4.589241548e+001 +4.589241548e+001 -4.1157e+000 +1.1428e+000 +2.7497e+000 +1.7058e+000 -2.9062e+000
286 +2.623515506e+000 +2.623515506e+000 +3.980351551e+001 +3.980351551e+001 -2.8463e+000 +1.8502e+000 +3.4956e+000 +1.2741e+000 -3.3218e+000
355 +2.191790088e+000 +2.191790088e+000 +3.937179009e+001 +3.937179009e+001 -2.9155e+000 +2.3768e+000 +3.7565e+000 +1.1787e+000 -2.9698e+000
452 +1.771431522e+000 +1.771431522e+000 +3.895143152e+001 +3.895143152e+001 -3.2108e+000 +2.3051e+000 +3.3668e+000 +1.1867e+000 -2.9940e+000
468 +1.443431687e+000 +1.443431687e+000 +3.862343169e+001 +3.862343169e+001 -2.9925e+000 +2.0390e+000 +3.3521e+000 +1.0972e+000 -3.0067e+000
482 +1.273985265e+000 +1.273985265e+000 +3.845398526e+001 +3.845398526e+001 -3.1072e+000 +2.2000e+000 +3.3621e+000 +1.1736e+000 -3.0259e+000
659 +7.282499042e-001 +7.282499042e-001 +3.790824990e+001 +3.790824990e+001 -3.1491e+000 +2.2432e+000 +3.4234e+000 +1.1746e+000 -3.0912e+000
815 +6.194695259e-001 +6.194695259e-001 +3.779946953e+001 +3.779946953e+001 -3.1442e+000 +2.2222e+000 +3.4130e+000 +1.1702e+000 -3.0712e+000
837 +5.290418601e-001 +5.290418601e-001 +3.770904186e+001 +3.770904186e+001 -3.1451e+000 +2.2175e+000 +3.4228e+000 +1.1801e+000 -3.1040e+000
881 +5.203810781e-001 +5.203810781e-001 +3.770038108e+001 +3.770038108e+001 -3.1459e+000 +2.2185e+000 +3.4142e+000 +1.1805e+000 -3.0985e+000
935 +5.056934531e-001 +5.056934531e-001 +3.768569345e+001 +3.768569345e+001 -3.1443e+000 +2.2246e+000 +3.4181e+000 +1.1785e+000 -3.1129e+000
955 +4.714275629e-001 +4.714275629e-001 +3.765142756e+001 +3.765142756e+001 -3.1391e+000 +2.2189e+000 +3.4193e+000 +1.1754e+000 -3.1003e+000
975 +4.675234762e-001 +4.675234762e-001 +3.764752348e+001 +3.764752348e+001 -3.1404e+000 +2.2204e+000 +3.4214e+000 +1.1767e+000 -3.1080e+000
1003 +4.431481153e-001 +4.431481153e-001 +3.762314812e+001 +3.762314812e+001 -3.1410e+000 +2.2172e+000 +3.4215e+000 +1.1766e+000 -3.1032e+000
1034 +4.328588435e-001 +4.328588435e-001 +3.761285884e+001 +3.761285884e+001 -3.1387e+000 +2.2193e+000 +3.4264e+000 +1.1761e+000 -3.1030e+000
1063 +4.249521548e-001 +4.249521548e-001 +3.760495215e+001 +3.760495215e+001 -3.1344e+000 +2.2165e+000 +3.4266e+000 +1.1761e+000 -3.1025e+000
1073 +4.081255416e-001 +4.081255416e-001 +3.758812554e+001 +3.758812554e+001 -3.1398e+000 +2.2189e+000 +3.4223e+000 +1.1767e+000 -3.1003e+000
1122 +3.938517113e-001 +3.938517113e-001 +3.757385171e+001 +3.757385171e+001 -3.1377e+000 +2.2200e+000 +3.4267e+000 +1.1770e+000 -3.1037e+000
1252 +3.675129250e-001 +3.675129250e-001 +3.754751292e+001 +3.754751292e+001 -3.1399e+000 +2.2225e+000 +3.4262e+000 +1.1765e+000 -3.1017e+000
1587 +3.614713102e-001 +3.614713102e-001 +3.754147131e+001 +3.754147131e+001 -3.1401e+000 +2.2246e+000 +3.4288e+000 +1.1759e+000 -3.1016e+000
1839 +3.464112763e-001 +3.464112763e-001 +3.752641128e+001 +3.752641128e+001 -3.1400e+000 +2.2246e+000 +3.4286e+000 +1.1758e+000 -3.1012e+000
2958 +3.387553748e-001 +3.387553748e-001 +3.751875537e+001 +3.751875537e+001 -3.1401e+000 +2.2246e+000 +3.4286e+000 +1.1759e+000 -3.1013e+000
% function evaluation | noise-free fitness - Fopt (-1.479000000000e+002) | best noise-free fitness - Fopt | measured fitness | best measured fitness | x1 | x2...
1 +3.107442131e+002 +3.107442131e+002 +1.628442131e+002 +1.628442131e+002 -3.2168e-001 +8.4220e+000 -1.0751e+000 +3.3296e+000 +4.4233e+000
2 +1.004158632e+002 +1.004158632e+002 -4.748413684e+001 -4.748413684e+001 -2.1938e+000 +6.6441e+000 -2.4206e+000 +6.2883e-002 +3.7088e-001
6 +7.059101632e+001 +7.059101632e+001 -7.730898368e+001 -7.730898368e+001 -2.3481e+000 +3.0877e+000 -1.2761e+000 +1.2881e+000 +1.1192e+000
28 +6.516230392e+001 +6.516230392e+001 -8.273769608e+001 -8.273769608e+001 -1.4491e+000 +5.1145e-001 -3.1166e+000 +3.5094e+000 +4.4733e+000
38 +5.176812356e+001 +5.176812356e+001 -9.613187644e+001 -9.613187644e+001 -3.4924e+000 +3.4479e+000 -8.4965e-001 -9.3191e-002 +9.1108e-001
41 +3.329667899e+001 +3.329667899e+001 -1.146033210e+002 -1.146033210e+002 -4.7145e+000 +2.4983e+000 -3.2845e+000 +2.4915e+000 +1.8253e-002
67 +3.022879357e+001 +3.022879357e+001 -1.176712064e+002 -1.176712064e+002 -5.4116e+000 +3.3197e+000 -2.8637e+000 +1.4701e+000 -1.1936e-001
102 +2.715723525e+001 +2.715723525e+001 -1.207427647e+002 -1.207427647e+002 -4.6523e+000 +1.5197e+000 -1.7141e+000 +1.9102e+000 +5.6316e-001
132 +2.659274408e+001 +2.659274408e+001 -1.213072559e+002 -1.213072559e+002 -4.2628e+000 +1.6299e+000 +1.0815e+000 +2.1634e+000 +3.9151e-001
149 +1.711839145e+001 +1.711839145e+001 -1.307816086e+002 -1.307816086e+002 -3.9750e+000 +1.2478e+000 +7.1926e-001 +9.1833e-001 -2.0979e-001
195 +1.412321639e+001 +1.412321639e+001 -1.337767836e+002 -1.337767836e+002 -3.7758e+000 +6.9507e-001 -1.0715e+000 +5.3203e-001 -2.7400e-001
229 +1.376324041e+001 +1.376324041e+001 -1.341367596e+002 -1.341367596e+002 -3.8474e+000 +7.3504e-001 +1.1778e+000 +1.7238e+000 +2.6639e-003
282 +1.273207128e+001 +1.273207128e+001 -1.351679287e+002 -1.351679287e+002 -2.3529e+000 +5.9297e-001 +1.2022e+000 -1.7106e-002 -9.5606e-001
343 +1.165488506e+001 +1.165488506e+001 -1.362451149e+002 -1.362451149e+002 -2.7326e+000 +4.6401e-001 +9.9403e-001 -1.1117e+000 -1.4683e+000
359 +1.095764079e+001 +1.095764079e+001 -1.369423592e+002 -1.369423592e+002 -2.1958e+000 -5.2750e-001 +1.7659e+000 -3.8179e-001 -1.8923e+000
383 +1.036648105e+001 +1.036648105e+001 -1.375335190e+002 -1.375335190e+002 -2.0464e+000 +2.0290e-001 +1.0483e+000 -1.9514e+000 -1.6881e+000
451 +9.172709068e+000 +9.172709068e+000 -1.387272909e+002 -1.387272909e+002 -1.6151e+000 +1.0072e+000 +2.8224e-001 -1.7055e+000 -2.5156e+000
506 +8.921641588e+000 +8.921641588e+000 -1.389783584e+002 -1.389783584e+002 -2.2431e+000 +3.8538e-001 +9.9939e-001 -8.7476e-001 -2.0985e+000
529 +8.138228734e+000 +8.138228734e+000 -1.397617713e+002 -1.397617713e+002 -2.1822e+000 +1.6601e-001 +1.5510e+000 -7.4315e-001 -2.2157e+000
541 +7.538784059e+000 +7.538784059e+000 -1.403612159e+002 -1.403612159e+002 -2.1491e+000 +1.3895e-001 +1.5996e+000 -6.9913e-001 -2.3023e+000
556 +7.037195187e+000 +7.037195187e+000 -1.408628048e+002 -1.408628048e+002 -1.7719e+000 -3.2084e-001 +1.6547e+000 -1.1315e+000 -2.1120e+000
562 +5.056267887e+000 +5.056267887e+000 -1.428437321e+002 -1.428437321e+002 -2.3364e+000 +1.6608e-001 +1.0661e+000 -9.9050e-001 -2.3740e+000
565 +2.588670128e+000 +2.588670128e+000 -1.453113299e+002 -1.453113299e+002 -2.2744e+000 -5.1965e-002 +1.6293e+000 -1.0989e+000 -2.1483e+000
621 +2.192406730e+000 +2.192406730e+000 -1.457075933e+002 -1.457075933e+002 -1.8118e+000 -7.6586e-002 +1.7218e+000 -1.3463e+000 -2.8202e+000
665 +2.084977052e+000 +2.084977052e+000 -1.458150229e+002 -1.458150229e+002 -1.9627e+000 -2.0413e-001 +1.9714e+000 -1.2589e+000 -2.2542e+000
785 +1.788862948e+000 +1.788862948e+000 -1.461111371e+002 -1.461111371e+002 -1.8640e+000 -3.2432e-001 +1.9291e+000 -1.6523e+000 -2.5019e+000
787 +1.636767635e+000 +1.636767635e+000 -1.462632324e+002 -1.462632324e+002 -1.7927e+000 -3.2238e-001 +2.2470e+000 -1.4300e+000 -2.4999e+000
932 +1.532560566e+000 +1.532560566e+000 -1.463674394e+002 -1.463674394e+002 -1.9046e+000 -2.4259e-001 +1.6833e+000 -1.6732e+000 -2.4973e+000
953 +1.275703223e+000 +1.275703223e+000 -1.466242968e+002 -1.466242968e+002 -1.8593e+000 -1.3879e-001 +1.6839e+000 -1.6713e+000 -2.6574e+000
977 +1.084333739e+000 +1.084333739e+000 -1.468156663e+002 -1.468156663e+002 -1.9106e+000 -2.5426e-001 +1.6683e+000 -1.6373e+000 -2.6202e+000
987 +7.494706071e-001 +7.494706071e-001 -1.471505294e+002 -1.471505294e+002 -1.8886e+000 -1.9922e-001 +1.6465e+000 -1.6407e+000 -2.5715e+000
1035 +7.276269831e-001 +7.276269831e-001 -1.471723730e+002 -1.471723730e+002 -1.7757e+000 -1.8661e-001 +1.6504e+000 -1.7030e+000 -2.7065e+000
1075 +5.744700753e-001 +5.744700753e-001 -1.473255299e+002 -1.473255299e+002 -1.7833e+000 -1.7914e-001 +1.6992e+000 -1.7661e+000 -2.7677e+000
1691 +5.466948277e-001 +5.466948277e-001 -1.473533052e+002 -1.473533052e+002 -1.8355e+000 -1.7106e-001 +1.6774e+000 -1.6479e+000 -2.6503e+000
1740 +5.065040389e-001 +5.065040389e-001 -1.473934960e+002 -1.473934960e+002 -1.8355e+000 -1.6852e-001 +1.6778e+000 -1.6359e+000 -2.6481e+000
1751 +4.497822994e-001 +4.497822994e-001 -1.474502177e+002 -1.474502177e+002 -1.8386e+000 -1.6682e-001 +1.6854e+000 -1.6404e+000 -2.6594e+000
1829 +4.119153655e-001 +4.119153655e-001 -1.474880846e+002 -1.474880846e+002 -1.8421e+000 -1.7444e-001 +1.6897e+000 -1.6364e+000 -2.6517e+000
1857 +4.036157428e-001 +4.036157428e-001 -1.474963843e+002 -1.474963843e+002 -1.8387e+000 -1.7660e-001 +1.6846e+000 -1.6422e+000 -2.6507e+000
1871 +3.822417958e-001 +3.822417958e-001 -1.475177582e+002 -1.475177582e+002 -1.8376e+000 -1.7334e-001 +1.6878e+000 -1.6369e+000 -2.6518e+000
1879 +3.575555495e-001 +3.575555495e-001 -1.475424445e+002 -1.475424445e+002 -1.8391e+000 -1.7671e-001 +1.6884e+000 -1.6387e+000 -2.6496e+000
1943 +3.277529611e-001 +3.277529611e-001 -1.475722470e+002 -1.475722470e+002 -1.8457e+000 -1.7937e-001 +1.6846e+000 -1.6392e+000 -2.6401e+000
2024 +3.032866115e-001 +3.032866115e-001 -1.475967134e+002 -1.475967134e+002 -1.8412e+000 -1.8026e-001 +1.6911e+000 -1.6400e+000 -2.6438e+000
2030 +2.888214201e-001 +2.888214201e-001 -1.476111786e+002 -1.476111786e+002 -1.8420e+000 -1.8027e-001 +1.6898e+000 -1.6397e+000 -2.6431e+000
2036 +2.788373013e-001 +2.788373013e-001 -1.476211627e+002 -1.476211627e+002 -1.8415e+000 -1.8011e-001 +1.6900e+000 -1.6395e+000 -2.6436e+000
2329 +2.657708809e-001 +2.657708809e-001 -1.476342291e+002 -1.476342291e+002 -1.8414e+000 -1.8248e-001 +1.6957e+000 -1.6379e+000 -2.6418e+000
2371 +2.501273742e-001 +2.501273742e-001 -1.476498726e+002 -1.476498726e+002 -1.8415e+000 -1.8278e-001 +1.6954e+000 -1.6380e+000 -2.6411e+000
2384 +2.431503657e-001 +2.431503657e-001 -1.476568496e+002 -1.476568496e+002 -1.8418e+000 -1.8286e-001 +1.6947e+000 -1.6382e+000 -2.6407e+000
2677 +2.350540867e-001 +2.350540867e-001 -1.476649459e+002 -1.476649459e+002 -1.8416e+000 -1.8328e-001 +1.6952e+000 -1.6385e+000 -2.6407e+000
2854 +2.327162544e-001 +2.327162544e-001 -1.476672837e+002 -1.476672837e+002 -1.8416e+000 -1.8319e-001 +1.6953e+000 -1.6383e+000 -2.6408e+000
3087 +2.280078020e-001 +2.280078020e-001 -1.476719922e+002 -1.476719922e+002 -1.8416e+000 -1.8318e-001 +1.6953e+000 -1.6383e+000 -2.6408e+000
% function evaluation | noise-free fitness - Fopt (-6.080000000000e+000) | best noise-free fitness - Fopt | measured fitness | best measured fitness | x1 | x2...
1 +2.441830316e+002 +2.441830316e+002 +2.381030316e+002 +2.381030316e+002 -2.2245e+000 +3.5878e+000 -7.0712e+000 -1.9069e+000 -6.4049e+000
2 +5.148775858e+001 +5.148775858e+001 +4.540775858e+001 +4.540775858e+001 -3.0059e+000 -2.3865e+000 -5.2654e+000 -3.4861e-001 -2.6486e+000
9 +4.524589407e+001 +4.524589407e+001 +3.916589407e+001 +3.916589407e+001 -3.1258e+000 +6.8314e-001 -2.5154e+000 -2.0407e+000 -1.2291e+000
59 +3.720401229e+001 +3.720401229e+001 +3.112401229e+001 +3.112401229e+001 -2.5932e+000 +4.2468e+000 -2.7740e+000 -6.4756e-001 -7.1127e-001
77 +3.369724046e+001 +3.369724046e+001 +2.761724046e+001 +2.761724046e+001 +8.4816e-001 +1.7338e+000 -3.8792e+000 -1.1249e+000 -2.2354e+000
111 +1.547030266e+001 +1.547030266e+001 +9.390302663e+000 +9.390302663e+000 -7.7792e-001 +2.2954e+000 -5.3130e+000 +7.2104e-001 +1.3791e+000
148 +1.260505753e+001 +1.260505753e+001 +6.525057526e+000 +6.525057526e+000 -9.7449e-001 +2.9081e+000 -5.0488e+000 -1.5515e-001 +1.7727e-001
274 +1.149923978e+001 +1.149923978e+001 +5.419239778e+000 +5.419239778e+000 -5.4984e-001 +3.1250e+000 -3.7699e+000 +3.5762e-002 +7.7096e-001
307 +1.118152509e+001 +1.118152509e+001 +5.101525089e+000 +5.101525089e+000 -1.6332e-001 +2.3371e+000 -3.7426e+000 +4.1536e-001 +7.4326e-001
316 +1.074876894e+001 +1.074876894e+001 +4.668768939e+000 +4.668768939e+000 +9.9311e-001 +2.6721e+000 -3.2005e+000 +1.2150e-002 +1.6633e+000
356 +5.458847934e+000 +5.458847934e+000 -6.211520661e-001 -6.211520661e-001 +3.7560e-001 +2.4218e+000 -3.8333e+000 -3.1039e-001 +7.0072e-001
466 +5.182058482e+000 +5.182058482e+000 -8.979415176e-001 -8.979415176e-001 +7.0528e-001 +2.2280e+000 -3.4629e+000 -1.0067e-001 +5.4055e-001
473 +3.513736881e+000 +3.513736881e+000 -2.566263119e+000 -2.566263119e+000 +4.1411e-001 +2.2728e+000 -4.0778e+000 -5.9654e-003 +4.8283e-001
492 +2.528661427e+000 +2.528661427e+000 -3.551338573e+000 -3.551338573e+000 +5.3317e-001 +2.2359e+000 -3.7534e+000 -5.6468e-001 +9.9389e-001
566 +2.108488724e+000 +2.108488724e+000 -3.971511276e+000 -3.971511276e+000 +6.0356e-001 +2.1611e+000 -3.2196e+000 -4.9377e-001 +1.3230e+000
583 +1.129196327e+000 +1.129196327e+000 -4.950803673e+000 -4.950803673e+000 +5.2802e-001 +2.1817e+000 -3.3044e+000 -6.8249e-001 +1.2411e+000
604 +4.730052645e-001 +4.730052645e-001 -5.606994736e+000 -5.606994736e+000 +5.3764e-001 +2.0876e+000 -3.2218e+000 -6.4191e-001 +1.3244e+000
609 +3.256734015e-001 +3.256734015e-001 -5.754326599e+000 -5.754326599e+000 +4.6635e-001 +2.0863e+000 -3.2697e+000 -6.9956e-001 +1.2812e+000
746 +2.871381867e-001 +2.871381867e-001 -5.792861813e+000 -5.792861813e+000 +5.6012e-001 +2.1120e+000 -3.1835e+000 -6.5123e-001 +1.2779e+000
772 +2.432751266e-001 +2.432751266e-001 -5.836724873e+000 -5.836724873e+000 +5.3798e-001 +2.1364e+000 -3.1795e+000 -6.3703e-001 +1.2729e+000
808 +1.402256104e-001 +1.402256104e-001 -5.939774390e+000 -5.939774390e+000 +5.7769e-001 +2.1003e+000 -3.1926e+000 -6.2964e-001 +1.2600e+000
921 +1.330264158e-001 +1.330264158e-001 -5.946973584e+000 -5.946973584e+000 +5.5322e-001 +2.1084e+000 -3.1862e+000 -6.4891e-001 +1.2861e+000
980 +1.304580574e-001 +1.304580574e-001 -5.949541943e+000 -5.949541943e+000 +5.9072e-001 +2.0913e+000 -3.1973e+000 -6.4200e-001 +1.2862e+000
982 +1.236324963e-001 +1.236324963e-001 -5.956367504e+000 -5.956367504e+000 +5.7205e-001 +2.0813e+000 -3.2340e+000 -6.3378e-001 +1.2667e+000
1062 +1.010027929e-001 +1.010027929e-001 -5.978997207e+000 -5.978997207e+000 +5.4785e-001 +2.0998e+000 -3.2148e+000 -6.4735e-001 +1.2727e+000
1118 +9.081990566e-002 +9.081990566e-002 -5.989180094e+000 -5.989180094e+000 +5.7691e-001 +2.0921e+000 -3.1971e+000 -6.4260e-001 +1.2762e+000
1183 +6.350361087e-002 +6.350361087e-002 -6.016496389e+000 -6.016496389e+000 +5.6913e-001 +2.0866e+000 -3.2222e+000 -6.4470e-001 +1.2718e+000
1593 +4.444577334e-002 +4.444577334e-002 -6.035554227e+000 -6.035554227e+000 +5.6396e-001 +2.0857e+000 -3.2253e+000 -6.4881e-001 +1.2743e+000
1636 +3.932496280e-002 +3.932496280e-002 -6.040675037e+000 -6.040675037e+000 +5.6479e-001 +2.0851e+000 -3.2271e+000 -6.4705e-001 +1.2732e+000
1652 +3.649084599e-002 +3.649084599e-002 -6.043509154e+000 -6.043509154e+000 +5.6488e-001 +2.0858e+000 -3.2249e+000 -6.4699e-001 +1.2738e+000
1749 +3.572718764e-002 +3.572718764e-002 -6.044272812e+000 -6.044272812e+000 +5.6419e-001 +2.0858e+000 -3.2263e+000 -6.4690e-001 +1.2732e+000
1752 +3.461835009e-002 +3.461835009e-002 -6.045381650e+000 -6.045381650e+000 +5.6402e-001 +2.0856e+000 -3.2264e+000 -6.4696e-001 +1.2730e+000
1778 +3.118662191e-002 +3.118662191e-002 -6.048813378e+000 -6.048813378e+000 +5.6409e-001 +2.0858e+000 -3.2263e+000 -6.4683e-001 +1.2728e+000
1782 +2.775820544e-002 +2.775820544e-002 -6.052241795e+000 -6.052241795e+000 +5.6411e-001 +2.0858e+000 -3.2266e+000 -6.4700e-001 +1.2729e+000
1836 +2.456848836e-002 +2.456848836e-002 -6.055431512e+000 -6.055431512e+000 +5.6399e-001 +2.0859e+000 -3.2266e+000 -6.4699e-001 +1.2729e+000
1983 +2.445904312e-002 +2.445904312e-002 -6.055540957e+000 -6.055540957e+000 +5.6398e-001 +2.0861e+000 -3.2261e+000 -6.4706e-001 +1.2730e+000
2269 +2.383186267e-002 +2.383186267e-002 -6.056168137e+000 -6.056168137e+000 +5.6398e-001 +2.0861e+000 -3.2260e+000 -6.4715e-001 +1.2731e+000
2604 +2.324035225e-002 +2.324035225e-002 -6.056759648e+000 -6.056759648e+000 +5.6391e-001 +2.0861e+000 -3.2261e+000 -6.4715e-001 +1.2731e+000
2852 +2.288413133e-002 +2.288413133e-002 -6.057115869e+000 -6.057115869e+000 +5.6390e-001 +2.0861e+000 -3.2261e+000 -6.4716e-001 +1.2731e+000
% function evaluation | noise-free fitness - Fopt (2.431100000000e+002) | best noise-free fitness - Fopt | measured fitness | best measured fitness | x1 | x2...
1 +7.218423428e+003 +7.218423428e+003 +7.461533428e+003 +7.461533428e+003 -4.9769e-001 +4.6558e+000 +1.0990e+001 +6.3715e+000 -6.4185e+000
3 +1.629489411e+003 +1.629489411e+003 +1.872599411e+003 +1.872599411e+003 -1.1043e-001 +3.4337e+000 -2.8351e+000 +1.5132e+000 -4.1531e+000
5 +9.679643179e+002 +9.679643179e+002 +1.211074318e+003 +1.211074318e+003 -3.4622e+000 +5.6511e+000 -4.6431e-001 +2.5318e+000 -2.7371e+000
12 +3.601721385e+002 +3.601721385e+002 +6.032821385e+002 +6.032821385e+002 -5.0315e+000 +5.5224e+000 -4.7076e+000 +3.2497e+000 -2.7630e+000
33 +1.389024361e+002 +1.389024361e+002 +3.820124361e+002 +3.820124361e+002 -4.2367e+000 -1.7205e+000 +3.1649e+000 +2.8916e+000 -5.0723e+000
67 +7.568824160e+001 +7.568824160e+001 +3.187982416e+002 +3.187982416e+002 -3.1926e+000 +5.8640e-001 -2.7635e+000 +1.3712e+000 +3.7304e-001
102 +2.844636078e+001 +2.844636078e+001 +2.715563608e+002 +2.715563608e+002 -3.9099e+000 -9.4345e-001 -4.3431e-001 +9.3950e-001 +1.7783e-002
148 +2.448067489e+001 +2.448067489e+001 +2.675906749e+002 +2.675906749e+002 +2.1436e-001 -3.3151e+000 +1.0414e+000 +7.4631e-001 +3.7831e-001
156 +1.533968773e+001 +1.533968773e+001 +2.584496877e+002 +2.584496877e+002 -2.5269e+000 -2.4835e+000 -1.0547e+000 -1.9571e-001 -3.4703e-001
229 +1.413019443e+001 +1.413019443e+001 +2.572401944e+002 +2.572401944e+002 -3.2244e+000 -1.8132e+000 -2.1500e+000 -1.1191e-001 -9.5070e-001
236 +1.397077943e+001 +1.397077943e+001 +2.570807794e+002 +2.570807794e+002 -2.0161e+000 -1.4814e+000 -6.2987e-001 +9.6446e-002 -4.8484e-001
260 +8.013544491e+000 +8.013544491e+000 +2.511235445e+002 +2.511235445e+002 -2.4853e+000 -2.1200e+000 -5.7908e-002 -1.8174e+000 -9.9793e-001
277 +5.466211189e+000 +5.466211189e+000 +2.485762112e+002 +2.485762112e+002 -2.3840e+000 -1.4649e+000 +1.4057e-001 -5.4964e-001 -1.1495e+000
291 +5.037502217e+000 +5.037502217e+000 +2.481475022e+002 +2.481475022e+002 -2.0721e+000 -1.8453e+000 +3.0547e-001 -6.5558e-001 -9.6309e-001
330 +3.289012160e+000 +3.289012160e+000 +2.463990122e+002 +2.463990122e+002 -2.2129e+000 -1.6670e+000 -1.5385e-002 -7.8634e-001 -8.9120e-001
484 +2.855611793e+000 +2.855611793e+000 +2.459656118e+002 +2.459656118e+002 -2.7030e+000 -1.7757e+000 -1.8658e-001 -1.2497e+000 -1.3067e+000
498 +2.797118669e+000 +2.797118669e+000 +2.459071187e+002 +2.459071187e+002 -3.0212e+000 -1.7099e+000 -2.0256e-001 -1.2909e+000 -1.0685e+000
500 +2.295273865e+000 +2.295273865e+000 +2.454052739e+002 +2.454052739e+002 -2.5366e+000 -1.7720e+000 -1.9173e-001 -9.6084e-001 -1.1897e+000
513 +2.271926842e+000 +2.271926842e+000 +2.453819268e+002 +2.453819268e+002 -2.9649e+000 -1.7072e+000 -2.1291e-001 -1.2168e+000 -1.1526e+000
554 +2.044894869e+000 +2.044894869e+000 +2.451548949e+002 +2.451548949e+002 -3.5231e+000 -1.2848e+000 -2.0351e-001 -1.3028e+000 -9.4840e-001
561 +1.809834452e+000 +1.809834452e+000 +2.449198345e+002 +2.449198345e+002 -3.0551e+000 -1.4970e+000 -2.6155e-001 -1.1660e+000 -1.1665e+000
626 +7.676554820e-001 +7.676554820e-001 +2.438776555e+002 +2.438776555e+002 -2.8486e+000 -1.4263e+000 -9.0008e-002 -1.2789e+000 -1.2592e+000
701 +7.285821884e-001 +7.285821884e-001 +2.438385822e+002 +2.438385822e+002 -3.7245e+000 -1.3011e+000 -4.6347e-001 -1.5001e+000 -1.3913e+000
721 +7.231969399e-001 +7.231969399e-001 +2.438331969e+002 +2.438331969e+002 -3.3326e+000 -1.3778e+000 -3.7726e-001 -1.3963e+000 -1.3639e+000
841 +6.881344745e-001 +6.881344745e-001 +2.437981345e+002 +2.437981345e+002 -3.4144e+000 -1.3296e+000 -3.9229e-001 -1.3451e+000 -1.2858e+000
1028 +5.240574867e-001 +5.240574867e-001 +2.436340575e+002 +2.436340575e+002 -3.3861e+000 -1.3643e+000 -4.1842e-001 -1.3737e+000 -1.3568e+000
1030 +4.539257581e-001 +4.539257581e-001 +2.435639258e+002 +2.435639258e+002 -3.4120e+000 -1.3635e+000 -4.1978e-001 -1.3959e+000 -1.3484e+000
1088 +4.461901977e-001 +4.461901977e-001 +2.435561902e+002 +2.435561902e+002 -3.4112e+000 -1.3999e+000 -4.3936e-001 -1.3798e+000 -1.3745e+000
1102 +3.536944158e-001 +3.536944158e-001 +2.434636944e+002 +2.434636944e+002 -3.3699e+000 -1.4009e+000 -4.0895e-001 -1.3516e+000 -1.3725e+000
1256 +3.092575716e-001 +3.092575716e-001 +2.434192576e+002 +2.434192576e+002 -3.3669e+000 -1.3983e+000 -4.2305e-001 -1.3785e+000 -1.3709e+000
1301 +2.987800411e-001 +2.987800411e-001 +2.434087800e+002 +2.434087800e+002 -3.3701e+000 -1.3931e+000 -4.0097e-001 -1.3806e+000 -1.3688e+000
1310 +2.940311952e-001 +2.940311952e-001 +2.434040312e+002 +2.434040312e+002 -3.3837e+000 -1.3943e+000 -4.0878e-001 -1.3710e+000 -1.3657e+000
1328 +2.518027883e-001 +2.518027883e-001 +2.433618028e+002 +2.433618028e+002 -3.3732e+000 -1.3936e+000 -4.1554e-001 -1.3735e+000 -1.3658e+000
1331 +2.389657540e-001 +2.389657540e-001 +2.433489658e+002 +2.433489658e+002 -3.3740e+000 -1.3974e+000 -4.0905e-001 -1.3670e+000 -1.3696e+000
1377 +2.172369662e-001 +2.172369662e-001 +2.433272370e+002 +2.433272370e+002 -3.3786e+000 -1.3924e+000 -4.1166e-001 -1.3680e+000 -1.3722e+000
1408 +2.118756411e-001 +2.118756411e-001 +2.433218756e+002 +2.433218756e+002 -3.3742e+000 -1.3964e+000 -4.0636e-001 -1.3706e+000 -1.3684e+000
1418 +1.743128248e-001 +1.743128248e-001 +2.432843128e+002 +2.432843128e+002 -3.3713e+000 -1.3932e+000 -4.0993e-001 -1.3710e+000 -1.3742e+000
1467 +1.353336493e-001 +1.353336493e-001 +2.432453336e+002 +2.432453336e+002 -3.3744e+000 -1.3920e+000 -4.1084e-001 -1.3713e+000 -1.3706e+000
1630 +1.221935997e-001 +1.221935997e-001 +2.432321936e+002 +2.432321936e+002 -3.3639e+000 -1.3941e+000 -4.0787e-001 -1.3656e+000 -1.3665e+000
1782 +1.137057651e-001 +1.137057651e-001 +2.432237058e+002 +2.432237058e+002 -3.3645e+000 -1.3938e+000 -4.0739e-001 -1.3653e+000 -1.3666e+000
1809 +1.109892962e-001 +1.109892962e-001 +2.432209893e+002 +2.432209893e+002 -3.3634e+000 -1.3942e+000 -4.0747e-001 -1.3653e+000 -1.3670e+000
1817 +1.090501748e-001 +1.090501748e-001 +2.432190502e+002 +2.432190502e+002 -3.3646e+000 -1.3937e+000 -4.0744e-001 -1.3655e+000 -1.3663e+000
1918 +1.052381685e-001 +1.052381685e-001 +2.432152382e+002 +2.432152382e+002 -3.3643e+000 -1.3941e+000 -4.0764e-001 -1.3656e+000 -1.3668e+000
1971 +1.014070219e-001 +1.014070219e-001 +2.432114070e+002 +2.432114070e+002 -3.3642e+000 -1.3941e+000 -4.0747e-001 -1.3656e+000 -1.3670e+000
2294 +9.789138583e-002 +9.789138583e-002 +2.432078914e+002 +2.432078914e+002 -3.3644e+000 -1.3943e+000 -4.0785e-001 -1.3656e+000 -1.3672e+000
2326 +9.743386383e-002 +9.743386383e-002 +2.432074339e+002 +2.432074339e+002 -3.3644e+000 -1.3943e+000 -4.0779e-001 -1.3656e+000 -1.3671e+000
2603 +9.492282672e-002 +9.492282672e-002 +2.432049228e+002 +2.432049228e+002 -3.3644e+000 -1.3943e+000 -4.0783e-001 -1.3656e+000 -1.3672e+000
% function evaluation | noise-free fitness - Fopt (-1.436200000000e+002) | best noise-free fitness - Fopt | measured fitness | best measured fitness | x1 | x2...
1 +1.380001031e+002 +1.380001031e+002 -5.619896902e+000 -5.619896902e+000 -1.8569e+000 +7.8442e+000 -8.0897e-001 +2.9406e+000 +2.3586e+000
2 +9.337786586e+001 +9.337786586e+001 -5.024213414e+001 -5.024213414e+001 -8.1879e-001 -1.2747e+000 +1.7581e+000 -3.2673e-001 +5.5294e+000
3 +1.855195100e+001 +1.855195100e+001 -1.250680490e+002 -1.250680490e+002 +1.4271e-002 +3.5559e+000 +1.2052e+000 -4.1457e-001 +4.7940e+000
45 +1.809394984e+001 +1.809394984e+001 -1.255260502e+002 -1.255260502e+002 -6.3493e-001 +4.4990e+000 -3.8563e-002 +4.0659e-001 +2.0762e+000
70 +1.570309412e+001 +1.570309412e+001 -1.279169059e+002 -1.279169059e+002 -4.0610e+000 +3.9239e+000 +3.1277e+000 +2.8812e+000 +2.6985e+000
81 +1.299739219e+001 +1.299739219e+001 -1.306226078e+002 -1.306226078e+002 -7.7019e-001 +4.1443e+000 +4.6572e-001 +1.1162e+000 +2.3017e+000
113 +1.186785425e+001 +1.186785425e+001 -1.317521458e+002 -1.317521458e+002 -1.1888e+000 +3.5531e+000 +9.1647e-001 -2.6779e-001 +2.7991e+000
129 +1.080941626e+001 +1.080941626e+001 -1.328105837e+002 -1.328105837e+002 -5.4852e-001 +4.1411e+000 -1.0929e-001 -3.5304e-001 +1.6555e+000
137 +9.691950945e+000 +9.691950945e+000 -1.339280491e+002 -1.339280491e+002 -8.2163e-001 +3.4928e+000 +8.3110e-001 -1.0090e-001 +2.3485e+000
172 +8.869516180e+000 +8.869516180e+000 -1.347504838e+002 -1.347504838e+002 -1.4741e+000 +3.1736e+000 -2.0317e-001 -4.4436e-001 +1.5610e+000
177 +6.726561689e+000 +6.726561689e+000 -1.368934383e+002 -1.368934383e+002 -1.1357e+000 +3.0693e+000 +3.3834e-001 -2.9336e-001 +2.8506e+000
201 +5.711216231e+000 +5.711216231e+000 -1.379087838e+002 -1.379087838e+002 -4.8651e-001 +2.8349e+000 -1.2366e+000 -1.2286e+000 +9.7931e-001
221 +5.349473833e+000 +5.349473833e+000 -1.382705262e+002 -1.382705262e+002 -7.5421e-001 +2.9424e+000 -4.9141e-001 -7.3401e-001 +1.7218e+000
244 +4.906737443e+000 +4.906737443e+000 -1.387132626e+002 -1.387132626e+002 -7.2491e-001 +3.1214e+000 -4.4742e-001 -8.7504e-001 +1.4637e+000
247 +4.316001202e+000 +4.316001202e+000 -1.393039988e+002 -1.393039988e+002 -6.4312e-001 +3.0911e+000 -3.0812e-001 -1.2000e+000 +1.7338e+000
252 +3.569291035e+000 +3.569291035e+000 -1.400507090e+002 -1.400507090e+002 -7.7441e-001 +3.0606e+000 -3.3823e-001 -8.3199e-001 +1.9480e+000
351 +3.480316975e+000 +3.480316975e+000 -1.401396830e+002 -1.401396830e+002 -2.8031e-001 +2.9056e+000 -5.7074e-001 -1.0227e+000 +1.9020e+000
382 +2.185952324e+000 +2.185952324e+000 -1.414340477e+002 -1.414340477e+002 -6.2949e-001 +3.0153e+000 -4.2660e-001 -1.0061e+000 +1.8699e+000
774 +2.079347298e+000 +2.079347298e+000 -1.415406527e+002 -1.415406527e+002 -6.1774e-001 +3.0315e+000 -4.2565e-001 -9.6864e-001 +1.7850e+000
816 +2.019161044e+000 +2.019161044e+000 -1.416008390e+002 -1.416008390e+002 -6.2329e-001 +3.0591e+000 -4.4710e-001 -9.8739e-001 +1.7781e+000
864 +1.985794583e+000 +1.985794583e+000 -1.416342054e+002 -1.416342054e+002 -6.2570e-001 +3.0247e+000 -4.3468e-001 -9.9808e-001 +1.8082e+000
897 +1.670571495e+000 +1.670571495e+000 -1.419494285e+002 -1.419494285e+002 -6.2723e-001 +3.0286e+000 -4.3622e-001 -1.0190e+000 +1.8225e+000
911 +1.548046039e+000 +1.548046039e+000 -1.420719540e+002 -1.420719540e+002 -5.8996e-001 +3.0336e+000 -4.4299e-001 -1.0166e+000 +1.8184e+000
931 +1.502413964e+000 +1.502413964e+000 -1.421175860e+002 -1.421175860e+002 -6.0723e-001 +3.0495e+000 -4.4442e-001 -1.0336e+000 +1.8210e+000
1076 +1.458042751e+000 +1.458042751e+000 -1.421619572e+002 -1.421619572e+002 -6.1282e-001 +3.0607e+000 -4.4417e-001 -1.0163e+000 +1.7941e+000
1095 +1.416888766e+000 +1.416888766e+000 -1.422031112e+002 -1.422031112e+002 -6.1362e-001 +3.0528e+000 -4.3804e-001 -1.0163e+000 +1.7980e+000
1107 +1.386588056e+000 +1.386588056e+000 -1.422334119e+002 -1.422334119e+002 -6.1571e-001 +3.0550e+000 -4.4344e-001 -1.0168e+000 +1.7973e+000
1110 +1.339115647e+000 +1.339115647e+000 -1.422808844e+002 -1.422808844e+002 -6.1315e-001 +3.0535e+000 -4.4031e-001 -1.0147e+000 +1.7963e+000
1115 +1.288038001e+000 +1.288038001e+000 -1.423319620e+002 -1.423319620e+002 -6.1229e-001 +3.0509e+000 -4.4746e-001 -1.0136e+000 +1.7852e+000
1257 +1.210166691e+000 +1.210166691e+000 -1.424098333e+002 -1.424098333e+002 -6.1290e-001 +3.0525e+000 -4.4166e-001 -1.0141e+000 +1.7984e+000
1356 +1.189385231e+000 +1.189385231e+000 -1.424306148e+002 -1.424306148e+002 -6.1507e-001 +3.0517e+000 -4.4182e-001 -1.0016e+000 +1.7869e+000
1414 +1.130988091e+000 +1.130988091e+000 -1.424890119e+002 -1.424890119e+002 -6.1888e-001 +3.0516e+000 -4.3434e-001 -1.0008e+000 +1.7968e+000
1431 +9.955496520e-001 +9.955496520e-001 -1.426244503e+002 -1.426244503e+002 -6.1606e-001 +3.0492e+000 -4.3818e-001 -1.0019e+000 +1.7928e+000
1869 +9.705735011e-001 +9.705735011e-001 -1.426494265e+002 -1.426494265e+002 -6.1593e-001 +3.0491e+000 -4.3779e-001 -1.0022e+000 +1.7940e+000
2605 +9.538118306e-001 +9.538118306e-001 -1.426661882e+002 -1.426661882e+002 -6.1614e-001 +3.0486e+000 -4.3816e-001 -1.0024e+000 +1.7934e+000
% function evaluation | noise-free fitness - Fopt (4.290000000000e+001) | best noise-free fitness - Fopt | measured fitness | best measured fitness | x1 | x2...
1 +4.393906962e+002 +4.393906962e+002 +4.822906962e+002 +4.822906962e+002 +7.2464e+000 -5.5842e+000 +1.3623e+000 -6.4864e+000 -2.1356e+000
2 +1.932840766e+002 +1.932840766e+002 +2.361840766e+002 +2.361840766e+002 -3.6687e+000 -8.7437e+000 +2.2192e+000 +1.6393e+000 -5.5820e+000
5 +1.274870585e+002 +1.274870585e+002 +1.703870585e+002 +1.703870585e+002 +2.3033e+000 +6.3720e+000 +2.4808e+000 +1.4994e+000 -2.3680e+000
11 +7.135906238e+001 +7.135906238e+001 +1.142590624e+002 +1.142590624e+002 +7.5367e-001 -4.7015e+000 +3.3686e+000 -5.2125e+000 -2.9273e+000
19 +6.066273541e+001 +6.066273541e+001 +1.035627354e+002 +1.035627354e+002 +1.5276e+000 -4.9489e+000 +2.8105e+000 -6.0184e+000 -2.5458e+000
30 +2.499160234e+001 +2.499160234e+001 +6.789160234e+001 +6.789160234e+001 +1.3520e+000 -1.4681e+000 +1.2704e+000 +1.2278e+000 -1.6799e+000
61 +2.281719762e+001 +2.281719762e+001 +6.571719762e+001 +6.571719762e+001 +4.7406e-001 -4.1115e-001 +3.3507e+000 -2.6415e+000 -1.8195e+000
65 +9.988551991e+000 +9.988551991e+000 +5.288855199e+001 +5.288855199e+001 +7.9303e-001 -1.2803e+000 +3.0234e+000 -9.5851e-001 -1.0685e+000
215 +7.437754229e+000 +7.437754229e+000 +5.033775423e+001 +5.033775423e+001 +4.1860e-001 +2.2539e-001 +3.2320e+000 -5.9062e-002 +1.9490e+000
274 +7.180413783e+000 +7.180413783e+000 +5.008041378e+001 +5.008041378e+001 +3.6624e-001 -1.1198e+000 +3.2838e+000 -7.8312e-001 +5.3031e-001
282 +6.968837659e+000 +6.968837659e+000 +4.986883766e+001 +4.986883766e+001 +2.7060e-001 -2.7482e-001 +2.9665e+000 -1.3892e-001 -4.8690e-001
373 +4.943433343e+000 +4.943433343e+000 +4.784343334e+001 +4.784343334e+001 +6.2963e-002 +1.0833e-001 +3.3609e+000 +7.0374e-002 +5.5488e-001
376 +4.536116991e+000 +4.536116991e+000 +4.743611699e+001 +4.743611699e+001 +1.6263e-001 +2.6576e-001 +3.2738e+000 -6.9037e-001 +8.8610e-001
429 +3.886689334e+000 +3.886689334e+000 +4.678668933e+001 +4.678668933e+001 +1.9066e-001 +1.6667e-001 +2.7928e+000 -1.1913e+000 +8.0020e-001
477 +3.471882015e+000 +3.471882015e+000 +4.637188201e+001 +4.637188201e+001 +1.6038e-001 +2.1313e-002 +3.4026e+000 -2.1722e-001 +1.1227e+000
501 +3.404189935e+000 +3.404189935e+000 +4.630418994e+001 +4.630418994e+001 +2.3632e-001 +4.4105e-001 +2.5722e+000 -1.0167e+000 +9.5798e-001
502 +4.334840001e-001 +4.334840001e-001 +4.333348400e+001 +4.333348400e+001 +2.8044e-001 +1.1273e-001 +2.9093e+000 -6.1340e-001 +7.3251e-001
616 +1.757754786e-001 +1.757754786e-001 +4.307577548e+001 +4.307577548e+001 +1.4982e-001 +2.5010e-001 +2.8477e+000 -7.1863e-001 +9.2854e-001
1057 +1.559018175e-001 +1.559018175e-001 +4.305590182e+001 +4.305590182e+001 +1.9271e-001 +1.6547e-001 +2.8989e+000 -6.4254e-001 +8.3291e-001
1353 +1.509007525e-001 +1.509007525e-001 +4.305090075e+001 +4.305090075e+001 +1.8540e-001 +2.0866e-001 +2.8731e+000 -6.9681e-001 +8.3767e-001
1399 +9.271398279e-002 +9.271398279e-002 +4.299271398e+001 +4.299271398e+001 +1.8512e-001 +1.9569e-001 +2.8680e+000 -6.8695e-001 +8.3105e-001
1452 +7.798701437e-002 +7.798701437e-002 +4.297798701e+001 +4.297798701e+001 +1.7894e-001 +1.7374e-001 +2.8704e+000 -6.7420e-001 +8.2765e-001
1458 +7.165562812e-002 +7.165562812e-002 +4.297165563e+001 +4.297165563e+001 +1.7989e-001 +1.9658e-001 +2.8701e+000 -6.8279e-001 +8.3885e-001
1631 +5.318595675e-002 +5.318595675e-002 +4.295318596e+001 +4.295318596e+001 +1.7873e-001 +1.8950e-001 +2.8655e+000 -6.9761e-001 +8.3144e-001
1695 +4.902817937e-002 +4.902817937e-002 +4.294902818e+001 +4.294902818e+001 +1.7799e-001 +1.8346e-001 +2.8658e+000 -6.8767e-001 +8.2586e-001
1907 +4.359448737e-002 +4.359448737e-002 +4.294359449e+001 +4.294359449e+001 +1.7679e-001 +1.9061e-001 +2.8670e+000 -6.8887e-001 +8.3146e-001
1910 +4.172852428e-002 +4.172852428e-002 +4.294172852e+001 +4.294172852e+001 +1.7595e-001 +1.9052e-001 +2.8675e+000 -6.8994e-001 +8.2428e-001
1928 +3.330137585e-002 +3.330137585e-002 +4.293330138e+001 +4.293330138e+001 +1.7604e-001 +1.8691e-001 +2.8650e+000 -6.9053e-001 +8.1946e-001
1966 +2.775579862e-002 +2.775579862e-002 +4.292775580e+001 +4.292775580e+001 +1.7602e-001 +1.8513e-001 +2.8655e+000 -6.8917e-001 +8.2429e-001
1974 +1.410988943e-002 +1.410988943e-002 +4.291410989e+001 +4.291410989e+001 +1.7602e-001 +1.8684e-001 +2.8636e+000 -6.9009e-001 +8.2508e-001
2054 +1.061282599e-002 +1.061282599e-002 +4.291061283e+001 +4.291061283e+001 +1.7510e-001 +1.8754e-001 +2.8631e+000 -6.9094e-001 +8.2459e-001
2201 +7.683741334e-003 +7.683741334e-003 +4.290768374e+001 +4.290768374e+001 +1.7603e-001 +1.8532e-001 +2.8619e+000 -6.9056e-001 +8.2340e-001
2238 +6.773934257e-003 +6.773934257e-003 +4.290677393e+001 +4.290677393e+001 +1.7609e-001 +1.8534e-001 +2.8618e+000 -6.9039e-001 +8.2280e-001
2279 +5.072019967e-003 +5.072019967e-003 +4.290507202e+001 +4.290507202e+001 +1.7601e-001 +1.8551e-001 +2.8619e+000 -6.9060e-001 +8.2323e-001
2363 +4.940669323e-003 +4.940669323e-003 +4.290494067e+001 +4.290494067e+001 +1.7600e-001 +1.8550e-001 +2.8617e+000 -6.9050e-001 +8.2333e-001
2458 +4.864563952e-003 +4.864563952e-003 +4.290486456e+001 +4.290486456e+001 +1.7596e-001 +1.8558e-001 +2.8616e+000 -6.9055e-001 +8.2347e-001
2493 +4.744152657e-003 +4.744152657e-003 +4.290474415e+001 +4.290474415e+001 +1.7593e-001 +1.8557e-001 +2.8617e+000 -6.9053e-001 +8.2349e-001
2501 +4.666948418e-003 +4.666948418e-003 +4.290466695e+001 +4.290466695e+001 +1.7599e-001 +1.8557e-001 +2.8617e+000 -6.9053e-001 +8.2349e-001
2516 +4.544917280e-003 +4.544917280e-003 +4.290454492e+001 +4.290454492e+001 +1.7597e-001 +1.8555e-001 +2.8618e+000 -6.9053e-001 +8.2349e-001
2522 +4.409694629e-003 +4.409694629e-003 +4.290440969e+001 +4.290440969e+001 +1.7594e-001 +1.8557e-001 +2.8617e+000 -6.9053e-001 +8.2347e-001
2575 +4.115798398e-003 +4.115798398e-003 +4.290411580e+001 +4.290411580e+001 +1.7595e-001 +1.8558e-001 +2.8619e+000 -6.9053e-001 +8.2346e-001
2637 +3.897161104e-003 +3.897161104e-003 +4.290389716e+001 +4.290389716e+001 +1.7597e-001 +1.8556e-001 +2.8617e+000 -6.9057e-001 +8.2350e-001
2697 +3.724473556e-003 +3.724473556e-003 +4.290372447e+001 +4.290372447e+001 +1.7599e-001 +1.8552e-001 +2.8617e+000 -6.9055e-001 +8.2348e-001
2818 +3.680362671e-003 +3.680362671e-003 +4.290368036e+001 +4.290368036e+001 +1.7599e-001 +1.8551e-001 +2.8617e+000 -6.9055e-001 +8.2348e-001
2956 +3.567842922e-003 +3.567842922e-003 +4.290356784e+001 +4.290356784e+001 +1.7598e-001 +1.8553e-001 +2.8617e+000 -6.9057e-001 +8.2348e-001
3083 +3.539375099e-003 +3.539375099e-003 +4.290353938e+001 +4.290353938e+001 +1.7599e-001 +1.8552e-001 +2.8617e+000 -6.9058e-001 +8.2346e-001
3427 +3.452908625e-003 +3.452908625e-003 +4.290345291e+001 +4.290345291e+001 +1.7598e-001 +1.8552e-001 +2.8617e+000 -6.9060e-001 +8.2346e-001
3472 +3.367914340e-003 +3.367914340e-003 +4.290336791e+001 +4.290336791e+001 +1.7598e-001 +1.8553e-001 +2.8616e+000 -6.9060e-001 +8.2347e-001
3825 +3.270562486e-003 +3.270562486e-003 +4.290327056e+001 +4.290327056e+001 +1.7597e-001 +1.8554e-001 +2.8616e+000 -6.9065e-001 +8.2345e-001
4212 +3.161179998e-003 +3.161179998e-003 +4.290316118e+001 +4.290316118e+001 +1.7597e-001 +1.8554e-001 +2.8616e+000 -6.9066e-001 +8.2343e-001
5432 +3.059737911e-003 +3.059737911e-003 +4.290305974e+001 +4.290305974e+001 +1.7597e-001 +1.8554e-001 +2.8616e+000 -6.9067e-001 +8.2343e-001
7424 +3.014185705e-003 +3.014185705e-003 +4.290301419e+001 +4.290301419e+001 +1.7597e-001 +1.8555e-001 +2.8616e+000 -6.9069e-001 +8.2343e-001
% function evaluation | noise-free fitness - Fopt (6.286500000000e+002) | best noise-free fitness - Fopt | measured fitness | best measured fitness | x1 | x2...
1 +9.365288307e+001 +9.365288307e+001 +7.223028831e+002 +7.223028831e+002 -2.7530e+000 -1.3717e+000 -4.2187e+000 -6.4469e+000 +1.7937e+000
4 +3.900974384e+001 +3.900974384e+001 +6.676597438e+002 +6.676597438e+002 -3.7246e+000 -5.5645e-001 -1.7632e+000 +3.1515e+000 +1.8324e-001
27 +3.676540491e+001 +3.676540491e+001 +6.654154049e+002 +6.654154049e+002 -4.6682e+000 -8.5102e-001 -2.2510e+000 +3.9484e-002 +2.6795e+000
33 +2.293247197e+001 +2.293247197e+001 +6.515824720e+002 +6.515824720e+002 -3.3862e+000 -1.3160e+000 -3.6271e+000 +1.3261e+000 +2.5516e-001
34 +2.272496971e+001 +2.272496971e+001 +6.513749697e+002 +6.513749697e+002 -2.7185e+000 +1.0947e+000 -2.0047e+000 +2.3076e+000 +1.6025e-001
37 +2.203534340e+001 +2.203534340e+001 +6.506853434e+002 +6.506853434e+002 -4.0825e+000 -3.1794e-001 -2.5078e+000 -2.0949e+000 +1.8449e+000
65 +1.507652042e+001 +1.507652042e+001 +6.437265204e+002 +6.437265204e+002 -2.3327e+000 -1.2301e+000 -2.4351e+000 +3.6058e-001 -7.0560e-001
78 +1.230467094e+001 +1.230467094e+001 +6.409546709e+002 +6.409546709e+002 -2.1652e+000 -1.2163e+000 -2.4792e+000 +5.7005e-001 -1.3859e-001
148 +9.430464621e+000 +9.430464621e+000 +6.380804646e+002 +6.380804646e+002 -3.0105e+000 -5.0925e-001 -2.7407e+000 +2.1590e-002 +5.8153e-001
187 +5.633406478e+000 +5.633406478e+000 +6.342834065e+002 +6.342834065e+002 -2.4316e+000 -5.2918e-001 -3.0479e+000 -1.4358e+000 +8.0418e-001
305 +1.905285868e+000 +1.905285868e+000 +6.305552859e+002 +6.305552859e+002 -2.8615e+000 +2.7253e-002 -2.7248e+000 -1.5351e+000 +1.3397e+000
378 +1.647634363e+000 +1.647634363e+000 +6.302976344e+002 +6.302976344e+002 -2.9282e+000 -1.8744e-001 -2.6225e+000 -4.7481e-001 +1.4510e+000
680 +1.504717804e+000 +1.504717804e+000 +6.301547178e+002 +6.301547178e+002 -2.8463e+000 -2.0354e-001 -2.7701e+000 -7.4369e-001 +1.3775e+000
707 +1.162854926e+000 +1.162854926e+000 +6.298128549e+002 +6.298128549e+002 -2.8026e+000 -1.7727e-001 -2.7780e+000 -8.5959e-001 +1.4232e+000
777 +9.427342963e-001 +9.427342963e-001 +6.295927343e+002 +6.295927343e+002 -2.8032e+000 -1.7557e-001 -2.7741e+000 -6.6853e-001 +1.4068e+000
794 +8.142645410e-001 +8.142645410e-001 +6.294642645e+002 +6.294642645e+002 -2.8292e+000 -1.8904e-001 -2.7906e+000 -6.4657e-001 +1.3853e+000
847 +7.564626063e-001 +7.564626063e-001 +6.294064626e+002 +6.294064626e+002 -2.8010e+000 -1.7752e-001 -2.8014e+000 -7.2488e-001 +1.4117e+000
886 +6.833788132e-001 +6.833788132e-001 +6.293333788e+002 +6.293333788e+002 -2.8053e+000 -1.6821e-001 -2.8002e+000 -7.8635e-001 +1.4061e+000
1227 +6.141799330e-001 +6.141799330e-001 +6.292641799e+002 +6.292641799e+002 -2.8031e+000 -1.6888e-001 -2.8056e+000 -7.7918e-001 +1.4030e+000
1352 +5.977845872e-001 +5.977845872e-001 +6.292477846e+002 +6.292477846e+002 -2.8043e+000 -1.6414e-001 -2.8054e+000 -7.8705e-001 +1.4029e+000
1364 +5.574196834e-001 +5.574196834e-001 +6.292074197e+002 +6.292074197e+002 -2.8047e+000 -1.6535e-001 -2.8054e+000 -7.8267e-001 +1.4026e+000
1706 +5.431173549e-001 +5.431173549e-001 +6.291931174e+002 +6.291931174e+002 -2.8042e+000 -1.6388e-001 -2.8048e+000 -7.8150e-001 +1.4043e+000
1887 +5.347190004e-001 +5.347190004e-001 +6.291847190e+002 +6.291847190e+002 -2.8044e+000 -1.6445e-001 -2.8050e+000 -7.8061e-001 +1.4040e+000
2472 +5.232478414e-001 +5.232478414e-001 +6.291732478e+002 +6.291732478e+002 -2.8045e+000 -1.6446e-001 -2.8051e+000 -7.8109e-001 +1.4037e+000
% function evaluation | noise-free fitness - Fopt (-7.163000000000e+001) | best noise-free fitness - Fopt | measured fitness | best measured fitness | x1 | x2...
1 +1.329272697e+003 +1.329272697e+003 +1.257642697e+003 +1.257642697e+003 +2.1111e+000 +2.8444e+000 -1.1023e+000 -1.4374e+000 -3.4634e+000
3 +1.124190085e+003 +1.124190085e+003 +1.052560085e+003 +1.052560085e+003 +3.8139e+000 +5.3627e+000 +9.3233e-001 -1.0067e-001 -9.4143e-002
7 +8.108215158e+002 +8.108215158e+002 +7.391915158e+002 +7.391915158e+002 +3.4355e+000 +3.5778e+000 -3.1587e+000 -2.9750e+000 +2.3693e+000
26 +3.311825335e+002 +3.311825335e+002 +2.595525335e+002 +2.595525335e+002 +2.2873e+000 +2.5497e+000 -1.9785e+000 -9.2928e-001 +5.3277e+000
27 +1.154166392e+002 +1.154166392e+002 +4.378663919e+001 +4.378663919e+001 -3.0368e+000 +1.2263e-001 -2.0185e+000 -5.3601e-001 +4.0616e+000
76 +1.040458926e+002 +1.040458926e+002 +3.241589263e+001 +3.241589263e+001 -9.6692e-001 -1.1399e+000 +1.9402e+000 -1.6293e+000 +3.1564e+000
106 +8.614006984e+001 +8.614006984e+001 +1.451006984e+001 +1.451006984e+001 +3.2852e+000 +7.4801e-001 +1.9783e+000 +8.0630e-001 +4.6699e+000
139 +7.221471946e+001 +7.221471946e+001 +5.847194634e-001 +5.847194634e-001 +9.9224e-002 -4.6484e+000 -1.8757e+000 -1.5428e+000 +9.4303e-001
155 +6.326350647e+001 +6.326350647e+001 -8.366493535e+000 -8.366493535e+000 -8.5098e-002 -2.6708e+000 +5.5347e-001 +3.8688e-001 +1.6007e+000
182 +5.748520833e+001 +5.748520833e+001 -1.414479167e+001 -1.414479167e+001 +1.9746e+000 -1.7188e+000 +9.0628e-001 +4.5382e-001 +2.0375e+000
184 +4.872568448e+001 +4.872568448e+001 -2.290431552e+001 -2.290431552e+001 +2.0143e+000 -2.5492e+000 +2.5613e+000 +8.9122e-001 +1.1833e+000
196 +2.635075156e+001 +2.635075156e+001 -4.527924844e+001 -4.527924844e+001 +1.4999e+000 -5.0326e+000 +1.1216e+000 +1.5981e-001 +2.3521e+000
223 +1.099531411e+001 +1.099531411e+001 -6.063468589e+001 -6.063468589e+001 +1.0600e+000 -2.9588e+000 +8.2627e-001 +2.1787e+000 +3.3274e+000
228 +1.013106514e+001 +1.013106514e+001 -6.149893486e+001 -6.149893486e+001 +2.2235e+000 -4.5577e+000 +1.9346e+000 +4.7633e+000 +2.6196e+000
319 +6.785337505e+000 +6.785337505e+000 -6.484466250e+001 -6.484466250e+001 +1.3768e+000 -1.8568e+000 +6.5486e-001 +3.6094e+000 +3.4357e+000
341 +4.034743433e+000 +4.034743433e+000 -6.759525657e+001 -6.759525657e+001 +1.2538e+000 -2.7891e+000 +1.2356e+000 +3.3663e+000 +3.4449e+000
431 +1.638038287e+000 +1.638038287e+000 -6.999196171e+001 -6.999196171e+001 +1.3667e+000 -2.2467e+000 +1.2447e+000 +3.3327e+000 +3.2642e+000
620 +1.616211313e+000 +1.616211313e+000 -7.001378869e+001 -7.001378869e+001 +1.4252e+000 -2.5901e+000 +1.4097e+000 +3.1662e+000 +3.4235e+000
654 +1.410892372e+000 +1.410892372e+000 -7.021910763e+001 -7.021910763e+001 +1.5350e+000 -2.6048e+000 +1.4497e+000 +3.2211e+000 +3.3237e+000
678 +1.190516365e+000 +1.190516365e+000 -7.043948363e+001 -7.043948363e+001 +1.5883e+000 -2.7358e+000 +1.4179e+000 +3.2752e+000 +3.4083e+000
688 +8.582353108e-001 +8.582353108e-001 -7.077176469e+001 -7.077176469e+001 +1.5622e+000 -2.6297e+000 +1.5207e+000 +3.2365e+000 +3.4230e+000
742 +7.538268658e-001 +7.538268658e-001 -7.087617313e+001 -7.087617313e+001 +1.6494e+000 -2.9466e+000 +1.5981e+000 +3.2022e+000 +3.3994e+000
777 +5.868643129e-001 +5.868643129e-001 -7.104313569e+001 -7.104313569e+001 +1.6342e+000 -2.8166e+000 +1.5953e+000 +3.1752e+000 +3.4116e+000
814 +5.004032537e-001 +5.004032537e-001 -7.112959675e+001 -7.112959675e+001 +1.6247e+000 -2.8261e+000 +1.5613e+000 +3.1462e+000 +3.4018e+000
917 +3.577330087e-001 +3.577330087e-001 -7.127226699e+001 -7.127226699e+001 +1.6419e+000 -2.8457e+000 +1.5705e+000 +3.1818e+000 +3.4174e+000
932 +3.387902382e-001 +3.387902382e-001 -7.129120976e+001 -7.129120976e+001 +1.6365e+000 -2.8642e+000 +1.6053e+000 +3.1670e+000 +3.4244e+000
951 +2.530193825e-001 +2.530193825e-001 -7.137698062e+001 -7.137698062e+001 +1.6569e+000 -2.8407e+000 +1.6038e+000 +3.1663e+000 +3.4200e+000
1060 +2.339654851e-001 +2.339654851e-001 -7.139603451e+001 -7.139603451e+001 +1.6610e+000 -2.8462e+000 +1.6046e+000 +3.1700e+000 +3.4192e+000
1103 +1.966380090e-001 +1.966380090e-001 -7.143336199e+001 -7.143336199e+001 +1.6646e+000 -2.8511e+000 +1.6029e+000 +3.1853e+000 +3.4160e+000
1104 +1.945293560e-001 +1.945293560e-001 -7.143547064e+001 -7.143547064e+001 +1.6559e+000 -2.8556e+000 +1.6022e+000 +3.1690e+000 +3.4243e+000
1105 +1.670060123e-001 +1.670060123e-001 -7.146299399e+001 -7.146299399e+001 +1.6604e+000 -2.8528e+000 +1.6019e+000 +3.1747e+000 +3.4149e+000
1200 +1.651906257e-001 +1.651906257e-001 -7.146480937e+001 -7.146480937e+001 +1.6598e+000 -2.8646e+000 +1.6028e+000 +3.1671e+000 +3.4221e+000
1204 +1.450383357e-001 +1.450383357e-001 -7.148496166e+001 -7.148496166e+001 +1.6630e+000 -2.8748e+000 +1.6090e+000 +3.1720e+000 +3.4219e+000
1208 +1.338645264e-001 +1.338645264e-001 -7.149613547e+001 -7.149613547e+001 +1.6634e+000 -2.8647e+000 +1.6041e+000 +3.1727e+000 +3.4203e+000
1223 +1.174536222e-001 +1.174536222e-001 -7.151254638e+001 -7.151254638e+001 +1.6625e+000 -2.8757e+000 +1.6085e+000 +3.1693e+000 +3.4265e+000
1246 +1.101873712e-001 +1.101873712e-001 -7.151981263e+001 -7.151981263e+001 +1.6625e+000 -2.8657e+000 +1.6071e+000 +3.1716e+000 +3.4230e+000
1277 +9.657616878e-002 +9.657616878e-002 -7.153342383e+001 -7.153342383e+001 +1.6629e+000 -2.8667e+000 +1.6068e+000 +3.1747e+000 +3.4198e+000
1338 +8.547914489e-002 +8.547914489e-002 -7.154452086e+001 -7.154452086e+001 +1.6626e+000 -2.8684e+000 +1.6072e+000 +3.1719e+000 +3.4214e+000
1460 +8.050946938e-002 +8.050946938e-002 -7.154949053e+001 -7.154949053e+001 +1.6628e+000 -2.8696e+000 +1.6078e+000 +3.1702e+000 +3.4231e+000
1487 +7.623926681e-002 +7.623926681e-002 -7.155376073e+001 -7.155376073e+001 +1.6624e+000 -2.8687e+000 +1.6073e+000 +3.1708e+000 +3.4226e+000
1534 +7.179254830e-002 +7.179254830e-002 -7.155820745e+001 -7.155820745e+001 +1.6623e+000 -2.8693e+000 +1.6071e+000 +3.1708e+000 +3.4229e+000
1698 +6.943466314e-002 +6.943466314e-002 -7.156056534e+001 -7.156056534e+001 +1.6622e+000 -2.8695e+000 +1.6072e+000 +3.1706e+000 +3.4232e+000
1867 +6.749597700e-002 +6.749597700e-002 -7.156250402e+001 -7.156250402e+001 +1.6624e+000 -2.8693e+000 +1.6073e+000 +3.1706e+000 +3.4230e+000
2214 +6.555908425e-002 +6.555908425e-002 -7.156444092e+001 -7.156444092e+001 +1.6623e+000 -2.8693e+000 +1.6072e+000 +3.1707e+000 +3.4230e+000
2749 +6.412251112e-002 +6.412251112e-002 -7.156587749e+001 -7.156587749e+001 +1.6623e+000 -2.8691e+000 +1.6071e+000 +3.1707e+000 +3.4229e+000
3147 +6.218160101e-002 +6.218160101e-002 -7.156781840e+001 -7.156781840e+001 +1.6623e+000 -2.8692e+000 +1.6071e+000 +3.1707e+000 +3.4229e+000
3723 +6.160462733e-002 +6.160462733e-002 -7.156839537e+001 -7.156839537e+001 +1.6623e+000 -2.8692e+000 +1.6071e+000 +3.1707e+000 +3.4230e+000
% function evaluation | noise-free fitness - Fopt (1.976000000000e+001) | best noise-free fitness - Fopt | measured fitness | best measured fitness | x1 | x2...
1 +1.748864092e+001 +1.748864092e+001 +3.724864092e+001 +3.724864092e+001 +2.1526e+000 +3.9346e+000 -4.8090e+000 +2.4552e+000 +1.1923e+000
47 +1.224243196e+001 +1.224243196e+001 +3.200243196e+001 +3.200243196e+001 +3.1006e+000 +2.5048e+000 -3.9362e+000 +3.2360e+000 -5.2969e-001
50 +8.568103714e+000 +8.568103714e+000 +2.832810371e+001 +2.832810371e+001 +2.7483e+000 +1.3746e+000 -2.2035e+000 +2.1276e+000 +4.2056e-001
124 +5.654756513e+000 +5.654756513e+000 +2.541475651e+001 +2.541475651e+001 +2.6744e+000 +8.6879e-001 -3.9677e+000 +2.2436e+000 +1.2139e-001
328 +5.088470122e+000 +5.088470122e+000 +2.484847012e+001 +2.484847012e+001 +3.5076e+000 +1.8792e+000 -2.5112e+000 +1.8664e+000 +4.7017e-001
401 +4.325032803e+000 +4.325032803e+000 +2.408503280e+001 +2.408503280e+001 +3.4291e+000 +1.8974e+000 -2.7930e+000 +1.3212e+000 +1.2291e+000
432 +3.116847090e+000 +3.116847090e+000 +2.287684709e+001 +2.287684709e+001 +3.5582e+000 +1.9289e+000 -2.6702e+000 +1.3571e+000 +6.6693e-001
460 +2.882058306e+000 +2.882058306e+000 +2.264205831e+001 +2.264205831e+001 +4.0821e+000 +1.4862e+000 -2.6042e+000 +1.3682e+000 +7.2685e-001
467 +2.599358229e+000 +2.599358229e+000 +2.235935823e+001 +2.235935823e+001 +3.7726e+000 +1.3320e+000 -2.5063e+000 +1.3938e+000 +8.7825e-001
503 +2.278042785e+000 +2.278042785e+000 +2.203804279e+001 +2.203804279e+001 +3.7016e+000 +1.6385e+000 -2.7596e+000 +1.5485e+000 +7.7172e-001
512 +2.231711241e+000 +2.231711241e+000 +2.199171124e+001 +2.199171124e+001 +3.7523e+000 +1.5189e+000 -2.6261e+000 +1.5004e+000 +9.1492e-001
518 +1.845349763e+000 +1.845349763e+000 +2.160534976e+001 +2.160534976e+001 +3.6480e+000 +1.6953e+000 -2.8389e+000 +1.4774e+000 +9.1427e-001
588 +1.339194408e+000 +1.339194408e+000 +2.109919441e+001 +2.109919441e+001 +3.1605e+000 +1.6026e+000 -3.0115e+000 +1.7584e+000 +5.9148e-001
679 +4.980842449e-001 +4.980842449e-001 +2.025808424e+001 +2.025808424e+001 +3.3483e+000 +1.6238e+000 -2.9925e+000 +1.6650e+000 +7.2279e-001
926 +4.275721325e-001 +4.275721325e-001 +2.018757213e+001 +2.018757213e+001 +3.3763e+000 +1.6310e+000 -2.9798e+000 +1.6167e+000 +7.0464e-001
1066 +4.094253934e-001 +4.094253934e-001 +2.016942539e+001 +2.016942539e+001 +3.3825e+000 +1.6217e+000 -2.9477e+000 +1.6189e+000 +7.5976e-001
1104 +3.040641571e-001 +3.040641571e-001 +2.006406416e+001 +2.006406416e+001 +3.3912e+000 +1.6344e+000 -2.9847e+000 +1.6172e+000 +7.3207e-001
1425 +2.924507522e-001 +2.924507522e-001 +2.005245075e+001 +2.005245075e+001 +3.3963e+000 +1.6354e+000 -2.9774e+000 +1.6174e+000 +7.4707e-001
1443 +2.618982547e-001 +2.618982547e-001 +2.002189825e+001 +2.002189825e+001 +3.4062e+000 +1.6478e+000 -2.9806e+000 +1.6185e+000 +7.5736e-001
1482 +2.554522694e-001 +2.554522694e-001 +2.001545227e+001 +2.001545227e+001 +3.3997e+000 +1.6386e+000 -2.9751e+000 +1.6167e+000 +7.5221e-001
1495 +2.478748987e-001 +2.478748987e-001 +2.000787490e+001 +2.000787490e+001 +3.4016e+000 +1.6385e+000 -2.9745e+000 +1.6165e+000 +7.5686e-001
1605 +2.401354916e-001 +2.401354916e-001 +2.000013549e+001 +2.000013549e+001 +3.4049e+000 +1.6421e+000 -2.9690e+000 +1.6175e+000 +7.7064e-001
1645 +2.241278236e-001 +2.241278236e-001 +1.998412782e+001 +1.998412782e+001 +3.4029e+000 +1.6416e+000 -2.9695e+000 +1.6167e+000 +7.6600e-001
1954 +2.030496518e-001 +2.030496518e-001 +1.996304965e+001 +1.996304965e+001 +3.4126e+000 +1.6415e+000 -2.9701e+000 +1.6189e+000 +7.5985e-001
2211 +1.934443560e-001 +1.934443560e-001 +1.995344436e+001 +1.995344436e+001 +3.4171e+000 +1.6418e+000 -2.9771e+000 +1.6208e+000 +7.4805e-001
2304 +1.841650238e-001 +1.841650238e-001 +1.994416502e+001 +1.994416502e+001 +3.4150e+000 +1.6427e+000 -2.9750e+000 +1.6210e+000 +7.4955e-001
2306 +1.639286211e-001 +1.639286211e-001 +1.992392862e+001 +1.992392862e+001 +3.4146e+000 +1.6420e+000 -2.9761e+000 +1.6213e+000 +7.4738e-001
2356 +1.524692125e-001 +1.524692125e-001 +1.991246921e+001 +1.991246921e+001 +3.4160e+000 +1.6421e+000 -2.9749e+000 +1.6204e+000 +7.4836e-001
2394 +1.450531395e-001 +1.450531395e-001 +1.990505314e+001 +1.990505314e+001 +3.4159e+000 +1.6418e+000 -2.9751e+000 +1.6205e+000 +7.4767e-001
2526 +1.435210772e-001 +1.435210772e-001 +1.990352108e+001 +1.990352108e+001 +3.4158e+000 +1.6420e+000 -2.9760e+000 +1.6206e+000 +7.4663e-001
2606 +1.389254250e-001 +1.389254250e-001 +1.989892542e+001 +1.989892542e+001 +3.4157e+000 +1.6419e+000 -2.9760e+000 +1.6211e+000 +7.4632e-001
2678 +1.328087589e-001 +1.328087589e-001 +1.989280876e+001 +1.989280876e+001 +3.4156e+000 +1.6420e+000 -2.9760e+000 +1.6208e+000 +7.4643e-001
2753 +1.297157520e-001 +1.297157520e-001 +1.988971575e+001 +1.988971575e+001 +3.4154e+000 +1.6420e+000 -2.9761e+000 +1.6209e+000 +7.4638e-001
2818 +1.239715193e-001 +1.239715193e-001 +1.988397152e+001 +1.988397152e+001 +3.4155e+000 +1.6419e+000 -2.9761e+000 +1.6209e+000 +7.4620e-001
3256 +1.212642246e-001 +1.212642246e-001 +1.988126422e+001 +1.988126422e+001 +3.4153e+000 +1.6419e+000 -2.9762e+000 +1.6210e+000 +7.4614e-001
3474 +1.199967229e-001 +1.199967229e-001 +1.987999672e+001 +1.987999672e+001 +3.4153e+000 +1.6419e+000 -2.9762e+000 +1.6210e+000 +7.4614e-001
% function evaluation | noise-free fitness - Fopt (6.100000000000e-001) | best noise-free fitness - Fopt | measured fitness | best measured fitness | x1 | x2...
1 +5.226128658e+002 +5.226128658e+002 +5.232228658e+002 +5.232228658e+002 -3.8259e+000 +9.1789e+000 -4.2511e-001 -6.3089e-001 +3.2699e+000
2 +2.250046576e+002 +2.250046576e+002 +2.256146576e+002 +2.256146576e+002 -1.1147e+000 +1.1884e+000 -4.6995e-001 +4.9419e+000 +7.9279e+000
4 +1.121600783e+002 +1.121600783e+002 +1.127700783e+002 +1.127700783e+002 -3.4451e+000 +4.0909e-001 -1.6457e-001 +1.9679e+000 -2.2669e+000
7 +5.934626616e+001 +5.934626616e+001 +5.995626616e+001 +5.995626616e+001 +2.1382e+000 +2.0986e+000 -2.7265e-001 +3.2930e+000 -5.4646e+000
8 +3.269873343e+001 +3.269873343e+001 +3.330873343e+001 +3.330873343e+001 -4.9778e-001 +4.8852e-001 -5.3584e+000 -3.3888e-001 +3.2526e-001
72 +3.217588697e+001 +3.217588697e+001 +3.278588697e+001 +3.278588697e+001 -3.5611e+000 -6.4753e-001 -5.3762e+000 +1.3130e+000 +2.6325e+000
75 +2.153825096e+001 +2.153825096e+001 +2.214825096e+001 +2.214825096e+001 -7.3095e-002 +5.7584e-001 -4.0950e+000 -4.2687e-001 -4.4183e+000
123 +2.128345737e+001 +2.128345737e+001 +2.189345737e+001 +2.189345737e+001 -1.3008e+000 +4.8216e-001 -3.0356e+000 -6.0939e-001 -5.0729e-001
152 +1.026115124e+001 +1.026115124e+001 +1.087115124e+001 +1.087115124e+001 -2.8561e-001 +7.1304e-001 -4.1671e+000 -1.8078e+000 -1.6302e+000
252 +6.520935762e+000 +6.520935762e+000 +7.130935762e+000 +7.130935762e+000 +6.9685e-001 +8.3686e-002 -3.9423e+000 -2.6784e+000 -2.2285e+000
258 +5.712059436e+000 +5.712059436e+000 +6.322059436e+000 +6.322059436e+000 +2.6536e-001 +9.2108e-001 -3.4904e+000 -2.8646e+000 -2.1531e+000
277 +5.422176192e+000 +5.422176192e+000 +6.032176192e+000 +6.032176192e+000 +4.0539e-001 +1.4479e-001 -3.8864e+000 -2.2936e+000 -2.0736e+000
346 +4.195994809e+000 +4.195994809e+000 +4.805994809e+000 +4.805994809e+000 +2.0628e-001 +3.5033e-001 -3.6937e+000 -2.3630e+000 -2.4333e+000
358 +3.633457872e+000 +3.633457872e+000 +4.243457872e+000 +4.243457872e+000 +6.8878e-001 +9.0249e-001 -3.5888e+000 -2.4097e+000 -2.5793e+000
360 +2.998930015e+000 +2.998930015e+000 +3.608930015e+000 +3.608930015e+000 +7.1571e-001 +9.2648e-001 -3.1876e+000 -2.9266e+000 -2.5766e+000
395 +2.082912513e+000 +2.082912513e+000 +2.692912513e+000 +2.692912513e+000 +2.7950e-001 +8.1973e-001 -3.2803e+000 -2.7674e+000 -2.5592e+000
476 +2.007344064e+000 +2.007344064e+000 +2.617344064e+000 +2.617344064e+000 +1.9142e-001 +5.3643e-001 -3.3999e+000 -2.8066e+000 -2.5707e+000
539 +1.891738115e+000 +1.891738115e+000 +2.501738115e+000 +2.501738115e+000 +6.6282e-002 +5.3866e-001 -3.4228e+000 -2.7036e+000 -2.4738e+000
564 +1.459245514e+000 +1.459245514e+000 +2.069245514e+000 +2.069245514e+000 +1.3058e-001 +5.2285e-001 -3.5924e+000 -2.5397e+000 -2.4742e+000
588 +9.878332336e-001 +9.878332336e-001 +1.597833234e+000 +1.597833234e+000 +5.9091e-002 +4.6762e-001 -3.5413e+000 -2.6445e+000 -2.5053e+000
743 +8.131486818e-001 +8.131486818e-001 +1.423148682e+000 +1.423148682e+000 +1.0838e-001 +5.8801e-001 -3.4851e+000 -2.6568e+000 -2.5270e+000
909 +7.319825745e-001 +7.319825745e-001 +1.341982574e+000 +1.341982574e+000 +5.9472e-002 +5.9475e-001 -3.5176e+000 -2.6490e+000 -2.4944e+000
918 +5.563151111e-001 +5.563151111e-001 +1.166315111e+000 +1.166315111e+000 +9.8833e-002 +5.6473e-001 -3.4950e+000 -2.6650e+000 -2.4996e+000
930 +5.363822192e-001 +5.363822192e-001 +1.146382219e+000 +1.146382219e+000 +7.3541e-002 +5.5547e-001 -3.5090e+000 -2.6420e+000 -2.5036e+000
975 +4.861686106e-001 +4.861686106e-001 +1.096168611e+000 +1.096168611e+000 +8.9332e-002 +5.8326e-001 -3.5099e+000 -2.6439e+000 -2.5044e+000
1017 +4.603537563e-001 +4.603537563e-001 +1.070353756e+000 +1.070353756e+000 +8.8064e-002 +5.9749e-001 -3.5211e+000 -2.6269e+000 -2.4659e+000
1054 +4.159911297e-001 +4.159911297e-001 +1.025991130e+000 +1.025991130e+000 +7.4686e-002 +5.4575e-001 -3.5435e+000 -2.6300e+000 -2.4624e+000
1127 +4.051636948e-001 +4.051636948e-001 +1.015163695e+000 +1.015163695e+000 +1.0287e-001 +5.6347e-001 -3.5341e+000 -2.6385e+000 -2.4650e+000
1138 +3.268847010e-001 +3.268847010e-001 +9.368847010e-001 +9.368847010e-001 +1.0884e-001 +5.8694e-001 -3.5361e+000 -2.6374e+000 -2.4529e+000
1198 +3.008558557e-001 +3.008558557e-001 +9.108558557e-001 +9.108558557e-001 +1.0977e-001 +5.7515e-001 -3.5368e+000 -2.6360e+000 -2.4571e+000
1292 +2.528412737e-001 +2.528412737e-001 +8.628412737e-001 +8.628412737e-001 +1.0280e-001 +5.8256e-001 -3.5389e+000 -2.6327e+000 -2.4566e+000
1339 +2.499819938e-001 +2.499819938e-001 +8.599819938e-001 +8.599819938e-001 +1.0166e-001 +5.7812e-001 -3.5394e+000 -2.6310e+000 -2.4537e+000
1474 +1.772150182e-001 +1.772150182e-001 +7.872150182e-001 +7.872150182e-001 +1.0452e-001 +5.8612e-001 -3.5350e+000 -2.6325e+000 -2.4578e+000
1646 +1.725905567e-001 +1.725905567e-001 +7.825905567e-001 +7.825905567e-001 +1.0262e-001 +5.8230e-001 -3.5353e+000 -2.6321e+000 -2.4586e+000
1786 +1.640016483e-001 +1.640016483e-001 +7.740016483e-001 +7.740016483e-001 +1.0328e-001 +5.8168e-001 -3.5358e+000 -2.6319e+000 -2.4576e+000
1799 +1.580687306e-001 +1.580687306e-001 +7.680687306e-001 +7.680687306e-001 +1.0323e-001 +5.8322e-001 -3.5357e+000 -2.6319e+000 -2.4569e+000
1870 +1.497760342e-001 +1.497760342e-001 +7.597760342e-001 +7.597760342e-001 +1.0302e-001 +5.8317e-001 -3.5355e+000 -2.6315e+000 -2.4574e+000
1904 +1.434179399e-001 +1.434179399e-001 +7.534179399e-001 +7.534179399e-001 +1.0293e-001 +5.8372e-001 -3.5355e+000 -2.6316e+000 -2.4571e+000
1980 +1.347389504e-001 +1.347389504e-001 +7.447389504e-001 +7.447389504e-001 +1.0274e-001 +5.8326e-001 -3.5357e+000 -2.6315e+000 -2.4572e+000
2291 +1.307259345e-001 +1.307259345e-001 +7.407259345e-001 +7.407259345e-001 +1.0293e-001 +5.8320e-001 -3.5357e+000 -2.6316e+000 -2.4571e+000
2743 +1.286718396e-001 +1.286718396e-001 +7.386718396e-001 +7.386718396e-001 +1.0294e-001 +5.8329e-001 -3.5357e+000 -2.6316e+000 -2.4571e+000
% function evaluation | noise-free fitness - Fopt (-8.634400000000e+002) | best noise-free fitness - Fopt | measured fitness | best measured fitness | x1 | x2...
1 +1.549973131e+002 +1.549973131e+002 -7.084426869e+002 -7.084426869e+002 -1.8487e+000 +3.4272e+000 -1.6031e+000 -3.7754e+000 +4.7007e+000
4 +1.450146076e+002 +1.450146076e+002 -7.184253924e+002 -7.184253924e+002 -5.2704e+000 +4.1246e+000 -1.4100e+000 -1.4745e+000 +6.6625e+000
15 +9.919849699e+001 +9.919849699e+001 -7.642415030e+002 -7.642415030e+002 -1.8726e+000 +3.3844e+000 -1.1207e-001 -1.7260e+000 +2.3939e+000
29 +5.607382218e+001 +5.607382218e+001 -8.073661778e+002 -8.073661778e+002 -3.5634e+000 +2.2956e+000 +1.2013e+000 -9.5197e-001 +2.4129e-001
53 +3.859843986e+001 +3.859843986e+001 -8.248415601e+002 -8.248415601e+002 -2.5840e+000 -1.0364e+000 +1.0815e+000 -2.6488e+000 +1.9260e+000
97 +2.870364463e+001 +2.870364463e+001 -8.347363554e+002 -8.347363554e+002 -4.2539e+000 -3.2789e+000 +1.9854e+000 -1.5573e+000 +2.4964e+000
118 +1.083148792e+001 +1.083148792e+001 -8.526085121e+002 -8.526085121e+002 -2.3566e+000 -1.9750e+000 +1.7614e+000 -1.2968e+000 +1.5861e+000
193 +8.922037404e+000 +8.922037404e+000 -8.545179626e+002 -8.545179626e+002 -3.1243e+000 -3.7446e+000 +2.0459e+000 -2.1353e+000 +1.5564e+000
201 +8.085892773e+000 +8.085892773e+000 -8.553541072e+002 -8.553541072e+002 -2.3415e+000 -3.3775e+000 +1.9579e+000 -2.0794e-001 +1.7731e+000
228 +7.824080389e+000 +7.824080389e+000 -8.556159196e+002 -8.556159196e+002 -2.7143e+000 -3.4854e+000 +2.0260e+000 -2.7922e-001 +1.5025e+000
231 +7.227534507e+000 +7.227534507e+000 -8.562124655e+002 -8.562124655e+002 -2.8663e+000 -3.3576e+000 +2.0909e+000 -8.2539e-001 +1.5049e+000
242 +5.581019715e+000 +5.581019715e+000 -8.578589803e+002 -8.578589803e+002 -2.5696e+000 -3.1845e+000 +2.1491e+000 -3.5856e-001 +1.4733e+000
274 +4.675628231e+000 +4.675628231e+000 -8.587643718e+002 -8.587643718e+002 -2.2692e+000 -3.1648e+000 +2.2407e+000 -3.7832e-001 +1.2906e+000
301 +3.927713750e+000 +3.927713750e+000 -8.595122863e+002 -8.595122863e+002 -2.5129e+000 -3.0861e+000 +2.1876e+000 -6.5525e-001 +9.7822e-001
371 +2.303559321e+000 +2.303559321e+000 -8.611364407e+002 -8.611364407e+002 -2.4182e+000 -2.9982e+000 +2.2012e+000 -7.6306e-001 +1.0905e+000
527 +2.118432115e+000 +2.118432115e+000 -8.613215679e+002 -8.613215679e+002 -2.3141e+000 -2.9994e+000 +2.1755e+000 -7.1200e-001 +1.1251e+000
572 +1.923731920e+000 +1.923731920e+000 -8.615162681e+002 -8.615162681e+002 -2.3310e+000 -2.9903e+000 +2.1798e+000 -6.6752e-001 +1.1316e+000
619 +1.782548421e+000 +1.782548421e+000 -8.616574516e+002 -8.616574516e+002 -2.3639e+000 -3.0305e+000 +2.1618e+000 -6.8788e-001 +1.1296e+000
664 +1.772194307e+000 +1.772194307e+000 -8.616678057e+002 -8.616678057e+002 -2.3440e+000 -3.0110e+000 +2.1874e+000 -7.1595e-001 +1.1538e+000
672 +1.628879375e+000 +1.628879375e+000 -8.618111206e+002 -8.618111206e+002 -2.3415e+000 -3.0119e+000 +2.1805e+000 -7.0547e-001 +1.1589e+000
686 +1.518651878e+000 +1.518651878e+000 -8.619213481e+002 -8.619213481e+002 -2.3447e+000 -2.9995e+000 +2.1893e+000 -6.8938e-001 +1.1486e+000
809 +1.363959207e+000 +1.363959207e+000 -8.620760408e+002 -8.620760408e+002 -2.3382e+000 -2.9943e+000 +2.1809e+000 -6.8856e-001 +1.1423e+000
932 +1.336594508e+000 +1.336594508e+000 -8.621034055e+002 -8.621034055e+002 -2.3477e+000 -3.0015e+000 +2.1796e+000 -6.9886e-001 +1.1436e+000
1202 +1.206668153e+000 +1.206668153e+000 -8.622333318e+002 -8.622333318e+002 -2.3697e+000 -3.0009e+000 +2.1896e+000 -7.1296e-001 +1.1087e+000
1544 +1.133745604e+000 +1.133745604e+000 -8.623062544e+002 -8.623062544e+002 -2.3729e+000 -3.0053e+000 +2.1912e+000 -7.0566e-001 +1.1076e+000
1590 +1.085975266e+000 +1.085975266e+000 -8.623540247e+002 -8.623540247e+002 -2.3763e+000 -3.0102e+000 +2.1902e+000 -7.0486e-001 +1.1108e+000
2136 +1.053093297e+000 +1.053093297e+000 -8.623869067e+002 -8.623869067e+002 -2.3838e+000 -3.0144e+000 +2.1893e+000 -7.1387e-001 +1.1096e+000
2167 +1.045039301e+000 +1.045039301e+000 -8.623949607e+002 -8.623949607e+002 -2.3842e+000 -3.0142e+000 +2.1891e+000 -7.1390e-001 +1.1091e+000
2281 +1.012090018e+000 +1.012090018e+000 -8.624279100e+002 -8.624279100e+002 -2.3837e+000 -3.0145e+000 +2.1889e+000 -7.1312e-001 +1.1103e+000
2579 +9.930153795e-001 +9.930153795e-001 -8.624469846e+002 -8.624469846e+002 -2.3837e+000 -3.0143e+000 +2.1890e+000 -7.1349e-001 +1.1098e+000
3209 +9.761811741e-001 +9.761811741e-001 -8.624638188e+002 -8.624638188e+002 -2.3837e+000 -3.0143e+000 +2.1890e+000 -7.1352e-001 +1.1098e+000
% function evaluation | noise-free fitness - Fopt (1.318500000000e+002) | best noise-free fitness - Fopt | measured fitness | best measured fitness | x1 | x2...
1 +3.672354031e+002 +3.672354031e+002 +4.990854031e+002 +4.990854031e+002 +2.1541e+000 -1.5680e+000 +9.2373e+000 -1.6901e-001 +1.3171e+000
2 +9.547227919e+001 +9.547227919e+001 +2.273222792e+002 +2.273222792e+002 +2.0900e+000 +3.8341e+000 -5.3579e+000 -1.6046e+000 -3.8370e+000
9 +5.063255483e+001 +5.063255483e+001 +1.824825548e+002 +1.824825548e+002 +2.8004e+000 +1.5543e+000 +1.8836e+000 -3.7479e+000 +3.3267e+000
14 +4.846535056e+001 +4.846535056e+001 +1.803153506e+002 +1.803153506e+002 +2.7277e+000 +1.7001e+000 +3.0071e+000 -5.5238e+000 -2.3391e+000
45 +2.753066962e+001 +2.753066962e+001 +1.593806696e+002 +1.593806696e+002 +3.4495e+000 +5.7385e-001 +1.2647e+000 -3.3164e+000 -4.1582e+000
57 +9.258488383e+000 +9.258488383e+000 +1.411084884e+002 +1.411084884e+002 +2.6190e-001 -1.3659e+000 +3.0751e+000 -3.8404e+000 -1.6978e+000
155 +5.147405404e+000 +5.147405404e+000 +1.369974054e+002 +1.369974054e+002 -1.5181e-001 -1.6369e-001 +2.7323e+000 -3.1510e+000 -1.5204e+000
326 +4.650281402e+000 +4.650281402e+000 +1.365002814e+002 +1.365002814e+002 +2.5963e-001 +1.9974e-001 +2.7224e+000 -3.9246e+000 -1.8136e+000
344 +4.444342888e+000 +4.444342888e+000 +1.362943429e+002 +1.362943429e+002 +2.0329e-001 -4.2600e-001 +2.8055e+000 -4.1145e+000 -1.7976e+000
345 +4.040795399e+000 +4.040795399e+000 +1.358907954e+002 +1.358907954e+002 +3.1308e-001 -5.6812e-001 +2.3932e+000 -2.3868e+000 -1.7468e+000
388 +2.735451627e+000 +2.735451627e+000 +1.345854516e+002 +1.345854516e+002 +7.9110e-002 -3.1151e-001 +2.4337e+000 -3.8211e+000 -1.6968e+000
402 +2.661782873e+000 +2.661782873e+000 +1.345117829e+002 +1.345117829e+002 -3.8929e-002 -5.2405e-001 +2.4172e+000 -3.3723e+000 -1.6925e+000
413 +1.560024353e+000 +1.560024353e+000 +1.334100244e+002 +1.334100244e+002 +9.1118e-003 -2.6085e-002 +1.9002e+000 -3.3225e+000 -1.7421e+000
480 +1.161600287e+000 +1.161600287e+000 +1.330116003e+002 +1.330116003e+002 +1.7301e-001 -2.5617e-001 +2.2570e+000 -3.2906e+000 -1.8379e+000
482 +1.137293903e+000 +1.137293903e+000 +1.329872939e+002 +1.329872939e+002 +1.8998e-001 -2.7679e-001 +2.3503e+000 -3.2081e+000 -1.8234e+000
490 +9.493198666e-001 +9.493198666e-001 +1.327993199e+002 +1.327993199e+002 +7.3974e-002 -2.2836e-001 +2.2893e+000 -3.2187e+000 -1.8315e+000
513 +7.652842692e-001 +7.652842692e-001 +1.326152843e+002 +1.326152843e+002 +1.2759e-001 -2.0973e-001 +2.2352e+000 -3.2968e+000 -1.8180e+000
595 +5.690594924e-001 +5.690594924e-001 +1.324190595e+002 +1.324190595e+002 +1.3327e-001 -2.5322e-001 +2.2584e+000 -3.2860e+000 -1.8213e+000
673 +3.772880256e-001 +3.772880256e-001 +1.322272880e+002 +1.322272880e+002 +1.4409e-001 -2.5003e-001 +2.3505e+000 -3.3021e+000 -1.8455e+000
738 +2.788615714e-001 +2.788615714e-001 +1.321288616e+002 +1.321288616e+002 +1.2543e-001 -2.4868e-001 +2.3180e+000 -3.3075e+000 -1.8184e+000
814 +2.257482515e-001 +2.257482515e-001 +1.320757483e+002 +1.320757483e+002 +1.4433e-001 -2.4871e-001 +2.3017e+000 -3.2131e+000 -1.8299e+000
875 +2.223450480e-001 +2.223450480e-001 +1.320723450e+002 +1.320723450e+002 +1.4776e-001 -2.4128e-001 +2.3019e+000 -3.2457e+000 -1.8363e+000
886 +2.145484484e-001 +2.145484484e-001 +1.320645484e+002 +1.320645484e+002 +1.3525e-001 -2.3389e-001 +2.2921e+000 -3.2600e+000 -1.8315e+000
1037 +1.746680148e-001 +1.746680148e-001 +1.320246680e+002 +1.320246680e+002 +1.4008e-001 -2.3340e-001 +2.2868e+000 -3.2418e+000 -1.8281e+000
1144 +1.510233876e-001 +1.510233876e-001 +1.320010234e+002 +1.320010234e+002 +1.3548e-001 -2.4171e-001 +2.2835e+000 -3.2464e+000 -1.8228e+000
1204 +1.453856435e-001 +1.453856435e-001 +1.319953856e+002 +1.319953856e+002 +1.3242e-001 -2.3604e-001 +2.2827e+000 -3.2637e+000 -1.8208e+000
1251 +1.398890216e-001 +1.398890216e-001 +1.319898890e+002 +1.319898890e+002 +1.4070e-001 -2.3552e-001 +2.2831e+000 -3.2369e+000 -1.8269e+000
1263 +1.277004336e-001 +1.277004336e-001 +1.319777004e+002 +1.319777004e+002 +1.3565e-001 -2.3282e-001 +2.2733e+000 -3.2432e+000 -1.8225e+000
1310 +1.104209129e-001 +1.104209129e-001 +1.319604209e+002 +1.319604209e+002 +1.3710e-001 -2.3386e-001 +2.2772e+000 -3.2415e+000 -1.8241e+000
1373 +1.078666836e-001 +1.078666836e-001 +1.319578667e+002 +1.319578667e+002 +1.3539e-001 -2.3505e-001 +2.2806e+000 -3.2471e+000 -1.8229e+000
1423 +1.047150406e-001 +1.047150406e-001 +1.319547150e+002 +1.319547150e+002 +1.3639e-001 -2.3647e-001 +2.2776e+000 -3.2392e+000 -1.8211e+000
1453 +9.676333860e-002 +9.676333860e-002 +1.319467633e+002 +1.319467633e+002 +1.3602e-001 -2.3609e-001 +2.2767e+000 -3.2437e+000 -1.8193e+000
1521 +9.139829513e-002 +9.139829513e-002 +1.319413983e+002 +1.319413983e+002 +1.3540e-001 -2.3626e-001 +2.2791e+000 -3.2441e+000 -1.8210e+000
1538 +8.608282492e-002 +8.608282492e-002 +1.319360828e+002 +1.319360828e+002 +1.3543e-001 -2.3787e-001 +2.2797e+000 -3.2432e+000 -1.8209e+000
1621 +7.775772670e-002 +7.775772670e-002 +1.319277577e+002 +1.319277577e+002 +1.3510e-001 -2.3834e-001 +2.2800e+000 -3.2419e+000 -1.8207e+000
1628 +7.577593387e-002 +7.577593387e-002 +1.319257759e+002 +1.319257759e+002 +1.3543e-001 -2.3813e-001 +2.2797e+000 -3.2429e+000 -1.8205e+000
1691 +7.307472797e-002 +7.307472797e-002 +1.319230747e+002 +1.319230747e+002 +1.3536e-001 -2.3819e-001 +2.2796e+000 -3.2427e+000 -1.8209e+000
1711 +6.931306748e-002 +6.931306748e-002 +1.319193131e+002 +1.319193131e+002 +1.3508e-001 -2.3819e-001 +2.2792e+000 -3.2424e+000 -1.8205e+000
1768 +6.871678938e-002 +6.871678938e-002 +1.319187168e+002 +1.319187168e+002 +1.3506e-001 -2.3842e-001 +2.2793e+000 -3.2423e+000 -1.8204e+000
1772 +6.739762313e-002 +6.739762313e-002 +1.319173976e+002 +1.319173976e+002 +1.3510e-001 -2.3822e-001 +2.2793e+000 -3.2421e+000 -1.8205e+000
1882 +6.410759061e-002 +6.410759061e-002 +1.319141076e+002 +1.319141076e+002 +1.3518e-001 -2.3831e-001 +2.2795e+000 -3.2422e+000 -1.8205e+000
2000 +6.230209780e-002 +6.230209780e-002 +1.319123021e+002 +1.319123021e+002 +1.3510e-001 -2.3844e-001 +2.2795e+000 -3.2421e+000 -1.8203e+000
2058 +5.947035673e-002 +5.947035673e-002 +1.319094704e+002 +1.319094704e+002 +1.3519e-001 -2.3856e-001 +2.2794e+000 -3.2418e+000 -1.8203e+000
2078 +5.682649122e-002 +5.682649122e-002 +1.319068265e+002 +1.319068265e+002 +1.3511e-001 -2.3855e-001 +2.2794e+000 -3.2417e+000 -1.8203e+000
2271 +5.577393576e-002 +5.577393576e-002 +1.319057739e+002 +1.319057739e+002 +1.3515e-001 -2.3856e-001 +2.2795e+000 -3.2419e+000 -1.8203e+000
2401 +5.388676354e-002 +5.388676354e-002 +1.319038868e+002 +1.319038868e+002 +1.3513e-001 -2.3851e-001 +2.2794e+000 -3.2419e+000 -1.8203e+000
2566 +5.276714355e-002 +5.276714355e-002 +1.319027671e+002 +1.319027671e+002 +1.3513e-001 -2.3851e-001 +2.2794e+000 -3.2419e+000 -1.8203e+000
2689 +5.246944453e-002 +5.246944453e-002 +1.319024694e+002 +1.319024694e+002 +1.3513e-001 -2.3851e-001 +2.2794e+000 -3.2419e+000 -1.8203e+000
4652 +5.125285175e-002 +5.125285175e-002 +1.319012529e+002 +1.319012529e+002 +1.3513e-001 -2.3851e-001 +2.2794e+000 -3.2419e+000 -1.8203e+000
