% function evaluation | noise-free fitness - Fopt (1.000000000000e+003) | best noise-free fitness - Fopt | measured fitness | best measured fitness | x1 | x2...
1 +1.210168470e+003 +1.210168470e+003 +2.210168470e+003 +2.210168470e+003 +5.1582e+000 -1.6008e+000 -5.3444e+000 -6.4217e-001 +3.5456e+000
2 +8.009139754e+002 +8.009139754e+002 +1.800913975e+003 +1.800913975e+003 +3.0138e+000 -1.1444e+000 -4.5328e+000 +1.4537e-001 +2.8005e+000
6 +7.204929446e+002 +7.204929446e+002 +1.720492945e+003 +1.720492945e+003 +4.7060e+000 -1.3270e+000 -2.0876e+000 -9.9138e-002 +2.6085e+000
18 +6.069197521e+002 +6.069197521e+002 +1.606919752e+003 +1.606919752e+003 +3.0543e+000 -2.0287e-001 -3.6622e+000 +4.4285e-001 +3.1631e+000
34 +5.079522821e+002 +5.079522821e+002 +1.507952282e+003 +1.507952282e+003 +1.2378e+000 -1.4487e+000 -2.6212e+000 +1.0955e+000 +2.2325e+000
42 +2.850507249e+002 +2.850507249e+002 +1.285050725e+003 +1.285050725e+003 +1.1794e+000 -1.0404e+000 +1.4603e-001 +1.8213e+000 +3.9701e+000
74 +2.009760067e+002 +2.009760067e+002 +1.200976007e+003 +1.200976007e+003 +1.7247e+000 +1.9137e-002 +9.2998e-002 +7.1945e+000 +2.2845e+000
108 +1.960797268e+002 +1.960797268e+002 +1.196079727e+003 +1.196079727e+003 +4.1840e-001 -1.4992e+000 +1.0802e+000 +2.8407e+000 +2.7895e+000
117 +1.296561830e+002 +1.296561830e+002 +1.129656183e+003 +1.129656183e+003 -1.5131e+000 +1.0069e+000 +1.7180e+000 +2.7475e+000 +1.3503e+000
130 +1.115357088e+002 +1.115357088e+002 +1.111535709e+003 +1.111535709e+003 -7.1626e-002 +5.8897e-001 +3.0166e+000 +3.5288e+000 +5.6819e-001
146 +1.000070130e+002 +1.000070130e+002 +1.100007013e+003 +1.100007013e+003 -6.3141e-001 +2.2630e+000 +9.8495e-001 +2.8987e+000 +1.3161e+000
152 +7.842319629e+001 +7.842319629e+001 +1.078423196e+003 +1.078423196e+003 -2.7749e+000 +5.4678e+000 +4.1031e+000 +2.8235e+000 +6.2137e-001
173 +6.320900173e+001 +6.320900173e+001 +1.063209002e+003 +1.063209002e+003 +1.0974e-001 +3.1484e+000 +2.7123e+000 +4.3487e+000 +1.1844e+000
192 +5.677459288e+001 +5.677459288e+001 +1.056774593e+003 +1.056774593e+003 -3.2482e+000 +3.6858e+000 +4.4772e+000 +3.0878e+000 +7.2001e-001
213 +5.355168312e+001 +5.355168312e+001 +1.053551683e+003 +1.053551683e+003 +1.4949e+000 +3.4569e+000 +2.3147e+000 +4.4831e+000 +1.8861e+000
275 +2.676074095e+001 +2.676074095e+001 +1.026760741e+003 +1.026760741e+003 -1.8459e+000 +4.7276e+000 +3.0635e+000 +3.6403e+000 +1.5772e+000
540 +2.072378415e+001 +2.072378415e+001 +1.020723784e+003 +1.020723784e+003 -2.6850e+000 +3.1295e+000 +3.3324e+000 +3.9084e+000 +2.2205e+000
802 +1.412470023e+001 +1.412470023e+001 +1.014124700e+003 +1.014124700e+003 -1.8609e+000 +4.0969e+000 +3.2689e+000 +3.6972e+000 +2.1706e+000
1761 +1.242776837e+001 +1.242776837e+001 +1.012427768e+003 +1.012427768e+003 -2.1086e+000 +4.3359e+000 +2.6462e+000 +3.7691e+000 +3.2926e+000
2028 +9.795360414e+000 +9.795360414e+000 +1.009795360e+003 +1.009795360e+003 -2.8212e+000 +3.3222e+000 +3.7780e+000 +3.5657e+000 +2.3850e+000
2126 +5.905856072e+000 +5.905856072e+000 +1.005905856e+003 +1.005905856e+003 -2.8143e+000 +3.3934e+000 +3.7688e+000 +3.5669e+000 +2.4590e+000
2134 +3.655090869e+000 +3.655090869e+000 +1.003655091e+003 +1.003655091e+003 -2.7988e+000 +3.4254e+000 +3.7235e+000 +3.6070e+000 +2.3967e+000
2180 +3.191447670e+000 +3.191447670e+000 +1.003191448e+003 +1.003191448e+003 -2.7434e+000 +3.3882e+000 +3.7219e+000 +3.5822e+000 +2.4319e+000
2186 +2.425944255e+000 +2.425944255e+000 +1.002425944e+003 +1.002425944e+003 -2.7736e+000 +3.4030e+000 +3.6786e+000 +3.6178e+000 +2.4205e+000
2231 +2.025811196e+000 +2.025811196e+000 +1.002025811e+003 +1.002025811e+003 -2.7851e+000 +3.4207e+000 +3.7137e+000 +3.5949e+000 +2.4363e+000
2233 +1.715735797e+000 +1.715735797e+000 +1.001715736e+003 +1.001715736e+003 -2.7446e+000 +3.3912e+000 +3.7101e+000 +3.6098e+000 +2.4269e+000
2251 +1.305473581e+000 +1.305473581e+000 +1.001305474e+003 +1.001305474e+003 -2.7635e+000 +3.4031e+000 +3.7068e+000 +3.6068e+000 +2.4335e+000
2287 +1.283539842e+000 +1.283539842e+000 +1.001283540e+003 +1.001283540e+003 -2.7644e+000 +3.3596e+000 +3.7123e+000 +3.6069e+000 +2.4394e+000
2332 +1.229460929e+000 +1.229460929e+000 +1.001229461e+003 +1.001229461e+003 -2.7817e+000 +3.3812e+000 +3.7128e+000 +3.6113e+000 +2.4335e+000
2336 +1.198312909e+000 +1.198312909e+000 +1.001198313e+003 +1.001198313e+003 -2.7708e+000 +3.3744e+000 +3.7229e+000 +3.6152e+000 +2.4382e+000
2354 +1.048091977e+000 +1.048091977e+000 +1.001048092e+003 +1.001048092e+003 -2.7627e+000 +3.3765e+000 +3.7101e+000 +3.6193e+000 +2.4427e+000
2408 +1.031657335e+000 +1.031657335e+000 +1.001031657e+003 +1.001031657e+003 -2.7718e+000 +3.3741e+000 +3.7133e+000 +3.6139e+000 +2.4416e+000
2426 +1.016225493e+000 +1.016225493e+000 +1.001016225e+003 +1.001016225e+003 -2.7678e+000 +3.3780e+000 +3.7111e+000 +3.6155e+000 +2.4423e+000
2470 +9.990658166e-001 +9.990658166e-001 +1.000999066e+003 +1.000999066e+003 -2.7657e+000 +3.3740e+000 +3.7087e+000 +3.6146e+000 +2.4436e+000
% function evaluation | noise-free fitness - Fopt (7.003000000000e+001) | best noise-free fitness - Fopt | measured fitness | best measured fitness | x1 | x2...
1 +2.446285334e+002 +2.446285334e+002 +3.146585334e+002 +3.146585334e+002 +5.1774e-001 +1.1704e+000 -2.1165e+000 +1.4982e+000 +2.2482e+000
18 +1.953572288e+002 +1.953572288e+002 +2.653872288e+002 +2.653872288e+002 +5.0851e-001 +1.0704e+000 -3.8858e+000 +9.5759e-001 +3.2418e+000
56 +1.659632470e+002 +1.659632470e+002 +2.359932470e+002 +2.359932470e+002 -9.9917e-001 +2.1081e+000 -2.9229e+000 -1.1413e+000 -6.0476e-001
63 +1.614100849e+002 +1.614100849e+002 +2.314400849e+002 +2.314400849e+002 +5.5841e-001 +1.8523e+000 -2.5805e+000 -8.3587e-001 +1.1366e+000
80 +9.797839119e+001 +9.797839119e+001 +1.680083912e+002 +1.680083912e+002 -5.4841e-001 +9.7143e-001 -2.8749e+000 -1.0698e+000 +2.3427e+000
145 +8.638859442e+001 +8.638859442e+001 +1.564185944e+002 +1.564185944e+002 -1.1565e+000 +1.1713e+000 -3.2865e+000 -1.0095e+000 +9.1000e-001
170 +7.928329736e+001 +7.928329736e+001 +1.493132974e+002 +1.493132974e+002 -1.0454e+000 -6.9458e-001 -3.9558e+000 -3.3001e-002 +1.7379e+000
221 +5.777290630e+001 +5.777290630e+001 +1.278029063e+002 +1.278029063e+002 -1.5458e+000 +1.5817e-001 -3.7072e+000 -2.5686e+000 +1.2951e+000
318 +5.409737250e+001 +5.409737250e+001 +1.241273725e+002 +1.241273725e+002 -1.2202e+000 -1.6460e+000 -3.4450e+000 -1.9749e+000 +1.9107e+000
340 +5.294554235e+001 +5.294554235e+001 +1.229755424e+002 +1.229755424e+002 -9.1997e-001 -4.6993e-001 -3.4166e+000 -3.0535e+000 +1.7177e+000
343 +4.919637139e+001 +4.919637139e+001 +1.192263714e+002 +1.192263714e+002 -1.3099e+000 -9.0915e-001 -4.0171e+000 -2.1087e+000 +2.2775e+000
377 +4.178818803e+001 +4.178818803e+001 +1.118181880e+002 +1.118181880e+002 -1.6997e+000 -1.9065e+000 -3.8645e+000 -2.2515e+000 +1.9264e+000
404 +2.778076298e+001 +2.778076298e+001 +9.781076298e+001 +9.781076298e+001 -1.4330e-001 -1.8778e+000 -4.7855e+000 -2.4297e+000 +2.5396e-001
575 +2.734184364e+001 +2.734184364e+001 +9.737184364e+001 +9.737184364e+001 -4.3006e-001 -2.2318e+000 -4.2818e+000 -2.7467e+000 +1.2096e+000
722 +2.194814914e+001 +2.194814914e+001 +9.197814914e+001 +9.197814914e+001 -9.3596e-001 -1.6157e+000 -3.8714e+000 -1.8155e+000 +1.2228e+000
1065 +1.374012249e+001 +1.374012249e+001 +8.377012249e+001 +8.377012249e+001 +1.3226e-001 -2.6339e+000 -5.0387e+000 -2.4739e+000 +8.7324e-001
2466 +1.089343024e+001 +1.089343024e+001 +8.092343024e+001 +8.092343024e+001 -6.2666e-001 -2.0070e+000 -5.1668e+000 -2.1853e+000 +6.7164e-001
2611 +8.313282459e+000 +8.313282459e+000 +7.834328246e+001 +7.834328246e+001 -8.8877e-001 -1.7308e+000 -3.9969e+000 -2.1085e+000 +7.4182e-001
4051 +8.109780022e+000 +8.109780022e+000 +7.813978002e+001 +7.813978002e+001 -6.0368e-002 -3.0198e+000 -4.9973e+000 -2.2838e+000 +1.3493e+000
4141 +7.868294108e+000 +7.868294108e+000 +7.789829411e+001 +7.789829411e+001 -4.8225e-002 -3.0258e+000 -5.0107e+000 -2.2828e+000 +1.3608e+000
4320 +7.754633172e+000 +7.754633172e+000 +7.778463317e+001 +7.778463317e+001 -4.4078e-002 -3.0215e+000 -5.0100e+000 -2.2832e+000 +1.3669e+000
4403 +7.582528781e+000 +7.582528781e+000 +7.761252878e+001 +7.761252878e+001 -4.0323e-002 -3.0169e+000 -5.0162e+000 -2.2804e+000 +1.3672e+000
4457 +7.404456305e+000 +7.404456305e+000 +7.743445630e+001 +7.743445630e+001 -3.6991e-002 -3.0153e+000 -5.0253e+000 -2.2747e+000 +1.3678e+000
4593 +7.181546816e+000 +7.181546816e+000 +7.721154682e+001 +7.721154682e+001 -3.1035e-002 -3.0067e+000 -5.0317e+000 -2.2706e+000 +1.3800e+000
4954 +7.078380952e+000 +7.078380952e+000 +7.710838095e+001 +7.710838095e+001 -3.0969e-002 -3.0083e+000 -5.0342e+000 -2.2661e+000 +1.3869e+000
5207 +6.861870496e+000 +6.861870496e+000 +7.689187050e+001 +7.689187050e+001 -2.5646e-002 -3.0067e+000 -5.0475e+000 -2.2522e+000 +1.3854e+000
5501 +6.719460700e+000 +6.719460700e+000 +7.674946070e+001 +7.674946070e+001 -2.6844e-002 -3.0067e+000 -5.0585e+000 -2.2465e+000 +1.3897e+000
5609 +6.588665043e+000 +6.588665043e+000 +7.661866504e+001 +7.661866504e+001 -2.6685e-002 -3.0035e+000 -5.0692e+000 -2.2350e+000 +1.3868e+000
6181 +6.452414746e+000 +6.452414746e+000 +7.648241475e+001 +7.648241475e+001 -2.8657e-002 -3.0025e+000 -5.0782e+000 -2.2202e+000 +1.3751e+000
6677 +6.308407756e+000 +6.308407756e+000 +7.633840776e+001 +7.633840776e+001 -3.4965e-002 -3.0005e+000 -5.0846e+000 -2.2098e+000 +1.3590e+000
7085 +6.161614005e+000 +6.161614005e+000 +7.619161401e+001 +7.619161401e+001 -4.0723e-002 -3.0018e+000 -5.0917e+000 -2.1994e+000 +1.3457e+000
7359 +6.018942173e+000 +6.018942173e+000 +7.604894217e+001 +7.604894217e+001 -4.1771e-002 -3.0037e+000 -5.1014e+000 -2.1851e+000 +1.3419e+000
% function evaluation | noise-free fitness - Fopt (-4.822000000000e+001) | best noise-free fitness - Fopt | measured fitness | best measured fitness | x1 | x2...
1 +3.850863833e+002 +3.850863833e+002 +3.368663833e+002 +3.368663833e+002 +2.0145e+000 -1.2961e+000 +3.4424e+000 +4.5103e-001 +1.8333e+000
2 +3.227000988e+002 +3.227000988e+002 +2.744800988e+002 +2.744800988e+002 +1.4324e+000 -2.1312e+000 +3.5613e+000 -3.4411e+000 +5.7207e-001
31 +2.974680486e+002 +2.974680486e+002 +2.492480486e+002 +2.492480486e+002 +1.8690e+000 -1.3676e+000 +2.9267e+000 -2.5058e-001 +1.2075e+000
42 +2.862721410e+002 +2.862721410e+002 +2.380521410e+002 +2.380521410e+002 +1.7202e+000 -2.0103e+000 +2.8511e+000 -6.8518e-001 +1.0615e+000
55 +2.278918253e+002 +2.278918253e+002 +1.796718253e+002 +1.796718253e+002 +1.0220e-001 -4.2213e-001 +2.5275e+000 -7.5772e-001 +1.1760e+000
59 +2.112271788e+002 +2.112271788e+002 +1.630071788e+002 +1.630071788e+002 +1.2178e+000 -1.9252e+000 +2.6712e+000 -1.2233e+000 -5.2510e-001
76 +1.919461469e+002 +1.919461469e+002 +1.437261469e+002 +1.437261469e+002 +2.1851e+000 +5.9279e-002 +1.6145e+000 -1.1435e+000 +5.9108e-001
78 +1.534102172e+002 +1.534102172e+002 +1.051902172e+002 +1.051902172e+002 +1.0128e+000 -5.7225e-001 +2.2430e+000 -1.2038e+000 -2.7643e+000
101 +1.462352387e+002 +1.462352387e+002 +9.801523873e+001 +9.801523873e+001 -2.0760e-001 +4.9743e-003 +2.1834e+000 -1.0053e+000 -1.9560e+000
135 +1.217089014e+002 +1.217089014e+002 +7.348890137e+001 +7.348890137e+001 +1.4693e+000 +1.2443e+000 +1.0630e+000 -5.1645e-001 -1.3584e+000
152 +1.172383597e+002 +1.172383597e+002 +6.901835969e+001 +6.901835969e+001 +1.5827e+000 +1.9821e-001 +1.3608e+000 -7.3671e-001 -3.5762e+000
159 +1.004548259e+002 +1.004548259e+002 +5.223482595e+001 +5.223482595e+001 +1.6436e+000 +1.2028e+000 +3.4071e-001 -3.3782e-001 -1.2983e+000
195 +9.437902871e+001 +9.437902871e+001 +4.615902871e+001 +4.615902871e+001 +1.8217e+000 +9.4933e-001 +7.5907e-002 +5.4754e-001 -1.7638e+000
202 +9.031854434e+001 +9.031854434e+001 +4.209854434e+001 +4.209854434e+001 -4.0094e-001 +1.0038e+000 +2.1425e-001 +5.7530e-001 -3.4295e+000
218 +8.889443960e+001 +8.889443960e+001 +4.067443960e+001 +4.067443960e+001 +1.7223e+000 +4.9709e-001 +4.1337e-001 -1.2809e+000 -2.8592e+000
224 +6.795017028e+001 +6.795017028e+001 +1.973017028e+001 +1.973017028e+001 +4.7046e-001 +2.4826e-001 -3.6159e-001 -8.3322e-001 -2.2890e+000
262 +6.374691497e+001 +6.374691497e+001 +1.552691497e+001 +1.552691497e+001 +2.7472e-001 +8.5296e-001 +9.0482e-002 -1.6249e-001 -2.2017e+000
296 +4.914966671e+001 +4.914966671e+001 +9.296667129e-001 +9.296667129e-001 -2.2139e-001 +1.5203e-001 -9.8499e-001 +5.6490e-002 -4.2566e+000
326 +4.756636034e+001 +4.756636034e+001 -6.536396640e-001 -6.536396640e-001 +7.9827e-001 -8.4812e-002 -1.9956e+000 -3.9234e-001 -2.9014e+000
366 +4.626386424e+001 +4.626386424e+001 -1.956135760e+000 -1.956135760e+000 -2.8507e-001 +3.1642e-001 -3.1470e+000 -1.0811e+000 -1.2857e+000
382 +3.968070099e+001 +3.968070099e+001 -8.539299010e+000 -8.539299010e+000 +9.1827e-002 -3.7279e-001 -2.7956e+000 -9.7906e-002 -3.2952e+000
520 +3.280386308e+001 +3.280386308e+001 -1.541613692e+001 -1.541613692e+001 -4.2911e-001 -1.5214e+000 -5.0126e+000 -4.6672e-001 -3.1146e+000
566 +2.776056460e+001 +2.776056460e+001 -2.045943540e+001 -2.045943540e+001 -9.1498e-001 -1.1609e+000 -3.2324e+000 -1.0714e-001 -2.5011e+000
625 +2.540737347e+001 +2.540737347e+001 -2.281262653e+001 -2.281262653e+001 -1.0065e+000 -8.7155e-001 -1.6881e+000 -4.8560e-001 -3.2154e+000
762 +1.657110839e+001 +1.657110839e+001 -3.164889161e+001 -3.164889161e+001 -7.4444e-001 -9.9305e-001 -2.4071e+000 -8.4623e-002 -3.3269e+000
770 +1.329204005e+001 +1.329204005e+001 -3.492795995e+001 -3.492795995e+001 -6.6802e-001 -5.6462e-001 -2.4746e+000 +6.4274e-001 -3.3643e+000
922 +1.187792812e+001 +1.187792812e+001 -3.634207188e+001 -3.634207188e+001 -9.7759e-001 -1.1134e+000 -2.5545e+000 -4.9499e-001 -3.4345e+000
1938 +1.079615285e+001 +1.079615285e+001 -3.742384715e+001 -3.742384715e+001 -4.7123e-001 -7.6785e-001 -3.8927e+000 +1.1509e-002 -3.0890e+000
2255 +1.041157097e+001 +1.041157097e+001 -3.780842903e+001 -3.780842903e+001 -4.8622e-001 -7.8105e-001 -3.9166e+000 +8.5104e-003 -3.0633e+000
2258 +1.018594797e+001 +1.018594797e+001 -3.803405203e+001 -3.803405203e+001 -3.7573e-001 -7.1440e-001 -3.9149e+000 +1.0915e-002 -3.0276e+000
2286 +9.984492258e+000 +9.984492258e+000 -3.823550774e+001 -3.823550774e+001 -4.0109e-001 -7.3665e-001 -3.9126e+000 -4.9165e-004 -3.0721e+000
2327 +9.418548539e+000 +9.418548539e+000 -3.880145146e+001 -3.880145146e+001 -4.5064e-001 -7.6814e-001 -3.9332e+000 +1.9195e-002 -3.0594e+000
2341 +9.046207377e+000 +9.046207377e+000 -3.917379262e+001 -3.917379262e+001 -3.8816e-001 -7.6147e-001 -3.9861e+000 -1.5086e-002 -3.0482e+000
2343 +8.698828485e+000 +8.698828485e+000 -3.952117151e+001 -3.952117151e+001 -3.7846e-001 -7.6462e-001 -3.9490e+000 +1.8273e-002 -3.0502e+000
2407 +8.424988048e+000 +8.424988048e+000 -3.979501195e+001 -3.979501195e+001 -4.0225e-001 -7.5207e-001 -3.9465e+000 +1.2680e-002 -3.0528e+000
2420 +7.999617389e+000 +7.999617389e+000 -4.022038261e+001 -4.022038261e+001 -4.1405e-001 -7.5907e-001 -3.9413e+000 -3.7456e-003 -3.0339e+000
2449 +7.649141784e+000 +7.649141784e+000 -4.057085822e+001 -4.057085822e+001 -4.0186e-001 -7.7660e-001 -3.9378e+000 -1.6075e-003 -3.0123e+000
2519 +7.579218407e+000 +7.579218407e+000 -4.064078159e+001 -4.064078159e+001 -3.9192e-001 -7.5941e-001 -3.9430e+000 -2.7106e-003 -3.0209e+000
2551 +7.337036563e+000 +7.337036563e+000 -4.088296344e+001 -4.088296344e+001 -3.7957e-001 -7.6839e-001 -3.9492e+000 -1.2582e-002 -3.0217e+000
2604 +7.236998935e+000 +7.236998935e+000 -4.098300107e+001 -4.098300107e+001 -3.7109e-001 -7.6825e-001 -3.9526e+000 -1.2454e-002 -3.0111e+000
2808 +7.077521913e+000 +7.077521913e+000 -4.114247809e+001 -4.114247809e+001 -3.7424e-001 -7.7680e-001 -3.9669e+000 -1.2456e-002 -2.9989e+000
% function evaluation | noise-free fitness - Fopt (2.547000000000e+001) | best noise-free fitness - Fopt | measured fitness | best measured fitness | x1 | x2...
1 +1.290472558e+002 +1.290472558e+002 +1.545172558e+002 +1.545172558e+002 -5.2217e-001 +2.1537e+000 -1.0522e+000 -1.7672e+000 +7.7996e-001
11 +1.161527834e+002 +1.161527834e+002 +1.416227834e+002 +1.416227834e+002 -3.8637e+000 +1.4351e+000 -1.2484e-001 -2.7479e+000 +9.8898e-001
26 +9.413040785e+001 +9.413040785e+001 +1.196004079e+002 +1.196004079e+002 -3.0339e+000 +2.0128e-001 -3.7783e-001 -2.7575e+000 +6.1795e-001
27 +9.182557003e+001 +9.182557003e+001 +1.172955700e+002 +1.172955700e+002 -4.4081e+000 -2.6120e-001 +1.7867e-001 -2.4475e+000 +7.3409e-001
34 +4.544999028e+001 +4.544999028e+001 +7.091999028e+001 +7.091999028e+001 -3.2540e+000 -7.2822e-001 -2.5133e-001 -2.1563e+000 +5.5909e-001
137 +3.730778643e+001 +3.730778643e+001 +6.277778643e+001 +6.277778643e+001 -4.1070e+000 -1.6812e+000 -8.5973e-001 -2.4843e+000 +3.0328e-001
152 +3.708651580e+001 +3.708651580e+001 +6.255651580e+001 +6.255651580e+001 -3.6932e+000 -1.6528e+000 -1.2098e+000 -2.9394e+000 -8.2420e-001
301 +2.790102098e+001 +2.790102098e+001 +5.337102098e+001 +5.337102098e+001 -4.4384e+000 -2.9496e+000 -7.6332e-001 -2.5826e+000 -1.7690e+000
324 +2.658158429e+001 +2.658158429e+001 +5.205158429e+001 +5.205158429e+001 -5.4458e+000 -2.6042e+000 -6.0722e-001 -2.7942e+000 -7.2672e-001
533 +2.494023667e+001 +2.494023667e+001 +5.041023667e+001 +5.041023667e+001 -3.7395e+000 -2.6738e+000 -6.1266e-001 -2.1677e+000 -2.8149e+000
614 +2.099296370e+001 +2.099296370e+001 +4.646296370e+001 +4.646296370e+001 -3.9812e+000 -2.5895e+000 -7.7223e-001 -2.1944e+000 -2.2575e+000
619 +1.395924323e+001 +1.395924323e+001 +3.942924323e+001 +3.942924323e+001 -3.8366e+000 -2.2759e+000 -5.9455e-001 -2.1984e+000 -2.4401e+000
1454 +1.109946094e+001 +1.109946094e+001 +3.656946094e+001 +3.656946094e+001 -3.3338e+000 -1.9050e+000 -1.4076e+000 -2.5387e+000 -2.3088e+000
3481 +1.037263922e+001 +1.037263922e+001 +3.584263922e+001 +3.584263922e+001 -4.3187e+000 -3.4897e+000 -6.6191e-001 -2.4388e+000 -2.3854e+000
3902 +6.826772125e+000 +6.826772125e+000 +3.229677213e+001 +3.229677213e+001 -3.4454e+000 -1.8923e+000 -3.6621e-001 -2.1735e+000 -1.9359e+000
7017 +5.357598301e+000 +5.357598301e+000 +3.082759830e+001 +3.082759830e+001 -3.6936e+000 -1.5843e+000 -1.0435e+000 -2.7052e+000 -1.2359e+000
42525 +4.420899282e+000 +4.420899282e+000 +2.989089928e+001 +2.989089928e+001 -3.7622e+000 -1.7260e+000 -1.6178e+000 -2.3664e+000 -2.1307e+000
48154 +4.270767198e+000 +4.270767198e+000 +2.974076720e+001 +2.974076720e+001 -3.7998e+000 -2.0995e+000 -1.3160e+000 -2.7572e+000 -9.9240e-001
48176 +4.021902248e+000 +4.021902248e+000 +2.949190225e+001 +2.949190225e+001 -3.7797e+000 -2.1185e+000 -1.3015e+000 -2.7567e+000 -9.5677e-001
48222 +3.743050365e+000 +3.743050365e+000 +2.921305036e+001 +2.921305036e+001 -3.7638e+000 -2.0807e+000 -1.3269e+000 -2.7529e+000 -9.9040e-001
48230 +3.705112035e+000 +3.705112035e+000 +2.917511204e+001 +2.917511204e+001 -3.7760e+000 -2.1159e+000 -1.3000e+000 -2.7755e+000 -9.6380e-001
48243 +3.607619767e+000 +3.607619767e+000 +2.907761977e+001 +2.907761977e+001 -3.7199e+000 -2.1140e+000 -1.3424e+000 -2.7691e+000 -9.8702e-001
48254 +3.221521321e+000 +3.221521321e+000 +2.869152132e+001 +2.869152132e+001 -3.7447e+000 -2.0808e+000 -1.3165e+000 -2.7596e+000 -9.7327e-001
48267 +3.103757283e+000 +3.103757283e+000 +2.857375728e+001 +2.857375728e+001 -3.7412e+000 -2.1022e+000 -1.3314e+000 -2.7618e+000 -9.8006e-001
48274 +2.976821700e+000 +2.976821700e+000 +2.844682170e+001 +2.844682170e+001 -3.7453e+000 -2.0929e+000 -1.3250e+000 -2.7650e+000 -9.3131e-001
48301 +2.713573208e+000 +2.713573208e+000 +2.818357321e+001 +2.818357321e+001 -3.7450e+000 -2.0859e+000 -1.3346e+000 -2.7602e+000 -9.5470e-001
48366 +2.661790593e+000 +2.661790593e+000 +2.813179059e+001 +2.813179059e+001 -3.7461e+000 -2.0783e+000 -1.3371e+000 -2.7633e+000 -9.4744e-001
48380 +2.559513338e+000 +2.559513338e+000 +2.802951334e+001 +2.802951334e+001 -3.7317e+000 -2.0813e+000 -1.3425e+000 -2.7635e+000 -9.5832e-001
48477 +2.488699022e+000 +2.488699022e+000 +2.795869902e+001 +2.795869902e+001 -3.7459e+000 -2.0826e+000 -1.3376e+000 -2.7667e+000 -9.4787e-001
48551 +2.432278684e+000 +2.432278684e+000 +2.790227868e+001 +2.790227868e+001 -3.7435e+000 -2.0861e+000 -1.3313e+000 -2.7691e+000 -9.4722e-001
48595 +2.362580240e+000 +2.362580240e+000 +2.783258024e+001 +2.783258024e+001 -3.7473e+000 -2.0790e+000 -1.3344e+000 -2.7732e+000 -9.4775e-001
48616 +2.325966018e+000 +2.325966018e+000 +2.779596602e+001 +2.779596602e+001 -3.7455e+000 -2.0840e+000 -1.3342e+000 -2.7743e+000 -9.4841e-001
48641 +2.275245660e+000 +2.275245660e+000 +2.774524566e+001 +2.774524566e+001 -3.7454e+000 -2.0826e+000 -1.3368e+000 -2.7766e+000 -9.4879e-001
48680 +2.238183237e+000 +2.238183237e+000 +2.770818324e+001 +2.770818324e+001 -3.7460e+000 -2.0860e+000 -1.3348e+000 -2.7772e+000 -9.3780e-001
48704 +2.183106068e+000 +2.183106068e+000 +2.765310607e+001 +2.765310607e+001 -3.7397e+000 -2.0800e+000 -1.3371e+000 -2.7802e+000 -9.4694e-001
48735 +2.119532677e+000 +2.119532677e+000 +2.758953268e+001 +2.758953268e+001 -3.7398e+000 -2.0788e+000 -1.3409e+000 -2.7800e+000 -9.4299e-001
48778 +2.058067237e+000 +2.058067237e+000 +2.752806724e+001 +2.752806724e+001 -3.7328e+000 -2.0811e+000 -1.3454e+000 -2.7814e+000 -9.3799e-001
49001 +2.037815942e+000 +2.037815942e+000 +2.750781594e+001 +2.750781594e+001 -3.7318e+000 -2.0808e+000 -1.3481e+000 -2.7846e+000 -9.3741e-001
49403 +1.993218371e+000 +1.993218371e+000 +2.746321837e+001 +2.746321837e+001 -3.7262e+000 -2.0735e+000 -1.3499e+000 -2.7879e+000 -9.3337e-001
% function evaluation | noise-free fitness - Fopt (-1.008100000000e+002) | best noise-free fitness - Fopt | measured fitness | best measured fitness | x1 | x2...
1 +4.797852797e+002 +4.797852797e+002 +3.789752797e+002 +3.789752797e+002 -2.9201e+000 -1.0972e+000 -2.7582e+000 -2.2819e+000 +2.5213e+000
15 +4.485273221e+002 +4.485273221e+002 +3.477173221e+002 +3.477173221e+002 -1.6771e+000 +1.6423e+000 -3.6801e+000 -9.9171e-001 -1.6968e+000
26 +3.116528514e+002 +3.116528514e+002 +2.108428514e+002 +2.108428514e+002 -1.9953e+000 -1.2058e+000 -2.4954e+000 -1.6450e+000 -8.9457e-001
50 +2.634751971e+002 +2.634751971e+002 +1.626651971e+002 +1.626651971e+002 +1.9170e+000 +2.0002e+000 -3.7572e+000 -3.4079e-001 +2.8259e-001
65 +2.613147739e+002 +2.613147739e+002 +1.605047739e+002 +1.605047739e+002 -1.6935e+000 -6.8942e-001 -3.3629e+000 -1.6676e-001 -1.0469e+000
71 +9.808222644e+001 +9.808222644e+001 -2.727773562e+000 -2.727773562e+000 -4.3709e-001 +8.1293e-001 -1.2083e+000 +1.4891e+000 +1.7284e-001
94 +9.475099671e+001 +9.475099671e+001 -6.059003287e+000 -6.059003287e+000 -2.5511e-001 -1.6633e+000 -1.6904e+000 +2.7163e+000 -1.6514e+000
99 +9.033141789e+001 +9.033141789e+001 -1.047858211e+001 -1.047858211e+001 +5.0417e-001 -2.2091e-001 -8.4888e-001 +7.9424e-001 -7.8241e-001
113 +8.439383576e+001 +8.439383576e+001 -1.641616424e+001 -1.641616424e+001 +4.5167e+000 +1.6520e-001 -3.0298e-001 +2.8851e+000 -1.0295e+000
114 +4.920976516e+001 +4.920976516e+001 -5.160023484e+001 -5.160023484e+001 -1.2990e+000 -2.3198e+000 +1.6152e+000 +7.9534e-001 +1.8408e+000
303 +4.213222127e+001 +4.213222127e+001 -5.867777873e+001 -5.867777873e+001 +2.9445e+000 +7.7669e-001 -2.8221e-001 +9.2651e-001 +1.2722e+000
383 +3.940304489e+001 +3.940304489e+001 -6.140695511e+001 -6.140695511e+001 +2.7910e+000 +4.7443e-001 -5.3849e-001 +1.3160e+000 +6.3083e-001
396 +3.567004229e+001 +3.567004229e+001 -6.513995771e+001 -6.513995771e+001 +2.8145e+000 +3.9598e-001 -5.7832e-001 +1.4834e+000 +3.9836e-001
413 +3.212953832e+001 +3.212953832e+001 -6.868046168e+001 -6.868046168e+001 +2.3495e+000 -1.6812e-001 -5.5754e-001 +1.8045e+000 +6.3116e-001
454 +2.863972897e+001 +2.863972897e+001 -7.217027103e+001 -7.217027103e+001 +2.8168e+000 -6.3544e-001 -4.5317e-001 +1.5028e+000 +5.1604e-001
462 +2.157788310e+001 +2.157788310e+001 -7.923211690e+001 -7.923211690e+001 +2.8026e+000 +3.5715e-001 -5.6765e-001 +1.6580e+000 +1.9997e-001
792 +1.742050784e+001 +1.742050784e+001 -8.338949216e+001 -8.338949216e+001 +8.5847e-001 -2.1939e-001 -1.5374e-001 +9.4518e-001 +1.3674e+000
1252 +1.459574559e+001 +1.459574559e+001 -8.621425441e+001 -8.621425441e+001 +8.8058e-001 -1.8089e-001 +8.3430e-001 +6.7160e-001 +3.1820e+000
1385 +6.672362636e+000 +6.672362636e+000 -9.413763736e+001 -9.413763736e+001 +8.9417e-001 +2.0155e-001 +1.2198e+000 +6.1941e-001 +2.2855e+000
1976 +5.437504792e+000 +5.437504792e+000 -9.537249521e+001 -9.537249521e+001 +1.2442e+000 +6.7567e-001 +8.9473e-001 +6.9409e-001 +2.6356e+000
2125 +5.170476262e+000 +5.170476262e+000 -9.563952374e+001 -9.563952374e+001 +1.2439e+000 +6.7608e-001 +8.7918e-001 +6.8172e-001 +2.6370e+000
2147 +4.147314590e+000 +4.147314590e+000 -9.666268541e+001 -9.666268541e+001 +1.2355e+000 +6.7190e-001 +8.9300e-001 +6.6017e-001 +2.6359e+000
2197 +4.032706723e+000 +4.032706723e+000 -9.677729328e+001 -9.677729328e+001 +1.2321e+000 +6.7107e-001 +9.2346e-001 +6.6480e-001 +2.6292e+000
2211 +3.878701753e+000 +3.878701753e+000 -9.693129825e+001 -9.693129825e+001 +1.2338e+000 +6.6533e-001 +9.0358e-001 +6.6259e-001 +2.6497e+000
2215 +3.043600330e+000 +3.043600330e+000 -9.776639967e+001 -9.776639967e+001 +1.1663e+000 +6.5079e-001 +9.0879e-001 +6.6439e-001 +2.6503e+000
2245 +2.647185239e+000 +2.647185239e+000 -9.816281476e+001 -9.816281476e+001 +1.1991e+000 +6.5384e-001 +9.0555e-001 +6.6058e-001 +2.6439e+000
2267 +2.334314933e+000 +2.334314933e+000 -9.847568507e+001 -9.847568507e+001 +1.1899e+000 +6.4238e-001 +9.2970e-001 +6.5990e-001 +2.6273e+000
2286 +2.290171695e+000 +2.290171695e+000 -9.851982830e+001 -9.851982830e+001 +1.1936e+000 +6.6053e-001 +9.1541e-001 +6.6434e-001 +2.6460e+000
2301 +2.238381412e+000 +2.238381412e+000 -9.857161859e+001 -9.857161859e+001 +1.1847e+000 +6.5792e-001 +9.1739e-001 +6.6445e-001 +2.6462e+000
2306 +2.073338137e+000 +2.073338137e+000 -9.873666186e+001 -9.873666186e+001 +1.1920e+000 +6.5848e-001 +9.3269e-001 +6.6061e-001 +2.6404e+000
2362 +1.987190687e+000 +1.987190687e+000 -9.882280931e+001 -9.882280931e+001 +1.1870e+000 +6.5845e-001 +9.2712e-001 +6.6184e-001 +2.6472e+000
2414 +1.941691075e+000 +1.941691075e+000 -9.886830892e+001 -9.886830892e+001 +1.1845e+000 +6.5606e-001 +9.2758e-001 +6.6114e-001 +2.6471e+000
2475 +1.886479221e+000 +1.886479221e+000 -9.892352078e+001 -9.892352078e+001 +1.1874e+000 +6.5930e-001 +9.2769e-001 +6.5904e-001 +2.6456e+000
2524 +1.861502195e+000 +1.861502195e+000 -9.894849781e+001 -9.894849781e+001 +1.1819e+000 +6.5581e-001 +9.3139e-001 +6.5998e-001 +2.6490e+000
2557 +1.793069022e+000 +1.793069022e+000 -9.901693098e+001 -9.901693098e+001 +1.1826e+000 +6.5921e-001 +9.2960e-001 +6.5732e-001 +2.6459e+000
2588 +1.726345441e+000 +1.726345441e+000 -9.908365456e+001 -9.908365456e+001 +1.1823e+000 +6.5546e-001 +9.3166e-001 +6.5637e-001 +2.6475e+000
2628 +1.646396226e+000 +1.646396226e+000 -9.916360377e+001 -9.916360377e+001 +1.1821e+000 +6.5824e-001 +9.3352e-001 +6.5426e-001 +2.6481e+000
2678 +1.498820378e+000 +1.498820378e+000 -9.931117962e+001 -9.931117962e+001 +1.1716e+000 +6.5231e-001 +9.5046e-001 +6.4765e-001 +2.6473e+000
2694 +1.474744119e+000 +1.474744119e+000 -9.933525588e+001 -9.933525588e+001 +1.1737e+000 +6.5778e-001 +9.3735e-001 +6.4843e-001 +2.6474e+000
2702 +1.415871900e+000 +1.415871900e+000 -9.939412810e+001 -9.939412810e+001 +1.1776e+000 +6.5577e-001 +9.3711e-001 +6.4562e-001 +2.6474e+000
2705 +1.396451410e+000 +1.396451410e+000 -9.941354859e+001 -9.941354859e+001 +1.1761e+000 +6.6259e-001 +9.4003e-001 +6.4517e-001 +2.6483e+000
2706 +1.379862371e+000 +1.379862371e+000 -9.943013763e+001 -9.943013763e+001 +1.1754e+000 +6.5913e-001 +9.3628e-001 +6.4230e-001 +2.6482e+000
2707 +1.342642770e+000 +1.342642770e+000 -9.946735723e+001 -9.946735723e+001 +1.1762e+000 +6.5706e-001 +9.4228e-001 +6.4309e-001 +2.6471e+000
2735 +1.272688834e+000 +1.272688834e+000 -9.953731117e+001 -9.953731117e+001 +1.1728e+000 +6.6180e-001 +9.4381e-001 +6.3447e-001 +2.6471e+000
2741 +1.246473532e+000 +1.246473532e+000 -9.956352647e+001 -9.956352647e+001 +1.1768e+000 +6.5865e-001 +9.4773e-001 +6.3474e-001 +2.6490e+000
2879 +1.220538661e+000 +1.220538661e+000 -9.958946134e+001 -9.958946134e+001 +1.1719e+000 +6.6078e-001 +9.5245e-001 +6.3286e-001 +2.6483e+000
2913 +1.199674030e+000 +1.199674030e+000 -9.961032597e+001 -9.961032597e+001 +1.1716e+000 +6.5840e-001 +9.5484e-001 +6.3086e-001 +2.6498e+000
2977 +1.174481662e+000 +1.174481662e+000 -9.963551834e+001 -9.963551834e+001 +1.1695e+000 +6.5736e-001 +9.5056e-001 +6.3309e-001 +2.6497e+000
3072 +1.120137907e+000 +1.120137907e+000 -9.968986209e+001 -9.968986209e+001 +1.1680e+000 +6.5852e-001 +9.5268e-001 +6.3110e-001 +2.6529e+000
3111 +1.090767195e+000 +1.090767195e+000 -9.971923280e+001 -9.971923280e+001 +1.1651e+000 +6.5621e-001 +9.5176e-001 +6.3344e-001 +2.6585e+000
3162 +1.060337135e+000 +1.060337135e+000 -9.974966286e+001 -9.974966286e+001 +1.1649e+000 +6.5786e-001 +9.5193e-001 +6.3040e-001 +2.6617e+000
3196 +1.042139689e+000 +1.042139689e+000 -9.976786031e+001 -9.976786031e+001 +1.1665e+000 +6.5785e-001 +9.5466e-001 +6.2997e-001 +2.6606e+000
3332 +1.022413275e+000 +1.022413275e+000 -9.978758672e+001 -9.978758672e+001 +1.1663e+000 +6.5944e-001 +9.5540e-001 +6.2707e-001 +2.6630e+000
3626 +9.999151710e-001 +9.999151710e-001 -9.981008483e+001 -9.981008483e+001 +1.1657e+000 +6.5758e-001 +9.5845e-001 +6.2548e-001 +2.6673e+000
% function evaluation | noise-free fitness - Fopt (-3.496000000000e+001) | best noise-free fitness - Fopt | measured fitness | best measured fitness | x1 | x2...
1 +8.427194598e+003 +8.427194598e+003 +8.392234598e+003 +8.392234598e+003 -4.6850e+000 +6.6286e-001 +4.1570e+000 +5.5849e+000 +3.9711e+000
2 +4.621415577e+003 +4.621415577e+003 +4.586455577e+003 +4.586455577e+003 -3.9969e+000 -4.2279e-001 +4.7306e+000 +6.2150e-001 +3.2608e+000
5 +4.412219437e+003 +4.412219437e+003 +4.377259437e+003 +4.377259437e+003 -5.0793e+000 +6.2472e-001 +4.0985e+000 +9.6097e-001 +3.1575e+000
12 +4.105204160e+003 +4.105204160e+003 +4.070244160e+003 +4.070244160e+003 -4.7807e+000 -2.4201e-001 +4.0895e+000 +1.5817e+000 +2.3826e+000
20 +3.228877921e+003 +3.228877921e+003 +3.193917921e+003 +3.193917921e+003 -5.7385e+000 -5.2312e-001 +3.0943e+000 +1.2269e+000 +2.7232e+000
39 +2.661909811e+003 +2.661909811e+003 +2.626949811e+003 +2.626949811e+003 -5.2512e+000 +2.8156e-001 +3.4577e+000 +6.9064e-001 +1.4372e+000
47 +2.086879889e+003 +2.086879889e+003 +2.051919889e+003 +2.051919889e+003 -4.0937e+000 -2.1719e-001 +2.5040e+000 +4.2414e-001 +2.8724e+000
59 +5.206135134e+002 +5.206135134e+002 +4.856535134e+002 +4.856535134e+002 -3.0583e+000 +1.7286e-001 +6.9022e-001 +6.9149e-001 +1.5402e+000
76 +4.726874643e+002 +4.726874643e+002 +4.377274643e+002 +4.377274643e+002 -2.1202e+000 +2.1513e-001 -3.2958e-001 +8.8144e-001 +2.8303e+000
78 +3.042815738e+002 +3.042815738e+002 +2.693215738e+002 +2.693215738e+002 -3.3507e+000 +6.6979e-002 -1.3317e+000 +5.4798e-001 +3.0183e+000
89 +2.021693212e+002 +2.021693212e+002 +1.672093212e+002 +1.672093212e+002 +3.0797e+000 +4.1530e-001 -5.7788e+000 +2.2400e+000 -3.5226e+000
115 +1.462710270e+002 +1.462710270e+002 +1.113110270e+002 +1.113110270e+002 +2.5706e-001 -1.0019e+000 -1.4581e+000 +4.5053e-002 +1.7516e+000
129 +1.034619924e+002 +1.034619924e+002 +6.850199239e+001 +6.850199239e+001 +7.0037e-001 -1.7433e+000 -1.3555e+000 -3.3033e-001 +1.3346e+000
156 +8.577789864e+001 +8.577789864e+001 +5.081789864e+001 +5.081789864e+001 +1.1769e+000 -3.8309e+000 -1.3904e+000 -9.2932e-001 +1.2907e+000
158 +8.109859714e+001 +8.109859714e+001 +4.613859714e+001 +4.613859714e+001 +6.2816e-001 -3.0849e+000 -1.6027e+000 -3.9134e-001 -1.1656e+000
164 +7.836591769e+001 +7.836591769e+001 +4.340591769e+001 +4.340591769e+001 -7.2405e-002 -3.9896e+000 -1.7891e+000 -7.7355e-001 +5.8120e-001
177 +7.371951662e+001 +7.371951662e+001 +3.875951662e+001 +3.875951662e+001 +4.6107e-001 -2.9216e+000 -1.8580e+000 -1.1394e+000 +2.3154e-001
201 +6.971053379e+001 +6.971053379e+001 +3.475053379e+001 +3.475053379e+001 +1.7110e+000 -1.0785e+000 -1.4992e+000 -7.8717e-001 -3.4219e-001
218 +3.027213386e+001 +3.027213386e+001 -4.687866142e+000 -4.687866142e+000 +1.1088e-001 -1.7768e+000 -1.7903e+000 -3.5643e-002 -7.9116e-001
445 +2.970709682e+001 +2.970709682e+001 -5.252903178e+000 -5.252903178e+000 +1.8888e+000 -4.0204e+000 -2.1043e+000 -1.1982e-001 -6.6951e-001
683 +2.636951124e+001 +2.636951124e+001 -8.590488764e+000 -8.590488764e+000 +1.5788e+000 -3.0256e+000 -2.2213e+000 +2.9071e-002 -1.1317e+000
710 +1.461607617e+001 +1.461607617e+001 -2.034392383e+001 -2.034392383e+001 +2.2281e+000 -4.3385e+000 -2.2550e+000 -1.0213e-001 -1.2091e+000
1190 +1.137131524e+001 +1.137131524e+001 -2.358868476e+001 -2.358868476e+001 +1.0798e+000 -1.6023e+000 -2.6297e+000 +2.1427e+000 -1.5292e+000
1715 +7.923445965e+000 +7.923445965e+000 -2.703655404e+001 -2.703655404e+001 +8.7027e-001 -3.5349e+000 -2.9327e+000 +1.6960e+000 -1.6347e+000
4292 +6.562897452e+000 +6.562897452e+000 -2.839710255e+001 -2.839710255e+001 +4.7835e-001 -2.0572e+000 -2.3386e+000 +3.2992e+000 -2.2311e+000
4394 +6.427094820e+000 +6.427094820e+000 -2.853290518e+001 -2.853290518e+001 +4.7218e-001 -1.9909e+000 -2.3906e+000 +3.3502e+000 -2.2695e+000
4430 +5.964992108e+000 +5.964992108e+000 -2.899500789e+001 -2.899500789e+001 +4.8022e-001 -2.0231e+000 -2.3846e+000 +3.3248e+000 -2.2748e+000
4435 +5.458390115e+000 +5.458390115e+000 -2.950160988e+001 -2.950160988e+001 +4.8015e-001 -2.0903e+000 -2.3961e+000 +3.2976e+000 -2.2904e+000
4439 +5.311465693e+000 +5.311465693e+000 -2.964853431e+001 -2.964853431e+001 +4.8953e-001 -2.0414e+000 -2.4081e+000 +3.3038e+000 -2.2738e+000
4502 +5.238206842e+000 +5.238206842e+000 -2.972179316e+001 -2.972179316e+001 +4.8598e-001 -2.0445e+000 -2.4120e+000 +3.3056e+000 -2.2763e+000
4548 +5.110301808e+000 +5.110301808e+000 -2.984969819e+001 -2.984969819e+001 +4.8194e-001 -2.0501e+000 -2.4140e+000 +3.3076e+000 -2.2867e+000
4982 +5.006455897e+000 +5.006455897e+000 -2.995354410e+001 -2.995354410e+001 +4.9179e-001 -2.0777e+000 -2.4114e+000 +3.2867e+000 -2.2797e+000
% function evaluation | noise-free fitness - Fopt (-2.727900000000e+002) | best noise-free fitness - Fopt | measured fitness | best measured fitness | x1 | x2...
1 +6.770570127e+002 +6.770570127e+002 +4.042670127e+002 +4.042670127e+002 +4.1127e+000 +5.6322e+000 -1.9133e+000 +1.7925e+000 -1.3807e+000
2 +6.027191262e+002 +6.027191262e+002 +3.299291262e+002 +3.299291262e+002 +4.4463e+000 +3.9012e+000 -9.3039e-001 +3.1764e+000 -3.3697e+000
6 +5.736001612e+002 +5.736001612e+002 +3.008101612e+002 +3.008101612e+002 +4.2812e+000 +3.9527e+000 -2.1874e+000 +2.6140e+000 -2.3098e+000
7 +4.653439889e+002 +4.653439889e+002 +1.925539889e+002 +1.925539889e+002 +3.7088e+000 +3.8282e+000 -1.8993e+000 +1.8949e+000 -1.9024e+000
8 +3.778786962e+002 +3.778786962e+002 +1.050886962e+002 +1.050886962e+002 +4.2621e+000 +2.8227e+000 -2.3916e+000 +1.2134e+000 -1.3424e+000
34 +3.360471721e+002 +3.360471721e+002 +6.325717205e+001 +6.325717205e+001 +3.4825e+000 +3.1969e+000 -5.6074e-001 +1.6539e+000 -1.4119e+000
52 +1.677116855e+002 +1.677116855e+002 -1.050783145e+002 -1.050783145e+002 +2.6503e+000 +2.5917e+000 +5.0721e-001 -7.5854e+000 -1.7031e+000
55 +1.529208368e+002 +1.529208368e+002 -1.198691632e+002 -1.198691632e+002 +2.9889e+000 +3.0889e+000 -1.4619e+000 -5.6598e+000 -1.4809e+000
76 +1.402858771e+002 +1.402858771e+002 -1.325041229e+002 -1.325041229e+002 +4.1137e+000 +1.2058e+000 -6.3006e-001 -4.2064e+000 -1.7871e+000
104 +1.215551283e+002 +1.215551283e+002 -1.512348717e+002 -1.512348717e+002 +2.5943e+000 +1.1958e+000 -1.2444e+000 -5.0731e+000 -1.1477e+000
105 +1.048930799e+002 +1.048930799e+002 -1.678969201e+002 -1.678969201e+002 +2.7720e+000 +8.0597e-001 -4.8455e-001 -3.1321e+000 -1.0010e+000
121 +1.026782803e+002 +1.026782803e+002 -1.701117197e+002 -1.701117197e+002 +1.3071e+000 +1.7513e+000 -9.1206e-001 -5.3234e+000 -1.1106e+000
126 +5.928278089e+001 +5.928278089e+001 -2.135072191e+002 -2.135072191e+002 -7.2783e-001 +1.1653e+000 -8.9104e-001 -1.9478e+000 -1.1790e+000
191 +5.779967125e+001 +5.779967125e+001 -2.149903287e+002 -2.149903287e+002 -2.5077e+000 +1.7575e-001 -2.7072e-001 -3.3725e+000 -3.8474e-001
203 +5.238812409e+001 +5.238812409e+001 -2.204018759e+002 -2.204018759e+002 +3.3039e-001 +8.0038e-001 -1.1516e+000 -3.4326e+000 -1.2803e+000
224 +5.082628722e+001 +5.082628722e+001 -2.219637128e+002 -2.219637128e+002 -1.6869e+000 +1.1153e+000 -1.6779e-001 -3.2028e+000 -9.8572e-001
330 +5.003893719e+001 +5.003893719e+001 -2.227510628e+002 -2.227510628e+002 -9.9626e-001 +5.6513e-001 +8.0339e-001 -3.5579e+000 -3.9294e-001
342 +4.449567754e+001 +4.449567754e+001 -2.282943225e+002 -2.282943225e+002 -2.5386e+000 +8.6901e-001 +1.2277e+000 -2.5742e+000 -2.0832e-002
375 +4.209737427e+001 +4.209737427e+001 -2.306926257e+002 -2.306926257e+002 -1.0895e+000 +1.9298e-001 +1.0275e+000 -2.8431e+000 -4.6247e-001
414 +4.114409360e+001 +4.114409360e+001 -2.316459064e+002 -2.316459064e+002 -1.0962e+000 +4.2285e-001 +1.1701e+000 -5.0804e+000 -1.7484e-001
466 +2.245810960e+001 +2.245810960e+001 -2.503318904e+002 -2.503318904e+002 -1.3706e+000 +4.2906e-001 +1.9319e+000 -4.2423e+000 -4.2319e-001
469 +1.827428802e+001 +1.827428802e+001 -2.545157120e+002 -2.545157120e+002 -2.0504e+000 +2.6315e-001 +7.7222e-001 -2.8734e+000 -3.4783e-001
696 +1.645608646e+001 +1.645608646e+001 -2.563339135e+002 -2.563339135e+002 -2.0242e+000 +7.0398e-001 +8.7759e-001 -3.6452e+000 +6.1668e-002
699 +1.518401199e+001 +1.518401199e+001 -2.576059880e+002 -2.576059880e+002 -1.4427e+000 +3.2759e-001 +8.2900e-001 -4.1751e+000 +3.2606e-001
903 +1.107346119e+001 +1.107346119e+001 -2.617165388e+002 -2.617165388e+002 -2.8340e+000 -1.0076e-001 +1.8393e+000 -2.1889e+000 +9.0215e-001
2587 +7.464406446e+000 +7.464406446e+000 -2.653255936e+002 -2.653255936e+002 -3.4628e+000 +3.2708e-001 +9.2837e-001 -2.1621e+000 +8.0839e-001
4146 +6.293518110e+000 +6.293518110e+000 -2.664964819e+002 -2.664964819e+002 -2.7357e+000 +3.1954e-001 +1.3161e+000 -2.3776e+000 +1.0992e+000
5678 +5.185737333e+000 +5.185737333e+000 -2.676042627e+002 -2.676042627e+002 -2.4199e+000 +5.7572e-001 +1.3386e+000 -2.8929e+000 +4.3988e-001
5721 +4.554021375e+000 +4.554021375e+000 -2.682359786e+002 -2.682359786e+002 -2.4774e+000 +5.7981e-001 +1.4123e+000 -2.8105e+000 +5.2957e-001
5754 +3.996961137e+000 +3.996961137e+000 -2.687930389e+002 -2.687930389e+002 -2.5014e+000 +5.4328e-001 +1.3781e+000 -2.8202e+000 +5.0850e-001
5794 +3.780551353e+000 +3.780551353e+000 -2.690094486e+002 -2.690094486e+002 -2.4798e+000 +5.5382e-001 +1.3958e+000 -2.8146e+000 +5.3821e-001
5800 +3.707409296e+000 +3.707409296e+000 -2.690825907e+002 -2.690825907e+002 -2.4807e+000 +5.6579e-001 +1.4168e+000 -2.8135e+000 +5.2573e-001
5805 +3.041714524e+000 +3.041714524e+000 -2.697482855e+002 -2.697482855e+002 -2.4761e+000 +5.4757e-001 +1.4089e+000 -2.8331e+000 +5.2466e-001
5834 +2.180698174e+000 +2.180698174e+000 -2.706093018e+002 -2.706093018e+002 -2.4758e+000 +5.5145e-001 +1.3949e+000 -2.8564e+000 +5.1663e-001
5880 +1.564319520e+000 +1.564319520e+000 -2.712256805e+002 -2.712256805e+002 -2.4676e+000 +5.3322e-001 +1.4021e+000 -2.9060e+000 +5.1778e-001
5905 +1.411071044e+000 +1.411071044e+000 -2.713789290e+002 -2.713789290e+002 -2.4542e+000 +5.3579e-001 +1.4082e+000 -2.8977e+000 +5.1809e-001
6035 +1.365072335e+000 +1.365072335e+000 -2.714249277e+002 -2.714249277e+002 -2.4433e+000 +5.3781e-001 +1.4135e+000 -2.8953e+000 +5.1577e-001
6061 +1.332036813e+000 +1.332036813e+000 -2.714579632e+002 -2.714579632e+002 -2.4543e+000 +5.3554e-001 +1.4146e+000 -2.9099e+000 +5.1354e-001
6100 +1.308201969e+000 +1.308201969e+000 -2.714817980e+002 -2.714817980e+002 -2.4518e+000 +5.3665e-001 +1.4096e+000 -2.9072e+000 +5.1475e-001
6121 +1.259147190e+000 +1.259147190e+000 -2.715308528e+002 -2.715308528e+002 -2.4510e+000 +5.3888e-001 +1.4152e+000 -2.9112e+000 +5.1034e-001
6152 +1.256789323e+000 +1.256789323e+000 -2.715332107e+002 -2.715332107e+002 -2.4503e+000 +5.4084e-001 +1.4115e+000 -2.9117e+000 +5.1266e-001
6200 +1.220948200e+000 +1.220948200e+000 -2.715690518e+002 -2.715690518e+002 -2.4456e+000 +5.4267e-001 +1.4024e+000 -2.9108e+000 +5.1026e-001
6204 +1.193073896e+000 +1.193073896e+000 -2.715969261e+002 -2.715969261e+002 -2.4348e+000 +5.4126e-001 +1.4093e+000 -2.9120e+000 +5.1296e-001
6230 +1.131362373e+000 +1.131362373e+000 -2.716586376e+002 -2.716586376e+002 -2.4124e+000 +5.3873e-001 +1.4110e+000 -2.9163e+000 +5.0657e-001
6248 +1.089962639e+000 +1.089962639e+000 -2.717000374e+002 -2.717000374e+002 -2.4320e+000 +5.4688e-001 +1.4127e+000 -2.9137e+000 +5.0296e-001
6291 +1.040300293e+000 +1.040300293e+000 -2.717496997e+002 -2.717496997e+002 -2.4138e+000 +5.3982e-001 +1.4007e+000 -2.9184e+000 +5.0264e-001
6402 +1.022483948e+000 +1.022483948e+000 -2.717675161e+002 -2.717675161e+002 -2.4162e+000 +5.4189e-001 +1.3969e+000 -2.9206e+000 +4.9981e-001
6633 +9.993753061e-001 +9.993753061e-001 -2.717906247e+002 -2.717906247e+002 -2.4153e+000 +5.4449e-001 +1.4024e+000 -2.9273e+000 +4.9526e-001
% function evaluation | noise-free fitness - Fopt (1.410200000000e+002) | best noise-free fitness - Fopt | measured fitness | best measured fitness | x1 | x2...
1 +3.254249710e+002 +3.254249710e+002 +4.664449710e+002 +4.664449710e+002 -2.4270e+000 +3.6951e+000 +3.4958e+000 -3.3120e+000 -9.9895e-001
2 +1.922110116e+002 +1.922110116e+002 +3.332310116e+002 +3.332310116e+002 -2.6877e+000 +8.5309e-001 +2.7696e+000 -2.5450e+000 -3.3197e-001
5 +1.803345071e+002 +1.803345071e+002 +3.213545071e+002 +3.213545071e+002 -2.4766e+000 +1.2291e+000 +2.9664e+000 -2.0515e+000 -2.6106e-001
7 +1.524632704e+002 +1.524632704e+002 +2.934832704e+002 +2.934832704e+002 -1.5614e+000 -6.4266e-001 +2.2211e+000 -1.7789e+000 +5.3509e-001
35 +1.037944224e+002 +1.037944224e+002 +2.448144224e+002 +2.448144224e+002 -2.5614e+000 +9.5006e-002 +1.3077e+000 -1.7301e+000 -1.9069e-001
62 +9.623641476e+001 +9.623641476e+001 +2.372564148e+002 +2.372564148e+002 -2.7763e+000 -3.9337e-001 +1.3914e+000 -2.3040e+000 +8.0498e-001
82 +8.729630547e+001 +8.729630547e+001 +2.283163055e+002 +2.283163055e+002 -2.4366e+000 +6.6261e-001 -1.5709e+000 -9.8490e-001 +7.8846e-001
86 +8.310298650e+001 +8.310298650e+001 +2.241229865e+002 +2.241229865e+002 -2.8233e+000 +1.0439e+000 -6.1789e-001 -1.3099e+000 +3.5479e-001
91 +7.024306395e+001 +7.024306395e+001 +2.112630639e+002 +2.112630639e+002 -3.6718e+000 +9.5213e-001 -2.9493e-001 -1.7818e+000 +4.4155e-001
140 +5.365929642e+001 +5.365929642e+001 +1.946792964e+002 +1.946792964e+002 -2.5334e+000 +4.3088e-001 +5.5458e-001 -5.0820e-001 +1.8199e+000
206 +4.595039876e+001 +4.595039876e+001 +1.869703988e+002 +1.869703988e+002 -4.2285e+000 +5.6069e-001 -1.2739e+000 -2.6933e+000 +1.8768e+000
254 +4.143384801e+001 +4.143384801e+001 +1.824538480e+002 +1.824538480e+002 -1.7558e+000 +9.4489e-001 -1.8770e+000 -2.7393e+000 +2.0753e+000
267 +2.532893585e+001 +2.532893585e+001 +1.663489358e+002 +1.663489358e+002 -1.4558e+000 +1.0236e+000 -1.8400e+000 -2.9618e+000 +2.2219e+000
634 +2.258237205e+001 +2.258237205e+001 +1.636023721e+002 +1.636023721e+002 -2.0271e+000 +9.0595e-001 -1.6122e+000 -2.1448e+000 +2.3829e+000
663 +1.811784650e+001 +1.811784650e+001 +1.591378465e+002 +1.591378465e+002 -6.6612e-001 +6.7175e-001 -1.6729e+000 -3.2493e+000 +2.3570e+000
715 +1.775130088e+001 +1.775130088e+001 +1.587713009e+002 +1.587713009e+002 -1.6000e+000 +7.6096e-001 -1.2785e+000 -2.3418e+000 +2.4357e+000
1725 +1.422691133e+001 +1.422691133e+001 +1.552469113e+002 +1.552469113e+002 -1.1235e+000 +1.0754e+000 -3.0044e+000 -3.8852e+000 +2.9140e+000
1729 +1.244151889e+001 +1.244151889e+001 +1.534615189e+002 +1.534615189e+002 -1.5519e+000 +1.1810e+000 -2.5137e+000 -3.9874e+000 +2.8807e+000
2448 +1.089719654e+001 +1.089719654e+001 +1.519171965e+002 +1.519171965e+002 -2.5212e+000 +1.5849e+000 -2.4127e+000 -3.6734e+000 +3.0008e+000
2751 +8.956570740e+000 +8.956570740e+000 +1.499765707e+002 +1.499765707e+002 -2.3315e+000 +1.5067e+000 -2.4210e+000 -3.6244e+000 +3.0132e+000
2974 +7.735366891e+000 +7.735366891e+000 +1.487553669e+002 +1.487553669e+002 -2.5487e+000 +1.6239e+000 -2.9397e+000 -3.6913e+000 +2.6199e+000
8029 +6.168562606e+000 +6.168562606e+000 +1.471885626e+002 +1.471885626e+002 -1.0708e+000 +1.5015e+000 -2.4133e+000 -3.6048e+000 +2.7986e+000
10291 +4.651179160e+000 +4.651179160e+000 +1.456711792e+002 +1.456711792e+002 -1.5687e+000 +1.7676e+000 -2.8973e+000 -3.1720e+000 +3.2395e+000
10316 +2.411406427e+000 +2.411406427e+000 +1.434314064e+002 +1.434314064e+002 -1.6035e+000 +1.7866e+000 -2.9138e+000 -3.1802e+000 +3.2340e+000
10379 +2.386243869e+000 +2.386243869e+000 +1.434062439e+002 +1.434062439e+002 -1.6252e+000 +1.8110e+000 -2.9358e+000 -3.1988e+000 +3.2590e+000
10408 +1.876459204e+000 +1.876459204e+000 +1.428964592e+002 +1.428964592e+002 -1.5988e+000 +1.7923e+000 -2.9688e+000 -3.1994e+000 +3.2509e+000
10427 +1.535575755e+000 +1.535575755e+000 +1.425555758e+002 +1.425555758e+002 -1.6505e+000 +1.7984e+000 -2.9421e+000 -3.1704e+000 +3.2283e+000
10458 +1.302183290e+000 +1.302183290e+000 +1.423221833e+002 +1.423221833e+002 -1.6190e+000 +1.8191e+000 -2.9483e+000 -3.1935e+000 +3.2374e+000
10472 +1.265048077e+000 +1.265048077e+000 +1.422850481e+002 +1.422850481e+002 -1.6361e+000 +1.8042e+000 -2.9449e+000 -3.2028e+000 +3.2380e+000
10500 +1.209611214e+000 +1.209611214e+000 +1.422296112e+002 +1.422296112e+002 -1.6234e+000 +1.7993e+000 -2.9488e+000 -3.1881e+000 +3.2445e+000
10565 +1.109710939e+000 +1.109710939e+000 +1.421297109e+002 +1.421297109e+002 -1.6235e+000 +1.8012e+000 -2.9514e+000 -3.1967e+000 +3.2445e+000
10608 +1.050767205e+000 +1.050767205e+000 +1.420707672e+002 +1.420707672e+002 -1.6244e+000 +1.8166e+000 -2.9550e+000 -3.1963e+000 +3.2441e+000
10634 +1.024995451e+000 +1.024995451e+000 +1.420449955e+002 +1.420449955e+002 -1.6319e+000 +1.8142e+000 -2.9539e+000 -3.1974e+000 +3.2423e+000
10688 +1.002701679e+000 +1.002701679e+000 +1.420227017e+002 +1.420227017e+002 -1.6319e+000 +1.8134e+000 -2.9619e+000 -3.2011e+000 +3.2432e+000
10762 +9.992122884e-001 +9.992122884e-001 +1.420192123e+002 +1.420192123e+002 -1.6311e+000 +1.8139e+000 -2.9570e+000 -3.1988e+000 +3.2448e+000
% function evaluation | noise-free fitness - Fopt (8.113000000000e+001) | best noise-free fitness - Fopt | measured fitness | best measured fitness | x1 | x2...
1 +6.160036783e+002 +6.160036783e+002 +6.971336783e+002 +6.971336783e+002 +3.4866e+000 -2.5532e+000 +1.0253e+000 +4.8282e-001 +4.7255e+000
2 +5.521326826e+002 +5.521326826e+002 +6.332626826e+002 +6.332626826e+002 +2.9431e+000 -1.9967e+000 +1.4830e+000 -8.1063e-001 +4.6921e+000
4 +5.229482456e+002 +5.229482456e+002 +6.040782456e+002 +6.040782456e+002 +3.3722e+000 -2.6608e+000 +1.0258e+000 +5.8959e-001 +4.0716e+000
6 +4.997998384e+002 +4.997998384e+002 +5.809298384e+002 +5.809298384e+002 +3.5877e+000 -2.1301e+000 +4.8512e-002 +5.7302e-001 +4.0963e+000
7 +4.431259158e+002 +4.431259158e+002 +5.242559158e+002 +5.242559158e+002 +3.9957e+000 -2.6437e+000 +1.5531e+000 +1.3060e+000 +2.6229e+000
29 +3.615481030e+002 +3.615481030e+002 +4.426781030e+002 +4.426781030e+002 +3.0651e+000 -2.7111e+000 +8.6915e-001 +8.3283e-001 +2.1381e+000
43 +1.800469733e+002 +1.800469733e+002 +2.611769733e+002 +2.611769733e+002 +2.7950e+000 -3.0164e+000 -7.4851e-001 +2.5322e-001 -1.3760e+000
94 +1.137990215e+002 +1.137990215e+002 +1.949290215e+002 +1.949290215e+002 +2.4910e+000 -1.4635e+000 +4.8198e+000 -2.1255e+000 -7.3110e+000
111 +6.393798546e+001 +6.393798546e+001 +1.450679855e+002 +1.450679855e+002 +1.8505e+000 -1.7869e+000 +1.7010e+000 -1.1322e+000 -3.1702e+000
170 +5.311111476e+001 +5.311111476e+001 +1.342411148e+002 +1.342411148e+002 +2.9858e+000 -8.2110e-001 +1.5121e+000 -2.2695e+000 -2.1987e+000
231 +4.461822598e+001 +4.461822598e+001 +1.257482260e+002 +1.257482260e+002 +2.2309e+000 -1.7966e+000 +1.7310e+000 -1.0366e+000 -3.4719e+000
276 +3.752518816e+001 +3.752518816e+001 +1.186551882e+002 +1.186551882e+002 +2.3122e+000 -1.1064e+000 +1.3575e+000 -2.0155e+000 -4.6168e+000
462 +3.441979568e+001 +3.441979568e+001 +1.155497957e+002 +1.155497957e+002 +1.8950e+000 -1.1596e+000 +2.6146e+000 -2.2876e+000 -3.7900e+000
607 +2.874053968e+001 +2.874053968e+001 +1.098705397e+002 +1.098705397e+002 +2.4252e+000 -3.5161e-001 +3.4672e+000 -3.9982e+000 -4.5552e+000
703 +2.507868873e+001 +2.507868873e+001 +1.062086887e+002 +1.062086887e+002 +3.6105e+000 +3.3010e-001 +2.9749e+000 -3.5845e+000 -4.5085e+000
719 +2.372289987e+001 +2.372289987e+001 +1.048528999e+002 +1.048528999e+002 +3.0050e+000 -4.1206e-002 +3.4564e+000 -3.3137e+000 -4.3438e+000
735 +1.574809025e+001 +1.574809025e+001 +9.687809025e+001 +9.687809025e+001 +3.9682e+000 +9.1126e-001 +3.1542e+000 -3.5639e+000 -3.8285e+000
1107 +9.214263662e+000 +9.214263662e+000 +9.034426366e+001 +9.034426366e+001 +2.4185e+000 +9.8740e-001 +3.1145e+000 -2.6575e+000 -4.4238e+000
4763 +7.230177973e+000 +7.230177973e+000 +8.836017797e+001 +8.836017797e+001 +2.9538e+000 +1.6381e+000 +3.2859e+000 -2.4705e+000 -3.9749e+000
5019 +6.014100812e+000 +6.014100812e+000 +8.714410081e+001 +8.714410081e+001 +3.0045e+000 +1.2108e+000 +2.6942e+000 -2.4983e+000 -3.7103e+000
11885 +5.088211306e+000 +5.088211306e+000 +8.621821131e+001 +8.621821131e+001 +2.9897e+000 +1.3306e+000 +2.3011e+000 -2.9495e+000 -3.7665e+000
22458 +4.144101794e+000 +4.144101794e+000 +8.527410179e+001 +8.527410179e+001 +3.0723e+000 +8.9192e-001 +3.3540e+000 -2.9254e+000 -3.6874e+000
22533 +2.897484191e+000 +2.897484191e+000 +8.402748419e+001 +8.402748419e+001 +3.0770e+000 +9.0329e-001 +3.3184e+000 -2.9590e+000 -3.6622e+000
22571 +2.363031995e+000 +2.363031995e+000 +8.349303199e+001 +8.349303199e+001 +3.0671e+000 +8.9477e-001 +3.3583e+000 -2.9213e+000 -3.6495e+000
22719 +2.285531941e+000 +2.285531941e+000 +8.341553194e+001 +8.341553194e+001 +3.0617e+000 +9.0323e-001 +3.3424e+000 -2.9331e+000 -3.6570e+000
22765 +2.155368887e+000 +2.155368887e+000 +8.328536889e+001 +8.328536889e+001 +3.0666e+000 +9.1481e-001 +3.3328e+000 -2.9277e+000 -3.6407e+000
22807 +2.056409041e+000 +2.056409041e+000 +8.318640904e+001 +8.318640904e+001 +3.0609e+000 +9.0779e-001 +3.3358e+000 -2.9168e+000 -3.6494e+000
22918 +2.021971248e+000 +2.021971248e+000 +8.315197125e+001 +8.315197125e+001 +3.0533e+000 +8.9957e-001 +3.3376e+000 -2.9088e+000 -3.6479e+000
23022 +1.991908890e+000 +1.991908890e+000 +8.312190889e+001 +8.312190889e+001 +3.0578e+000 +8.9760e-001 +3.3434e+000 -2.9146e+000 -3.6461e+000
% function evaluation | noise-free fitness - Fopt (1.049200000000e+002) | best noise-free fitness - Fopt | measured fitness | best measured fitness | x1 | x2...
1 +2.972600558e+002 +2.972600558e+002 +4.021800558e+002 +4.021800558e+002 +2.5143e+000 -2.9972e+000 +3.7144e+000 +3.6798e+000 +3.1853e+000
3 +2.885905261e+002 +2.885905261e+002 +3.935105261e+002 +3.935105261e+002 +2.0518e+000 -2.7098e+000 +4.2612e+000 +3.6919e+000 +3.0523e+000
4 +2.637354847e+002 +2.637354847e+002 +3.686554847e+002 +3.686554847e+002 +1.9081e+000 -2.8674e+000 +4.9915e+000 +3.5218e+000 +2.9391e+000
7 +2.488505737e+002 +2.488505737e+002 +3.537705737e+002 +3.537705737e+002 +2.1949e+000 -3.3236e+000 +4.5452e+000 +3.5836e+000 +2.8640e+000
8 +2.115847749e+002 +2.115847749e+002 +3.165047749e+002 +3.165047749e+002 +6.8464e-001 -3.4385e+000 +4.0445e+000 +2.9993e+000 +4.1671e+000
41 +2.048918424e+002 +2.048918424e+002 +3.098118424e+002 +3.098118424e+002 +1.0618e+000 -3.7270e+000 +3.1492e+000 +3.3451e+000 +3.2115e+000
51 +1.979341406e+002 +1.979341406e+002 +3.028541406e+002 +3.028541406e+002 +8.0314e-001 -3.6136e+000 +1.9266e+000 +3.5857e+000 +2.7746e+000
64 +1.635426733e+002 +1.635426733e+002 +2.684626733e+002 +2.684626733e+002 +1.5235e-001 -4.1502e+000 +1.5154e+000 +3.7389e+000 +2.2003e+000
89 +1.584595926e+002 +1.584595926e+002 +2.633795926e+002 +2.633795926e+002 +4.6010e-001 -4.1651e+000 +2.2873e+000 +4.0811e+000 +2.6906e+000
94 +1.236502978e+002 +1.236502978e+002 +2.285702978e+002 +2.285702978e+002 -7.2719e-001 -5.0106e+000 +2.0308e+000 +3.0897e+000 +2.3927e+000
99 +1.208902609e+002 +1.208902609e+002 +2.258102609e+002 +2.258102609e+002 -2.7986e+000 -3.6263e+000 +8.6783e-001 +3.1962e+000 +2.0204e+000
135 +1.050985314e+002 +1.050985314e+002 +2.100185314e+002 +2.100185314e+002 -4.9187e-001 -4.3109e+000 +9.9722e-001 +1.5247e+000 +2.1192e+000
151 +1.045121791e+002 +1.045121791e+002 +2.094321791e+002 +2.094321791e+002 -4.4772e-001 -3.4455e+000 +1.0208e+000 +3.1230e+000 +1.8359e+000
175 +1.019095408e+002 +1.019095408e+002 +2.068295408e+002 +2.068295408e+002 -1.7321e+000 -5.4637e+000 -5.9555e-001 +4.8084e-001 +1.5911e+000
179 +5.942392308e+001 +5.942392308e+001 +1.643439231e+002 +1.643439231e+002 -1.3387e+000 -4.4526e+000 -2.0937e+000 -1.6049e+000 +9.0814e-001
229 +5.580668664e+001 +5.580668664e+001 +1.607266866e+002 +1.607266866e+002 -2.2868e+000 -4.9057e+000 +5.6344e-002 +2.6504e-001 -1.0143e+000
256 +5.036747894e+001 +5.036747894e+001 +1.552874789e+002 +1.552874789e+002 -1.0759e+000 -4.4622e+000 +1.2093e+000 +7.0048e-001 +1.7109e-001
319 +3.776296715e+001 +3.776296715e+001 +1.426829671e+002 +1.426829671e+002 -1.4012e+000 -4.5269e+000 +4.2190e-001 +1.4032e+000 -1.3083e+000
408 +3.144836903e+001 +3.144836903e+001 +1.363683690e+002 +1.363683690e+002 -9.0079e-001 -4.2566e+000 -8.2752e-002 +1.4377e+000 -9.7240e-001
409 +2.737729551e+001 +2.737729551e+001 +1.322972955e+002 +1.322972955e+002 -1.8469e+000 -4.3957e+000 -5.3454e-001 +5.1025e-001 -1.7857e+000
410 +2.469057356e+001 +2.469057356e+001 +1.296105736e+002 +1.296105736e+002 -1.7551e+000 -4.4731e+000 -5.0954e-001 +1.4509e+000 -1.6234e+000
445 +2.421585654e+001 +2.421585654e+001 +1.291358565e+002 +1.291358565e+002 -1.9426e+000 -4.3680e+000 -5.1820e-001 +1.4555e+000 -2.3002e+000
496 +2.381182429e+001 +2.381182429e+001 +1.287318243e+002 +1.287318243e+002 -2.0531e+000 -4.2482e+000 -1.2020e+000 +1.0918e+000 -1.6881e+000
527 +2.145148678e+001 +2.145148678e+001 +1.263714868e+002 +1.263714868e+002 -2.5730e+000 -4.2369e+000 -1.4005e+000 +1.0186e+000 -2.2519e+000
1164 +1.131098362e+001 +1.131098362e+001 +1.162309836e+002 +1.162309836e+002 -1.6401e+000 -3.5526e+000 -2.7128e+000 +2.1176e+000 -1.9607e+000
5655 +7.664256069e+000 +7.664256069e+000 +1.125842561e+002 +1.125842561e+002 -2.1886e+000 -3.2884e+000 -3.2421e+000 +1.6686e+000 -3.0892e+000
7528 +7.177788651e+000 +7.177788651e+000 +1.120977887e+002 +1.120977887e+002 -1.8066e+000 -3.8539e+000 -3.0313e+000 +1.1345e+000 -2.9862e+000
7564 +3.676418525e+000 +3.676418525e+000 +1.085964185e+002 +1.085964185e+002 -1.7584e+000 -3.8279e+000 -3.0080e+000 +1.1794e+000 -2.9552e+000
7591 +3.218016519e+000 +3.218016519e+000 +1.081380165e+002 +1.081380165e+002 -1.7883e+000 -3.8314e+000 -3.0035e+000 +1.1814e+000 -2.9738e+000
7604 +2.914961232e+000 +2.914961232e+000 +1.078349612e+002 +1.078349612e+002 -1.7835e+000 -3.8347e+000 -3.0064e+000 +1.2148e+000 -2.9942e+000
7721 +2.504254724e+000 +2.504254724e+000 +1.074242547e+002 +1.074242547e+002 -1.7741e+000 -3.8106e+000 -3.0160e+000 +1.1922e+000 -2.9738e+000
7822 +2.453922291e+000 +2.453922291e+000 +1.073739223e+002 +1.073739223e+002 -1.7678e+000 -3.8125e+000 -3.0128e+000 +1.1985e+000 -2.9711e+000
7855 +2.369865501e+000 +2.369865501e+000 +1.072898655e+002 +1.072898655e+002 -1.7718e+000 -3.8171e+000 -3.0065e+000 +1.1975e+000 -2.9777e+000
7880 +2.226541507e+000 +2.226541507e+000 +1.071465415e+002 +1.071465415e+002 -1.7773e+000 -3.8126e+000 -3.0133e+000 +1.2041e+000 -2.9801e+000
7987 +2.179252452e+000 +2.179252452e+000 +1.070992525e+002 +1.070992525e+002 -1.7735e+000 -3.8085e+000 -3.0080e+000 +1.2079e+000 -2.9779e+000
8005 +2.110885735e+000 +2.110885735e+000 +1.070308857e+002 +1.070308857e+002 -1.7728e+000 -3.8095e+000 -3.0075e+000 +1.2126e+000 -2.9804e+000
8038 +2.083331082e+000 +2.083331082e+000 +1.070033311e+002 +1.070033311e+002 -1.7738e+000 -3.8054e+000 -3.0092e+000 +1.2283e+000 -2.9812e+000
8088 +2.025814448e+000 +2.025814448e+000 +1.069458144e+002 +1.069458144e+002 -1.7775e+000 -3.8089e+000 -3.0082e+000 +1.2240e+000 -2.9897e+000
8231 +1.993554836e+000 +1.993554836e+000 +1.069135548e+002 +1.069135548e+002 -1.7758e+000 -3.8041e+000 -3.0178e+000 +1.2210e+000 -2.9941e+000
% function evaluation | noise-free fitness - Fopt (3.029000000000e+001) | best noise-free fitness - Fopt | measured fitness | best measured fitness | x1 | x2...
1 +1.028934070e+003 +1.028934070e+003 +1.059224070e+003 +1.059224070e+003 -1.9021e+000 +2.9200e+000 +6.5928e-001 -2.2818e+000 -3.9724e+000
16 +8.768581662e+002 +8.768581662e+002 +9.071481662e+002 +9.071481662e+002 -3.0885e+000 +2.9177e+000 +4.1184e-001 -2.2255e+000 -2.8055e+000
27 +8.521536246e+002 +8.521536246e+002 +8.824436246e+002 +8.824436246e+002 -1.9804e+000 +2.4714e+000 +6.9142e-001 -1.5036e-001 -3.3597e+000
30 +7.433076881e+002 +7.433076881e+002 +7.735976881e+002 +7.735976881e+002 +5.8022e-001 -3.1256e-002 +6.0244e-001 -1.5462e+000 -2.5646e+000
39 +7.374038733e+002 +7.374038733e+002 +7.676938733e+002 +7.676938733e+002 -2.4452e+000 +3.5024e-001 +8.5733e-001 -1.4997e+000 -3.5345e+000
48 +5.084553011e+002 +5.084553011e+002 +5.387453011e+002 +5.387453011e+002 -2.2073e+000 -1.6839e+000 +1.2790e+000 -7.8577e-001 -3.6594e+000
56 +4.868448338e+002 +4.868448338e+002 +5.171348338e+002 +5.171348338e+002 -3.0507e-001 +1.8573e+000 -1.8726e+000 -4.3861e-001 -1.6650e+000
62 +3.814343342e+002 +3.814343342e+002 +4.117243342e+002 +4.117243342e+002 -2.7764e+000 -3.7746e+000 +8.9614e+000 -3.1407e-001 -1.2401e+000
74 +2.478934601e+002 +2.478934601e+002 +2.781834601e+002 +2.781834601e+002 -2.2200e+000 -5.0189e+000 +1.1865e+000 -1.3268e+000 -2.2182e+000
80 +2.008635395e+002 +2.008635395e+002 +2.311535395e+002 +2.311535395e+002 -1.5918e+000 -3.6018e+000 +1.9667e+000 +6.0334e-002 -2.0269e+000
90 +1.617410276e+002 +1.617410276e+002 +1.920310276e+002 +1.920310276e+002 -3.4864e+000 -4.9348e+000 +2.6064e+000 -8.8366e-001 -8.2653e-001
104 +1.316204908e+002 +1.316204908e+002 +1.619104908e+002 +1.619104908e+002 -3.5915e+000 -3.1758e+000 +2.1002e+000 +1.3684e+000 -6.7920e-001
109 +9.546353437e+001 +9.546353437e+001 +1.257535344e+002 +1.257535344e+002 -3.7988e+000 -7.1213e+000 +4.8492e+000 +1.3822e+000 +1.1541e+000
158 +9.165714060e+001 +9.165714060e+001 +1.219471406e+002 +1.219471406e+002 -3.2951e+000 -3.0349e+000 +3.9153e+000 +1.9749e+000 -1.4513e-001
167 +5.769936526e+001 +5.769936526e+001 +8.798936526e+001 +8.798936526e+001 -3.7893e+000 -3.4267e+000 +3.8981e+000 +1.4502e+000 +3.3812e+000
170 +5.141061578e+001 +5.141061578e+001 +8.170061578e+001 +8.170061578e+001 -2.8764e+000 -2.4914e+000 +3.1337e+000 +1.6114e+000 +3.1660e+000
208 +4.907586031e+001 +4.907586031e+001 +7.936586031e+001 +7.936586031e+001 -4.3984e+000 -4.1907e+000 +3.9423e+000 +7.8330e-001 +1.8297e+000
243 +4.687974309e+001 +4.687974309e+001 +7.716974309e+001 +7.716974309e+001 -2.9277e+000 -3.0083e+000 +2.9390e+000 +3.9691e+000 +2.3828e+000
256 +3.485113974e+001 +3.485113974e+001 +6.514113974e+001 +6.514113974e+001 -4.0231e+000 -4.1146e+000 +3.5253e+000 +2.7340e+000 +1.9570e+000
381 +1.150428460e+001 +1.150428460e+001 +4.179428460e+001 +4.179428460e+001 -3.5948e+000 -2.6696e+000 +2.7908e+000 +2.9847e+000 +4.3353e+000
878 +1.058952062e+001 +1.058952062e+001 +4.087952062e+001 +4.087952062e+001 -3.0563e+000 -2.0453e+000 +2.6171e+000 +3.0262e+000 +3.6672e+000
3022 +8.602526132e+000 +8.602526132e+000 +3.889252613e+001 +3.889252613e+001 -3.0158e+000 -2.8641e+000 +3.6154e+000 +3.3927e+000 +3.4948e+000
6326 +7.798177192e+000 +7.798177192e+000 +3.808817719e+001 +3.808817719e+001 -3.2764e+000 -2.6570e+000 +2.9827e+000 +3.6922e+000 +3.8046e+000
13306 +5.606168766e+000 +5.606168766e+000 +3.589616877e+001 +3.589616877e+001 -2.9432e+000 -1.1811e+000 +2.5562e+000 +3.6482e+000 +4.0200e+000
% function evaluation | noise-free fitness - Fopt (1.210500000000e+002) | best noise-free fitness - Fopt | measured fitness | best measured fitness | x1 | x2...
1 +2.672393489e+002 +2.672393489e+002 +3.882893489e+002 +3.882893489e+002 -1.3640e+000 +2.2784e+000 -1.7388e+000 -1.1480e-001 -8.2893e-002
3 +2.551037299e+002 +2.551037299e+002 +3.761537299e+002 +3.761537299e+002 -1.4985e+000 +2.7392e+000 -2.1379e+000 -6.8616e-002 -5.7062e-001
4 +2.466804139e+002 +2.466804139e+002 +3.677304139e+002 +3.677304139e+002 -1.6084e+000 +2.3443e+000 -2.1390e+000 -5.9680e-001 -8.6799e-001
7 +1.883088245e+002 +1.883088245e+002 +3.093588245e+002 +3.093588245e+002 +2.1983e-001 +2.5861e+000 -6.9589e-001 +5.1458e-001 -7.2911e-001
27 +1.745891699e+002 +1.745891699e+002 +2.956391699e+002 +2.956391699e+002 -8.6038e-001 +2.5416e+000 -2.0833e+000 +4.1928e-001 -1.8250e+000
30 +1.586356662e+002 +1.586356662e+002 +2.796856662e+002 +2.796856662e+002 +9.0516e-001 +2.6254e+000 -1.9961e+000 +1.4059e+000 -6.7132e-001
63 +1.542731540e+002 +1.542731540e+002 +2.753231540e+002 +2.753231540e+002 -7.4961e-001 +1.4511e+000 -1.6299e+000 +1.0227e+000 -1.0490e+000
82 +1.471126320e+002 +1.471126320e+002 +2.681626320e+002 +2.681626320e+002 +5.3301e-001 +2.5378e+000 -1.9991e+000 +1.6465e+000 -2.7347e+000
85 +1.368170303e+002 +1.368170303e+002 +2.578670303e+002 +2.578670303e+002 -3.9123e-001 +1.2891e+000 -1.8404e+000 +5.5833e-001 -2.3450e+000
100 +1.084431160e+002 +1.084431160e+002 +2.294931160e+002 +2.294931160e+002 +1.0400e+000 +1.0776e+000 -1.4807e+000 +2.5708e-001 -1.8637e+000
115 +8.647398246e+001 +8.647398246e+001 +2.075239825e+002 +2.075239825e+002 +7.3158e-001 +1.8256e+000 -1.4771e+000 +5.1323e-001 -1.8971e+000
134 +7.827206392e+001 +7.827206392e+001 +1.993220639e+002 +1.993220639e+002 +1.0984e+000 +1.1014e+000 -1.4125e+000 +7.2557e-001 -3.1101e+000
159 +7.033180397e+001 +7.033180397e+001 +1.913818040e+002 +1.913818040e+002 +1.1467e+000 +9.5506e-001 -1.7408e+000 +4.7579e-001 -3.8072e+000
199 +6.905489191e+001 +6.905489191e+001 +1.901048919e+002 +1.901048919e+002 +2.9227e+000 +8.8810e-001 -1.4112e+000 +3.3748e-001 -4.3973e+000
219 +6.347670367e+001 +6.347670367e+001 +1.845267037e+002 +1.845267037e+002 +2.3555e+000 +8.9918e-001 -1.3124e+000 +1.0933e+000 -4.9359e+000
224 +6.143675888e+001 +6.143675888e+001 +1.824867589e+002 +1.824867589e+002 +1.4177e+000 +3.5558e-001 -1.4314e+000 +1.2961e+000 -3.9741e+000
247 +4.452318727e+001 +4.452318727e+001 +1.655731873e+002 +1.655731873e+002 +1.3216e+000 +9.2598e-001 -1.5153e+000 +7.7747e-001 -4.4593e+000
253 +3.841312373e+001 +3.841312373e+001 +1.594631237e+002 +1.594631237e+002 +9.1734e-001 +2.0329e-001 -1.5510e+000 +9.7690e-001 -4.1211e+000
373 +3.538145124e+001 +3.538145124e+001 +1.564314512e+002 +1.564314512e+002 +1.6954e+000 -5.7208e-001 -1.8106e+000 +1.3796e+000 -4.1498e+000
387 +2.791052581e+001 +2.791052581e+001 +1.489605258e+002 +1.489605258e+002 +1.5914e+000 -1.6346e-001 -1.7779e+000 +1.3595e+000 -4.3540e+000
447 +1.779489844e+001 +1.779489844e+001 +1.388448984e+002 +1.388448984e+002 +1.8913e+000 -3.2866e+000 -2.8647e+000 +1.5374e+000 -2.9856e+000
1068 +1.513508015e+001 +1.513508015e+001 +1.361850801e+002 +1.361850801e+002 +1.4922e+000 -2.9481e+000 -3.3560e+000 +1.7496e+000 -2.3969e+000
1088 +1.109133561e+001 +1.109133561e+001 +1.321413356e+002 +1.321413356e+002 +1.9711e+000 -3.1421e+000 -2.6952e+000 +1.6068e+000 -3.1090e+000
2446 +5.012171574e+000 +5.012171574e+000 +1.260621716e+002 +1.260621716e+002 +1.9233e+000 -3.9514e+000 -3.2293e+000 +1.3008e+000 -3.3184e+000
2584 +3.730012923e+000 +3.730012923e+000 +1.247800129e+002 +1.247800129e+002 +1.9013e+000 -4.0205e+000 -3.2608e+000 +1.3381e+000 -3.3126e+000
10164 +2.195164320e+000 +2.195164320e+000 +1.232451643e+002 +1.232451643e+002 +2.1550e+000 -2.9459e+000 -2.1863e+000 +1.7389e+000 -3.6693e+000
10236 +1.875985559e+000 +1.875985559e+000 +1.229259856e+002 +1.229259856e+002 +2.1415e+000 -2.9268e+000 -2.2110e+000 +1.7455e+000 -3.6550e+000
10244 +1.843928326e+000 +1.843928326e+000 +1.228939283e+002 +1.228939283e+002 +2.1636e+000 -2.9375e+000 -2.2086e+000 +1.7368e+000 -3.6588e+000
10245 +1.696872927e+000 +1.696872927e+000 +1.227468729e+002 +1.227468729e+002 +2.1742e+000 -2.9570e+000 -2.2028e+000 +1.7416e+000 -3.6799e+000
10257 +1.532086340e+000 +1.532086340e+000 +1.225820863e+002 +1.225820863e+002 +2.1591e+000 -2.9531e+000 -2.2063e+000 +1.7403e+000 -3.6653e+000
10305 +1.466124548e+000 +1.466124548e+000 +1.225161245e+002 +1.225161245e+002 +2.1691e+000 -2.9321e+000 -2.1966e+000 +1.7403e+000 -3.6863e+000
10326 +1.418867045e+000 +1.418867045e+000 +1.224688670e+002 +1.224688670e+002 +2.1561e+000 -2.9480e+000 -2.2010e+000 +1.7413e+000 -3.6823e+000
10352 +1.402211453e+000 +1.402211453e+000 +1.224522115e+002 +1.224522115e+002 +2.1578e+000 -2.9435e+000 -2.1984e+000 +1.7416e+000 -3.6779e+000
10370 +1.380070291e+000 +1.380070291e+000 +1.224300703e+002 +1.224300703e+002 +2.1583e+000 -2.9440e+000 -2.2032e+000 +1.7418e+000 -3.6866e+000
10378 +1.347540618e+000 +1.347540618e+000 +1.223975406e+002 +1.223975406e+002 +2.1573e+000 -2.9392e+000 -2.2011e+000 +1.7415e+000 -3.6809e+000
10460 +1.306750844e+000 +1.306750844e+000 +1.223567508e+002 +1.223567508e+002 +2.1572e+000 -2.9307e+000 -2.1998e+000 +1.7451e+000 -3.6830e+000
10494 +1.273772772e+000 +1.273772772e+000 +1.223237728e+002 +1.223237728e+002 +2.1560e+000 -2.9380e+000 -2.1999e+000 +1.7478e+000 -3.6831e+000
10518 +1.254948847e+000 +1.254948847e+000 +1.223049488e+002 +1.223049488e+002 +2.1571e+000 -2.9364e+000 -2.1996e+000 +1.7490e+000 -3.6830e+000
10601 +1.214290187e+000 +1.214290187e+000 +1.222642902e+002 +1.222642902e+002 +2.1601e+000 -2.9370e+000 -2.2000e+000 +1.7528e+000 -3.6942e+000
10628 +1.183018030e+000 +1.183018030e+000 +1.222330180e+002 +1.222330180e+002 +2.1613e+000 -2.9420e+000 -2.2009e+000 +1.7529e+000 -3.6878e+000
10630 +1.125466444e+000 +1.125466444e+000 +1.221754664e+002 +1.221754664e+002 +2.1613e+000 -2.9428e+000 -2.2008e+000 +1.7594e+000 -3.6904e+000
10634 +1.072420123e+000 +1.072420123e+000 +1.221224201e+002 +1.221224201e+002 +2.1599e+000 -2.9405e+000 -2.2004e+000 +1.7680e+000 -3.6866e+000
10682 +1.057179207e+000 +1.057179207e+000 +1.221071792e+002 +1.221071792e+002 +2.1622e+000 -2.9444e+000 -2.2015e+000 +1.7695e+000 -3.6855e+000
10793 +1.041274894e+000 +1.041274894e+000 +1.220912749e+002 +1.220912749e+002 +2.1594e+000 -2.9466e+000 -2.2023e+000 +1.7677e+000 -3.6836e+000
10878 +1.021141597e+000 +1.021141597e+000 +1.220711416e+002 +1.220711416e+002 +2.1594e+000 -2.9463e+000 -2.2032e+000 +1.7725e+000 -3.6815e+000
11129 +9.994392266e-001 +9.994392266e-001 +1.220494392e+002 +1.220494392e+002 +2.1592e+000 -2.9492e+000 -2.2059e+000 +1.7742e+000 -3.6763e+000
% function evaluation | noise-free fitness - Fopt (-1.033000000000e+001) | best noise-free fitness - Fopt | measured fitness | best measured fitness | x1 | x2...
1 +2.394663330e+003 +2.394663330e+003 +2.384333330e+003 +2.384333330e+003 -3.8219e+000 -3.9801e+000 -2.2085e+000 +1.9327e+000 -4.5550e+000
3 +1.696954769e+003 +1.696954769e+003 +1.686624769e+003 +1.686624769e+003 +5.6356e+000 -4.8310e+000 -7.7792e-001 +1.0767e+000 -5.2618e+000
31 +1.050737453e+003 +1.050737453e+003 +1.040407453e+003 +1.040407453e+003 -2.9548e-001 -2.0196e+000 -2.7636e+000 +2.6730e+000 -2.8721e+000
52 +6.810606259e+002 +6.810606259e+002 +6.707306259e+002 +6.707306259e+002 -1.3481e+000 -2.4543e+000 -2.3202e+000 +6.9932e+000 -4.5269e-001
60 +1.918774725e+002 +1.918774725e+002 +1.815474725e+002 +1.815474725e+002 -1.8881e-001 +4.6898e+000 -1.7428e+000 +2.5099e-001 -3.3823e+000
77 +1.550274236e+002 +1.550274236e+002 +1.446974236e+002 +1.446974236e+002 +5.3646e+000 +1.4710e+000 -3.9013e+000 +1.3483e+000 +3.5502e+000
82 +1.433957928e+002 +1.433957928e+002 +1.330657928e+002 +1.330657928e+002 +1.7171e+000 +4.1117e+000 -2.4829e+000 +4.8302e+000 -1.2012e+000
84 +1.295742535e+002 +1.295742535e+002 +1.192442535e+002 +1.192442535e+002 +1.1093e+000 +3.6043e+000 -2.1770e+000 +2.1132e+000 -2.4237e+000
104 +1.071773591e+002 +1.071773591e+002 +9.684735911e+001 +9.684735911e+001 +2.4444e+000 +1.2006e+000 -1.8003e+000 +2.1142e+000 +5.2622e-001
111 +5.222136908e+001 +5.222136908e+001 +4.189136908e+001 +4.189136908e+001 +3.1422e+000 +3.0065e+000 -4.1375e+000 +1.5741e+000 +3.2567e-002
133 +4.809811622e+001 +4.809811622e+001 +3.776811622e+001 +3.776811622e+001 +3.1012e+000 +2.8713e+000 -4.6034e+000 +2.0944e+000 +2.0635e+000
164 +4.486556624e+001 +4.486556624e+001 +3.453556624e+001 +3.453556624e+001 +4.2323e+000 +2.5251e+000 -3.0198e+000 +2.4821e+000 +5.2902e-001
182 +3.971490690e+001 +3.971490690e+001 +2.938490690e+001 +2.938490690e+001 +4.8712e+000 +3.0684e+000 -2.6898e+000 +2.1358e+000 +2.4737e+000
211 +3.085351830e+001 +3.085351830e+001 +2.052351830e+001 +2.052351830e+001 +4.0817e+000 +2.4438e+000 -3.1557e+000 +1.7262e+000 +7.1898e-001
246 +2.194931065e+001 +2.194931065e+001 +1.161931065e+001 +1.161931065e+001 +4.2689e+000 +2.6445e+000 -3.1745e+000 +1.3732e+000 +4.3483e-001
454 +1.934625845e+001 +1.934625845e+001 +9.016258446e+000 +9.016258446e+000 +3.9441e+000 +3.3533e+000 -1.9778e+000 +1.6105e+000 +2.0271e+000
624 +1.413042634e+001 +1.413042634e+001 +3.800426335e+000 +3.800426335e+000 +4.3183e+000 +3.1235e+000 -1.5849e+000 +1.9314e+000 +2.5894e+000
1412 +1.203166359e+001 +1.203166359e+001 +1.701663589e+000 +1.701663589e+000 +3.9836e+000 +3.7562e+000 -1.4709e+000 +2.1593e+000 +2.1388e+000
1493 +8.776799977e+000 +8.776799977e+000 -1.553200023e+000 -1.553200023e+000 +3.3402e+000 +3.6553e+000 -1.4923e+000 +2.0687e+000 +3.2115e+000
3377 +7.587426030e+000 +7.587426030e+000 -2.742573970e+000 -2.742573970e+000 +4.1144e+000 +2.9477e+000 -2.0476e+000 +2.2441e+000 +1.3387e+000
5479 +7.577568236e+000 +7.577568236e+000 -2.752431764e+000 -2.752431764e+000 +4.0267e+000 +2.9375e+000 -8.0440e-001 +2.0632e+000 +5.1350e-001
5620 +6.434117804e+000 +6.434117804e+000 -3.895882196e+000 -3.895882196e+000 +4.0404e+000 +2.8783e+000 -8.2580e-001 +2.0738e+000 +4.7012e-001
5686 +6.108564661e+000 +6.108564661e+000 -4.221435339e+000 -4.221435339e+000 +4.0332e+000 +2.8898e+000 -9.8890e-001 +2.1698e+000 +4.4322e-001
6046 +5.734512202e+000 +5.734512202e+000 -4.595487798e+000 -4.595487798e+000 +4.0171e+000 +2.8995e+000 -8.2987e-001 +2.0932e+000 +4.9265e-001
6115 +5.396781094e+000 +5.396781094e+000 -4.933218906e+000 -4.933218906e+000 +4.0159e+000 +2.9003e+000 -8.4191e-001 +2.1014e+000 +4.8483e-001
6127 +5.296556651e+000 +5.296556651e+000 -5.033443349e+000 -5.033443349e+000 +4.0124e+000 +2.8961e+000 -8.2662e-001 +2.1068e+000 +4.7646e-001
6145 +5.169828415e+000 +5.169828415e+000 -5.160171585e+000 -5.160171585e+000 +4.0117e+000 +2.9022e+000 -8.2789e-001 +2.1026e+000 +4.6626e-001
6154 +4.918909441e+000 +4.918909441e+000 -5.411090559e+000 -5.411090559e+000 +4.0116e+000 +2.8871e+000 -8.4137e-001 +2.1068e+000 +4.6772e-001
6194 +4.682540273e+000 +4.682540273e+000 -5.647459727e+000 -5.647459727e+000 +4.0195e+000 +2.8903e+000 -8.2476e-001 +2.0961e+000 +4.5464e-001
6198 +4.402161895e+000 +4.402161895e+000 -5.927838105e+000 -5.927838105e+000 +4.0164e+000 +2.8613e+000 -8.6648e-001 +2.1156e+000 +4.4966e-001
6222 +4.343072659e+000 +4.343072659e+000 -5.986927341e+000 -5.986927341e+000 +3.9964e+000 +2.8838e+000 -8.3498e-001 +2.0982e+000 +4.2677e-001
6268 +3.936001301e+000 +3.936001301e+000 -6.393998699e+000 -6.393998699e+000 +4.0074e+000 +2.8850e+000 -9.0390e-001 +2.1324e+000 +4.1037e-001
6270 +3.878546215e+000 +3.878546215e+000 -6.451453785e+000 -6.451453785e+000 +4.0109e+000 +2.8770e+000 -8.6631e-001 +2.1165e+000 +4.2925e-001
6278 +3.255648534e+000 +3.255648534e+000 -7.074351466e+000 -7.074351466e+000 +4.0093e+000 +2.8606e+000 -8.5082e-001 +2.1079e+000 +4.0096e-001
6352 +3.209418344e+000 +3.209418344e+000 -7.120581656e+000 -7.120581656e+000 +4.0099e+000 +2.8682e+000 -8.5828e-001 +2.1069e+000 +3.9539e-001
6445 +3.159055867e+000 +3.159055867e+000 -7.170944133e+000 -7.170944133e+000 +4.0123e+000 +2.8677e+000 -8.4963e-001 +2.1032e+000 +3.8022e-001
6501 +3.068065422e+000 +3.068065422e+000 -7.261934578e+000 -7.261934578e+000 +4.0152e+000 +2.8644e+000 -8.4863e-001 +2.1036e+000 +3.8708e-001
6575 +3.010263699e+000 +3.010263699e+000 -7.319736301e+000 -7.319736301e+000 +4.0189e+000 +2.8606e+000 -8.3667e-001 +2.1032e+000 +3.8419e-001
% function evaluation | noise-free fitness - Fopt (-6.846000000000e+001) | best noise-free fitness - Fopt | measured fitness | best measured fitness | x1 | x2...
1 +4.251158506e+002 +4.251158506e+002 +3.566558506e+002 +3.566558506e+002 -7.7049e-001 -4.0392e+000 -4.6318e+000 +1.1622e+000 +2.4140e+000
11 +2.926480107e+002 +2.926480107e+002 +2.241880107e+002 +2.241880107e+002 -1.7573e-002 -2.5466e+000 -5.0926e+000 +1.8473e+000 +1.7694e+000
41 +2.835129640e+002 +2.835129640e+002 +2.150529640e+002 +2.150529640e+002 +1.6113e+000 -4.7375e+000 -6.0633e+000 +2.8220e+000 -2.7021e+000
70 +2.809011519e+002 +2.809011519e+002 +2.124411519e+002 +2.124411519e+002 +6.9317e-001 -4.1079e+000 -4.9162e+000 +1.8320e+000 -1.2918e+000
76 +2.316181622e+002 +2.316181622e+002 +1.631581622e+002 +1.631581622e+002 +1.0414e+000 -2.9057e+000 -4.1831e+000 +2.0415e+000 -4.3084e+000
88 +2.271505527e+002 +2.271505527e+002 +1.586905527e+002 +1.586905527e+002 +1.2465e+000 -3.6723e+000 -6.6033e+000 +1.7605e+000 -1.2021e+000
90 +1.896744945e+002 +1.896744945e+002 +1.212144945e+002 +1.212144945e+002 +4.1844e+000 -4.1633e+000 -5.2478e+000 +1.9926e+000 -2.4310e-001
105 +1.726751380e+002 +1.726751380e+002 +1.042151380e+002 +1.042151380e+002 +2.3852e+000 -3.5941e+000 -6.5115e+000 +2.4772e+000 -6.9831e-001
109 +1.274141830e+002 +1.274141830e+002 +5.895418302e+001 +5.895418302e+001 +4.1913e+000 -2.9400e+000 -5.1532e+000 +2.3674e+000 -5.5942e-001
149 +1.122158300e+002 +1.122158300e+002 +4.375583000e+001 +4.375583000e+001 +6.6373e+000 -1.5760e+000 -5.2468e+000 +2.0164e+000 -1.0618e+000
183 +9.949853746e+001 +9.949853746e+001 +3.103853746e+001 +3.103853746e+001 +5.3229e+000 -1.8981e+000 -5.0955e+000 +2.2877e+000 -1.2558e+000
205 +9.702486391e+001 +9.702486391e+001 +2.856486391e+001 +2.856486391e+001 +5.2737e+000 -1.6818e+000 -4.8937e+000 +2.4210e+000 -2.8421e+000
209 +8.796721299e+001 +8.796721299e+001 +1.950721299e+001 +1.950721299e+001 +4.9891e+000 -2.1569e+000 -4.6922e+000 +2.0683e+000 -1.6067e+000
237 +6.211425448e+001 +6.211425448e+001 -6.345745515e+000 -6.345745515e+000 +4.2483e+000 +5.4917e-001 -4.3739e+000 +1.9453e+000 -2.6097e+000
256 +5.101248082e+001 +5.101248082e+001 -1.744751918e+001 -1.744751918e+001 +4.0397e+000 +5.9469e-001 -5.0385e+000 +2.3531e+000 -2.1406e+000
326 +4.911989373e+001 +4.911989373e+001 -1.934010627e+001 -1.934010627e+001 +4.0054e+000 +1.0903e+000 -4.6208e+000 +1.6397e+000 -1.7959e+000
327 +4.797593289e+001 +4.797593289e+001 -2.048406711e+001 -2.048406711e+001 +4.0084e+000 +9.4279e-001 -4.6807e+000 +1.5973e+000 -1.8948e+000
351 +4.703254552e+001 +4.703254552e+001 -2.142745448e+001 -2.142745448e+001 +4.7362e+000 +9.4245e-002 -4.4692e+000 +1.1786e+000 -2.2987e+000
369 +4.486765230e+001 +4.486765230e+001 -2.359234770e+001 -2.359234770e+001 +3.5104e+000 +2.3364e+000 -4.8824e+000 +1.7112e+000 -3.0168e+000
397 +3.974475069e+001 +3.974475069e+001 -2.871524931e+001 -2.871524931e+001 +4.2079e+000 +1.8488e+000 -4.7585e+000 +1.1954e+000 -3.1925e+000
511 +2.271799085e+001 +2.271799085e+001 -4.574200915e+001 -4.574200915e+001 +4.1802e+000 +4.6812e-001 -3.7742e+000 +7.0788e-001 -2.6835e+000
543 +2.091799600e+001 +2.091799600e+001 -4.754200400e+001 -4.754200400e+001 +3.9990e+000 +8.2241e-001 -3.8976e+000 +7.7224e-001 -3.1973e+000
600 +1.886084712e+001 +1.886084712e+001 -4.959915288e+001 -4.959915288e+001 +3.8456e+000 +2.0515e+000 -3.1420e+000 +6.5242e-001 -3.6955e+000
880 +1.534216755e+001 +1.534216755e+001 -5.311783245e+001 -5.311783245e+001 +3.5222e+000 +2.1957e+000 -3.0928e+000 +5.2384e-001 -3.4991e+000
1809 +1.115352794e+001 +1.115352794e+001 -5.730647206e+001 -5.730647206e+001 +3.7485e+000 +2.2626e+000 -3.1198e+000 -1.7289e-001 -3.5523e+000
5511 +1.017303655e+001 +1.017303655e+001 -5.828696345e+001 -5.828696345e+001 +2.5812e+000 +2.7563e+000 -3.7620e+000 +8.8336e-001 -3.3763e+000
5556 +8.646160710e+000 +8.646160710e+000 -5.981383929e+001 -5.981383929e+001 +3.2074e+000 +2.7200e+000 -3.3495e+000 +3.2713e-001 -3.0705e+000
6802 +8.458656301e+000 +8.458656301e+000 -6.000134370e+001 -6.000134370e+001 +3.2572e+000 +3.4464e+000 -3.1235e+000 +1.7152e-001 -3.7195e+000
6861 +7.632524520e+000 +7.632524520e+000 -6.082747548e+001 -6.082747548e+001 +3.2266e+000 +3.4921e+000 -3.0913e+000 +1.8204e-001 -3.7181e+000
6906 +6.011896625e+000 +6.011896625e+000 -6.244810337e+001 -6.244810337e+001 +3.1917e+000 +3.4874e+000 -3.0833e+000 +1.5528e-001 -3.7568e+000
6934 +4.779939529e+000 +4.779939529e+000 -6.368006047e+001 -6.368006047e+001 +3.1609e+000 +3.5096e+000 -3.0632e+000 +1.7792e-001 -3.7075e+000
6978 +4.279685594e+000 +4.279685594e+000 -6.418031441e+001 -6.418031441e+001 +3.1271e+000 +3.5119e+000 -3.0980e+000 +1.6542e-001 -3.7279e+000
7003 +4.017104302e+000 +4.017104302e+000 -6.444289570e+001 -6.444289570e+001 +3.1190e+000 +3.5111e+000 -3.0874e+000 +1.5840e-001 -3.7285e+000
7012 +2.625756224e+000 +2.625756224e+000 -6.583424378e+001 -6.583424378e+001 +3.1015e+000 +3.5344e+000 -3.0231e+000 +1.6602e-001 -3.7413e+000
7253 +2.542819433e+000 +2.542819433e+000 -6.591718057e+001 -6.591718057e+001 +3.0990e+000 +3.5592e+000 -3.0353e+000 +1.6260e-001 -3.7490e+000
7259 +2.491890070e+000 +2.491890070e+000 -6.596810993e+001 -6.596810993e+001 +3.1133e+000 +3.5497e+000 -3.0351e+000 +1.5414e-001 -3.7429e+000
7277 +2.366589680e+000 +2.366589680e+000 -6.609341032e+001 -6.609341032e+001 +3.0960e+000 +3.5717e+000 -3.0314e+000 +1.5336e-001 -3.7422e+000
7291 +2.165146287e+000 +2.165146287e+000 -6.629485371e+001 -6.629485371e+001 +3.0975e+000 +3.5594e+000 -3.0182e+000 +1.5412e-001 -3.7411e+000
7360 +2.132632419e+000 +2.132632419e+000 -6.632736758e+001 -6.632736758e+001 +3.0972e+000 +3.5638e+000 -3.0232e+000 +1.4798e-001 -3.7468e+000
7443 +2.028850090e+000 +2.028850090e+000 -6.643114991e+001 -6.643114991e+001 +3.0777e+000 +3.5639e+000 -3.0127e+000 +1.4641e-001 -3.7493e+000
7587 +1.992545540e+000 +1.992545540e+000 -6.646745446e+001 -6.646745446e+001 +3.0773e+000 +3.5677e+000 -3.0149e+000 +1.4876e-001 -3.7494e+000
% function evaluation | noise-free fitness - Fopt (-1.314900000000e+002) | best noise-free fitness - Fopt | measured fitness | best measured fitness | x1 | x2...
1 +1.739808311e+002 +1.739808311e+002 +4.249083111e+001 +4.249083111e+001 -4.2298e-001 -1.1772e+000 +1.2589e+000 -3.7650e+000 +6.5035e-001
5 +1.268113597e+002 +1.268113597e+002 -4.678640290e+000 -4.678640290e+000 -2.0012e+000 -2.7178e-001 -6.6029e-001 -3.1298e+000 -1.4214e-001
16 +1.153058696e+002 +1.153058696e+002 -1.618413042e+001 -1.618413042e+001 -1.7056e+000 -6.9961e-001 +8.4132e-001 -4.8743e+000 +1.6635e+000
26 +9.984356139e+001 +9.984356139e+001 -3.164643861e+001 -3.164643861e+001 -8.9664e-001 -1.0262e+000 -2.3725e-001 -3.6219e+000 +3.5232e+000
31 +7.706825121e+001 +7.706825121e+001 -5.442174879e+001 -5.442174879e+001 -1.3449e+000 -1.8573e-001 +3.9382e-002 -3.8263e+000 +2.5442e+000
57 +7.487552247e+001 +7.487552247e+001 -5.661447753e+001 -5.661447753e+001 -2.3550e+000 -5.6703e-001 -2.6063e-002 -3.6899e+000 +2.3805e+000
60 +6.416293586e+001 +6.416293586e+001 -6.732706414e+001 -6.732706414e+001 -1.8571e+000 +1.3225e+000 -3.4391e-001 -3.9411e+000 +1.2053e+000
86 +5.711580371e+001 +5.711580371e+001 -7.437419629e+001 -7.437419629e+001 -2.5961e+000 +7.6775e-001 -1.7043e-001 -2.2749e+000 +2.2358e+000
129 +5.102493524e+001 +5.102493524e+001 -8.046506476e+001 -8.046506476e+001 -2.5617e+000 +8.6108e-001 -8.5517e-001 -4.5040e+000 +2.1003e+000
139 +4.000703966e+001 +4.000703966e+001 -9.148296034e+001 -9.148296034e+001 -2.4598e+000 +1.2156e-001 -2.7557e+000 -3.5465e+000 +2.9563e+000
231 +2.621211364e+001 +2.621211364e+001 -1.052778864e+002 -1.052778864e+002 -2.3287e+000 +6.2923e-001 -2.2632e+000 -2.8357e+000 +2.6900e+000
370 +2.236639753e+001 +2.236639753e+001 -1.091236025e+002 -1.091236025e+002 -2.7089e+000 +5.9563e-001 -2.4940e+000 -3.8739e+000 +2.8212e+000
408 +4.490251476e+000 +4.490251476e+000 -1.269997485e+002 -1.269997485e+002 -2.5638e+000 +3.5394e-001 -2.5338e+000 -2.8908e+000 +2.7280e+000
36014 +3.541617389e+000 +3.541617389e+000 -1.279483826e+002 -1.279483826e+002 -2.9359e+000 -8.5786e-001 -2.5853e+000 -1.8042e+000 +1.9787e+000
36086 +3.465999796e+000 +3.465999796e+000 -1.280240002e+002 -1.280240002e+002 -2.9505e+000 -8.8868e-001 -2.5744e+000 -1.8044e+000 +1.9972e+000
36113 +3.202375191e+000 +3.202375191e+000 -1.282876248e+002 -1.282876248e+002 -2.9401e+000 -8.8094e-001 -2.5810e+000 -1.8043e+000 +1.9872e+000
36131 +2.960431540e+000 +2.960431540e+000 -1.285295685e+002 -1.285295685e+002 -2.9520e+000 -8.7778e-001 -2.5885e+000 -1.8049e+000 +1.9862e+000
36151 +2.914366846e+000 +2.914366846e+000 -1.285756332e+002 -1.285756332e+002 -2.9570e+000 -8.7565e-001 -2.5854e+000 -1.8044e+000 +1.9739e+000
36186 +2.775361574e+000 +2.775361574e+000 -1.287146384e+002 -1.287146384e+002 -2.9661e+000 -8.7595e-001 -2.5936e+000 -1.7937e+000 +1.9821e+000
36202 +2.735414186e+000 +2.735414186e+000 -1.287545858e+002 -1.287545858e+002 -2.9500e+000 -8.8070e-001 -2.5930e+000 -1.7960e+000 +1.9830e+000
36207 +2.625803328e+000 +2.625803328e+000 -1.288641967e+002 -1.288641967e+002 -2.9576e+000 -8.8100e-001 -2.5951e+000 -1.7888e+000 +1.9808e+000
36224 +2.430847011e+000 +2.430847011e+000 -1.290591530e+002 -1.290591530e+002 -2.9597e+000 -8.8224e-001 -2.5958e+000 -1.7894e+000 +1.9717e+000
36227 +2.380875264e+000 +2.380875264e+000 -1.291091247e+002 -1.291091247e+002 -2.9671e+000 -8.8349e-001 -2.5960e+000 -1.7929e+000 +1.9674e+000
36284 +2.300412354e+000 +2.300412354e+000 -1.291895876e+002 -1.291895876e+002 -2.9641e+000 -8.7619e-001 -2.5952e+000 -1.7846e+000 +1.9616e+000
36315 +2.283309352e+000 +2.283309352e+000 -1.292066906e+002 -1.292066906e+002 -2.9640e+000 -8.7927e-001 -2.6082e+000 -1.7925e+000 +1.9704e+000
36329 +2.201367995e+000 +2.201367995e+000 -1.292886320e+002 -1.292886320e+002 -2.9669e+000 -8.7624e-001 -2.6037e+000 -1.7894e+000 +1.9681e+000
36379 +2.159107672e+000 +2.159107672e+000 -1.293308923e+002 -1.293308923e+002 -2.9679e+000 -8.7893e-001 -2.6086e+000 -1.7882e+000 +1.9662e+000
36435 +2.135431664e+000 +2.135431664e+000 -1.293545683e+002 -1.293545683e+002 -2.9694e+000 -8.7619e-001 -2.6052e+000 -1.7892e+000 +1.9647e+000
36451 +2.073205280e+000 +2.073205280e+000 -1.294167947e+002 -1.294167947e+002 -2.9704e+000 -8.7498e-001 -2.6048e+000 -1.7854e+000 +1.9571e+000
36585 +2.041232278e+000 +2.041232278e+000 -1.294487677e+002 -1.294487677e+002 -2.9729e+000 -8.7573e-001 -2.6064e+000 -1.7851e+000 +1.9564e+000
37008 +1.995139187e+000 +1.995139187e+000 -1.294948608e+002 -1.294948608e+002 -2.9775e+000 -8.7484e-001 -2.6090e+000 -1.7817e+000 +1.9535e+000
