% function evaluation | noise-free fitness - Fopt (1.000000000000e+003) | best noise-free fitness - Fopt | measured fitness | best measured fitness | x1 | x2...
1 +3.240700266e+003 +3.240700266e+003 +4.240700266e+003 +4.240700266e+003 +2.8765e+000 +4.5382e+000 -4.3586e+000
2 +2.127946996e+003 +2.127946996e+003 +3.127946996e+003 +3.127946996e+003 +2.6512e+000 +3.9394e+000 -2.2821e+000
16 +1.786455608e+003 +1.786455608e+003 +2.786455608e+003 +2.786455608e+003 +3.7884e+000 +9.4316e+000 +7.3132e-001
17 +1.647128586e+003 +1.647128586e+003 +2.647128586e+003 +2.647128586e+003 +7.5173e-001 +2.8992e+000 -2.6142e+000
27 +1.396558302e+003 +1.396558302e+003 +2.396558302e+003 +2.396558302e+003 +1.1867e-001 +1.9729e+000 -2.7763e+000
30 +1.361547650e+003 +1.361547650e+003 +2.361547650e+003 +2.361547650e+003 +1.5180e+000 +2.8948e+000 -1.5503e+000
32 +1.024655002e+003 +1.024655002e+003 +2.024655002e+003 +2.024655002e+003 -1.6892e-001 +2.4093e+000 -2.2311e+000
43 +1.150943710e+002 +1.150943710e+002 +1.115094371e+003 +1.115094371e+003 -7.4784e+000 +2.9728e+000 -1.5438e+000
46 +8.252034757e+001 +8.252034757e+001 +1.082520348e+003 +1.082520348e+003 -6.2127e+000 +2.4943e+000 -6.4569e-001
48 +2.897861003e+001 +2.897861003e+001 +1.028978610e+003 +1.028978610e+003 -3.8968e+000 +3.7818e+000 +1.4408e+000
163 +2.183352919e+001 +2.183352919e+001 +1.021833529e+003 +1.021833529e+003 -5.1553e+000 +4.2090e+000 +1.2411e+000
192 +9.244294236e+000 +9.244294236e+000 +1.009244294e+003 +1.009244294e+003 -4.5761e+000 +4.1611e+000 +1.7987e+000
534 +5.773001179e+000 +5.773001179e+000 +1.005773001e+003 +1.005773001e+003 -2.6187e+000 +2.0517e+000 +3.9927e+000
% function evaluation | noise-free fitness - Fopt (7.003000000000e+001) | best noise-free fitness - Fopt | measured fitness | best measured fitness | x1 | x2...
1 +2.261082623e+002 +2.261082623e+002 +2.961382623e+002 +2.961382623e+002 +3.9452e+000 -3.0663e+000 -2.4008e+000
2 +9.019976100e+001 +9.019976100e+001 +1.602297610e+002 +1.602297610e+002 +2.7573e+000 -1.6444e+000 -3.2145e+000
21 +8.884139463e+001 +8.884139463e+001 +1.588713946e+002 +1.588713946e+002 +2.6275e+000 -1.6325e+000 -2.6572e+000
30 +6.656739940e+001 +6.656739940e+001 +1.365973994e+002 +1.365973994e+002 +2.2837e+000 -1.9635e+000 -1.6805e+000
35 +5.615943623e+001 +5.615943623e+001 +1.261894362e+002 +1.261894362e+002 +7.1744e-001 -2.4486e+000 -3.1337e+000
46 +5.201921498e+001 +5.201921498e+001 +1.220492150e+002 +1.220492150e+002 +1.3532e+000 -2.1937e+000 -2.6013e+000
55 +2.430494532e+001 +2.430494532e+001 +9.433494532e+001 +9.433494532e+001 +1.2430e+000 -3.9229e-001 -2.4193e+000
159 +1.909226488e+001 +1.909226488e+001 +8.912226488e+001 +8.912226488e+001 +1.0816e+000 -5.8336e-001 -3.4705e+000
167 +1.729643097e+001 +1.729643097e+001 +8.732643097e+001 +8.732643097e+001 +1.1010e+000 -5.2507e-001 -3.4197e+000
177 +1.560167202e+001 +1.560167202e+001 +8.563167202e+001 +8.563167202e+001 +1.1455e+000 -5.6819e-001 -3.6321e+000
182 +1.525007664e+001 +1.525007664e+001 +8.528007664e+001 +8.528007664e+001 +1.2101e+000 -2.8482e-001 -3.4319e+000
187 +1.464145148e+001 +1.464145148e+001 +8.467145148e+001 +8.467145148e+001 +1.1334e+000 -5.7131e-001 -3.5039e+000
201 +1.363305349e+001 +1.363305349e+001 +8.366305349e+001 +8.366305349e+001 +1.1801e+000 -5.5091e-001 -3.6084e+000
211 +1.262405195e+001 +1.262405195e+001 +8.265405195e+001 +8.265405195e+001 +1.1711e+000 -5.1216e-001 -3.5742e+000
224 +1.195597105e+001 +1.195597105e+001 +8.198597105e+001 +8.198597105e+001 +1.1646e+000 -4.9146e-001 -3.4890e+000
226 +1.168438332e+001 +1.168438332e+001 +8.171438332e+001 +8.171438332e+001 +1.1874e+000 -4.7258e-001 -3.5344e+000
296 +1.147320614e+001 +1.147320614e+001 +8.150320614e+001 +8.150320614e+001 +1.1854e+000 -4.8299e-001 -3.5225e+000
350 +1.120089537e+001 +1.120089537e+001 +8.123089537e+001 +8.123089537e+001 +1.1899e+000 -4.5108e-001 -3.4827e+000
742 +1.096401781e+001 +1.096401781e+001 +8.099401781e+001 +8.099401781e+001 +1.1966e+000 -3.9335e-001 -3.4292e+000
% function evaluation | noise-free fitness - Fopt (-4.822000000000e+001) | best noise-free fitness - Fopt | measured fitness | best measured fitness | x1 | x2...
1 +7.556650589e+002 +7.556650589e+002 +7.074450589e+002 +7.074450589e+002 -2.3801e-001 +4.1460e+000 +7.4626e-001
8 +1.329665389e+002 +1.329665389e+002 +8.474653888e+001 +8.474653888e+001 -1.6852e+000 +2.7106e+000 -1.0112e+000
31 +1.295867789e+002 +1.295867789e+002 +8.136677887e+001 +8.136677887e+001 -3.0684e+000 +3.4495e+000 -6.7305e-001
32 +9.340973793e+001 +9.340973793e+001 +4.518973793e+001 +4.518973793e+001 -2.6558e+000 +2.8551e+000 -9.4315e-001
38 +3.025602741e+001 +3.025602741e+001 -1.796397259e+001 -1.796397259e+001 -1.4875e+000 -8.3576e-001 -2.1579e+000
60 +2.508647531e+001 +2.508647531e+001 -2.313352469e+001 -2.313352469e+001 -2.3727e+000 -4.9156e-001 -2.0210e+000
77 +2.281032551e+001 +2.281032551e+001 -2.540967449e+001 -2.540967449e+001 -1.4935e+000 -2.6965e+000 -2.4807e+000
98 +1.606571820e+001 +1.606571820e+001 -3.215428180e+001 -3.215428180e+001 -2.3484e+000 -1.3063e+000 -1.7560e+000
102 +1.576993732e+001 +1.576993732e+001 -3.245006268e+001 -3.245006268e+001 -1.9333e+000 -1.0780e+000 -2.2581e+000
109 +1.547579152e+001 +1.547579152e+001 -3.274420848e+001 -3.274420848e+001 -1.5334e+000 -1.9515e+000 -2.0064e+000
113 +1.207431139e+001 +1.207431139e+001 -3.614568861e+001 -3.614568861e+001 -2.5431e+000 -5.9730e-001 -2.0951e+000
117 +6.600400123e+000 +6.600400123e+000 -4.161959988e+001 -4.161959988e+001 -2.1131e+000 -1.3882e+000 -1.9817e+000
316 +6.216902460e+000 +6.216902460e+000 -4.200309754e+001 -4.200309754e+001 -2.9472e+000 -3.6928e-001 -7.1210e-001
551 +6.094453884e+000 +6.094453884e+000 -4.212554612e+001 -4.212554612e+001 -2.8502e+000 -2.3944e-001 -1.2216e+000
561 +5.309119028e+000 +5.309119028e+000 -4.291088097e+001 -4.291088097e+001 -2.8816e+000 -2.6137e-001 -1.2180e+000
603 +4.826235300e+000 +4.826235300e+000 -4.339376470e+001 -4.339376470e+001 -2.8786e+000 -2.5653e-001 -1.2449e+000
608 +4.320951225e+000 +4.320951225e+000 -4.389904878e+001 -4.389904878e+001 -2.8339e+000 -2.7883e-001 -1.2709e+000
631 +4.142993067e+000 +4.142993067e+000 -4.407700693e+001 -4.407700693e+001 -2.8551e+000 -2.6559e-001 -1.2649e+000
649 +4.062313259e+000 +4.062313259e+000 -4.415768674e+001 -4.415768674e+001 -2.8479e+000 -2.6523e-001 -1.2723e+000
883 +3.980964233e+000 +3.980964233e+000 -4.423903577e+001 -4.423903577e+001 -2.8398e+000 -2.7129e-001 -1.2834e+000
% function evaluation | noise-free fitness - Fopt (2.547000000000e+001) | best noise-free fitness - Fopt | measured fitness | best measured fitness | x1 | x2...
1 +5.507591602e+002 +5.507591602e+002 +5.762291602e+002 +5.762291602e+002 -3.7648e+000 +1.8833e+000 +1.6571e+000
3 +7.173083616e+001 +7.173083616e+001 +9.720083616e+001 +9.720083616e+001 -3.7213e+000 -7.1367e-001 +1.3071e+000
27 +5.272150144e+001 +5.272150144e+001 +7.819150144e+001 +7.819150144e+001 -5.5769e+000 -8.1444e-001 +1.4275e+000
50 +4.187541833e+001 +4.187541833e+001 +6.734541833e+001 +6.734541833e+001 -3.6516e+000 -4.0755e-001 -2.2627e+000
52 +2.605081555e+001 +2.605081555e+001 +5.152081555e+001 +5.152081555e+001 -4.6842e+000 -2.2025e+000 -8.9960e-001
75 +2.086948273e+001 +2.086948273e+001 +4.633948273e+001 +4.633948273e+001 -3.1367e+000 -2.5151e+000 -1.0881e+000
100 +1.544293764e+001 +1.544293764e+001 +4.091293764e+001 +4.091293764e+001 -3.9919e+000 -1.1093e+000 -1.3172e+000
161 +1.140976960e+001 +1.140976960e+001 +3.687976960e+001 +3.687976960e+001 -3.5952e+000 -1.3812e+000 -2.0425e+000
213 +8.376314585e+000 +8.376314585e+000 +3.384631458e+001 +3.384631458e+001 -4.3608e+000 -1.4726e+000 -1.1676e+000
282 +4.367648909e+000 +4.367648909e+000 +2.983764891e+001 +2.983764891e+001 -4.2149e+000 -2.1546e+000 -1.0150e+000
599 +4.257100213e+000 +4.257100213e+000 +2.972710021e+001 +2.972710021e+001 -3.6637e+000 -1.4320e+000 -1.8560e+000
1492 +1.303766422e+000 +1.303766422e+000 +2.677376642e+001 +2.677376642e+001 -3.9048e+000 -2.3741e+000 -4.4290e-001
% function evaluation | noise-free fitness - Fopt (-1.008100000000e+002) | best noise-free fitness - Fopt | measured fitness | best measured fitness | x1 | x2...
1 +4.014901346e+002 +4.014901346e+002 +3.006801346e+002 +3.006801346e+002 +3.4067e-001 -4.5290e+000 +1.1435e+000
5 +2.591899910e+002 +2.591899910e+002 +1.583799910e+002 +1.583799910e+002 +5.7324e-001 -4.0425e+000 +2.9316e+000
7 +2.077685272e+002 +2.077685272e+002 +1.069585272e+002 +1.069585272e+002 +6.5030e-001 -3.5503e+000 +1.2076e+000
11 +4.364668327e+001 +4.364668327e+001 -5.716331673e+001 -5.716331673e+001 +2.8916e+000 +1.8413e-001 +2.3009e+000
18 +3.102252630e+001 +3.102252630e+001 -6.978747370e+001 -6.978747370e+001 +3.1017e+000 -1.1306e+000 +1.4649e+000
33 +2.835815492e+001 +2.835815492e+001 -7.245184508e+001 -7.245184508e+001 +2.7978e+000 -3.5901e-001 +2.3968e+000
52 +2.682025201e+001 +2.682025201e+001 -7.398974799e+001 -7.398974799e+001 +2.9529e+000 +1.1285e-003 +1.7182e+000
64 +2.494988735e+001 +2.494988735e+001 -7.586011265e+001 -7.586011265e+001 +2.6484e+000 -4.3674e-001 +1.9831e+000
89 +1.538437894e+001 +1.538437894e+001 -8.542562106e+001 -8.542562106e+001 +2.6645e+000 -4.6238e-001 +2.1551e+000
222 +1.498853299e+001 +1.498853299e+001 -8.582146701e+001 -8.582146701e+001 +1.6689e+000 -7.7112e-001 +1.9831e+000
244 +3.650182005e+000 +3.650182005e+000 -9.715981800e+001 -9.715981800e+001 +1.4136e+000 -3.5160e-001 +1.1399e+000
471 +3.108254196e+000 +3.108254196e+000 -9.770174580e+001 -9.770174580e+001 +1.6079e+000 +2.1037e-001 +2.2718e+000
634 +3.076650735e+000 +3.076650735e+000 -9.773334926e+001 -9.773334926e+001 +1.5892e+000 +2.1037e-001 +2.2741e+000
677 +3.013907057e+000 +3.013907057e+000 -9.779609294e+001 -9.779609294e+001 +1.6022e+000 +2.1120e-001 +2.2766e+000
% function evaluation | noise-free fitness - Fopt (-3.496000000000e+001) | best noise-free fitness - Fopt | measured fitness | best measured fitness | x1 | x2...
1 +2.935459933e+002 +2.935459933e+002 +2.585859933e+002 +2.585859933e+002 +1.2423e+000 +6.1313e+000 +2.7245e+000
2 +2.179742053e+002 +2.179742053e+002 +1.830142053e+002 +1.830142053e+002 -1.8610e-001 +4.8212e+000 +1.9045e+000
3 +2.108254296e+002 +2.108254296e+002 +1.758654296e+002 +1.758654296e+002 +1.3055e+000 +4.5422e+000 +2.1367e+000
4 +1.758338754e+002 +1.758338754e+002 +1.408738754e+002 +1.408738754e+002 +6.9290e-001 +4.6479e+000 +8.8556e-001
5 +1.299733241e+002 +1.299733241e+002 +9.501332406e+001 +9.501332406e+001 +3.4679e-001 +2.7656e+000 +8.8194e-001
18 +9.765111296e+001 +9.765111296e+001 +6.269111296e+001 +6.269111296e+001 +8.1394e-001 +1.6202e+000 -1.3366e+000
31 +5.830537679e+001 +5.830537679e+001 +2.334537679e+001 +2.334537679e+001 +4.5315e-001 -4.1612e-001 +6.3227e-001
37 +5.396187202e+001 +5.396187202e+001 +1.900187202e+001 +1.900187202e+001 +7.8396e-001 -2.2616e-001 -3.3348e-001
56 +3.460587510e+001 +3.460587510e+001 -3.541249020e-001 -3.541249020e-001 +6.7903e-001 -7.3391e-001 +1.6257e-001
78 +2.419261296e+001 +2.419261296e+001 -1.076738704e+001 -1.076738704e+001 +7.8519e-001 -9.6333e-001 -1.5082e+000
88 +2.155589737e+001 +2.155589737e+001 -1.340410263e+001 -1.340410263e+001 +8.3301e-001 -3.3046e+000 -2.3348e+000
90 +2.025246256e+001 +2.025246256e+001 -1.470753744e+001 -1.470753744e+001 +8.5773e-001 -3.0494e+000 -2.2803e+000
122 +1.746971136e+001 +1.746971136e+001 -1.749028864e+001 -1.749028864e+001 +8.2917e-001 -2.0630e+000 -2.5980e+000
139 +1.404613119e+001 +1.404613119e+001 -2.091386881e+001 -2.091386881e+001 +8.7842e-001 -2.3509e+000 -2.2556e+000
179 +4.273054398e+000 +4.273054398e+000 -3.068694560e+001 -3.068694560e+001 +8.0257e-001 -3.1301e+000 -2.7041e+000
300 +2.072213013e+000 +2.072213013e+000 -3.288778699e+001 -3.288778699e+001 +8.6211e-001 -3.1302e+000 -2.6747e+000
556 +7.968015610e-001 +7.968015610e-001 -3.416319844e+001 -3.416319844e+001 +8.6826e-001 -3.0955e+000 -2.6920e+000
% function evaluation | noise-free fitness - Fopt (-2.727900000000e+002) | best noise-free fitness - Fopt | measured fitness | best measured fitness | x1 | x2...
1 +4.375764142e+001 +4.375764142e+001 -2.290323586e+002 -2.290323586e+002 -4.1606e+000 +4.7828e+000 -1.7008e-001
31 +4.350497638e+001 +4.350497638e+001 -2.292850236e+002 -2.292850236e+002 -6.1926e+000 +3.6344e+000 +1.3597e+000
38 +3.684901578e+001 +3.684901578e+001 -2.359409842e+002 -2.359409842e+002 -6.1161e+000 +2.0828e+000 +1.3007e+000
47 +3.270300433e+001 +3.270300433e+001 -2.400869957e+002 -2.400869957e+002 -5.6352e+000 +3.6155e+000 +2.4745e-001
53 +2.397078739e+001 +2.397078739e+001 -2.488192126e+002 -2.488192126e+002 -4.6985e+000 +6.3169e-001 +2.5086e+000
130 +1.438757945e+001 +1.438757945e+001 -2.584024205e+002 -2.584024205e+002 -4.4691e+000 +2.0915e+000 +2.1996e+000
190 +5.963829463e+000 +5.963829463e+000 -2.668261705e+002 -2.668261705e+002 -3.8479e+000 +1.3984e+000 +1.2433e+000
501 +4.797931623e+000 +4.797931623e+000 -2.679920684e+002 -2.679920684e+002 -2.5598e+000 -1.5094e-001 +1.1848e+000
979 +4.722562118e+000 +4.722562118e+000 -2.680674379e+002 -2.680674379e+002 -2.7402e+000 +4.3355e-001 +1.2210e+000
1024 +3.763097746e+000 +3.763097746e+000 -2.690269023e+002 -2.690269023e+002 -3.0520e+000 +4.5301e-001 +2.0242e+000
1153 +2.383133673e+000 +2.383133673e+000 -2.704068663e+002 -2.704068663e+002 -2.8388e+000 -4.1349e-001 +1.5524e+000
% function evaluation | noise-free fitness - Fopt (1.410200000000e+002) | best noise-free fitness - Fopt | measured fitness | best measured fitness | x1 | x2...
1 +8.930135100e+002 +8.930135100e+002 +1.034033510e+003 +1.034033510e+003 -8.5918e-002 -4.6814e+000 +3.1048e+000
6 +1.677939179e+002 +1.677939179e+002 +3.088139179e+002 +3.088139179e+002 -1.4647e+000 -3.5327e+000 +8.1878e-002
18 +1.005788197e+002 +1.005788197e+002 +2.415988197e+002 +2.415988197e+002 -1.0099e-001 +2.0224e+000 +1.2079e+000
31 +5.344828722e+001 +5.344828722e+001 +1.944682872e+002 +1.944682872e+002 -4.2655e-002 +5.0499e+000 -4.6691e+000
60 +4.268628561e+001 +4.268628561e+001 +1.837062856e+002 +1.837062856e+002 -1.7192e-001 +2.5776e+000 -3.3091e+000
72 +3.919350603e+001 +3.919350603e+001 +1.802135060e+002 +1.802135060e+002 +6.8914e-002 +1.8554e+000 -4.4735e+000
84 +3.576895218e+001 +3.576895218e+001 +1.767889522e+002 +1.767889522e+002 -1.9682e+000 +2.3506e+000 -4.7929e+000
87 +3.286142596e+001 +3.286142596e+001 +1.738814260e+002 +1.738814260e+002 -1.6281e+000 +2.1162e+000 -4.8402e+000
103 +3.011319971e+001 +3.011319971e+001 +1.711331997e+002 +1.711331997e+002 -1.4256e+000 +2.3511e+000 -4.8123e+000
115 +2.503625389e+001 +2.503625389e+001 +1.660562539e+002 +1.660562539e+002 -1.1941e+000 +1.9851e+000 -4.9084e+000
128 +2.397670396e+001 +2.397670396e+001 +1.649967040e+002 +1.649967040e+002 -1.5391e+000 +2.2411e+000 -4.9296e+000
146 +2.096950714e+001 +2.096950714e+001 +1.619895071e+002 +1.619895071e+002 -1.5324e+000 +2.1402e+000 -5.0157e+000
167 +2.018391150e+001 +2.018391150e+001 +1.612039115e+002 +1.612039115e+002 -1.5141e+000 +2.1366e+000 -5.0210e+000
205 +1.982602311e+001 +1.982602311e+001 +1.608460231e+002 +1.608460231e+002 -1.4980e+000 +2.1568e+000 -5.0163e+000
247 +1.944404090e+001 +1.944404090e+001 +1.604640409e+002 +1.604640409e+002 -1.5179e+000 +2.1237e+000 -5.0047e+000
273 +1.897534890e+001 +1.897534890e+001 +1.599953489e+002 +1.599953489e+002 -1.5127e+000 +2.1265e+000 -4.9937e+000
324 +1.848341450e+001 +1.848341450e+001 +1.595034145e+002 +1.595034145e+002 -1.5113e+000 +2.1282e+000 -4.9688e+000
433 +1.818642721e+001 +1.818642721e+001 +1.592064272e+002 +1.592064272e+002 -1.5189e+000 +2.1335e+000 -4.9532e+000
% function evaluation | noise-free fitness - Fopt (8.113000000000e+001) | best noise-free fitness - Fopt | measured fitness | best measured fitness | x1 | x2...
1 +2.089450106e+002 +2.089450106e+002 +2.900750106e+002 +2.900750106e+002 -3.0490e-001 +2.7671e-001 +2.8747e-001
2 +1.014694699e+002 +1.014694699e+002 +1.825994699e+002 +1.825994699e+002 -5.3728e-001 +2.4063e+000 +2.5276e+000
8 +5.203843259e+001 +5.203843259e+001 +1.331684326e+002 +1.331684326e+002 +3.2442e+000 -1.6891e-001 +3.7754e-001
16 +3.304094067e+001 +3.304094067e+001 +1.141709407e+002 +1.141709407e+002 +3.8023e+000 +1.2605e+000 +9.6390e-001
32 +2.922525863e+001 +2.922525863e+001 +1.103552586e+002 +1.103552586e+002 +4.1621e+000 +9.8378e-001 +5.6297e-001
50 +6.299167266e+000 +6.299167266e+000 +8.742916727e+001 +8.742916727e+001 +2.7718e+000 +4.9281e-001 +2.3303e+000
98 +5.348196591e+000 +5.348196591e+000 +8.647819659e+001 +8.647819659e+001 +3.2291e+000 +1.3127e+000 +2.3075e+000
184 +2.802578293e+000 +2.802578293e+000 +8.393257829e+001 +8.393257829e+001 +3.2637e+000 +1.3241e+000 +2.2634e+000
197 +1.662463320e+000 +1.662463320e+000 +8.279246332e+001 +8.279246332e+001 +3.2707e+000 +1.3407e+000 +2.2939e+000
208 +1.457914443e+000 +1.457914443e+000 +8.258791444e+001 +8.258791444e+001 +3.2931e+000 +1.3320e+000 +2.3101e+000
211 +1.341526552e+000 +1.341526552e+000 +8.247152655e+001 +8.247152655e+001 +3.2834e+000 +1.3332e+000 +2.2989e+000
221 +1.314407602e+000 +1.314407602e+000 +8.244440760e+001 +8.244440760e+001 +3.3135e+000 +1.3250e+000 +2.3052e+000
230 +1.219036671e+000 +1.219036671e+000 +8.234903667e+001 +8.234903667e+001 +3.2949e+000 +1.3266e+000 +2.2970e+000
243 +1.187713125e+000 +1.187713125e+000 +8.231771312e+001 +8.231771312e+001 +3.2971e+000 +1.3260e+000 +2.2841e+000
279 +1.160262469e+000 +1.160262469e+000 +8.229026247e+001 +8.229026247e+001 +3.3052e+000 +1.3188e+000 +2.2958e+000
280 +1.128517756e+000 +1.128517756e+000 +8.225851776e+001 +8.225851776e+001 +3.3107e+000 +1.3125e+000 +2.2783e+000
286 +1.116629252e+000 +1.116629252e+000 +8.224662925e+001 +8.224662925e+001 +3.3115e+000 +1.3259e+000 +2.2892e+000
292 +1.069292073e+000 +1.069292073e+000 +8.219929207e+001 +8.219929207e+001 +3.3232e+000 +1.3097e+000 +2.2708e+000
307 +1.043280834e+000 +1.043280834e+000 +8.217328083e+001 +8.217328083e+001 +3.3252e+000 +1.3181e+000 +2.2846e+000
316 +1.018503091e+000 +1.018503091e+000 +8.214850309e+001 +8.214850309e+001 +3.3207e+000 +1.3176e+000 +2.2814e+000
384 +9.998864102e-001 +9.998864102e-001 +8.212988641e+001 +8.212988641e+001 +3.3219e+000 +1.3143e+000 +2.2811e+000
% function evaluation | noise-free fitness - Fopt (1.049200000000e+002) | best noise-free fitness - Fopt | measured fitness | best measured fitness | x1 | x2...
1 +8.007632797e+002 +8.007632797e+002 +9.056832797e+002 +9.056832797e+002 +4.4067e+000 +9.6670e-001 +3.8345e+000
5 +7.851635425e+002 +7.851635425e+002 +8.900835425e+002 +8.900835425e+002 +3.6895e+000 +2.3854e+000 +3.1293e+000
12 +4.889809495e+002 +4.889809495e+002 +5.939009495e+002 +5.939009495e+002 +4.1017e+000 +2.4975e+000 -5.7939e-001
16 +4.312795773e+002 +4.312795773e+002 +5.361995773e+002 +5.361995773e+002 +3.7091e+000 +2.0847e+000 -6.8548e-001
18 +3.556667718e+002 +3.556667718e+002 +4.605867718e+002 +4.605867718e+002 +1.5587e+000 +3.0368e+000 -5.9779e+000
31 +3.533704248e+002 +3.533704248e+002 +4.582904248e+002 +4.582904248e+002 +5.4653e+000 +1.4652e+000 -4.9580e+000
33 +2.600321180e+002 +2.600321180e+002 +3.649521180e+002 +3.649521180e+002 +1.0008e+000 +2.1208e+000 -7.0490e+000
47 +2.302401204e+002 +2.302401204e+002 +3.351601204e+002 +3.351601204e+002 +1.8936e+000 +1.8704e+000 -2.5503e+000
51 +1.982840599e+002 +1.982840599e+002 +3.032040599e+002 +3.032040599e+002 +6.6312e-001 +1.3742e+000 -4.7846e+000
56 +1.449718588e+002 +1.449718588e+002 +2.498918588e+002 +2.498918588e+002 +1.9024e+000 +1.3259e+000 -6.0238e+000
62 +1.032550231e+002 +1.032550231e+002 +2.081750231e+002 +2.081750231e+002 +2.1290e+000 -7.9080e-002 -4.0813e+000
78 +8.928796849e+001 +8.928796849e+001 +1.942079685e+002 +1.942079685e+002 +1.8077e+000 -2.2795e+000 -3.8646e+000
83 +8.212212877e+001 +8.212212877e+001 +1.870421288e+002 +1.870421288e+002 +1.4328e+000 -3.0095e-001 -4.3625e+000
94 +7.648731634e+001 +7.648731634e+001 +1.814073163e+002 +1.814073163e+002 +1.9297e+000 -2.9654e+000 -4.4673e+000
95 +6.667722973e+001 +6.667722973e+001 +1.715972297e+002 +1.715972297e+002 +1.8113e+000 -6.0804e-001 -5.1745e+000
103 +5.272838208e+001 +5.272838208e+001 +1.576483821e+002 +1.576483821e+002 +1.5411e+000 -9.1323e-001 -4.4882e+000
113 +3.722749634e+001 +3.722749634e+001 +1.421474963e+002 +1.421474963e+002 -1.1117e-001 -1.1623e+000 -4.0811e+000
125 +3.607265090e+001 +3.607265090e+001 +1.409926509e+002 +1.409926509e+002 +9.1488e-001 -1.1250e+000 -4.1236e+000
128 +2.819842881e+001 +2.819842881e+001 +1.331184288e+002 +1.331184288e+002 +1.1049e+000 -1.2113e+000 -4.5823e+000
133 +2.789523414e+001 +2.789523414e+001 +1.328152341e+002 +1.328152341e+002 +1.0212e+000 -1.0383e+000 -4.9791e+000
239 +2.697686245e+001 +2.697686245e+001 +1.318968624e+002 +1.318968624e+002 +6.2183e-001 -1.3701e+000 -4.7364e+000
242 +2.642890582e+001 +2.642890582e+001 +1.313489058e+002 +1.313489058e+002 +5.7239e-001 -1.3953e+000 -4.6124e+000
249 +2.567840126e+001 +2.567840126e+001 +1.305984013e+002 +1.305984013e+002 +5.7410e-001 -1.4017e+000 -4.7702e+000
252 +2.444071448e+001 +2.444071448e+001 +1.293607145e+002 +1.293607145e+002 +5.6270e-001 -1.4128e+000 -4.7641e+000
261 +2.348469748e+001 +2.348469748e+001 +1.284046975e+002 +1.284046975e+002 +5.6299e-001 -1.4114e+000 -4.7468e+000
270 +1.996654805e+001 +1.996654805e+001 +1.248865480e+002 +1.248865480e+002 +5.3779e-001 -1.4385e+000 -4.6585e+000
300 +1.958019232e+001 +1.958019232e+001 +1.245001923e+002 +1.245001923e+002 +5.5753e-001 -1.4658e+000 -4.6972e+000
301 +1.836458293e+001 +1.836458293e+001 +1.232845829e+002 +1.232845829e+002 +4.9822e-001 -1.4906e+000 -4.6987e+000
463 +1.819547211e+001 +1.819547211e+001 +1.231154721e+002 +1.231154721e+002 +5.0588e-001 -1.4869e+000 -4.6880e+000
% function evaluation | noise-free fitness - Fopt (3.029000000000e+001) | best noise-free fitness - Fopt | measured fitness | best measured fitness | x1 | x2...
1 +6.555353215e+001 +6.555353215e+001 +9.584353215e+001 +9.584353215e+001 -1.8467e+000 -3.0474e+000 +2.2901e+000
2 +5.299206378e+001 +5.299206378e+001 +8.328206378e+001 +8.328206378e+001 -1.0245e+000 -7.0006e-001 +1.8795e+000
6 +2.841416549e+001 +2.841416549e+001 +5.870416549e+001 +5.870416549e+001 -2.1439e+000 -3.3976e+000 +2.0424e+000
19 +2.683023177e+001 +2.683023177e+001 +5.712023177e+001 +5.712023177e+001 -1.7103e+000 -3.3764e+000 +2.7589e+000
24 +2.612264106e+001 +2.612264106e+001 +5.641264106e+001 +5.641264106e+001 -2.6519e+000 -2.2720e+000 +1.7953e+000
42 +1.862712189e+001 +1.862712189e+001 +4.891712189e+001 +4.891712189e+001 -1.9049e+000 -2.4336e+000 +4.7122e+000
66 +1.486131384e+001 +1.486131384e+001 +4.515131384e+001 +4.515131384e+001 -2.2531e+000 -2.4477e+000 +3.0833e+000
83 +1.435351090e+001 +1.435351090e+001 +4.464351090e+001 +4.464351090e+001 -2.2435e+000 -2.4983e+000 +3.5764e+000
93 +9.435582468e+000 +9.435582468e+000 +3.972558247e+001 +3.972558247e+001 -1.8155e+000 -2.0164e+000 +3.5358e+000
128 +7.648204059e+000 +7.648204059e+000 +3.793820406e+001 +3.793820406e+001 -2.8016e+000 -2.2941e+000 +3.8220e+000
199 +4.914370433e+000 +4.914370433e+000 +3.520437043e+001 +3.520437043e+001 -2.2680e+000 -2.7259e+000 +2.9305e+000
473 +3.987084132e+000 +3.987084132e+000 +3.427708413e+001 +3.427708413e+001 -3.1700e+000 -1.9841e+000 +2.9418e+000
499 +1.387674430e+000 +1.387674430e+000 +3.167767443e+001 +3.167767443e+001 -3.0584e+000 -1.9949e+000 +2.9529e+000
565 +1.071476954e+000 +1.071476954e+000 +3.136147695e+001 +3.136147695e+001 -3.0809e+000 -1.9940e+000 +2.9422e+000
596 +1.011555268e+000 +1.011555268e+000 +3.130155527e+001 +3.130155527e+001 -3.0974e+000 -1.9991e+000 +2.9409e+000
730 +9.999546713e-001 +9.999546713e-001 +3.128995467e+001 +3.128995467e+001 -3.0956e+000 -1.9977e+000 +2.9360e+000
% function evaluation | noise-free fitness - Fopt (1.210500000000e+002) | best noise-free fitness - Fopt | measured fitness | best measured fitness | x1 | x2...
1 +1.739318284e+002 +1.739318284e+002 +2.949818284e+002 +2.949818284e+002 +6.5458e-001 +1.4288e+000 +1.8990e+000
8 +1.146237305e+002 +1.146237305e+002 +2.356737305e+002 +2.356737305e+002 -8.7095e-001 -1.2356e+000 -1.5486e-001
17 +8.042285420e+001 +8.042285420e+001 +2.014728542e+002 +2.014728542e+002 -6.7251e-001 -3.3195e+000 +7.8598e-002
19 +7.688678695e+001 +7.688678695e+001 +1.979367869e+002 +1.979367869e+002 +1.3204e+000 -1.5406e-001 +4.2068e-001
23 +4.614353947e+001 +4.614353947e+001 +1.671935395e+002 +1.671935395e+002 -5.1778e-001 -5.8137e+000 -1.5535e+000
35 +4.077113703e+001 +4.077113703e+001 +1.618211370e+002 +1.618211370e+002 +3.2519e+000 -3.9804e+000 -2.0858e+000
38 +2.464667525e+001 +2.464667525e+001 +1.456966753e+002 +1.456966753e+002 +5.5026e-003 -4.2761e+000 -2.7393e+000
47 +2.054615675e+001 +2.054615675e+001 +1.415961568e+002 +1.415961568e+002 +6.2143e-001 -5.8220e+000 -2.3612e+000
91 +1.743679270e+001 +1.743679270e+001 +1.384867927e+002 +1.384867927e+002 +5.2800e-001 -5.1471e+000 -2.8568e+000
103 +5.729572016e+000 +5.729572016e+000 +1.267795720e+002 +1.267795720e+002 +4.1518e-001 -5.1105e+000 -2.7203e+000
% function evaluation | noise-free fitness - Fopt (-1.033000000000e+001) | best noise-free fitness - Fopt | measured fitness | best measured fitness | x1 | x2...
1 +7.621553966e+002 +7.621553966e+002 +7.518253966e+002 +7.518253966e+002 -4.2426e+000 -3.4465e+000 -2.6696e+000
4 +6.770162762e+002 +6.770162762e+002 +6.666862762e+002 +6.666862762e+002 -2.3642e+000 -3.8911e+000 -1.6896e+000
20 +6.614917385e+002 +6.614917385e+002 +6.511617385e+002 +6.511617385e+002 -2.7039e+000 -3.3866e+000 -2.2269e+000
32 +4.617600575e+002 +4.617600575e+002 +4.514300575e+002 +4.514300575e+002 +1.3381e+000 -2.9031e+000 +1.0514e-001
35 +4.456062321e+002 +4.456062321e+002 +4.352762321e+002 +4.352762321e+002 +6.6298e-002 -2.5596e+000 -4.9469e-001
46 +4.205336471e+002 +4.205336471e+002 +4.102036471e+002 +4.102036471e+002 +2.5922e+000 -2.8804e+000 -2.7850e+000
50 +4.027703429e+002 +4.027703429e+002 +3.924403429e+002 +3.924403429e+002 +3.9979e+000 -2.9188e+000 -4.1274e+000
51 +3.762025332e+002 +3.762025332e+002 +3.658725332e+002 +3.658725332e+002 +2.7210e+000 -2.8678e+000 +3.5070e+000
54 +2.236014045e+002 +2.236014045e+002 +2.132714045e+002 +2.132714045e+002 +1.7978e+000 +1.1149e-001 -6.3400e+000
92 +1.824977342e+002 +1.824977342e+002 +1.721677342e+002 +1.721677342e+002 +5.9946e+000 -1.2543e+000 +1.4087e+000
108 +1.793094733e+002 +1.793094733e+002 +1.689794733e+002 +1.689794733e+002 +3.5470e+000 -9.1012e-001 +2.3277e+000
122 +1.493725183e+002 +1.493725183e+002 +1.390425183e+002 +1.390425183e+002 +4.6957e+000 -7.6048e-001 +2.5087e+000
123 +1.118368881e+002 +1.118368881e+002 +1.015068881e+002 +1.015068881e+002 +4.4545e+000 +7.8399e-002 +9.3793e-001
145 +8.587910130e+001 +8.587910130e+001 +7.554910130e+001 +7.554910130e+001 +4.3104e+000 +3.8703e-001 +8.6534e-001
151 +4.847602699e+001 +4.847602699e+001 +3.814602699e+001 +3.814602699e+001 +4.2547e+000 +2.5519e+000 +1.1230e+000
158 +4.649199514e+001 +4.649199514e+001 +3.616199514e+001 +3.616199514e+001 +5.5284e+000 +1.8539e+000 +3.4076e-001
166 +4.048666214e+001 +4.048666214e+001 +3.015666214e+001 +3.015666214e+001 +4.5990e+000 +2.1855e+000 +4.4460e-001
171 +2.529051632e+001 +2.529051632e+001 +1.496051632e+001 +1.496051632e+001 +5.0658e+000 +2.2933e+000 +8.6751e-001
184 +2.050908211e+001 +2.050908211e+001 +1.017908211e+001 +1.017908211e+001 +4.9355e+000 +2.9641e+000 -2.0074e+000
191 +1.207430325e+001 +1.207430325e+001 +1.744303251e+000 +1.744303251e+000 +3.7093e+000 +3.0902e+000 +6.3366e-001
277 +1.094500903e+001 +1.094500903e+001 +6.150090268e-001 +6.150090268e-001 +3.9922e+000 +2.9559e+000 -4.1445e-001
280 +6.373211272e+000 +6.373211272e+000 -3.956788728e+000 -3.956788728e+000 +3.9471e+000 +3.2509e+000 -2.5327e-001
471 +3.913858122e+000 +3.913858122e+000 -6.416141878e+000 -6.416141878e+000 +3.7355e+000 +2.9559e+000 -2.0350e+000
500 +3.853033282e+000 +3.853033282e+000 -6.476966718e+000 -6.476966718e+000 +3.7414e+000 +3.3922e+000 -2.6036e+000
1245 +3.547154483e+000 +3.547154483e+000 -6.782845517e+000 -6.782845517e+000 +4.3125e+000 +3.5533e+000 -1.9038e+000
1272 +3.401616426e+000 +3.401616426e+000 -6.928383574e+000 -6.928383574e+000 +4.3438e+000 +3.5801e+000 -1.9325e+000
1277 +3.346686962e+000 +3.346686962e+000 -6.983313038e+000 -6.983313038e+000 +4.3128e+000 +3.5916e+000 -1.8813e+000
1278 +3.265405288e+000 +3.265405288e+000 -7.064594712e+000 -7.064594712e+000 +4.3317e+000 +3.5648e+000 -1.9133e+000
1294 +3.102470854e+000 +3.102470854e+000 -7.227529146e+000 -7.227529146e+000 +4.3209e+000 +3.5723e+000 -1.9282e+000
1315 +3.077607144e+000 +3.077607144e+000 -7.252392856e+000 -7.252392856e+000 +4.2917e+000 +3.5765e+000 -1.9183e+000
1319 +3.013389266e+000 +3.013389266e+000 -7.316610734e+000 -7.316610734e+000 +4.3168e+000 +3.5767e+000 -1.9050e+000
% function evaluation | noise-free fitness - Fopt (-6.846000000000e+001) | best noise-free fitness - Fopt | measured fitness | best measured fitness | x1 | x2...
1 +2.870209856e+002 +2.870209856e+002 +2.185609856e+002 +2.185609856e+002 -2.9910e+000 -3.6432e-002 -3.1843e+000
4 +2.402107173e+002 +2.402107173e+002 +1.717507173e+002 +1.717507173e+002 -1.9074e+000 -1.8795e-002 -2.6233e+000
8 +2.386582307e+002 +2.386582307e+002 +1.701982307e+002 +1.701982307e+002 -2.5748e+000 -2.9010e-001 -3.3612e+000
11 +8.908439767e+001 +8.908439767e+001 +2.062439767e+001 +2.062439767e+001 +2.1493e+000 -7.7737e-001 -3.5937e+000
17 +8.422765978e+001 +8.422765978e+001 +1.576765978e+001 +1.576765978e+001 +3.1412e+000 -3.4249e-001 -4.5062e-001
18 +6.738589390e+001 +6.738589390e+001 -1.074106095e+000 -1.074106095e+000 +2.3841e+000 -8.8366e-001 -1.6694e+000
19 +5.868031793e+001 +5.868031793e+001 -9.779682071e+000 -9.779682071e+000 +1.8335e+000 +3.2259e-002 -3.2090e+000
34 +5.324094955e+001 +5.324094955e+001 -1.521905045e+001 -1.521905045e+001 +1.6451e+000 -7.9645e-001 -2.8777e+000
35 +4.546473536e+001 +4.546473536e+001 -2.299526464e+001 -2.299526464e+001 +2.0314e+000 -9.1022e-001 -2.8346e+000
47 +3.408157330e+001 +3.408157330e+001 -3.437842670e+001 -3.437842670e+001 +3.5772e+000 +2.5013e+000 -2.7308e+000
72 +2.586915861e+001 +2.586915861e+001 -4.259084139e+001 -4.259084139e+001 +4.5495e+000 +2.8782e+000 -2.2986e+000
81 +2.469323416e+001 +2.469323416e+001 -4.376676584e+001 -4.376676584e+001 +4.7805e+000 +4.0644e+000 -2.9987e+000
115 +6.659990311e+000 +6.659990311e+000 -6.180000969e+001 -6.180000969e+001 +3.5878e+000 +1.4516e+000 -3.2227e+000
216 +5.061295849e+000 +5.061295849e+000 -6.339870415e+001 -6.339870415e+001 +3.0878e+000 +2.7128e+000 -3.1560e+000
233 +4.397652160e+000 +4.397652160e+000 -6.406234784e+001 -6.406234784e+001 +3.0756e+000 +2.7067e+000 -3.1547e+000
257 +3.749553643e+000 +3.749553643e+000 -6.471044636e+001 -6.471044636e+001 +3.0715e+000 +2.6940e+000 -3.2033e+000
272 +3.657776371e+000 +3.657776371e+000 -6.480222363e+001 -6.480222363e+001 +3.0652e+000 +2.6136e+000 -3.1199e+000
302 +3.435696220e+000 +3.435696220e+000 -6.502430378e+001 -6.502430378e+001 +3.0749e+000 +2.6603e+000 -3.1770e+000
313 +3.304550061e+000 +3.304550061e+000 -6.515544994e+001 -6.515544994e+001 +3.0816e+000 +2.6710e+000 -3.1531e+000
328 +3.015368924e+000 +3.015368924e+000 -6.544463108e+001 -6.544463108e+001 +3.0632e+000 +2.6652e+000 -3.1501e+000
% function evaluation | noise-free fitness - Fopt (-1.314900000000e+002) | best noise-free fitness - Fopt | measured fitness | best measured fitness | x1 | x2...
1 +2.670731948e+002 +2.670731948e+002 +1.355831948e+002 +1.355831948e+002 +4.6682e+000 +2.0006e+000 -2.3459e+000
2 +9.751426430e+001 +9.751426430e+001 -3.397573570e+001 -3.397573570e+001 +4.2037e+000 -8.3309e-001 -3.1636e+000
5 +8.930026824e+001 +8.930026824e+001 -4.218973176e+001 -4.218973176e+001 +3.5862e+000 -8.2808e-001 -2.8435e+000
6 +8.408731864e+001 +8.408731864e+001 -4.740268136e+001 -4.740268136e+001 +4.3347e+000 -4.5173e-001 -3.2426e+000
11 +8.093703227e+001 +8.093703227e+001 -5.055296773e+001 -5.055296773e+001 +4.4263e+000 +3.3940e-001 -3.5718e+000
17 +7.211363239e+001 +7.211363239e+001 -5.937636761e+001 -5.937636761e+001 +3.9326e+000 -2.7248e-001 -3.3439e+000
32 +6.503128714e+001 +6.503128714e+001 -6.645871286e+001 -6.645871286e+001 +2.9060e+000 +2.6857e-001 -4.2609e+000
33 +5.733786734e+001 +5.733786734e+001 -7.415213266e+001 -7.415213266e+001 +2.8303e+000 +6.6716e-001 -4.3240e+000
36 +5.330549877e+001 +5.330549877e+001 -7.818450123e+001 -7.818450123e+001 +9.0918e-001 +4.9617e-001 -4.7599e+000
49 +5.010819029e+001 +5.010819029e+001 -8.138180971e+001 -8.138180971e+001 -1.6910e+000 +1.5528e-001 -4.4397e+000
50 +4.204364433e+001 +4.204364433e+001 -8.944635567e+001 -8.944635567e+001 -9.3561e-001 +5.7635e-001 -2.8085e+000
57 +3.810518345e+001 +3.810518345e+001 -9.338481655e+001 -9.338481655e+001 -3.9092e-001 +8.5145e-001 -4.6887e+000
65 +1.529586170e+001 +1.529586170e+001 -1.161941383e+002 -1.161941383e+002 -1.2032e+000 +7.7691e-001 -3.3194e+000
80 +1.297743014e+001 +1.297743014e+001 -1.185125699e+002 -1.185125699e+002 -7.1311e-001 +6.4647e-001 -3.5765e+000
96 +1.286216085e+001 +1.286216085e+001 -1.186278391e+002 -1.186278391e+002 -1.9272e+000 +6.7700e-001 -2.8933e+000
143 +1.059911533e+001 +1.059911533e+001 -1.208908847e+002 -1.208908847e+002 -2.5486e+000 +5.1942e-001 -3.7517e+000
235 +4.212777656e+000 +4.212777656e+000 -1.272772223e+002 -1.272772223e+002 -2.9479e+000 +4.3794e-001 -2.9413e+000
319 +4.000451496e+000 +4.000451496e+000 -1.274895485e+002 -1.274895485e+002 -2.0059e+000 +2.3932e-001 -2.6488e+000
331 +3.197915557e+000 +3.197915557e+000 -1.282920844e+002 -1.282920844e+002 -1.9488e+000 +2.8462e-001 -2.6977e+000
406 +3.156577981e+000 +3.156577981e+000 -1.283334220e+002 -1.283334220e+002 -1.9640e+000 +2.7736e-001 -2.6343e+000
456 +3.084905397e+000 +3.084905397e+000 -1.284050946e+002 -1.284050946e+002 -1.9860e+000 +2.3395e-001 -2.6741e+000
480 +2.811470158e+000 +2.811470158e+000 -1.286785298e+002 -1.286785298e+002 -1.9734e+000 +2.5257e-001 -2.6818e+000
496 +2.351823360e+000 +2.351823360e+000 -1.291381766e+002 -1.291381766e+002 -1.9403e+000 +2.9283e-001 -2.6702e+000
577 +2.286252978e+000 +2.286252978e+000 -1.292037470e+002 -1.292037470e+002 -1.9418e+000 +2.8818e-001 -2.6571e+000
582 +2.207420567e+000 +2.207420567e+000 -1.292825794e+002 -1.292825794e+002 -1.9216e+000 +2.9337e-001 -2.6632e+000
596 +2.129406012e+000 +2.129406012e+000 -1.293605940e+002 -1.293605940e+002 -1.9245e+000 +2.9944e-001 -2.6615e+000
602 +2.080498858e+000 +2.080498858e+000 -1.294095011e+002 -1.294095011e+002 -1.9242e+000 +3.0363e-001 -2.6551e+000
629 +2.040982442e+000 +2.040982442e+000 -1.294490176e+002 -1.294490176e+002 -1.9144e+000 +3.0374e-001 -2.6512e+000
809 +1.993689136e+000 +1.993689136e+000 -1.294963109e+002 -1.294963109e+002 -1.9049e+000 +3.1231e-001 -2.6537e+000
