% function evaluation | noise-free fitness - Fopt (9.294000000000e+001) | best noise-free fitness - Fopt | measured fitness | best measured fitness | x1 | x2...
1 +9.025307024e+003 +9.025307024e+003 +9.118247024e+003 +9.118247024e+003
2 +8.231028900e+003 +8.231028900e+003 +8.323968900e+003 +8.323968900e+003
4 +6.547044181e+003 +6.547044181e+003 +6.639984181e+003 +6.639984181e+003
6 +6.360888634e+003 +6.360888634e+003 +6.453828634e+003 +6.453828634e+003
19 +4.870913128e+003 +4.870913128e+003 +4.963853128e+003 +4.963853128e+003
55 +4.415739296e+003 +4.415739296e+003 +4.508679296e+003 +4.508679296e+003
87 +3.421532598e+003 +3.421532598e+003 +3.514472598e+003 +3.514472598e+003
242 +3.058941856e+003 +3.058941856e+003 +3.151881856e+003 +3.151881856e+003
410 +1.913539569e+003 +1.913539569e+003 +2.006479569e+003 +2.006479569e+003
572 +1.826125563e+003 +1.826125563e+003 +1.919065563e+003 +1.919065563e+003
668 +1.787975639e+003 +1.787975639e+003 +1.880915639e+003 +1.880915639e+003
808 +1.757061702e+003 +1.757061702e+003 +1.850001702e+003 +1.850001702e+003
825 +1.641746256e+003 +1.641746256e+003 +1.734686256e+003 +1.734686256e+003
973 +1.541604415e+003 +1.541604415e+003 +1.634544415e+003 +1.634544415e+003
1022 +1.059046148e+003 +1.059046148e+003 +1.151986148e+003 +1.151986148e+003
1504 +1.020301061e+003 +1.020301061e+003 +1.113241061e+003 +1.113241061e+003
1541 +8.305623327e+002 +8.305623327e+002 +9.235023327e+002 +9.235023327e+002
2174 +6.939541977e+002 +6.939541977e+002 +7.868941977e+002 +7.868941977e+002
2249 +6.543702865e+002 +6.543702865e+002 +7.473102865e+002 +7.473102865e+002
2525 +5.599219164e+002 +5.599219164e+002 +6.528619164e+002 +6.528619164e+002
2615 +5.437275000e+002 +5.437275000e+002 +6.366675000e+002 +6.366675000e+002
2814 +4.548730091e+002 +4.548730091e+002 +5.478130091e+002 +5.478130091e+002
3228 +2.948684168e+002 +2.948684168e+002 +3.878084168e+002 +3.878084168e+002
4643 +2.644453436e+002 +2.644453436e+002 +3.573853436e+002 +3.573853436e+002
4729 +2.589406359e+002 +2.589406359e+002 +3.518806359e+002 +3.518806359e+002
5051 +2.281428666e+002 +2.281428666e+002 +3.210828666e+002 +3.210828666e+002
5062 +2.231971844e+002 +2.231971844e+002 +3.161371844e+002 +3.161371844e+002
5217 +2.133334185e+002 +2.133334185e+002 +3.062734185e+002 +3.062734185e+002
5550 +1.924474477e+002 +1.924474477e+002 +2.853874477e+002 +2.853874477e+002
5923 +1.173229705e+002 +1.173229705e+002 +2.102629705e+002 +2.102629705e+002
8048 +1.091260470e+002 +1.091260470e+002 +2.020660470e+002 +2.020660470e+002
8299 +8.412386822e+001 +8.412386822e+001 +1.770638682e+002 +1.770638682e+002
8474 +8.211446354e+001 +8.211446354e+001 +1.750544635e+002 +1.750544635e+002
9353 +7.977809379e+001 +7.977809379e+001 +1.727180938e+002 +1.727180938e+002
9406 +7.233282653e+001 +7.233282653e+001 +1.652728265e+002 +1.652728265e+002
10349 +7.052316713e+001 +7.052316713e+001 +1.634631671e+002 +1.634631671e+002
10424 +6.223704564e+001 +6.223704564e+001 +1.551770456e+002 +1.551770456e+002
10812 +5.790228567e+001 +5.790228567e+001 +1.508422857e+002 +1.508422857e+002
11646 +5.667822736e+001 +5.667822736e+001 +1.496182274e+002 +1.496182274e+002
11878 +5.299726151e+001 +5.299726151e+001 +1.459372615e+002 +1.459372615e+002
12030 +5.117170249e+001 +5.117170249e+001 +1.441117025e+002 +1.441117025e+002
12255 +4.692953648e+001 +4.692953648e+001 +1.398695365e+002 +1.398695365e+002
12321 +4.350984993e+001 +4.350984993e+001 +1.364498499e+002 +1.364498499e+002
13843 +3.451111067e+001 +3.451111067e+001 +1.274511107e+002 +1.274511107e+002
15703 +3.349686501e+001 +3.349686501e+001 +1.264368650e+002 +1.264368650e+002
16540 +3.160196694e+001 +3.160196694e+001 +1.245419669e+002 +1.245419669e+002
17634 +3.088797408e+001 +3.088797408e+001 +1.238279741e+002 +1.238279741e+002
18003 +2.968852704e+001 +2.968852704e+001 +1.226285270e+002 +1.226285270e+002
19202 +2.880334743e+001 +2.880334743e+001 +1.217433474e+002 +1.217433474e+002
19767 +2.749719582e+001 +2.749719582e+001 +1.204371958e+002 +1.204371958e+002
23521 +2.688051462e+001 +2.688051462e+001 +1.198205146e+002 +1.198205146e+002
25223 +2.622363667e+001 +2.622363667e+001 +1.191636367e+002 +1.191636367e+002
26777 +2.532457367e+001 +2.532457367e+001 +1.182645737e+002 +1.182645737e+002
27913 +2.496003671e+001 +2.496003671e+001 +1.179000367e+002 +1.179000367e+002
% function evaluation | noise-free fitness - Fopt (3.535000000000e+001) | best noise-free fitness - Fopt | measured fitness | best measured fitness | x1 | x2...
1 +5.230446260e+003 +5.230446260e+003 +5.265796260e+003 +5.265796260e+003
5 +5.043559185e+003 +5.043559185e+003 +5.078909185e+003 +5.078909185e+003
6 +4.267429505e+003 +4.267429505e+003 +4.302779505e+003 +4.302779505e+003
16 +3.110433789e+003 +3.110433789e+003 +3.145783789e+003 +3.145783789e+003
105 +3.054449858e+003 +3.054449858e+003 +3.089799858e+003 +3.089799858e+003
212 +2.654668838e+003 +2.654668838e+003 +2.690018838e+003 +2.690018838e+003
298 +2.486084258e+003 +2.486084258e+003 +2.521434258e+003 +2.521434258e+003
327 +2.416076480e+003 +2.416076480e+003 +2.451426480e+003 +2.451426480e+003
481 +2.167456170e+003 +2.167456170e+003 +2.202806170e+003 +2.202806170e+003
540 +2.121555086e+003 +2.121555086e+003 +2.156905086e+003 +2.156905086e+003
602 +1.944662424e+003 +1.944662424e+003 +1.980012424e+003 +1.980012424e+003
605 +1.515779019e+003 +1.515779019e+003 +1.551129019e+003 +1.551129019e+003
825 +1.046538409e+003 +1.046538409e+003 +1.081888409e+003 +1.081888409e+003
1882 +8.576665852e+002 +8.576665852e+002 +8.930165852e+002 +8.930165852e+002
2261 +8.470078261e+002 +8.470078261e+002 +8.823578261e+002 +8.823578261e+002
2335 +5.434565716e+002 +5.434565716e+002 +5.788065716e+002 +5.788065716e+002
2692 +4.809197984e+002 +4.809197984e+002 +5.162697984e+002 +5.162697984e+002
3818 +3.423165815e+002 +3.423165815e+002 +3.776665815e+002 +3.776665815e+002
4425 +3.058721763e+002 +3.058721763e+002 +3.412221763e+002 +3.412221763e+002
5626 +2.856832168e+002 +2.856832168e+002 +3.210332168e+002 +3.210332168e+002
5822 +2.419225108e+002 +2.419225108e+002 +2.772725108e+002 +2.772725108e+002
5941 +2.258647548e+002 +2.258647548e+002 +2.612147548e+002 +2.612147548e+002
6018 +2.117129184e+002 +2.117129184e+002 +2.470629184e+002 +2.470629184e+002
6262 +1.827837993e+002 +1.827837993e+002 +2.181337993e+002 +2.181337993e+002
6651 +1.752743519e+002 +1.752743519e+002 +2.106243519e+002 +2.106243519e+002
6867 +1.587270855e+002 +1.587270855e+002 +1.940770855e+002 +1.940770855e+002
6947 +1.558750933e+002 +1.558750933e+002 +1.912250933e+002 +1.912250933e+002
7225 +1.397524802e+002 +1.397524802e+002 +1.751024802e+002 +1.751024802e+002
7407 +1.362462782e+002 +1.362462782e+002 +1.715962782e+002 +1.715962782e+002
7687 +1.321886056e+002 +1.321886056e+002 +1.675386056e+002 +1.675386056e+002
7764 +1.294105858e+002 +1.294105858e+002 +1.647605858e+002 +1.647605858e+002
7984 +1.205222478e+002 +1.205222478e+002 +1.558722478e+002 +1.558722478e+002
8016 +1.171943944e+002 +1.171943944e+002 +1.525443944e+002 +1.525443944e+002
8049 +9.752141203e+001 +9.752141203e+001 +1.328714120e+002 +1.328714120e+002
8387 +9.496478793e+001 +9.496478793e+001 +1.303147879e+002 +1.303147879e+002
9118 +8.862191972e+001 +8.862191972e+001 +1.239719197e+002 +1.239719197e+002
9214 +8.197527165e+001 +8.197527165e+001 +1.173252716e+002 +1.173252716e+002
9943 +7.300477374e+001 +7.300477374e+001 +1.083547737e+002 +1.083547737e+002
10309 +6.581797232e+001 +6.581797232e+001 +1.011679723e+002 +1.011679723e+002
10795 +6.082058107e+001 +6.082058107e+001 +9.617058107e+001 +9.617058107e+001
10927 +5.718639836e+001 +5.718639836e+001 +9.253639836e+001 +9.253639836e+001
11450 +5.428734824e+001 +5.428734824e+001 +8.963734824e+001 +8.963734824e+001
12362 +5.238301571e+001 +5.238301571e+001 +8.773301571e+001 +8.773301571e+001
12544 +4.961451724e+001 +4.961451724e+001 +8.496451724e+001 +8.496451724e+001
12843 +4.204446200e+001 +4.204446200e+001 +7.739446200e+001 +7.739446200e+001
13610 +4.163571361e+001 +4.163571361e+001 +7.698571361e+001 +7.698571361e+001
13712 +3.756862775e+001 +3.756862775e+001 +7.291862775e+001 +7.291862775e+001
14822 +3.639196415e+001 +3.639196415e+001 +7.174196415e+001 +7.174196415e+001
15298 +3.423940499e+001 +3.423940499e+001 +6.958940499e+001 +6.958940499e+001
15861 +3.330396929e+001 +3.330396929e+001 +6.865396929e+001 +6.865396929e+001
16815 +3.268429811e+001 +3.268429811e+001 +6.803429811e+001 +6.803429811e+001
17097 +3.193919226e+001 +3.193919226e+001 +6.728919226e+001 +6.728919226e+001
17286 +3.127568343e+001 +3.127568343e+001 +6.662568343e+001 +6.662568343e+001
17437 +3.083542012e+001 +3.083542012e+001 +6.618542012e+001 +6.618542012e+001
17565 +2.920003595e+001 +2.920003595e+001 +6.455003595e+001 +6.455003595e+001
18052 +2.507735378e+001 +2.507735378e+001 +6.042735378e+001 +6.042735378e+001
19496 +2.411408462e+001 +2.411408462e+001 +5.946408462e+001 +5.946408462e+001
19949 +2.382181912e+001 +2.382181912e+001 +5.917181912e+001 +5.917181912e+001
20678 +2.316328760e+001 +2.316328760e+001 +5.851328760e+001 +5.851328760e+001
21726 +2.290504576e+001 +2.290504576e+001 +5.825504576e+001 +5.825504576e+001
24124 +2.181360456e+001 +2.181360456e+001 +5.716360456e+001 +5.716360456e+001
% function evaluation | noise-free fitness - Fopt (3.820000000000e+000) | best noise-free fitness - Fopt | measured fitness | best measured fitness | x1 | x2...
1 +1.080243584e+004 +1.080243584e+004 +1.080625584e+004 +1.080625584e+004
2 +8.450467126e+003 +8.450467126e+003 +8.454287126e+003 +8.454287126e+003
5 +5.361818190e+003 +5.361818190e+003 +5.365638190e+003 +5.365638190e+003
11 +5.054689797e+003 +5.054689797e+003 +5.058509797e+003 +5.058509797e+003
23 +4.962802248e+003 +4.962802248e+003 +4.966622248e+003 +4.966622248e+003
59 +4.535877242e+003 +4.535877242e+003 +4.539697242e+003 +4.539697242e+003
124 +3.258935447e+003 +3.258935447e+003 +3.262755447e+003 +3.262755447e+003
377 +3.030704532e+003 +3.030704532e+003 +3.034524532e+003 +3.034524532e+003
409 +2.843744305e+003 +2.843744305e+003 +2.847564305e+003 +2.847564305e+003
416 +2.563479222e+003 +2.563479222e+003 +2.567299222e+003 +2.567299222e+003
602 +2.367966009e+003 +2.367966009e+003 +2.371786009e+003 +2.371786009e+003
738 +2.257600889e+003 +2.257600889e+003 +2.261420889e+003 +2.261420889e+003
789 +1.978203186e+003 +1.978203186e+003 +1.982023186e+003 +1.982023186e+003
939 +1.902265381e+003 +1.902265381e+003 +1.906085381e+003 +1.906085381e+003
958 +1.642472904e+003 +1.642472904e+003 +1.646292904e+003 +1.646292904e+003
977 +1.476899813e+003 +1.476899813e+003 +1.480719813e+003 +1.480719813e+003
1277 +1.426957856e+003 +1.426957856e+003 +1.430777856e+003 +1.430777856e+003
1351 +1.099365285e+003 +1.099365285e+003 +1.103185285e+003 +1.103185285e+003
1605 +9.317767616e+002 +9.317767616e+002 +9.355967616e+002 +9.355967616e+002
1932 +6.982203320e+002 +6.982203320e+002 +7.020403320e+002 +7.020403320e+002
1952 +6.245765702e+002 +6.245765702e+002 +6.283965702e+002 +6.283965702e+002
2605 +5.927179827e+002 +5.927179827e+002 +5.965379827e+002 +5.965379827e+002
2738 +5.130137355e+002 +5.130137355e+002 +5.168337355e+002 +5.168337355e+002
3120 +5.065203620e+002 +5.065203620e+002 +5.103403620e+002 +5.103403620e+002
3156 +4.884322453e+002 +4.884322453e+002 +4.922522453e+002 +4.922522453e+002
3600 +4.386245787e+002 +4.386245787e+002 +4.424445787e+002 +4.424445787e+002
3953 +4.012425813e+002 +4.012425813e+002 +4.050625813e+002 +4.050625813e+002
4093 +3.428932940e+002 +3.428932940e+002 +3.467132940e+002 +3.467132940e+002
4178 +3.178148324e+002 +3.178148324e+002 +3.216348324e+002 +3.216348324e+002
4411 +2.828356361e+002 +2.828356361e+002 +2.866556361e+002 +2.866556361e+002
4509 +2.675121066e+002 +2.675121066e+002 +2.713321066e+002 +2.713321066e+002
4649 +1.935547380e+002 +1.935547380e+002 +1.973747380e+002 +1.973747380e+002
5544 +1.861287211e+002 +1.861287211e+002 +1.899487211e+002 +1.899487211e+002
6028 +1.812948464e+002 +1.812948464e+002 +1.851148464e+002 +1.851148464e+002
6412 +1.737810698e+002 +1.737810698e+002 +1.776010698e+002 +1.776010698e+002
6415 +1.644034442e+002 +1.644034442e+002 +1.682234442e+002 +1.682234442e+002
6592 +1.498453901e+002 +1.498453901e+002 +1.536653901e+002 +1.536653901e+002
6861 +1.413047180e+002 +1.413047180e+002 +1.451247180e+002 +1.451247180e+002
7340 +1.381325343e+002 +1.381325343e+002 +1.419525343e+002 +1.419525343e+002
7471 +1.233056121e+002 +1.233056121e+002 +1.271256121e+002 +1.271256121e+002
8042 +1.088701038e+002 +1.088701038e+002 +1.126901038e+002 +1.126901038e+002
8371 +9.633220675e+001 +9.633220675e+001 +1.001522068e+002 +1.001522068e+002
8553 +9.201309752e+001 +9.201309752e+001 +9.583309752e+001 +9.583309752e+001
8806 +8.444924785e+001 +8.444924785e+001 +8.826924785e+001 +8.826924785e+001
8903 +7.747364075e+001 +7.747364075e+001 +8.129364075e+001 +8.129364075e+001
9610 +7.183709037e+001 +7.183709037e+001 +7.565709037e+001 +7.565709037e+001
10241 +6.850705276e+001 +6.850705276e+001 +7.232705276e+001 +7.232705276e+001
10506 +6.453055917e+001 +6.453055917e+001 +6.835055917e+001 +6.835055917e+001
11089 +5.211847454e+001 +5.211847454e+001 +5.593847454e+001 +5.593847454e+001
11239 +4.623357867e+001 +4.623357867e+001 +5.005357867e+001 +5.005357867e+001
12668 +4.364263643e+001 +4.364263643e+001 +4.746263643e+001 +4.746263643e+001
13040 +4.238294359e+001 +4.238294359e+001 +4.620294359e+001 +4.620294359e+001
13299 +4.085144229e+001 +4.085144229e+001 +4.467144229e+001 +4.467144229e+001
13484 +4.005709655e+001 +4.005709655e+001 +4.387709655e+001 +4.387709655e+001
13883 +3.783375977e+001 +3.783375977e+001 +4.165375977e+001 +4.165375977e+001
13970 +3.699248390e+001 +3.699248390e+001 +4.081248390e+001 +4.081248390e+001
14627 +3.603200552e+001 +3.603200552e+001 +3.985200552e+001 +3.985200552e+001
14697 +3.419416823e+001 +3.419416823e+001 +3.801416823e+001 +3.801416823e+001
15027 +3.321087512e+001 +3.321087512e+001 +3.703087512e+001 +3.703087512e+001
15078 +3.285948757e+001 +3.285948757e+001 +3.667948757e+001 +3.667948757e+001
15663 +3.201181661e+001 +3.201181661e+001 +3.583181661e+001 +3.583181661e+001
16196 +3.091029709e+001 +3.091029709e+001 +3.473029709e+001 +3.473029709e+001
16537 +3.080682664e+001 +3.080682664e+001 +3.462682664e+001 +3.462682664e+001
16951 +2.862257385e+001 +2.862257385e+001 +3.244257385e+001 +3.244257385e+001
17501 +2.741418179e+001 +2.741418179e+001 +3.123418179e+001 +3.123418179e+001
17689 +2.677015404e+001 +2.677015404e+001 +3.059015404e+001 +3.059015404e+001
18724 +2.485119952e+001 +2.485119952e+001 +2.867119952e+001 +2.867119952e+001
19071 +2.410586076e+001 +2.410586076e+001 +2.792586076e+001 +2.792586076e+001
19400 +2.270017859e+001 +2.270017859e+001 +2.652017859e+001 +2.652017859e+001
20245 +2.202530745e+001 +2.202530745e+001 +2.584530745e+001 +2.584530745e+001
20487 +2.105780599e+001 +2.105780599e+001 +2.487780599e+001 +2.487780599e+001
22279 +2.075280770e+001 +2.075280770e+001 +2.457280770e+001 +2.457280770e+001
22336 +2.012786957e+001 +2.012786957e+001 +2.394786957e+001 +2.394786957e+001
23125 +1.950332801e+001 +1.950332801e+001 +2.332332801e+001 +2.332332801e+001
23842 +1.928479658e+001 +1.928479658e+001 +2.310479658e+001 +2.310479658e+001
24759 +1.904674581e+001 +1.904674581e+001 +2.286674581e+001 +2.286674581e+001
24809 +1.841818707e+001 +1.841818707e+001 +2.223818707e+001 +2.223818707e+001
26291 +1.805187912e+001 +1.805187912e+001 +2.187187912e+001 +2.187187912e+001
26346 +1.767336821e+001 +1.767336821e+001 +2.149336821e+001 +2.149336821e+001
% function evaluation | noise-free fitness - Fopt (2.175000000000e+001) | best noise-free fitness - Fopt | measured fitness | best measured fitness | x1 | x2...
1 +6.704198138e+003 +6.704198138e+003 +6.725948138e+003 +6.725948138e+003
2 +4.514020004e+003 +4.514020004e+003 +4.535770004e+003 +4.535770004e+003
5 +3.555463210e+003 +3.555463210e+003 +3.577213210e+003 +3.577213210e+003
28 +3.273348105e+003 +3.273348105e+003 +3.295098105e+003 +3.295098105e+003
29 +3.189324017e+003 +3.189324017e+003 +3.211074017e+003 +3.211074017e+003
44 +2.895339363e+003 +2.895339363e+003 +2.917089363e+003 +2.917089363e+003
81 +2.477414955e+003 +2.477414955e+003 +2.499164955e+003 +2.499164955e+003
228 +2.129746875e+003 +2.129746875e+003 +2.151496875e+003 +2.151496875e+003
229 +2.000965573e+003 +2.000965573e+003 +2.022715573e+003 +2.022715573e+003
412 +1.882399133e+003 +1.882399133e+003 +1.904149133e+003 +1.904149133e+003
456 +1.765919866e+003 +1.765919866e+003 +1.787669866e+003 +1.787669866e+003
504 +1.027521939e+003 +1.027521939e+003 +1.049271939e+003 +1.049271939e+003
997 +1.008244265e+003 +1.008244265e+003 +1.029994265e+003 +1.029994265e+003
1106 +8.661958590e+002 +8.661958590e+002 +8.879458590e+002 +8.879458590e+002
1267 +8.400417212e+002 +8.400417212e+002 +8.617917212e+002 +8.617917212e+002
1668 +8.248207281e+002 +8.248207281e+002 +8.465707281e+002 +8.465707281e+002
1688 +7.714976889e+002 +7.714976889e+002 +7.932476889e+002 +7.932476889e+002
1729 +7.366385082e+002 +7.366385082e+002 +7.583885082e+002 +7.583885082e+002
1819 +6.477024548e+002 +6.477024548e+002 +6.694524548e+002 +6.694524548e+002
2026 +6.094122621e+002 +6.094122621e+002 +6.311622621e+002 +6.311622621e+002
2283 +5.920367087e+002 +5.920367087e+002 +6.137867087e+002 +6.137867087e+002
3144 +5.601749618e+002 +5.601749618e+002 +5.819249618e+002 +5.819249618e+002
3737 +4.938070862e+002 +4.938070862e+002 +5.155570862e+002 +5.155570862e+002
3827 +4.131226022e+002 +4.131226022e+002 +4.348726022e+002 +4.348726022e+002
3867 +3.726949770e+002 +3.726949770e+002 +3.944449770e+002 +3.944449770e+002
4318 +3.490726841e+002 +3.490726841e+002 +3.708226841e+002 +3.708226841e+002
4515 +3.275693810e+002 +3.275693810e+002 +3.493193810e+002 +3.493193810e+002
4579 +2.856242853e+002 +2.856242853e+002 +3.073742853e+002 +3.073742853e+002
5034 +2.607832884e+002 +2.607832884e+002 +2.825332884e+002 +2.825332884e+002
5372 +2.366839515e+002 +2.366839515e+002 +2.584339515e+002 +2.584339515e+002
5469 +2.304466657e+002 +2.304466657e+002 +2.521966657e+002 +2.521966657e+002
5627 +2.169808227e+002 +2.169808227e+002 +2.387308227e+002 +2.387308227e+002
5878 +1.909160054e+002 +1.909160054e+002 +2.126660054e+002 +2.126660054e+002
6716 +1.885040342e+002 +1.885040342e+002 +2.102540342e+002 +2.102540342e+002
6968 +1.709046579e+002 +1.709046579e+002 +1.926546579e+002 +1.926546579e+002
7124 +1.688272064e+002 +1.688272064e+002 +1.905772064e+002 +1.905772064e+002
7249 +1.447773307e+002 +1.447773307e+002 +1.665273307e+002 +1.665273307e+002
7955 +1.416414467e+002 +1.416414467e+002 +1.633914467e+002 +1.633914467e+002
8091 +1.248183198e+002 +1.248183198e+002 +1.465683198e+002 +1.465683198e+002
8520 +1.180885995e+002 +1.180885995e+002 +1.398385995e+002 +1.398385995e+002
8928 +1.145338738e+002 +1.145338738e+002 +1.362838738e+002 +1.362838738e+002
9496 +1.092254620e+002 +1.092254620e+002 +1.309754620e+002 +1.309754620e+002
9962 +1.057028674e+002 +1.057028674e+002 +1.274528674e+002 +1.274528674e+002
10085 +9.958987626e+001 +9.958987626e+001 +1.213398763e+002 +1.213398763e+002
10689 +9.686932040e+001 +9.686932040e+001 +1.186193204e+002 +1.186193204e+002
10903 +9.451474028e+001 +9.451474028e+001 +1.162647403e+002 +1.162647403e+002
10950 +8.984715041e+001 +8.984715041e+001 +1.115971504e+002 +1.115971504e+002
11157 +8.756799834e+001 +8.756799834e+001 +1.093179983e+002 +1.093179983e+002
11204 +8.498883447e+001 +8.498883447e+001 +1.067388345e+002 +1.067388345e+002
12102 +8.134814313e+001 +8.134814313e+001 +1.030981431e+002 +1.030981431e+002
12741 +7.751131859e+001 +7.751131859e+001 +9.926131859e+001 +9.926131859e+001
12756 +7.517391698e+001 +7.517391698e+001 +9.692391698e+001 +9.692391698e+001
13210 +6.785793401e+001 +6.785793401e+001 +8.960793401e+001 +8.960793401e+001
14162 +6.654374077e+001 +6.654374077e+001 +8.829374077e+001 +8.829374077e+001
14602 +6.412241710e+001 +6.412241710e+001 +8.587241710e+001 +8.587241710e+001
15007 +6.259927283e+001 +6.259927283e+001 +8.434927283e+001 +8.434927283e+001
15692 +5.996432219e+001 +5.996432219e+001 +8.171432219e+001 +8.171432219e+001
16324 +5.687361885e+001 +5.687361885e+001 +7.862361885e+001 +7.862361885e+001
17301 +5.617488719e+001 +5.617488719e+001 +7.792488719e+001 +7.792488719e+001
17596 +5.217630495e+001 +5.217630495e+001 +7.392630495e+001 +7.392630495e+001
19026 +5.112333558e+001 +5.112333558e+001 +7.287333558e+001 +7.287333558e+001
19220 +4.906621776e+001 +4.906621776e+001 +7.081621776e+001 +7.081621776e+001
19226 +4.825282722e+001 +4.825282722e+001 +7.000282722e+001 +7.000282722e+001
19643 +4.626437027e+001 +4.626437027e+001 +6.801437027e+001 +6.801437027e+001
20017 +4.484984843e+001 +4.484984843e+001 +6.659984843e+001 +6.659984843e+001
20917 +4.397520016e+001 +4.397520016e+001 +6.572520016e+001 +6.572520016e+001
21112 +4.295879766e+001 +4.295879766e+001 +6.470879766e+001 +6.470879766e+001
22368 +4.254480558e+001 +4.254480558e+001 +6.429480558e+001 +6.429480558e+001
23611 +4.166593318e+001 +4.166593318e+001 +6.341593318e+001 +6.341593318e+001
27961 +4.073311001e+001 +4.073311001e+001 +6.248311001e+001 +6.248311001e+001
% function evaluation | noise-free fitness - Fopt (6.479000000000e+001) | best noise-free fitness - Fopt | measured fitness | best measured fitness | x1 | x2...
1 +7.858870511e+003 +7.858870511e+003 +7.923660511e+003 +7.923660511e+003
2 +6.417812158e+003 +6.417812158e+003 +6.482602158e+003 +6.482602158e+003
3 +2.700926423e+003 +2.700926423e+003 +2.765716423e+003 +2.765716423e+003
116 +2.607882795e+003 +2.607882795e+003 +2.672672795e+003 +2.672672795e+003
303 +2.361367894e+003 +2.361367894e+003 +2.426157894e+003 +2.426157894e+003
370 +1.631702248e+003 +1.631702248e+003 +1.696492248e+003 +1.696492248e+003
693 +1.511489073e+003 +1.511489073e+003 +1.576279073e+003 +1.576279073e+003
808 +1.217237232e+003 +1.217237232e+003 +1.282027232e+003 +1.282027232e+003
971 +1.158936763e+003 +1.158936763e+003 +1.223726763e+003 +1.223726763e+003
1040 +9.669172297e+002 +9.669172297e+002 +1.031707230e+003 +1.031707230e+003
1321 +9.358953727e+002 +9.358953727e+002 +1.000685373e+003 +1.000685373e+003
1651 +8.696837585e+002 +8.696837585e+002 +9.344737585e+002 +9.344737585e+002
1685 +7.481129140e+002 +7.481129140e+002 +8.129029140e+002 +8.129029140e+002
1688 +6.575695023e+002 +6.575695023e+002 +7.223595023e+002 +7.223595023e+002
1860 +5.416432542e+002 +5.416432542e+002 +6.064332542e+002 +6.064332542e+002
2103 +4.471383654e+002 +4.471383654e+002 +5.119283654e+002 +5.119283654e+002
2624 +4.461920942e+002 +4.461920942e+002 +5.109820942e+002 +5.109820942e+002
2635 +4.307029111e+002 +4.307029111e+002 +4.954929111e+002 +4.954929111e+002
2650 +4.199662559e+002 +4.199662559e+002 +4.847562559e+002 +4.847562559e+002
2854 +3.771912775e+002 +3.771912775e+002 +4.419812775e+002 +4.419812775e+002
3432 +3.377930670e+002 +3.377930670e+002 +4.025830670e+002 +4.025830670e+002
3713 +2.729214807e+002 +2.729214807e+002 +3.377114807e+002 +3.377114807e+002
3845 +2.088334885e+002 +2.088334885e+002 +2.736234885e+002 +2.736234885e+002
4791 +1.919350913e+002 +1.919350913e+002 +2.567250913e+002 +2.567250913e+002
5531 +1.874562680e+002 +1.874562680e+002 +2.522462680e+002 +2.522462680e+002
5777 +1.740778333e+002 +1.740778333e+002 +2.388678333e+002 +2.388678333e+002
6263 +1.427159227e+002 +1.427159227e+002 +2.075059227e+002 +2.075059227e+002
6526 +1.296900649e+002 +1.296900649e+002 +1.944800649e+002 +1.944800649e+002
6810 +1.226303865e+002 +1.226303865e+002 +1.874203865e+002 +1.874203865e+002
7021 +1.108366296e+002 +1.108366296e+002 +1.756266296e+002 +1.756266296e+002
7331 +9.329922593e+001 +9.329922593e+001 +1.580892259e+002 +1.580892259e+002
8158 +7.749560864e+001 +7.749560864e+001 +1.422856086e+002 +1.422856086e+002
8420 +7.480982080e+001 +7.480982080e+001 +1.395998208e+002 +1.395998208e+002
8730 +7.334498870e+001 +7.334498870e+001 +1.381349887e+002 +1.381349887e+002
9194 +7.139338073e+001 +7.139338073e+001 +1.361833807e+002 +1.361833807e+002
9623 +6.135875596e+001 +6.135875596e+001 +1.261487560e+002 +1.261487560e+002
9785 +5.787882031e+001 +5.787882031e+001 +1.226688203e+002 +1.226688203e+002
10360 +5.694664257e+001 +5.694664257e+001 +1.217366426e+002 +1.217366426e+002
10701 +5.275491731e+001 +5.275491731e+001 +1.175449173e+002 +1.175449173e+002
10795 +5.086278560e+001 +5.086278560e+001 +1.156527856e+002 +1.156527856e+002
12430 +4.952712313e+001 +4.952712313e+001 +1.143171231e+002 +1.143171231e+002
12726 +4.798964602e+001 +4.798964602e+001 +1.127796460e+002 +1.127796460e+002
13030 +4.658518450e+001 +4.658518450e+001 +1.113751845e+002 +1.113751845e+002
15590 +4.258705151e+001 +4.258705151e+001 +1.073770515e+002 +1.073770515e+002
17846 +4.139829840e+001 +4.139829840e+001 +1.061882984e+002 +1.061882984e+002
18744 +3.945757604e+001 +3.945757604e+001 +1.042475760e+002 +1.042475760e+002
20253 +3.861955427e+001 +3.861955427e+001 +1.034095543e+002 +1.034095543e+002
20451 +3.690393943e+001 +3.690393943e+001 +1.016939394e+002 +1.016939394e+002
21046 +3.535381649e+001 +3.535381649e+001 +1.001438165e+002 +1.001438165e+002
23457 +3.448301422e+001 +3.448301422e+001 +9.927301422e+001 +9.927301422e+001
% function evaluation | noise-free fitness - Fopt (-6.173000000000e+001) | best noise-free fitness - Fopt | measured fitness | best measured fitness | x1 | x2...
1 +7.035543710e+003 +7.035543710e+003 +6.973813710e+003 +6.973813710e+003
2 +5.687752897e+003 +5.687752897e+003 +5.626022897e+003 +5.626022897e+003
17 +4.369859152e+003 +4.369859152e+003 +4.308129152e+003 +4.308129152e+003
21 +3.985047133e+003 +3.985047133e+003 +3.923317133e+003 +3.923317133e+003
27 +3.261490810e+003 +3.261490810e+003 +3.199760810e+003 +3.199760810e+003
139 +2.897457689e+003 +2.897457689e+003 +2.835727689e+003 +2.835727689e+003
229 +2.559049994e+003 +2.559049994e+003 +2.497319994e+003 +2.497319994e+003
473 +1.979494628e+003 +1.979494628e+003 +1.917764628e+003 +1.917764628e+003
841 +1.897888444e+003 +1.897888444e+003 +1.836158444e+003 +1.836158444e+003
956 +1.727640821e+003 +1.727640821e+003 +1.665910821e+003 +1.665910821e+003
1016 +1.412767405e+003 +1.412767405e+003 +1.351037405e+003 +1.351037405e+003
1187 +1.380052649e+003 +1.380052649e+003 +1.318322649e+003 +1.318322649e+003
1274 +1.175538542e+003 +1.175538542e+003 +1.113808542e+003 +1.113808542e+003
1370 +1.169307465e+003 +1.169307465e+003 +1.107577465e+003 +1.107577465e+003
1634 +1.139627675e+003 +1.139627675e+003 +1.077897675e+003 +1.077897675e+003
1688 +1.069738625e+003 +1.069738625e+003 +1.008008625e+003 +1.008008625e+003
2061 +9.905702316e+002 +9.905702316e+002 +9.288402316e+002 +9.288402316e+002
2078 +9.107529193e+002 +9.107529193e+002 +8.490229193e+002 +8.490229193e+002
2223 +8.507948315e+002 +8.507948315e+002 +7.890648315e+002 +7.890648315e+002
2385 +8.226405112e+002 +8.226405112e+002 +7.609105112e+002 +7.609105112e+002
2521 +7.895252889e+002 +7.895252889e+002 +7.277952889e+002 +7.277952889e+002
2620 +7.484914974e+002 +7.484914974e+002 +6.867614974e+002 +6.867614974e+002
2679 +6.779626024e+002 +6.779626024e+002 +6.162326024e+002 +6.162326024e+002
2869 +6.293468304e+002 +6.293468304e+002 +5.676168304e+002 +5.676168304e+002
3017 +6.038423677e+002 +6.038423677e+002 +5.421123677e+002 +5.421123677e+002
3368 +5.483912080e+002 +5.483912080e+002 +4.866612080e+002 +4.866612080e+002
3492 +3.994555533e+002 +3.994555533e+002 +3.377255533e+002 +3.377255533e+002
4048 +3.812836112e+002 +3.812836112e+002 +3.195536112e+002 +3.195536112e+002
4209 +3.058020792e+002 +3.058020792e+002 +2.440720792e+002 +2.440720792e+002
5451 +2.999981861e+002 +2.999981861e+002 +2.382681861e+002 +2.382681861e+002
5492 +2.634525792e+002 +2.634525792e+002 +2.017225792e+002 +2.017225792e+002
5519 +2.287337376e+002 +2.287337376e+002 +1.670037376e+002 +1.670037376e+002
5887 +2.027293116e+002 +2.027293116e+002 +1.409993116e+002 +1.409993116e+002
6725 +1.762433025e+002 +1.762433025e+002 +1.145133025e+002 +1.145133025e+002
7068 +1.726914720e+002 +1.726914720e+002 +1.109614720e+002 +1.109614720e+002
7322 +1.671537640e+002 +1.671537640e+002 +1.054237640e+002 +1.054237640e+002
7627 +1.546607221e+002 +1.546607221e+002 +9.293072215e+001 +9.293072215e+001
7873 +1.458096759e+002 +1.458096759e+002 +8.407967593e+001 +8.407967593e+001
8193 +1.325015161e+002 +1.325015161e+002 +7.077151612e+001 +7.077151612e+001
8274 +1.304165436e+002 +1.304165436e+002 +6.868654362e+001 +6.868654362e+001
8415 +1.274588594e+002 +1.274588594e+002 +6.572885937e+001 +6.572885937e+001
8528 +1.149334359e+002 +1.149334359e+002 +5.320343595e+001 +5.320343595e+001
8666 +1.026831583e+002 +1.026831583e+002 +4.095315833e+001 +4.095315833e+001
9439 +9.490470256e+001 +9.490470256e+001 +3.317470256e+001 +3.317470256e+001
10011 +8.622506653e+001 +8.622506653e+001 +2.449506653e+001 +2.449506653e+001
10057 +8.266520554e+001 +8.266520554e+001 +2.093520554e+001 +2.093520554e+001
10831 +7.890151166e+001 +7.890151166e+001 +1.717151166e+001 +1.717151166e+001
11415 +7.262492018e+001 +7.262492018e+001 +1.089492018e+001 +1.089492018e+001
11423 +7.011711881e+001 +7.011711881e+001 +8.387118814e+000 +8.387118814e+000
11908 +6.800538650e+001 +6.800538650e+001 +6.275386504e+000 +6.275386504e+000
12007 +6.524932232e+001 +6.524932232e+001 +3.519322323e+000 +3.519322323e+000
12229 +6.337015630e+001 +6.337015630e+001 +1.640156296e+000 +1.640156296e+000
12839 +5.532828841e+001 +5.532828841e+001 -6.401711586e+000 -6.401711586e+000
13413 +5.217622917e+001 +5.217622917e+001 -9.553770831e+000 -9.553770831e+000
13503 +4.845525754e+001 +4.845525754e+001 -1.327474246e+001 -1.327474246e+001
14230 +4.513136975e+001 +4.513136975e+001 -1.659863025e+001 -1.659863025e+001
14666 +4.448427119e+001 +4.448427119e+001 -1.724572881e+001 -1.724572881e+001
14712 +4.224903645e+001 +4.224903645e+001 -1.948096355e+001 -1.948096355e+001
15095 +3.649599010e+001 +3.649599010e+001 -2.523400990e+001 -2.523400990e+001
16889 +3.414974657e+001 +3.414974657e+001 -2.758025343e+001 -2.758025343e+001
17113 +3.138756300e+001 +3.138756300e+001 -3.034243700e+001 -3.034243700e+001
18468 +3.021856034e+001 +3.021856034e+001 -3.151143966e+001 -3.151143966e+001
18749 +2.867038937e+001 +2.867038937e+001 -3.305961063e+001 -3.305961063e+001
19096 +2.784462275e+001 +2.784462275e+001 -3.388537725e+001 -3.388537725e+001
19640 +2.745536960e+001 +2.745536960e+001 -3.427463040e+001 -3.427463040e+001
20048 +2.683802418e+001 +2.683802418e+001 -3.489197582e+001 -3.489197582e+001
20194 +2.597147683e+001 +2.597147683e+001 -3.575852317e+001 -3.575852317e+001
20818 +2.533582842e+001 +2.533582842e+001 -3.639417158e+001 -3.639417158e+001
21310 +2.485160587e+001 +2.485160587e+001 -3.687839413e+001 -3.687839413e+001
22333 +2.400475897e+001 +2.400475897e+001 -3.772524103e+001 -3.772524103e+001
22702 +2.306276065e+001 +2.306276065e+001 -3.866723935e+001 -3.866723935e+001
22900 +2.196422832e+001 +2.196422832e+001 -3.976577168e+001 -3.976577168e+001
23750 +2.116900593e+001 +2.116900593e+001 -4.056099407e+001 -4.056099407e+001
24178 +1.996026136e+001 +1.996026136e+001 -4.176973864e+001 -4.176973864e+001
25520 +1.963607258e+001 +1.963607258e+001 -4.209392742e+001 -4.209392742e+001
26653 +1.917350927e+001 +1.917350927e+001 -4.255649073e+001 -4.255649073e+001
26721 +1.903306051e+001 +1.903306051e+001 -4.269693949e+001 -4.269693949e+001
34145 +1.861332951e+001 +1.861332951e+001 -4.311667049e+001 -4.311667049e+001
% function evaluation | noise-free fitness - Fopt (-2.930000000000e+000) | best noise-free fitness - Fopt | measured fitness | best measured fitness | x1 | x2...
1 +4.745481964e+003 +4.745481964e+003 +4.742551964e+003 +4.742551964e+003
5 +4.271152053e+003 +4.271152053e+003 +4.268222053e+003 +4.268222053e+003
7 +3.268391614e+003 +3.268391614e+003 +3.265461614e+003 +3.265461614e+003
28 +3.026216019e+003 +3.026216019e+003 +3.023286019e+003 +3.023286019e+003
34 +2.324524258e+003 +2.324524258e+003 +2.321594258e+003 +2.321594258e+003
244 +2.282811645e+003 +2.282811645e+003 +2.279881645e+003 +2.279881645e+003
288 +2.007247643e+003 +2.007247643e+003 +2.004317643e+003 +2.004317643e+003
361 +1.828415171e+003 +1.828415171e+003 +1.825485171e+003 +1.825485171e+003
385 +1.708004824e+003 +1.708004824e+003 +1.705074824e+003 +1.705074824e+003
507 +1.291403019e+003 +1.291403019e+003 +1.288473019e+003 +1.288473019e+003
616 +1.284158507e+003 +1.284158507e+003 +1.281228507e+003 +1.281228507e+003
659 +1.038135555e+003 +1.038135555e+003 +1.035205555e+003 +1.035205555e+003
937 +1.003138323e+003 +1.003138323e+003 +1.000208323e+003 +1.000208323e+003
952 +8.443377615e+002 +8.443377615e+002 +8.414077615e+002 +8.414077615e+002
1818 +7.759150605e+002 +7.759150605e+002 +7.729850605e+002 +7.729850605e+002
1980 +5.989261638e+002 +5.989261638e+002 +5.959961638e+002 +5.959961638e+002
2494 +5.326232422e+002 +5.326232422e+002 +5.296932422e+002 +5.296932422e+002
2661 +5.186295349e+002 +5.186295349e+002 +5.156995349e+002 +5.156995349e+002
2881 +5.051289789e+002 +5.051289789e+002 +5.021989789e+002 +5.021989789e+002
2941 +4.497669998e+002 +4.497669998e+002 +4.468369998e+002 +4.468369998e+002
3022 +4.319287922e+002 +4.319287922e+002 +4.289987922e+002 +4.289987922e+002
3412 +4.077236465e+002 +4.077236465e+002 +4.047936465e+002 +4.047936465e+002
3456 +3.352209379e+002 +3.352209379e+002 +3.322909379e+002 +3.322909379e+002
3825 +3.072447326e+002 +3.072447326e+002 +3.043147326e+002 +3.043147326e+002
4292 +2.443579204e+002 +2.443579204e+002 +2.414279204e+002 +2.414279204e+002
4859 +2.251290228e+002 +2.251290228e+002 +2.221990228e+002 +2.221990228e+002
5011 +2.194280868e+002 +2.194280868e+002 +2.164980868e+002 +2.164980868e+002
5014 +2.009617535e+002 +2.009617535e+002 +1.980317535e+002 +1.980317535e+002
5015 +1.853677813e+002 +1.853677813e+002 +1.824377813e+002 +1.824377813e+002
5553 +1.752427609e+002 +1.752427609e+002 +1.723127609e+002 +1.723127609e+002
6031 +1.736180109e+002 +1.736180109e+002 +1.706880109e+002 +1.706880109e+002
6244 +1.568613689e+002 +1.568613689e+002 +1.539313689e+002 +1.539313689e+002
6426 +1.534706465e+002 +1.534706465e+002 +1.505406465e+002 +1.505406465e+002
6472 +1.495024538e+002 +1.495024538e+002 +1.465724538e+002 +1.465724538e+002
6579 +1.413092512e+002 +1.413092512e+002 +1.383792512e+002 +1.383792512e+002
6778 +1.339103684e+002 +1.339103684e+002 +1.309803684e+002 +1.309803684e+002
7229 +1.266936173e+002 +1.266936173e+002 +1.237636173e+002 +1.237636173e+002
7266 +1.227193704e+002 +1.227193704e+002 +1.197893704e+002 +1.197893704e+002
7428 +1.140141554e+002 +1.140141554e+002 +1.110841554e+002 +1.110841554e+002
7601 +1.056258975e+002 +1.056258975e+002 +1.026958975e+002 +1.026958975e+002
7841 +1.030430202e+002 +1.030430202e+002 +1.001130202e+002 +1.001130202e+002
7953 +9.571118571e+001 +9.571118571e+001 +9.278118571e+001 +9.278118571e+001
8005 +9.223517463e+001 +9.223517463e+001 +8.930517463e+001 +8.930517463e+001
8621 +7.914458887e+001 +7.914458887e+001 +7.621458887e+001 +7.621458887e+001
9225 +7.239253714e+001 +7.239253714e+001 +6.946253714e+001 +6.946253714e+001
9711 +7.026979315e+001 +7.026979315e+001 +6.733979315e+001 +6.733979315e+001
9757 +6.843180594e+001 +6.843180594e+001 +6.550180594e+001 +6.550180594e+001
9848 +6.200948176e+001 +6.200948176e+001 +5.907948176e+001 +5.907948176e+001
10014 +6.047049781e+001 +6.047049781e+001 +5.754049781e+001 +5.754049781e+001
10113 +5.451572218e+001 +5.451572218e+001 +5.158572218e+001 +5.158572218e+001
10813 +5.085695496e+001 +5.085695496e+001 +4.792695496e+001 +4.792695496e+001
11890 +4.693804112e+001 +4.693804112e+001 +4.400804112e+001 +4.400804112e+001
12144 +4.428815474e+001 +4.428815474e+001 +4.135815474e+001 +4.135815474e+001
12620 +4.031180142e+001 +4.031180142e+001 +3.738180142e+001 +3.738180142e+001
13880 +3.932094202e+001 +3.932094202e+001 +3.639094202e+001 +3.639094202e+001
14011 +3.726012374e+001 +3.726012374e+001 +3.433012374e+001 +3.433012374e+001
14012 +3.677064402e+001 +3.677064402e+001 +3.384064402e+001 +3.384064402e+001
14334 +3.571728044e+001 +3.571728044e+001 +3.278728044e+001 +3.278728044e+001
14466 +3.476637585e+001 +3.476637585e+001 +3.183637585e+001 +3.183637585e+001
14661 +3.447421094e+001 +3.447421094e+001 +3.154421094e+001 +3.154421094e+001
15074 +3.279094285e+001 +3.279094285e+001 +2.986094285e+001 +2.986094285e+001
15307 +3.132815616e+001 +3.132815616e+001 +2.839815616e+001 +2.839815616e+001
15704 +3.046832034e+001 +3.046832034e+001 +2.753832034e+001 +2.753832034e+001
16071 +3.009401190e+001 +3.009401190e+001 +2.716401190e+001 +2.716401190e+001
16109 +2.794601666e+001 +2.794601666e+001 +2.501601666e+001 +2.501601666e+001
16790 +2.647815109e+001 +2.647815109e+001 +2.354815109e+001 +2.354815109e+001
18042 +2.578318683e+001 +2.578318683e+001 +2.285318683e+001 +2.285318683e+001
18902 +2.569963460e+001 +2.569963460e+001 +2.276963460e+001 +2.276963460e+001
19598 +2.507441513e+001 +2.507441513e+001 +2.214441513e+001 +2.214441513e+001
21134 +2.432022998e+001 +2.432022998e+001 +2.139022998e+001 +2.139022998e+001
22129 +2.365827968e+001 +2.365827968e+001 +2.072827968e+001 +2.072827968e+001
23263 +2.304985631e+001 +2.304985631e+001 +2.011985631e+001 +2.011985631e+001
23979 +2.285605179e+001 +2.285605179e+001 +1.992605179e+001 +1.992605179e+001
24932 +2.219692792e+001 +2.219692792e+001 +1.926692792e+001 +1.926692792e+001
26467 +2.145287430e+001 +2.145287430e+001 +1.852287430e+001 +1.852287430e+001
% function evaluation | noise-free fitness - Fopt (1.398800000000e+002) | best noise-free fitness - Fopt | measured fitness | best measured fitness | x1 | x2...
1 +7.947516565e+003 +7.947516565e+003 +8.087396565e+003 +8.087396565e+003
2 +7.572612400e+003 +7.572612400e+003 +7.712492400e+003 +7.712492400e+003
3 +5.584151917e+003 +5.584151917e+003 +5.724031917e+003 +5.724031917e+003
12 +5.404460660e+003 +5.404460660e+003 +5.544340660e+003 +5.544340660e+003
16 +3.234540857e+003 +3.234540857e+003 +3.374420857e+003 +3.374420857e+003
369 +3.099852297e+003 +3.099852297e+003 +3.239732297e+003 +3.239732297e+003
400 +2.599729804e+003 +2.599729804e+003 +2.739609804e+003 +2.739609804e+003
433 +2.124161128e+003 +2.124161128e+003 +2.264041128e+003 +2.264041128e+003
621 +2.003677763e+003 +2.003677763e+003 +2.143557763e+003 +2.143557763e+003
648 +1.501213539e+003 +1.501213539e+003 +1.641093539e+003 +1.641093539e+003
688 +1.468634772e+003 +1.468634772e+003 +1.608514772e+003 +1.608514772e+003
840 +1.437764940e+003 +1.437764940e+003 +1.577644940e+003 +1.577644940e+003
953 +1.240349262e+003 +1.240349262e+003 +1.380229262e+003 +1.380229262e+003
1015 +1.058429174e+003 +1.058429174e+003 +1.198309174e+003 +1.198309174e+003
1154 +9.401346112e+002 +9.401346112e+002 +1.080014611e+003 +1.080014611e+003
1408 +8.751534779e+002 +8.751534779e+002 +1.015033478e+003 +1.015033478e+003
1411 +7.261811349e+002 +7.261811349e+002 +8.660611349e+002 +8.660611349e+002
1965 +7.209577222e+002 +7.209577222e+002 +8.608377222e+002 +8.608377222e+002
2132 +6.963867305e+002 +6.963867305e+002 +8.362667305e+002 +8.362667305e+002
2273 +6.470708786e+002 +6.470708786e+002 +7.869508786e+002 +7.869508786e+002
2513 +5.817887793e+002 +5.817887793e+002 +7.216687793e+002 +7.216687793e+002
2665 +4.864442656e+002 +4.864442656e+002 +6.263242656e+002 +6.263242656e+002
2820 +4.033786733e+002 +4.033786733e+002 +5.432586733e+002 +5.432586733e+002
3117 +3.634846889e+002 +3.634846889e+002 +5.033646889e+002 +5.033646889e+002
3700 +3.624304576e+002 +3.624304576e+002 +5.023104576e+002 +5.023104576e+002
3830 +3.327735382e+002 +3.327735382e+002 +4.726535382e+002 +4.726535382e+002
3844 +3.045144108e+002 +3.045144108e+002 +4.443944108e+002 +4.443944108e+002
4255 +2.834398345e+002 +2.834398345e+002 +4.233198345e+002 +4.233198345e+002
4276 +2.545675445e+002 +2.545675445e+002 +3.944475445e+002 +3.944475445e+002
4606 +2.303072468e+002 +2.303072468e+002 +3.701872468e+002 +3.701872468e+002
4847 +2.246869822e+002 +2.246869822e+002 +3.645669822e+002 +3.645669822e+002
5015 +1.867707435e+002 +1.867707435e+002 +3.266507435e+002 +3.266507435e+002
5220 +1.803018305e+002 +1.803018305e+002 +3.201818305e+002 +3.201818305e+002
5386 +1.705033945e+002 +1.705033945e+002 +3.103833945e+002 +3.103833945e+002
5772 +1.522435493e+002 +1.522435493e+002 +2.921235493e+002 +2.921235493e+002
5810 +1.437671314e+002 +1.437671314e+002 +2.836471314e+002 +2.836471314e+002
6076 +1.365639177e+002 +1.365639177e+002 +2.764439177e+002 +2.764439177e+002
6155 +1.201530433e+002 +1.201530433e+002 +2.600330433e+002 +2.600330433e+002
6657 +1.159819153e+002 +1.159819153e+002 +2.558619153e+002 +2.558619153e+002
6844 +9.141311119e+001 +9.141311119e+001 +2.312931112e+002 +2.312931112e+002
7670 +8.723301765e+001 +8.723301765e+001 +2.271130176e+002 +2.271130176e+002
8059 +8.345996924e+001 +8.345996924e+001 +2.233399692e+002 +2.233399692e+002
8448 +8.298977297e+001 +8.298977297e+001 +2.228697730e+002 +2.228697730e+002
8717 +7.894930287e+001 +7.894930287e+001 +2.188293029e+002 +2.188293029e+002
9387 +7.115603141e+001 +7.115603141e+001 +2.110360314e+002 +2.110360314e+002
9434 +7.078978751e+001 +7.078978751e+001 +2.106697875e+002 +2.106697875e+002
9615 +6.690158477e+001 +6.690158477e+001 +2.067815848e+002 +2.067815848e+002
9745 +5.739906324e+001 +5.739906324e+001 +1.972790632e+002 +1.972790632e+002
10264 +5.339720082e+001 +5.339720082e+001 +1.932772008e+002 +1.932772008e+002
10835 +4.933453524e+001 +4.933453524e+001 +1.892145352e+002 +1.892145352e+002
11059 +4.894249740e+001 +4.894249740e+001 +1.888224974e+002 +1.888224974e+002
11068 +4.566568559e+001 +4.566568559e+001 +1.855456856e+002 +1.855456856e+002
11789 +4.444665195e+001 +4.444665195e+001 +1.843266520e+002 +1.843266520e+002
11974 +4.187751764e+001 +4.187751764e+001 +1.817575176e+002 +1.817575176e+002
12193 +3.909140072e+001 +3.909140072e+001 +1.789714007e+002 +1.789714007e+002
13093 +3.811957618e+001 +3.811957618e+001 +1.779995762e+002 +1.779995762e+002
13228 +3.766879317e+001 +3.766879317e+001 +1.775487932e+002 +1.775487932e+002
13479 +3.490549126e+001 +3.490549126e+001 +1.747854913e+002 +1.747854913e+002
14802 +3.451743298e+001 +3.451743298e+001 +1.743974330e+002 +1.743974330e+002
14996 +3.291545176e+001 +3.291545176e+001 +1.727954518e+002 +1.727954518e+002
15071 +3.226650475e+001 +3.226650475e+001 +1.721465047e+002 +1.721465047e+002
15644 +2.991586686e+001 +2.991586686e+001 +1.697958669e+002 +1.697958669e+002
16530 +2.889453768e+001 +2.889453768e+001 +1.687745377e+002 +1.687745377e+002
16540 +2.789528979e+001 +2.789528979e+001 +1.677752898e+002 +1.677752898e+002
16848 +2.742844843e+001 +2.742844843e+001 +1.673084484e+002 +1.673084484e+002
17510 +2.676805879e+001 +2.676805879e+001 +1.666480588e+002 +1.666480588e+002
17532 +2.563253329e+001 +2.563253329e+001 +1.655125333e+002 +1.655125333e+002
18252 +2.433546281e+001 +2.433546281e+001 +1.642154628e+002 +1.642154628e+002
18601 +2.387574221e+001 +2.387574221e+001 +1.637557422e+002 +1.637557422e+002
18707 +2.337272834e+001 +2.337272834e+001 +1.632527283e+002 +1.632527283e+002
22482 +2.273121356e+001 +2.273121356e+001 +1.626112136e+002 +1.626112136e+002
24167 +2.229528067e+001 +2.229528067e+001 +1.621752807e+002 +1.621752807e+002
33333 +2.183499788e+001 +2.183499788e+001 +1.617149979e+002 +1.617149979e+002
% function evaluation | noise-free fitness - Fopt (-2.290200000000e+002) | best noise-free fitness - Fopt | measured fitness | best measured fitness | x1 | x2...
1 +6.185068152e+003 +6.185068152e+003 +5.956048152e+003 +5.956048152e+003
2 +5.910140132e+003 +5.910140132e+003 +5.681120132e+003 +5.681120132e+003
4 +3.764948810e+003 +3.764948810e+003 +3.535928810e+003 +3.535928810e+003
8 +3.297003190e+003 +3.297003190e+003 +3.067983190e+003 +3.067983190e+003
74 +3.195057402e+003 +3.195057402e+003 +2.966037402e+003 +2.966037402e+003
204 +2.150933087e+003 +2.150933087e+003 +1.921913087e+003 +1.921913087e+003
212 +2.130764741e+003 +2.130764741e+003 +1.901744741e+003 +1.901744741e+003
415 +2.027145563e+003 +2.027145563e+003 +1.798125563e+003 +1.798125563e+003
437 +1.098553555e+003 +1.098553555e+003 +8.695335549e+002 +8.695335549e+002
1155 +9.543955300e+002 +9.543955300e+002 +7.253755300e+002 +7.253755300e+002
1477 +8.636264056e+002 +8.636264056e+002 +6.346064056e+002 +6.346064056e+002
1693 +8.071351919e+002 +8.071351919e+002 +5.781151919e+002 +5.781151919e+002
1734 +7.743404676e+002 +7.743404676e+002 +5.453204676e+002 +5.453204676e+002
2041 +6.775598863e+002 +6.775598863e+002 +4.485398863e+002 +4.485398863e+002
2564 +6.743160900e+002 +6.743160900e+002 +4.452960900e+002 +4.452960900e+002
2582 +6.539822660e+002 +6.539822660e+002 +4.249622660e+002 +4.249622660e+002
2677 +6.242144933e+002 +6.242144933e+002 +3.951944933e+002 +3.951944933e+002
2746 +6.004638555e+002 +6.004638555e+002 +3.714438555e+002 +3.714438555e+002
2802 +5.303080056e+002 +5.303080056e+002 +3.012880056e+002 +3.012880056e+002
2894 +4.918261651e+002 +4.918261651e+002 +2.628061651e+002 +2.628061651e+002
2960 +3.745128210e+002 +3.745128210e+002 +1.454928210e+002 +1.454928210e+002
3222 +3.699215205e+002 +3.699215205e+002 +1.409015205e+002 +1.409015205e+002
3345 +2.964665189e+002 +2.964665189e+002 +6.744651888e+001 +6.744651888e+001
3704 +2.727809099e+002 +2.727809099e+002 +4.376090990e+001 +4.376090990e+001
3932 +2.541785073e+002 +2.541785073e+002 +2.515850725e+001 +2.515850725e+001
4109 +2.028799127e+002 +2.028799127e+002 -2.614008726e+001 -2.614008726e+001
5177 +1.873573019e+002 +1.873573019e+002 -4.166269812e+001 -4.166269812e+001
5395 +1.692371692e+002 +1.692371692e+002 -5.978283083e+001 -5.978283083e+001
5617 +1.422297317e+002 +1.422297317e+002 -8.679026829e+001 -8.679026829e+001
5758 +1.326698181e+002 +1.326698181e+002 -9.635018194e+001 -9.635018194e+001
5889 +1.218100083e+002 +1.218100083e+002 -1.072099917e+002 -1.072099917e+002
6271 +1.182582486e+002 +1.182582486e+002 -1.107617514e+002 -1.107617514e+002
6769 +1.136600985e+002 +1.136600985e+002 -1.153599015e+002 -1.153599015e+002
6846 +1.119780251e+002 +1.119780251e+002 -1.170419749e+002 -1.170419749e+002
6933 +1.076399783e+002 +1.076399783e+002 -1.213800217e+002 -1.213800217e+002
6987 +1.070506220e+002 +1.070506220e+002 -1.219693780e+002 -1.219693780e+002
7189 +1.024869258e+002 +1.024869258e+002 -1.265330742e+002 -1.265330742e+002
7304 +9.650849090e+001 +9.650849090e+001 -1.325115091e+002 -1.325115091e+002
7326 +9.457886432e+001 +9.457886432e+001 -1.344411357e+002 -1.344411357e+002
7469 +8.927338218e+001 +8.927338218e+001 -1.397466178e+002 -1.397466178e+002
7536 +8.377623217e+001 +8.377623217e+001 -1.452437678e+002 -1.452437678e+002
7539 +7.462651902e+001 +7.462651902e+001 -1.543934810e+002 -1.543934810e+002
8214 +7.084080747e+001 +7.084080747e+001 -1.581791925e+002 -1.581791925e+002
8309 +6.940845844e+001 +6.940845844e+001 -1.596115416e+002 -1.596115416e+002
8529 +6.788109225e+001 +6.788109225e+001 -1.611389077e+002 -1.611389077e+002
8795 +6.483738446e+001 +6.483738446e+001 -1.641826155e+002 -1.641826155e+002
8808 +6.011850678e+001 +6.011850678e+001 -1.689014932e+002 -1.689014932e+002
9244 +5.716773465e+001 +5.716773465e+001 -1.718522653e+002 -1.718522653e+002
9960 +4.840234579e+001 +4.840234579e+001 -1.806176542e+002 -1.806176542e+002
10454 +4.772288173e+001 +4.772288173e+001 -1.812971183e+002 -1.812971183e+002
10991 +4.486072542e+001 +4.486072542e+001 -1.841592746e+002 -1.841592746e+002
10992 +4.282779055e+001 +4.282779055e+001 -1.861922094e+002 -1.861922094e+002
11803 +4.012857041e+001 +4.012857041e+001 -1.888914296e+002 -1.888914296e+002
12026 +3.980640051e+001 +3.980640051e+001 -1.892135995e+002 -1.892135995e+002
12908 +3.643497739e+001 +3.643497739e+001 -1.925850226e+002 -1.925850226e+002
13366 +3.557428248e+001 +3.557428248e+001 -1.934457175e+002 -1.934457175e+002
13519 +3.397125260e+001 +3.397125260e+001 -1.950487474e+002 -1.950487474e+002
13761 +3.349677361e+001 +3.349677361e+001 -1.955232264e+002 -1.955232264e+002
13842 +3.291444601e+001 +3.291444601e+001 -1.961055540e+002 -1.961055540e+002
14358 +3.231972067e+001 +3.231972067e+001 -1.967002793e+002 -1.967002793e+002
15359 +3.087712248e+001 +3.087712248e+001 -1.981428775e+002 -1.981428775e+002
18272 +2.923045416e+001 +2.923045416e+001 -1.997895458e+002 -1.997895458e+002
18973 +2.867709683e+001 +2.867709683e+001 -2.003429032e+002 -2.003429032e+002
19167 +2.770733504e+001 +2.770733504e+001 -2.013126650e+002 -2.013126650e+002
19772 +2.739454846e+001 +2.739454846e+001 -2.016254515e+002 -2.016254515e+002
20323 +2.684462510e+001 +2.684462510e+001 -2.021753749e+002 -2.021753749e+002
20731 +2.595014893e+001 +2.595014893e+001 -2.030698511e+002 -2.030698511e+002
21477 +2.565320990e+001 +2.565320990e+001 -2.033667901e+002 -2.033667901e+002
% function evaluation | noise-free fitness - Fopt (6.198000000000e+001) | best noise-free fitness - Fopt | measured fitness | best measured fitness | x1 | x2...
1 +7.964109597e+003 +7.964109597e+003 +8.026089597e+003 +8.026089597e+003
2 +7.261415541e+003 +7.261415541e+003 +7.323395541e+003 +7.323395541e+003
3 +6.964513831e+003 +6.964513831e+003 +7.026493831e+003 +7.026493831e+003
4 +6.109870975e+003 +6.109870975e+003 +6.171850975e+003 +6.171850975e+003
5 +5.501590935e+003 +5.501590935e+003 +5.563570935e+003 +5.563570935e+003
8 +4.076931060e+003 +4.076931060e+003 +4.138911060e+003 +4.138911060e+003
14 +3.733174429e+003 +3.733174429e+003 +3.795154429e+003 +3.795154429e+003
15 +3.143379393e+003 +3.143379393e+003 +3.205359393e+003 +3.205359393e+003
18 +3.049424990e+003 +3.049424990e+003 +3.111404990e+003 +3.111404990e+003
29 +2.877564371e+003 +2.877564371e+003 +2.939544371e+003 +2.939544371e+003
35 +2.731678272e+003 +2.731678272e+003 +2.793658272e+003 +2.793658272e+003
47 +2.595355750e+003 +2.595355750e+003 +2.657335750e+003 +2.657335750e+003
91 +2.241654225e+003 +2.241654225e+003 +2.303634225e+003 +2.303634225e+003
109 +2.159200433e+003 +2.159200433e+003 +2.221180433e+003 +2.221180433e+003
215 +1.709634732e+003 +1.709634732e+003 +1.771614732e+003 +1.771614732e+003
263 +1.601504023e+003 +1.601504023e+003 +1.663484023e+003 +1.663484023e+003
429 +1.504354304e+003 +1.504354304e+003 +1.566334304e+003 +1.566334304e+003
482 +1.360371165e+003 +1.360371165e+003 +1.422351165e+003 +1.422351165e+003
890 +1.094521819e+003 +1.094521819e+003 +1.156501819e+003 +1.156501819e+003
1071 +1.053367862e+003 +1.053367862e+003 +1.115347862e+003 +1.115347862e+003
1316 +1.035063794e+003 +1.035063794e+003 +1.097043794e+003 +1.097043794e+003
1447 +9.433671133e+002 +9.433671133e+002 +1.005347113e+003 +1.005347113e+003
1519 +9.257033986e+002 +9.257033986e+002 +9.876833986e+002 +9.876833986e+002
1614 +8.546362339e+002 +8.546362339e+002 +9.166162339e+002 +9.166162339e+002
1641 +8.507249697e+002 +8.507249697e+002 +9.127049697e+002 +9.127049697e+002
1787 +7.967956493e+002 +7.967956493e+002 +8.587756493e+002 +8.587756493e+002
1922 +7.938288036e+002 +7.938288036e+002 +8.558088036e+002 +8.558088036e+002
1951 +7.750059631e+002 +7.750059631e+002 +8.369859631e+002 +8.369859631e+002
2013 +6.445157481e+002 +6.445157481e+002 +7.064957481e+002 +7.064957481e+002
2029 +5.753652639e+002 +5.753652639e+002 +6.373452639e+002 +6.373452639e+002
2313 +5.094253441e+002 +5.094253441e+002 +5.714053441e+002 +5.714053441e+002
2959 +4.546598154e+002 +4.546598154e+002 +5.166398154e+002 +5.166398154e+002
3025 +4.112285421e+002 +4.112285421e+002 +4.732085421e+002 +4.732085421e+002
3323 +3.592569762e+002 +3.592569762e+002 +4.212369762e+002 +4.212369762e+002
3621 +3.185720942e+002 +3.185720942e+002 +3.805520942e+002 +3.805520942e+002
3814 +3.161728823e+002 +3.161728823e+002 +3.781528823e+002 +3.781528823e+002
3904 +2.794941674e+002 +2.794941674e+002 +3.414741674e+002 +3.414741674e+002
4415 +2.752951392e+002 +2.752951392e+002 +3.372751392e+002 +3.372751392e+002
4568 +2.686936758e+002 +2.686936758e+002 +3.306736758e+002 +3.306736758e+002
4821 +2.498576600e+002 +2.498576600e+002 +3.118376600e+002 +3.118376600e+002
5143 +2.269327253e+002 +2.269327253e+002 +2.889127253e+002 +2.889127253e+002
5228 +2.078770063e+002 +2.078770063e+002 +2.698570063e+002 +2.698570063e+002
5624 +1.949769480e+002 +1.949769480e+002 +2.569569480e+002 +2.569569480e+002
5910 +1.860173221e+002 +1.860173221e+002 +2.479973221e+002 +2.479973221e+002
5981 +1.721998930e+002 +1.721998930e+002 +2.341798930e+002 +2.341798930e+002
6517 +1.681319024e+002 +1.681319024e+002 +2.301119024e+002 +2.301119024e+002
6581 +1.529825984e+002 +1.529825984e+002 +2.149625984e+002 +2.149625984e+002
6782 +1.503517659e+002 +1.503517659e+002 +2.123317659e+002 +2.123317659e+002
7117 +1.383148914e+002 +1.383148914e+002 +2.002948914e+002 +2.002948914e+002
7704 +1.290288730e+002 +1.290288730e+002 +1.910088730e+002 +1.910088730e+002
7884 +1.199033023e+002 +1.199033023e+002 +1.818833023e+002 +1.818833023e+002
8515 +1.162338514e+002 +1.162338514e+002 +1.782138514e+002 +1.782138514e+002
8885 +1.135804197e+002 +1.135804197e+002 +1.755604197e+002 +1.755604197e+002
9056 +1.106426405e+002 +1.106426405e+002 +1.726226405e+002 +1.726226405e+002
9296 +1.081301748e+002 +1.081301748e+002 +1.701101748e+002 +1.701101748e+002
9409 +1.059318691e+002 +1.059318691e+002 +1.679118691e+002 +1.679118691e+002
9428 +1.008636108e+002 +1.008636108e+002 +1.628436108e+002 +1.628436108e+002
9685 +9.952308144e+001 +9.952308144e+001 +1.615030814e+002 +1.615030814e+002
9707 +9.709190331e+001 +9.709190331e+001 +1.590719033e+002 +1.590719033e+002
9731 +9.241854944e+001 +9.241854944e+001 +1.543985494e+002 +1.543985494e+002
9944 +8.866648350e+001 +8.866648350e+001 +1.506464835e+002 +1.506464835e+002
10300 +8.581992403e+001 +8.581992403e+001 +1.477999240e+002 +1.477999240e+002
10737 +8.450309321e+001 +8.450309321e+001 +1.464830932e+002 +1.464830932e+002
10809 +8.307886319e+001 +8.307886319e+001 +1.450588632e+002 +1.450588632e+002
11026 +8.064178007e+001 +8.064178007e+001 +1.426217801e+002 +1.426217801e+002
11344 +7.744032264e+001 +7.744032264e+001 +1.394203226e+002 +1.394203226e+002
12065 +7.258410004e+001 +7.258410004e+001 +1.345641000e+002 +1.345641000e+002
12803 +7.106336215e+001 +7.106336215e+001 +1.330433621e+002 +1.330433621e+002
12862 +7.016009527e+001 +7.016009527e+001 +1.321400953e+002 +1.321400953e+002
13557 +6.865278420e+001 +6.865278420e+001 +1.306327842e+002 +1.306327842e+002
13560 +6.751709346e+001 +6.751709346e+001 +1.294970935e+002 +1.294970935e+002
14323 +6.414683882e+001 +6.414683882e+001 +1.261268388e+002 +1.261268388e+002
14789 +5.980712856e+001 +5.980712856e+001 +1.217871286e+002 +1.217871286e+002
16103 +5.847778061e+001 +5.847778061e+001 +1.204577806e+002 +1.204577806e+002
16196 +5.726671225e+001 +5.726671225e+001 +1.192467123e+002 +1.192467123e+002
19218 +5.590846695e+001 +5.590846695e+001 +1.178884670e+002 +1.178884670e+002
20314 +5.481485328e+001 +5.481485328e+001 +1.167948533e+002 +1.167948533e+002
21818 +5.339787365e+001 +5.339787365e+001 +1.153778736e+002 +1.153778736e+002
23212 +5.228919651e+001 +5.228919651e+001 +1.142691965e+002 +1.142691965e+002
24260 +5.025233216e+001 +5.025233216e+001 +1.122323322e+002 +1.122323322e+002
25410 +4.996271856e+001 +4.996271856e+001 +1.119427186e+002 +1.119427186e+002
27957 +4.891165227e+001 +4.891165227e+001 +1.108916523e+002 +1.108916523e+002
30539 +4.684488997e+001 +4.684488997e+001 +1.088248900e+002 +1.088248900e+002
32416 +4.637511511e+001 +4.637511511e+001 +1.083551151e+002 +1.083551151e+002
36018 +4.506916424e+001 +4.506916424e+001 +1.070491642e+002 +1.070491642e+002
39688 +4.462013071e+001 +4.462013071e+001 +1.066001307e+002 +1.066001307e+002
% function evaluation | noise-free fitness - Fopt (-2.359000000000e+001) | best noise-free fitness - Fopt | measured fitness | best measured fitness | x1 | x2...
1 +5.372876568e+003 +5.372876568e+003 +5.349286568e+003 +5.349286568e+003
7 +4.098658941e+003 +4.098658941e+003 +4.075068941e+003 +4.075068941e+003
8 +2.460135899e+003 +2.460135899e+003 +2.436545899e+003 +2.436545899e+003
173 +2.423674120e+003 +2.423674120e+003 +2.400084120e+003 +2.400084120e+003
206 +1.458144653e+003 +1.458144653e+003 +1.434554653e+003 +1.434554653e+003
769 +1.432069735e+003 +1.432069735e+003 +1.408479735e+003 +1.408479735e+003
795 +1.311888558e+003 +1.311888558e+003 +1.288298558e+003 +1.288298558e+003
821 +9.130790526e+002 +9.130790526e+002 +8.894890526e+002 +8.894890526e+002
1283 +8.230962777e+002 +8.230962777e+002 +7.995062777e+002 +7.995062777e+002
1730 +7.946097957e+002 +7.946097957e+002 +7.710197957e+002 +7.710197957e+002
1953 +7.287163670e+002 +7.287163670e+002 +7.051263670e+002 +7.051263670e+002
2005 +7.104160782e+002 +7.104160782e+002 +6.868260782e+002 +6.868260782e+002
2064 +6.431149694e+002 +6.431149694e+002 +6.195249694e+002 +6.195249694e+002
2097 +5.892360519e+002 +5.892360519e+002 +5.656460519e+002 +5.656460519e+002
2411 +5.402092255e+002 +5.402092255e+002 +5.166192255e+002 +5.166192255e+002
2735 +5.051342097e+002 +5.051342097e+002 +4.815442097e+002 +4.815442097e+002
2829 +4.191566174e+002 +4.191566174e+002 +3.955666174e+002 +3.955666174e+002
3348 +4.088206946e+002 +4.088206946e+002 +3.852306946e+002 +3.852306946e+002
3635 +3.827233941e+002 +3.827233941e+002 +3.591333941e+002 +3.591333941e+002
4030 +2.968698502e+002 +2.968698502e+002 +2.732798502e+002 +2.732798502e+002
4470 +2.886498064e+002 +2.886498064e+002 +2.650598064e+002 +2.650598064e+002
4687 +2.831038702e+002 +2.831038702e+002 +2.595138702e+002 +2.595138702e+002
4918 +2.748651520e+002 +2.748651520e+002 +2.512751520e+002 +2.512751520e+002
5042 +2.464574485e+002 +2.464574485e+002 +2.228674485e+002 +2.228674485e+002
5209 +2.263516053e+002 +2.263516053e+002 +2.027616053e+002 +2.027616053e+002
5491 +1.994808623e+002 +1.994808623e+002 +1.758908623e+002 +1.758908623e+002
5597 +1.575396235e+002 +1.575396235e+002 +1.339496235e+002 +1.339496235e+002
6866 +1.362567482e+002 +1.362567482e+002 +1.126667482e+002 +1.126667482e+002
7342 +1.337419501e+002 +1.337419501e+002 +1.101519501e+002 +1.101519501e+002
7418 +1.299118585e+002 +1.299118585e+002 +1.063218585e+002 +1.063218585e+002
7526 +1.282343770e+002 +1.282343770e+002 +1.046443770e+002 +1.046443770e+002
7861 +1.167530201e+002 +1.167530201e+002 +9.316302005e+001 +9.316302005e+001
8185 +1.101994681e+002 +1.101994681e+002 +8.660946809e+001 +8.660946809e+001
8418 +1.048505747e+002 +1.048505747e+002 +8.126057466e+001 +8.126057466e+001
8635 +9.725805661e+001 +9.725805661e+001 +7.366805661e+001 +7.366805661e+001
8665 +8.885023421e+001 +8.885023421e+001 +6.526023421e+001 +6.526023421e+001
9248 +8.544479654e+001 +8.544479654e+001 +6.185479654e+001 +6.185479654e+001
9276 +8.480136871e+001 +8.480136871e+001 +6.121136871e+001 +6.121136871e+001
9657 +8.285031065e+001 +8.285031065e+001 +5.926031065e+001 +5.926031065e+001
9819 +7.100122794e+001 +7.100122794e+001 +4.741122794e+001 +4.741122794e+001
10594 +7.068399866e+001 +7.068399866e+001 +4.709399866e+001 +4.709399866e+001
10616 +6.888368874e+001 +6.888368874e+001 +4.529368874e+001 +4.529368874e+001
10688 +6.577426819e+001 +6.577426819e+001 +4.218426819e+001 +4.218426819e+001
10889 +6.352133393e+001 +6.352133393e+001 +3.993133393e+001 +3.993133393e+001
11081 +6.291179889e+001 +6.291179889e+001 +3.932179889e+001 +3.932179889e+001
11244 +5.916381571e+001 +5.916381571e+001 +3.557381571e+001 +3.557381571e+001
11645 +5.755452231e+001 +5.755452231e+001 +3.396452231e+001 +3.396452231e+001
11943 +5.721529233e+001 +5.721529233e+001 +3.362529233e+001 +3.362529233e+001
12435 +5.416051375e+001 +5.416051375e+001 +3.057051375e+001 +3.057051375e+001
12740 +5.226596438e+001 +5.226596438e+001 +2.867596438e+001 +2.867596438e+001
13146 +4.877558321e+001 +4.877558321e+001 +2.518558321e+001 +2.518558321e+001
14092 +4.772789515e+001 +4.772789515e+001 +2.413789515e+001 +2.413789515e+001
14300 +4.606101975e+001 +4.606101975e+001 +2.247101975e+001 +2.247101975e+001
14486 +4.071944805e+001 +4.071944805e+001 +1.712944805e+001 +1.712944805e+001
16058 +3.964761738e+001 +3.964761738e+001 +1.605761738e+001 +1.605761738e+001
16795 +3.815658105e+001 +3.815658105e+001 +1.456658105e+001 +1.456658105e+001
17384 +3.771513793e+001 +3.771513793e+001 +1.412513793e+001 +1.412513793e+001
17681 +3.594889295e+001 +3.594889295e+001 +1.235889295e+001 +1.235889295e+001
20222 +3.543438197e+001 +3.543438197e+001 +1.184438197e+001 +1.184438197e+001
20607 +3.439797451e+001 +3.439797451e+001 +1.080797451e+001 +1.080797451e+001
21601 +3.379270611e+001 +3.379270611e+001 +1.020270611e+001 +1.020270611e+001
25334 +3.291030186e+001 +3.291030186e+001 +9.320301858e+000 +9.320301858e+000
35675 +3.235356318e+001 +3.235356318e+001 +8.763563182e+000 +8.763563182e+000
% function evaluation | noise-free fitness - Fopt (-1.214300000000e+002) | best noise-free fitness - Fopt | measured fitness | best measured fitness | x1 | x2...
1 +2.677339679e+003 +2.677339679e+003 +2.555909679e+003 +2.555909679e+003
40 +2.191468575e+003 +2.191468575e+003 +2.070038575e+003 +2.070038575e+003
273 +2.162621246e+003 +2.162621246e+003 +2.041191246e+003 +2.041191246e+003
293 +2.127798387e+003 +2.127798387e+003 +2.006368387e+003 +2.006368387e+003
447 +1.831884751e+003 +1.831884751e+003 +1.710454751e+003 +1.710454751e+003
548 +1.570031774e+003 +1.570031774e+003 +1.448601774e+003 +1.448601774e+003
654 +1.452691776e+003 +1.452691776e+003 +1.331261776e+003 +1.331261776e+003
721 +1.415099050e+003 +1.415099050e+003 +1.293669050e+003 +1.293669050e+003
798 +1.389020318e+003 +1.389020318e+003 +1.267590318e+003 +1.267590318e+003
805 +1.351964336e+003 +1.351964336e+003 +1.230534336e+003 +1.230534336e+003
1004 +1.277320203e+003 +1.277320203e+003 +1.155890203e+003 +1.155890203e+003
1185 +1.146542469e+003 +1.146542469e+003 +1.025112469e+003 +1.025112469e+003
1425 +8.479033510e+002 +8.479033510e+002 +7.264733510e+002 +7.264733510e+002
1472 +7.822204996e+002 +7.822204996e+002 +6.607904996e+002 +6.607904996e+002
2033 +7.575162389e+002 +7.575162389e+002 +6.360862389e+002 +6.360862389e+002
2060 +7.272850954e+002 +7.272850954e+002 +6.058550954e+002 +6.058550954e+002
2097 +6.751052978e+002 +6.751052978e+002 +5.536752978e+002 +5.536752978e+002
2677 +6.602225015e+002 +6.602225015e+002 +5.387925015e+002 +5.387925015e+002
2688 +6.052837506e+002 +6.052837506e+002 +4.838537506e+002 +4.838537506e+002
2807 +5.012620166e+002 +5.012620166e+002 +3.798320166e+002 +3.798320166e+002
3205 +4.937754299e+002 +4.937754299e+002 +3.723454299e+002 +3.723454299e+002
3382 +4.804180900e+002 +4.804180900e+002 +3.589880900e+002 +3.589880900e+002
3434 +4.159308948e+002 +4.159308948e+002 +2.945008948e+002 +2.945008948e+002
3879 +3.376585507e+002 +3.376585507e+002 +2.162285507e+002 +2.162285507e+002
4187 +2.956651527e+002 +2.956651527e+002 +1.742351527e+002 +1.742351527e+002
4436 +2.853062711e+002 +2.853062711e+002 +1.638762711e+002 +1.638762711e+002
4795 +2.681127357e+002 +2.681127357e+002 +1.466827357e+002 +1.466827357e+002
4850 +2.626051852e+002 +2.626051852e+002 +1.411751852e+002 +1.411751852e+002
5217 +2.498606929e+002 +2.498606929e+002 +1.284306929e+002 +1.284306929e+002
5243 +2.422308977e+002 +2.422308977e+002 +1.208008977e+002 +1.208008977e+002
5444 +2.356873760e+002 +2.356873760e+002 +1.142573760e+002 +1.142573760e+002
5513 +2.162158964e+002 +2.162158964e+002 +9.478589642e+001 +9.478589642e+001
5527 +2.071938878e+002 +2.071938878e+002 +8.576388777e+001 +8.576388777e+001
5940 +1.985874856e+002 +1.985874856e+002 +7.715748561e+001 +7.715748561e+001
6063 +1.835449513e+002 +1.835449513e+002 +6.211495133e+001 +6.211495133e+001
6256 +1.695714119e+002 +1.695714119e+002 +4.814141186e+001 +4.814141186e+001
6810 +1.657370424e+002 +1.657370424e+002 +4.430704245e+001 +4.430704245e+001
7339 +1.559932624e+002 +1.559932624e+002 +3.456326241e+001 +3.456326241e+001
7466 +1.548210985e+002 +1.548210985e+002 +3.339109848e+001 +3.339109848e+001
7711 +1.414258646e+002 +1.414258646e+002 +1.999586456e+001 +1.999586456e+001
8036 +1.191583572e+002 +1.191583572e+002 -2.271642847e+000 -2.271642847e+000
8933 +1.142412142e+002 +1.142412142e+002 -7.188785836e+000 -7.188785836e+000
9057 +1.087042899e+002 +1.087042899e+002 -1.272571014e+001 -1.272571014e+001
9432 +1.068434102e+002 +1.068434102e+002 -1.458658983e+001 -1.458658983e+001
9761 +1.001582988e+002 +1.001582988e+002 -2.127170118e+001 -2.127170118e+001
9930 +9.991240348e+001 +9.991240348e+001 -2.151759652e+001 -2.151759652e+001
10343 +9.592337953e+001 +9.592337953e+001 -2.550662047e+001 -2.550662047e+001
10637 +8.962329848e+001 +8.962329848e+001 -3.180670152e+001 -3.180670152e+001
11004 +8.579319508e+001 +8.579319508e+001 -3.563680492e+001 -3.563680492e+001
11885 +7.854238766e+001 +7.854238766e+001 -4.288761234e+001 -4.288761234e+001
12224 +7.631117684e+001 +7.631117684e+001 -4.511882316e+001 -4.511882316e+001
12987 +7.359159537e+001 +7.359159537e+001 -4.783840463e+001 -4.783840463e+001
13504 +6.805684666e+001 +6.805684666e+001 -5.337315334e+001 -5.337315334e+001
13922 +6.574466587e+001 +6.574466587e+001 -5.568533413e+001 -5.568533413e+001
14796 +6.238033225e+001 +6.238033225e+001 -5.904966775e+001 -5.904966775e+001
14919 +5.916340758e+001 +5.916340758e+001 -6.226659242e+001 -6.226659242e+001
15252 +5.836112967e+001 +5.836112967e+001 -6.306887033e+001 -6.306887033e+001
15861 +5.114266569e+001 +5.114266569e+001 -7.028733431e+001 -7.028733431e+001
16918 +4.929981191e+001 +4.929981191e+001 -7.213018809e+001 -7.213018809e+001
17566 +4.732653317e+001 +4.732653317e+001 -7.410346683e+001 -7.410346683e+001
17773 +4.661759305e+001 +4.661759305e+001 -7.481240695e+001 -7.481240695e+001
18178 +4.546932150e+001 +4.546932150e+001 -7.596067850e+001 -7.596067850e+001
19926 +4.452708440e+001 +4.452708440e+001 -7.690291560e+001 -7.690291560e+001
20367 +4.358167626e+001 +4.358167626e+001 -7.784832374e+001 -7.784832374e+001
21267 +4.247142989e+001 +4.247142989e+001 -7.895857011e+001 -7.895857011e+001
21586 +4.160698520e+001 +4.160698520e+001 -7.982301480e+001 -7.982301480e+001
25600 +4.060813596e+001 +4.060813596e+001 -8.082186404e+001 -8.082186404e+001
29041 +3.967071874e+001 +3.967071874e+001 -8.175928126e+001 -8.175928126e+001
30539 +3.865743362e+001 +3.865743362e+001 -8.277256638e+001 -8.277256638e+001
31632 +3.788527411e+001 +3.788527411e+001 -8.354472589e+001 -8.354472589e+001
% function evaluation | noise-free fitness - Fopt (-3.364000000000e+001) | best noise-free fitness - Fopt | measured fitness | best measured fitness | x1 | x2...
1 +6.803696435e+003 +6.803696435e+003 +6.770056435e+003 +6.770056435e+003
5 +5.708828112e+003 +5.708828112e+003 +5.675188112e+003 +5.675188112e+003
29 +5.321080479e+003 +5.321080479e+003 +5.287440479e+003 +5.287440479e+003
67 +4.660635413e+003 +4.660635413e+003 +4.626995413e+003 +4.626995413e+003
89 +4.065640214e+003 +4.065640214e+003 +4.032000214e+003 +4.032000214e+003
207 +3.179904046e+003 +3.179904046e+003 +3.146264046e+003 +3.146264046e+003
447 +2.570017718e+003 +2.570017718e+003 +2.536377718e+003 +2.536377718e+003
693 +2.214295293e+003 +2.214295293e+003 +2.180655293e+003 +2.180655293e+003
861 +2.009316843e+003 +2.009316843e+003 +1.975676843e+003 +1.975676843e+003
896 +1.845190338e+003 +1.845190338e+003 +1.811550338e+003 +1.811550338e+003
938 +1.683700262e+003 +1.683700262e+003 +1.650060262e+003 +1.650060262e+003
1016 +1.614261105e+003 +1.614261105e+003 +1.580621105e+003 +1.580621105e+003
1031 +1.436667236e+003 +1.436667236e+003 +1.403027236e+003 +1.403027236e+003
1049 +1.287694772e+003 +1.287694772e+003 +1.254054772e+003 +1.254054772e+003
1421 +1.141102409e+003 +1.141102409e+003 +1.107462409e+003 +1.107462409e+003
1456 +1.084877112e+003 +1.084877112e+003 +1.051237112e+003 +1.051237112e+003
1566 +9.439328973e+002 +9.439328973e+002 +9.102928973e+002 +9.102928973e+002
1706 +7.943644169e+002 +7.943644169e+002 +7.607244169e+002 +7.607244169e+002
2380 +7.749779424e+002 +7.749779424e+002 +7.413379424e+002 +7.413379424e+002
2419 +7.418613561e+002 +7.418613561e+002 +7.082213561e+002 +7.082213561e+002
2806 +6.790665728e+002 +6.790665728e+002 +6.454265728e+002 +6.454265728e+002
2819 +5.938625009e+002 +5.938625009e+002 +5.602225009e+002 +5.602225009e+002
3212 +5.369085219e+002 +5.369085219e+002 +5.032685219e+002 +5.032685219e+002
3235 +5.236238953e+002 +5.236238953e+002 +4.899838953e+002 +4.899838953e+002
3872 +5.019718366e+002 +5.019718366e+002 +4.683318366e+002 +4.683318366e+002
4095 +3.665449287e+002 +3.665449287e+002 +3.329049287e+002 +3.329049287e+002
4272 +3.577219023e+002 +3.577219023e+002 +3.240819023e+002 +3.240819023e+002
4416 +3.401463727e+002 +3.401463727e+002 +3.065063727e+002 +3.065063727e+002
4801 +2.832118445e+002 +2.832118445e+002 +2.495718445e+002 +2.495718445e+002
5203 +2.772503390e+002 +2.772503390e+002 +2.436103390e+002 +2.436103390e+002
5370 +2.480120002e+002 +2.480120002e+002 +2.143720002e+002 +2.143720002e+002
5462 +2.147394239e+002 +2.147394239e+002 +1.810994239e+002 +1.810994239e+002
6383 +1.958163060e+002 +1.958163060e+002 +1.621763060e+002 +1.621763060e+002
6452 +1.904709290e+002 +1.904709290e+002 +1.568309290e+002 +1.568309290e+002
6987 +1.860912866e+002 +1.860912866e+002 +1.524512866e+002 +1.524512866e+002
7088 +1.476560414e+002 +1.476560414e+002 +1.140160414e+002 +1.140160414e+002
7284 +1.398452047e+002 +1.398452047e+002 +1.062052047e+002 +1.062052047e+002
7726 +1.366883047e+002 +1.366883047e+002 +1.030483047e+002 +1.030483047e+002
7787 +1.336564790e+002 +1.336564790e+002 +1.000164790e+002 +1.000164790e+002
8258 +1.276562876e+002 +1.276562876e+002 +9.401628763e+001 +9.401628763e+001
8353 +1.144456422e+002 +1.144456422e+002 +8.080564217e+001 +8.080564217e+001
8360 +1.104644369e+002 +1.104644369e+002 +7.682443687e+001 +7.682443687e+001
8645 +1.086848472e+002 +1.086848472e+002 +7.504484715e+001 +7.504484715e+001
8882 +9.909815007e+001 +9.909815007e+001 +6.545815007e+001 +6.545815007e+001
9203 +9.517485921e+001 +9.517485921e+001 +6.153485921e+001 +6.153485921e+001
9790 +8.384290446e+001 +8.384290446e+001 +5.020290446e+001 +5.020290446e+001
10010 +8.189222740e+001 +8.189222740e+001 +4.825222740e+001 +4.825222740e+001
10424 +7.754996445e+001 +7.754996445e+001 +4.390996445e+001 +4.390996445e+001
10640 +7.297002480e+001 +7.297002480e+001 +3.933002480e+001 +3.933002480e+001
10802 +7.224873237e+001 +7.224873237e+001 +3.860873237e+001 +3.860873237e+001
10889 +6.214339191e+001 +6.214339191e+001 +2.850339191e+001 +2.850339191e+001
11216 +6.012610553e+001 +6.012610553e+001 +2.648610553e+001 +2.648610553e+001
11841 +5.878407175e+001 +5.878407175e+001 +2.514407175e+001 +2.514407175e+001
12149 +5.502094583e+001 +5.502094583e+001 +2.138094583e+001 +2.138094583e+001
12238 +5.249859636e+001 +5.249859636e+001 +1.885859636e+001 +1.885859636e+001
12343 +5.115232264e+001 +5.115232264e+001 +1.751232264e+001 +1.751232264e+001
12819 +4.751981307e+001 +4.751981307e+001 +1.387981307e+001 +1.387981307e+001
13225 +4.515762108e+001 +4.515762108e+001 +1.151762108e+001 +1.151762108e+001
13870 +4.443476373e+001 +4.443476373e+001 +1.079476373e+001 +1.079476373e+001
13942 +4.314480563e+001 +4.314480563e+001 +9.504805631e+000 +9.504805631e+000
14023 +4.204600427e+001 +4.204600427e+001 +8.406004265e+000 +8.406004265e+000
14046 +3.966478029e+001 +3.966478029e+001 +6.024780295e+000 +6.024780295e+000
14789 +3.862861193e+001 +3.862861193e+001 +4.988611927e+000 +4.988611927e+000
15038 +3.673723489e+001 +3.673723489e+001 +3.097234890e+000 +3.097234890e+000
15078 +3.263931904e+001 +3.263931904e+001 -1.000680961e+000 -1.000680961e+000
17373 +3.184301952e+001 +3.184301952e+001 -1.796980484e+000 -1.796980484e+000
17586 +3.097725924e+001 +3.097725924e+001 -2.662740757e+000 -2.662740757e+000
18822 +3.064251142e+001 +3.064251142e+001 -2.997488583e+000 -2.997488583e+000
19231 +3.019791243e+001 +3.019791243e+001 -3.442087569e+000 -3.442087569e+000
19303 +2.913084184e+001 +2.913084184e+001 -4.509158160e+000 -4.509158160e+000
20021 +2.794402660e+001 +2.794402660e+001 -5.695973401e+000 -5.695973401e+000
20724 +2.735657333e+001 +2.735657333e+001 -6.283426673e+000 -6.283426673e+000
20739 +2.680978520e+001 +2.680978520e+001 -6.830214802e+000 -6.830214802e+000
21817 +2.492826466e+001 +2.492826466e+001 -8.711735339e+000 -8.711735339e+000
23008 +2.428743541e+001 +2.428743541e+001 -9.352564587e+000 -9.352564587e+000
23304 +2.366454740e+001 +2.366454740e+001 -9.975452601e+000 -9.975452601e+000
24035 +2.210877512e+001 +2.210877512e+001 -1.153122488e+001 -1.153122488e+001
27123 +2.178322629e+001 +2.178322629e+001 -1.185677371e+001 -1.185677371e+001
27625 +2.072719212e+001 +2.072719212e+001 -1.291280788e+001 -1.291280788e+001
31800 +2.025723039e+001 +2.025723039e+001 -1.338276961e+001 -1.338276961e+001
34750 +1.994651769e+001 +1.994651769e+001 -1.369348231e+001 -1.369348231e+001
% function evaluation | noise-free fitness - Fopt (-5.323000000000e+001) | best noise-free fitness - Fopt | measured fitness | best measured fitness | x1 | x2...
1 +5.941932554e+003 +5.941932554e+003 +5.888702554e+003 +5.888702554e+003
2 +4.310854628e+003 +4.310854628e+003 +4.257624628e+003 +4.257624628e+003
3 +3.900945674e+003 +3.900945674e+003 +3.847715674e+003 +3.847715674e+003
8 +3.849586840e+003 +3.849586840e+003 +3.796356840e+003 +3.796356840e+003
10 +3.309510571e+003 +3.309510571e+003 +3.256280571e+003 +3.256280571e+003
16 +3.228540902e+003 +3.228540902e+003 +3.175310902e+003 +3.175310902e+003
27 +2.779651074e+003 +2.779651074e+003 +2.726421074e+003 +2.726421074e+003
102 +2.688504918e+003 +2.688504918e+003 +2.635274918e+003 +2.635274918e+003
199 +2.614307619e+003 +2.614307619e+003 +2.561077619e+003 +2.561077619e+003
221 +2.055336408e+003 +2.055336408e+003 +2.002106408e+003 +2.002106408e+003
250 +1.468060114e+003 +1.468060114e+003 +1.414830114e+003 +1.414830114e+003
768 +1.382507349e+003 +1.382507349e+003 +1.329277349e+003 +1.329277349e+003
1068 +1.228307876e+003 +1.228307876e+003 +1.175077876e+003 +1.175077876e+003
1214 +1.085184693e+003 +1.085184693e+003 +1.031954693e+003 +1.031954693e+003
1538 +9.932494229e+002 +9.932494229e+002 +9.400194229e+002 +9.400194229e+002
1670 +8.864015508e+002 +8.864015508e+002 +8.331715508e+002 +8.331715508e+002
1872 +8.672584191e+002 +8.672584191e+002 +8.140284191e+002 +8.140284191e+002
2112 +8.131237139e+002 +8.131237139e+002 +7.598937139e+002 +7.598937139e+002
2215 +7.942288658e+002 +7.942288658e+002 +7.409988658e+002 +7.409988658e+002
2265 +7.273367443e+002 +7.273367443e+002 +6.741067443e+002 +6.741067443e+002
2466 +7.084119521e+002 +7.084119521e+002 +6.551819521e+002 +6.551819521e+002
3004 +6.228375635e+002 +6.228375635e+002 +5.696075635e+002 +5.696075635e+002
3093 +5.620640133e+002 +5.620640133e+002 +5.088340133e+002 +5.088340133e+002
3117 +5.118755859e+002 +5.118755859e+002 +4.586455859e+002 +4.586455859e+002
3246 +4.925633325e+002 +4.925633325e+002 +4.393333325e+002 +4.393333325e+002
3595 +4.785882631e+002 +4.785882631e+002 +4.253582631e+002 +4.253582631e+002
3600 +4.665596676e+002 +4.665596676e+002 +4.133296676e+002 +4.133296676e+002
3678 +4.239668696e+002 +4.239668696e+002 +3.707368696e+002 +3.707368696e+002
3687 +3.795665884e+002 +3.795665884e+002 +3.263365884e+002 +3.263365884e+002
3781 +3.709264653e+002 +3.709264653e+002 +3.176964653e+002 +3.176964653e+002
4186 +3.593432216e+002 +3.593432216e+002 +3.061132216e+002 +3.061132216e+002
4349 +3.313132233e+002 +3.313132233e+002 +2.780832233e+002 +2.780832233e+002
4489 +3.258592119e+002 +3.258592119e+002 +2.726292119e+002 +2.726292119e+002
4547 +3.001130866e+002 +3.001130866e+002 +2.468830866e+002 +2.468830866e+002
5302 +2.862254874e+002 +2.862254874e+002 +2.329954874e+002 +2.329954874e+002
5346 +2.509448698e+002 +2.509448698e+002 +1.977148698e+002 +1.977148698e+002
5815 +2.203559646e+002 +2.203559646e+002 +1.671259646e+002 +1.671259646e+002
6288 +1.998179272e+002 +1.998179272e+002 +1.465879272e+002 +1.465879272e+002
6466 +1.897992004e+002 +1.897992004e+002 +1.365692004e+002 +1.365692004e+002
6730 +1.706106521e+002 +1.706106521e+002 +1.173806521e+002 +1.173806521e+002
6922 +1.694363410e+002 +1.694363410e+002 +1.162063410e+002 +1.162063410e+002
7288 +1.653532206e+002 +1.653532206e+002 +1.121232206e+002 +1.121232206e+002
7402 +1.586153358e+002 +1.586153358e+002 +1.053853358e+002 +1.053853358e+002
7582 +1.480800122e+002 +1.480800122e+002 +9.485001221e+001 +9.485001221e+001
7849 +1.305836561e+002 +1.305836561e+002 +7.735365605e+001 +7.735365605e+001
8219 +1.280709553e+002 +1.280709553e+002 +7.484095531e+001 +7.484095531e+001
8802 +1.151077169e+002 +1.151077169e+002 +6.187771691e+001 +6.187771691e+001
8804 +1.134840898e+002 +1.134840898e+002 +6.025408977e+001 +6.025408977e+001
9179 +1.101280376e+002 +1.101280376e+002 +5.689803761e+001 +5.689803761e+001
9328 +1.034017145e+002 +1.034017145e+002 +5.017171453e+001 +5.017171453e+001
9418 +9.881225975e+001 +9.881225975e+001 +4.558225975e+001 +4.558225975e+001
9523 +9.765198734e+001 +9.765198734e+001 +4.442198734e+001 +4.442198734e+001
9986 +9.476889957e+001 +9.476889957e+001 +4.153889957e+001 +4.153889957e+001
10204 +9.240367087e+001 +9.240367087e+001 +3.917367087e+001 +3.917367087e+001
10235 +8.855369838e+001 +8.855369838e+001 +3.532369838e+001 +3.532369838e+001
10446 +8.526406508e+001 +8.526406508e+001 +3.203406508e+001 +3.203406508e+001
10930 +8.066442168e+001 +8.066442168e+001 +2.743442168e+001 +2.743442168e+001
11207 +7.940265586e+001 +7.940265586e+001 +2.617265586e+001 +2.617265586e+001
11483 +7.439263372e+001 +7.439263372e+001 +2.116263372e+001 +2.116263372e+001
12003 +7.041725295e+001 +7.041725295e+001 +1.718725295e+001 +1.718725295e+001
12205 +6.573284207e+001 +6.573284207e+001 +1.250284207e+001 +1.250284207e+001
12637 +6.060981951e+001 +6.060981951e+001 +7.379819511e+000 +7.379819511e+000
13021 +5.979122460e+001 +5.979122460e+001 +6.561224603e+000 +6.561224603e+000
13034 +5.449155911e+001 +5.449155911e+001 +1.261559106e+000 +1.261559106e+000
14420 +5.286570664e+001 +5.286570664e+001 -3.642933628e-001 -3.642933628e-001
14870 +4.835851004e+001 +4.835851004e+001 -4.871489959e+000 -4.871489959e+000
16066 +4.426200103e+001 +4.426200103e+001 -8.967998967e+000 -8.967998967e+000
16637 +4.335918837e+001 +4.335918837e+001 -9.870811633e+000 -9.870811633e+000
17443 +4.221593040e+001 +4.221593040e+001 -1.101406960e+001 -1.101406960e+001
17537 +4.164573059e+001 +4.164573059e+001 -1.158426941e+001 -1.158426941e+001
18415 +4.032597813e+001 +4.032597813e+001 -1.290402187e+001 -1.290402187e+001
18977 +3.946635473e+001 +3.946635473e+001 -1.376364527e+001 -1.376364527e+001
22169 +3.852741612e+001 +3.852741612e+001 -1.470258388e+001 -1.470258388e+001
25686 +3.799804341e+001 +3.799804341e+001 -1.523195659e+001 -1.523195659e+001
34314 +3.585827989e+001 +3.585827989e+001 -1.737172011e+001 -1.737172011e+001
% function evaluation | noise-free fitness - Fopt (-3.280000000000e+001) | best noise-free fitness - Fopt | measured fitness | best measured fitness | x1 | x2...
1 +5.063803129e+003 +5.063803129e+003 +5.031003129e+003 +5.031003129e+003
4 +2.681481022e+003 +2.681481022e+003 +2.648681022e+003 +2.648681022e+003
9 +2.469673636e+003 +2.469673636e+003 +2.436873636e+003 +2.436873636e+003
15 +2.323847552e+003 +2.323847552e+003 +2.291047552e+003 +2.291047552e+003
214 +2.104616745e+003 +2.104616745e+003 +2.071816745e+003 +2.071816745e+003
241 +1.791213777e+003 +1.791213777e+003 +1.758413777e+003 +1.758413777e+003
421 +1.501326592e+003 +1.501326592e+003 +1.468526592e+003 +1.468526592e+003
442 +1.403353307e+003 +1.403353307e+003 +1.370553307e+003 +1.370553307e+003
503 +1.238585450e+003 +1.238585450e+003 +1.205785450e+003 +1.205785450e+003
565 +1.190903713e+003 +1.190903713e+003 +1.158103713e+003 +1.158103713e+003
690 +1.096574771e+003 +1.096574771e+003 +1.063774771e+003 +1.063774771e+003
1075 +8.194857115e+002 +8.194857115e+002 +7.866857115e+002 +7.866857115e+002
1448 +5.653502557e+002 +5.653502557e+002 +5.325502557e+002 +5.325502557e+002
1945 +5.240297436e+002 +5.240297436e+002 +4.912297436e+002 +4.912297436e+002
2287 +3.479387425e+002 +3.479387425e+002 +3.151387425e+002 +3.151387425e+002
2771 +3.463483040e+002 +3.463483040e+002 +3.135483040e+002 +3.135483040e+002
2794 +3.097629829e+002 +3.097629829e+002 +2.769629829e+002 +2.769629829e+002
3051 +2.849926143e+002 +2.849926143e+002 +2.521926143e+002 +2.521926143e+002
3086 +2.630005274e+002 +2.630005274e+002 +2.302005274e+002 +2.302005274e+002
3369 +2.313219602e+002 +2.313219602e+002 +1.985219602e+002 +1.985219602e+002
4143 +1.994549827e+002 +1.994549827e+002 +1.666549827e+002 +1.666549827e+002
4485 +1.938566957e+002 +1.938566957e+002 +1.610566957e+002 +1.610566957e+002
4986 +1.780855823e+002 +1.780855823e+002 +1.452855823e+002 +1.452855823e+002
5116 +1.425934871e+002 +1.425934871e+002 +1.097934871e+002 +1.097934871e+002
5949 +1.318101759e+002 +1.318101759e+002 +9.901017589e+001 +9.901017589e+001
5983 +1.263573502e+002 +1.263573502e+002 +9.355735019e+001 +9.355735019e+001
6123 +1.174348513e+002 +1.174348513e+002 +8.463485133e+001 +8.463485133e+001
6179 +1.030787512e+002 +1.030787512e+002 +7.027875116e+001 +7.027875116e+001
6796 +9.606461121e+001 +9.606461121e+001 +6.326461121e+001 +6.326461121e+001
6895 +7.867453751e+001 +7.867453751e+001 +4.587453751e+001 +4.587453751e+001
7457 +7.614203491e+001 +7.614203491e+001 +4.334203491e+001 +4.334203491e+001
7458 +7.541749084e+001 +7.541749084e+001 +4.261749084e+001 +4.261749084e+001
7622 +6.524740151e+001 +6.524740151e+001 +3.244740151e+001 +3.244740151e+001
8219 +5.375929268e+001 +5.375929268e+001 +2.095929268e+001 +2.095929268e+001
8939 +5.263893045e+001 +5.263893045e+001 +1.983893045e+001 +1.983893045e+001
9502 +5.031598149e+001 +5.031598149e+001 +1.751598149e+001 +1.751598149e+001
9507 +4.687152642e+001 +4.687152642e+001 +1.407152642e+001 +1.407152642e+001
10011 +4.246514425e+001 +4.246514425e+001 +9.665144250e+000 +9.665144250e+000
10388 +4.144471351e+001 +4.144471351e+001 +8.644713510e+000 +8.644713510e+000
10443 +3.899359966e+001 +3.899359966e+001 +6.193599663e+000 +6.193599663e+000
10490 +3.710472129e+001 +3.710472129e+001 +4.304721290e+000 +4.304721290e+000
11480 +3.615312259e+001 +3.615312259e+001 +3.353122594e+000 +3.353122594e+000
11910 +3.546530550e+001 +3.546530550e+001 +2.665305503e+000 +2.665305503e+000
12024 +3.401122136e+001 +3.401122136e+001 +1.211221355e+000 +1.211221355e+000
12073 +3.232555036e+001 +3.232555036e+001 -4.744496386e-001 -4.744496386e-001
12244 +2.977620409e+001 +2.977620409e+001 -3.023795910e+000 -3.023795910e+000
13018 +2.901422755e+001 +2.901422755e+001 -3.785772448e+000 -3.785772448e+000
13467 +2.691781412e+001 +2.691781412e+001 -5.882185885e+000 -5.882185885e+000
14206 +2.589923709e+001 +2.589923709e+001 -6.900762907e+000 -6.900762907e+000
14444 +2.541581266e+001 +2.541581266e+001 -7.384187336e+000 -7.384187336e+000
14452 +2.511073727e+001 +2.511073727e+001 -7.689262727e+000 -7.689262727e+000
15214 +2.417235639e+001 +2.417235639e+001 -8.627643610e+000 -8.627643610e+000
15695 +2.283429058e+001 +2.283429058e+001 -9.965709420e+000 -9.965709420e+000
16547 +2.235832229e+001 +2.235832229e+001 -1.044167771e+001 -1.044167771e+001
16577 +2.145715995e+001 +2.145715995e+001 -1.134284005e+001 -1.134284005e+001
17361 +1.915095665e+001 +1.915095665e+001 -1.364904335e+001 -1.364904335e+001
20999 +1.899194391e+001 +1.899194391e+001 -1.380805609e+001 -1.380805609e+001
22168 +1.857520605e+001 +1.857520605e+001 -1.422479395e+001 -1.422479395e+001
24337 +1.812926015e+001 +1.812926015e+001 -1.467073985e+001 -1.467073985e+001
30332 +1.736073815e+001 +1.736073815e+001 -1.543926185e+001 -1.543926185e+001
37677 +1.698108874e+001 +1.698108874e+001 -1.581891126e+001 -1.581891126e+001
