% function evaluation | noise-free fitness - Fopt (-5.494000000000e+001) | best noise-free fitness - Fopt | measured fitness | best measured fitness | x1 | x2...
1 +1.275204109e+008 +1.275204109e+008 +1.275203560e+008 +1.275203560e+008
3 +4.207303877e+007 +4.207303877e+007 +4.207298383e+007 +4.207298383e+007
8 +3.166211941e+007 +3.166211941e+007 +3.166206447e+007 +3.166206447e+007
18 +2.533069381e+007 +2.533069381e+007 +2.533063887e+007 +2.533063887e+007
21 +1.735886388e+007 +1.735886388e+007 +1.735880894e+007 +1.735880894e+007
148 +1.660829491e+007 +1.660829491e+007 +1.660823997e+007 +1.660823997e+007
235 +1.361097651e+007 +1.361097651e+007 +1.361092157e+007 +1.361092157e+007
266 +1.269779167e+007 +1.269779167e+007 +1.269773673e+007 +1.269773673e+007
318 +1.093225087e+007 +1.093225087e+007 +1.093219593e+007 +1.093219593e+007
374 +9.741544119e+006 +9.741544119e+006 +9.741489179e+006 +9.741489179e+006
431 +7.815807261e+006 +7.815807261e+006 +7.815752321e+006 +7.815752321e+006
539 +4.044157056e+006 +4.044157056e+006 +4.044102116e+006 +4.044102116e+006
1850 +3.749120010e+006 +3.749120010e+006 +3.749065070e+006 +3.749065070e+006
2081 +3.081059875e+006 +3.081059875e+006 +3.081004935e+006 +3.081004935e+006
2398 +2.928419788e+006 +2.928419788e+006 +2.928364848e+006 +2.928364848e+006
3098 +2.483275046e+006 +2.483275046e+006 +2.483220106e+006 +2.483220106e+006
3613 +2.282135779e+006 +2.282135779e+006 +2.282080839e+006 +2.282080839e+006
5367 +2.055976872e+006 +2.055976872e+006 +2.055921932e+006 +2.055921932e+006
5398 +1.886872562e+006 +1.886872562e+006 +1.886817622e+006 +1.886817622e+006
5496 +1.419971666e+006 +1.419971666e+006 +1.419916726e+006 +1.419916726e+006
6376 +1.298819942e+006 +1.298819942e+006 +1.298765002e+006 +1.298765002e+006
7507 +1.146059332e+006 +1.146059332e+006 +1.146004392e+006 +1.146004392e+006
8543 +1.045095799e+006 +1.045095799e+006 +1.045040859e+006 +1.045040859e+006
9016 +9.198032031e+005 +9.198032031e+005 +9.197482631e+005 +9.197482631e+005
9526 +8.406651009e+005 +8.406651009e+005 +8.406101609e+005 +8.406101609e+005
12757 +7.078588006e+005 +7.078588006e+005 +7.078038606e+005 +7.078038606e+005
13973 +6.376722687e+005 +6.376722687e+005 +6.376173287e+005 +6.376173287e+005
14461 +5.522378932e+005 +5.522378932e+005 +5.521829532e+005 +5.521829532e+005
15492 +5.109745501e+005 +5.109745501e+005 +5.109196101e+005 +5.109196101e+005
17448 +4.851563673e+005 +4.851563673e+005 +4.851014273e+005 +4.851014273e+005
17734 +4.465901444e+005 +4.465901444e+005 +4.465352044e+005 +4.465352044e+005
18253 +3.275581848e+005 +3.275581848e+005 +3.275032448e+005 +3.275032448e+005
19058 +2.376200647e+005 +2.376200647e+005 +2.375651247e+005 +2.375651247e+005
20465 +2.123294147e+005 +2.123294147e+005 +2.122744747e+005 +2.122744747e+005
23225 +1.626464624e+005 +1.626464624e+005 +1.625915224e+005 +1.625915224e+005
25786 +1.495291822e+005 +1.495291822e+005 +1.494742422e+005 +1.494742422e+005
27033 +1.418089469e+005 +1.418089469e+005 +1.417540069e+005 +1.417540069e+005
27627 +1.201173689e+005 +1.201173689e+005 +1.200624289e+005 +1.200624289e+005
29160 +1.088497855e+005 +1.088497855e+005 +1.087948455e+005 +1.087948455e+005
30539 +1.007758147e+005 +1.007758147e+005 +1.007208747e+005 +1.007208747e+005
31268 +8.930681848e+004 +8.930681848e+004 +8.925187848e+004 +8.925187848e+004
34044 +8.131147109e+004 +8.131147109e+004 +8.125653109e+004 +8.125653109e+004
35136 +7.965346010e+004 +7.965346010e+004 +7.959852010e+004 +7.959852010e+004
36316 +7.850463978e+004 +7.850463978e+004 +7.844969978e+004 +7.844969978e+004
37011 +7.542825690e+004 +7.542825690e+004 +7.537331690e+004 +7.537331690e+004
37518 +6.988166940e+004 +6.988166940e+004 +6.982672940e+004 +6.982672940e+004
38715 +6.434482014e+004 +6.434482014e+004 +6.428988014e+004 +6.428988014e+004
38872 +6.232583962e+004 +6.232583962e+004 +6.227089962e+004 +6.227089962e+004
39637 +6.024507397e+004 +6.024507397e+004 +6.019013397e+004 +6.019013397e+004
% function evaluation | noise-free fitness - Fopt (5.913000000000e+001) | best noise-free fitness - Fopt | measured fitness | best measured fitness | x1 | x2...
1 +1.053861061e+008 +1.053861061e+008 +1.053861652e+008 +1.053861652e+008
3 +9.277741248e+007 +9.277741248e+007 +9.277747161e+007 +9.277747161e+007
11 +8.559342074e+007 +8.559342074e+007 +8.559347987e+007 +8.559347987e+007
29 +8.422316774e+007 +8.422316774e+007 +8.422322687e+007 +8.422322687e+007
34 +7.494655381e+007 +7.494655381e+007 +7.494661294e+007 +7.494661294e+007
47 +7.031403310e+007 +7.031403310e+007 +7.031409223e+007 +7.031409223e+007
56 +6.587842546e+007 +6.587842546e+007 +6.587848459e+007 +6.587848459e+007
57 +5.362184845e+007 +5.362184845e+007 +5.362190758e+007 +5.362190758e+007
114 +5.039456488e+007 +5.039456488e+007 +5.039462401e+007 +5.039462401e+007
149 +4.219631827e+007 +4.219631827e+007 +4.219637740e+007 +4.219637740e+007
216 +3.777469807e+007 +3.777469807e+007 +3.777475720e+007 +3.777475720e+007
217 +3.102864668e+007 +3.102864668e+007 +3.102870581e+007 +3.102870581e+007
246 +2.325766554e+007 +2.325766554e+007 +2.325772467e+007 +2.325772467e+007
277 +1.447198945e+007 +1.447198945e+007 +1.447204858e+007 +1.447204858e+007
446 +1.359018224e+007 +1.359018224e+007 +1.359024137e+007 +1.359024137e+007
544 +9.521283227e+006 +9.521283227e+006 +9.521342357e+006 +9.521342357e+006
823 +7.776573921e+006 +7.776573921e+006 +7.776633051e+006 +7.776633051e+006
1158 +7.674151605e+006 +7.674151605e+006 +7.674210735e+006 +7.674210735e+006
1185 +6.001472135e+006 +6.001472135e+006 +6.001531265e+006 +6.001531265e+006
1670 +5.129724104e+006 +5.129724104e+006 +5.129783234e+006 +5.129783234e+006
2842 +4.537249438e+006 +4.537249438e+006 +4.537308568e+006 +4.537308568e+006
3091 +3.476225421e+006 +3.476225421e+006 +3.476284551e+006 +3.476284551e+006
5952 +2.825546838e+006 +2.825546838e+006 +2.825605968e+006 +2.825605968e+006
8751 +1.881016340e+006 +1.881016340e+006 +1.881075470e+006 +1.881075470e+006
14416 +1.619184134e+006 +1.619184134e+006 +1.619243264e+006 +1.619243264e+006
15406 +1.403751031e+006 +1.403751031e+006 +1.403810161e+006 +1.403810161e+006
17800 +1.149427280e+006 +1.149427280e+006 +1.149486410e+006 +1.149486410e+006
18611 +9.197050524e+005 +9.197050524e+005 +9.197641824e+005 +9.197641824e+005
19094 +7.859538951e+005 +7.859538951e+005 +7.860130251e+005 +7.860130251e+005
24554 +6.575107681e+005 +6.575107681e+005 +6.575698981e+005 +6.575698981e+005
25136 +6.015605217e+005 +6.015605217e+005 +6.016196517e+005 +6.016196517e+005
27268 +5.454121952e+005 +5.454121952e+005 +5.454713252e+005 +5.454713252e+005
28119 +4.917933716e+005 +4.917933716e+005 +4.918525016e+005 +4.918525016e+005
29410 +4.030843923e+005 +4.030843923e+005 +4.031435223e+005 +4.031435223e+005
34834 +3.862386904e+005 +3.862386904e+005 +3.862978204e+005 +3.862978204e+005
34976 +3.426356789e+005 +3.426356789e+005 +3.426948089e+005 +3.426948089e+005
35108 +3.294680726e+005 +3.294680726e+005 +3.295272026e+005 +3.295272026e+005
35719 +3.183137472e+005 +3.183137472e+005 +3.183728772e+005 +3.183728772e+005
36075 +3.122752704e+005 +3.122752704e+005 +3.123344004e+005 +3.123344004e+005
36772 +3.040029779e+005 +3.040029779e+005 +3.040621079e+005 +3.040621079e+005
37368 +2.900028446e+005 +2.900028446e+005 +2.900619746e+005 +2.900619746e+005
39196 +2.696031057e+005 +2.696031057e+005 +2.696622357e+005 +2.696622357e+005
39330 +2.664779854e+005 +2.664779854e+005 +2.665371154e+005 +2.665371154e+005
% function evaluation | noise-free fitness - Fopt (-4.915300000000e+002) | best noise-free fitness - Fopt | measured fitness | best measured fitness | x1 | x2...
1 +4.102647205e+007 +4.102647205e+007 +4.102598052e+007 +4.102598052e+007
7 +3.187194912e+007 +3.187194912e+007 +3.187145759e+007 +3.187145759e+007
213 +3.087303052e+007 +3.087303052e+007 +3.087253899e+007 +3.087253899e+007
222 +2.913920994e+007 +2.913920994e+007 +2.913871841e+007 +2.913871841e+007
253 +2.403838493e+007 +2.403838493e+007 +2.403789340e+007 +2.403789340e+007
344 +1.529570085e+007 +1.529570085e+007 +1.529520932e+007 +1.529520932e+007
502 +1.461117293e+007 +1.461117293e+007 +1.461068140e+007 +1.461068140e+007
643 +1.311896925e+007 +1.311896925e+007 +1.311847772e+007 +1.311847772e+007
646 +1.111736028e+007 +1.111736028e+007 +1.111686875e+007 +1.111686875e+007
648 +1.042346798e+007 +1.042346798e+007 +1.042297645e+007 +1.042297645e+007
707 +8.736842752e+006 +8.736842752e+006 +8.736351222e+006 +8.736351222e+006
807 +7.784164738e+006 +7.784164738e+006 +7.783673208e+006 +7.783673208e+006
940 +5.873754460e+006 +5.873754460e+006 +5.873262930e+006 +5.873262930e+006
2231 +3.801058759e+006 +3.801058759e+006 +3.800567229e+006 +3.800567229e+006
2638 +2.937456069e+006 +2.937456069e+006 +2.936964539e+006 +2.936964539e+006
4023 +1.678099274e+006 +1.678099274e+006 +1.677607744e+006 +1.677607744e+006
8505 +1.238768211e+006 +1.238768211e+006 +1.238276681e+006 +1.238276681e+006
8932 +1.140245872e+006 +1.140245872e+006 +1.139754342e+006 +1.139754342e+006
9518 +7.046421255e+005 +7.046421255e+005 +7.041505955e+005 +7.041505955e+005
10894 +5.953633884e+005 +5.953633884e+005 +5.948718584e+005 +5.948718584e+005
16877 +5.786962664e+005 +5.786962664e+005 +5.782047364e+005 +5.782047364e+005
16970 +5.652359357e+005 +5.652359357e+005 +5.647444057e+005 +5.647444057e+005
17419 +3.769878327e+005 +3.769878327e+005 +3.764963027e+005 +3.764963027e+005
20094 +3.446951440e+005 +3.446951440e+005 +3.442036140e+005 +3.442036140e+005
20489 +3.381764378e+005 +3.381764378e+005 +3.376849078e+005 +3.376849078e+005
22393 +2.937420551e+005 +2.937420551e+005 +2.932505251e+005 +2.932505251e+005
22579 +1.903010215e+005 +1.903010215e+005 +1.898094915e+005 +1.898094915e+005
23576 +1.538472092e+005 +1.538472092e+005 +1.533556792e+005 +1.533556792e+005
25856 +1.442050742e+005 +1.442050742e+005 +1.437135442e+005 +1.437135442e+005
27967 +1.268541749e+005 +1.268541749e+005 +1.263626449e+005 +1.263626449e+005
27995 +1.170575755e+005 +1.170575755e+005 +1.165660455e+005 +1.165660455e+005
28499 +9.778322657e+004 +9.778322657e+004 +9.729169657e+004 +9.729169657e+004
29468 +9.371800525e+004 +9.371800525e+004 +9.322647525e+004 +9.322647525e+004
29771 +9.141716966e+004 +9.141716966e+004 +9.092563966e+004 +9.092563966e+004
30314 +6.551099021e+004 +6.551099021e+004 +6.501946021e+004 +6.501946021e+004
32886 +5.502084708e+004 +5.502084708e+004 +5.452931708e+004 +5.452931708e+004
36250 +5.338917413e+004 +5.338917413e+004 +5.289764413e+004 +5.289764413e+004
36324 +5.175255711e+004 +5.175255711e+004 +5.126102711e+004 +5.126102711e+004
36672 +4.887592288e+004 +4.887592288e+004 +4.838439288e+004 +4.838439288e+004
37681 +4.559397057e+004 +4.559397057e+004 +4.510244057e+004 +4.510244057e+004
38310 +4.442074472e+004 +4.442074472e+004 +4.392921472e+004 +4.392921472e+004
38896 +4.350756455e+004 +4.350756455e+004 +4.301603455e+004 +4.301603455e+004
39811 +4.124757067e+004 +4.124757067e+004 +4.075604067e+004 +4.075604067e+004
% function evaluation | noise-free fitness - Fopt (-1.702000000000e+002) | best noise-free fitness - Fopt | measured fitness | best measured fitness | x1 | x2...
1 +3.053745108e+007 +3.053745108e+007 +3.053728088e+007 +3.053728088e+007
14 +2.699640300e+007 +2.699640300e+007 +2.699623280e+007 +2.699623280e+007
26 +1.626637108e+007 +1.626637108e+007 +1.626620088e+007 +1.626620088e+007
29 +1.564613540e+007 +1.564613540e+007 +1.564596520e+007 +1.564596520e+007
48 +1.532917324e+007 +1.532917324e+007 +1.532900304e+007 +1.532900304e+007
185 +1.165130082e+007 +1.165130082e+007 +1.165113062e+007 +1.165113062e+007
199 +9.362189683e+006 +9.362189683e+006 +9.362019483e+006 +9.362019483e+006
581 +6.614663757e+006 +6.614663757e+006 +6.614493557e+006 +6.614493557e+006
703 +5.231720986e+006 +5.231720986e+006 +5.231550786e+006 +5.231550786e+006
881 +4.755468929e+006 +4.755468929e+006 +4.755298729e+006 +4.755298729e+006
1195 +4.547740327e+006 +4.547740327e+006 +4.547570127e+006 +4.547570127e+006
1784 +3.353959720e+006 +3.353959720e+006 +3.353789520e+006 +3.353789520e+006
2391 +2.674595276e+006 +2.674595276e+006 +2.674425076e+006 +2.674425076e+006
3204 +2.199994162e+006 +2.199994162e+006 +2.199823962e+006 +2.199823962e+006
4942 +1.713182618e+006 +1.713182618e+006 +1.713012418e+006 +1.713012418e+006
5402 +1.383110700e+006 +1.383110700e+006 +1.382940500e+006 +1.382940500e+006
5777 +1.130735262e+006 +1.130735262e+006 +1.130565062e+006 +1.130565062e+006
7600 +8.839519294e+005 +8.839519294e+005 +8.837817294e+005 +8.837817294e+005
12940 +7.360596888e+005 +7.360596888e+005 +7.358894888e+005 +7.358894888e+005
14019 +6.702082079e+005 +6.702082079e+005 +6.700380079e+005 +6.700380079e+005
14103 +4.436359698e+005 +4.436359698e+005 +4.434657698e+005 +4.434657698e+005
15159 +4.214244689e+005 +4.214244689e+005 +4.212542689e+005 +4.212542689e+005
19052 +4.126866486e+005 +4.126866486e+005 +4.125164486e+005 +4.125164486e+005
19466 +3.511349882e+005 +3.511349882e+005 +3.509647882e+005 +3.509647882e+005
22436 +3.426952659e+005 +3.426952659e+005 +3.425250659e+005 +3.425250659e+005
24781 +2.786190407e+005 +2.786190407e+005 +2.784488407e+005 +2.784488407e+005
25665 +2.198762894e+005 +2.198762894e+005 +2.197060894e+005 +2.197060894e+005
26287 +2.072650537e+005 +2.072650537e+005 +2.070948537e+005 +2.070948537e+005
27500 +1.849886204e+005 +1.849886204e+005 +1.848184204e+005 +1.848184204e+005
28578 +1.259705792e+005 +1.259705792e+005 +1.258003792e+005 +1.258003792e+005
31346 +1.229300062e+005 +1.229300062e+005 +1.227598062e+005 +1.227598062e+005
31695 +1.148308526e+005 +1.148308526e+005 +1.146606526e+005 +1.146606526e+005
33048 +1.095560748e+005 +1.095560748e+005 +1.093858748e+005 +1.093858748e+005
33414 +9.928354550e+004 +9.928354550e+004 +9.911334550e+004 +9.911334550e+004
33585 +8.567260186e+004 +8.567260186e+004 +8.550240186e+004 +8.550240186e+004
36274 +8.436618276e+004 +8.436618276e+004 +8.419598276e+004 +8.419598276e+004
36306 +8.304460816e+004 +8.304460816e+004 +8.287440816e+004 +8.287440816e+004
36402 +7.602717268e+004 +7.602717268e+004 +7.585697268e+004 +7.585697268e+004
36718 +7.439026047e+004 +7.439026047e+004 +7.422006047e+004 +7.422006047e+004
37280 +6.740237153e+004 +6.740237153e+004 +6.723217153e+004 +6.723217153e+004
38996 +6.543692448e+004 +6.543692448e+004 +6.526672448e+004 +6.526672448e+004
% function evaluation | noise-free fitness - Fopt (-4.697500000000e+002) | best noise-free fitness - Fopt | measured fitness | best measured fitness | x1 | x2...
1 +8.607371873e+007 +8.607371873e+007 +8.607324898e+007 +8.607324898e+007
2 +2.771522585e+007 +2.771522585e+007 +2.771475610e+007 +2.771475610e+007
17 +2.682983632e+007 +2.682983632e+007 +2.682936657e+007 +2.682936657e+007
21 +2.227517516e+007 +2.227517516e+007 +2.227470541e+007 +2.227470541e+007
50 +1.945588000e+007 +1.945588000e+007 +1.945541025e+007 +1.945541025e+007
54 +1.012474739e+007 +1.012474739e+007 +1.012427764e+007 +1.012427764e+007
461 +9.821314521e+006 +9.821314521e+006 +9.820844771e+006 +9.820844771e+006
471 +7.106168168e+006 +7.106168168e+006 +7.105698418e+006 +7.105698418e+006
1626 +4.384154652e+006 +4.384154652e+006 +4.383684902e+006 +4.383684902e+006
1857 +2.697485909e+006 +2.697485909e+006 +2.697016159e+006 +2.697016159e+006
3586 +2.019726602e+006 +2.019726602e+006 +2.019256852e+006 +2.019256852e+006
5932 +1.455280556e+006 +1.455280556e+006 +1.454810806e+006 +1.454810806e+006
9165 +9.887645647e+005 +9.887645647e+005 +9.882948147e+005 +9.882948147e+005
11149 +8.692717751e+005 +8.692717751e+005 +8.688020251e+005 +8.688020251e+005
11708 +8.347074455e+005 +8.347074455e+005 +8.342376955e+005 +8.342376955e+005
14304 +7.717895608e+005 +7.717895608e+005 +7.713198108e+005 +7.713198108e+005
14986 +6.355000189e+005 +6.355000189e+005 +6.350302689e+005 +6.350302689e+005
15410 +6.251760088e+005 +6.251760088e+005 +6.247062588e+005 +6.247062588e+005
16156 +6.012697796e+005 +6.012697796e+005 +6.008000296e+005 +6.008000296e+005
18002 +3.772050376e+005 +3.772050376e+005 +3.767352876e+005 +3.767352876e+005
21434 +3.264986478e+005 +3.264986478e+005 +3.260288978e+005 +3.260288978e+005
21478 +3.164935984e+005 +3.164935984e+005 +3.160238484e+005 +3.160238484e+005
22866 +3.101536729e+005 +3.101536729e+005 +3.096839229e+005 +3.096839229e+005
23871 +2.551255298e+005 +2.551255298e+005 +2.546557798e+005 +2.546557798e+005
23957 +2.472156189e+005 +2.472156189e+005 +2.467458689e+005 +2.467458689e+005
24856 +2.378912931e+005 +2.378912931e+005 +2.374215431e+005 +2.374215431e+005
26100 +2.219071354e+005 +2.219071354e+005 +2.214373854e+005 +2.214373854e+005
26282 +2.096186254e+005 +2.096186254e+005 +2.091488754e+005 +2.091488754e+005
27584 +1.986253489e+005 +1.986253489e+005 +1.981555989e+005 +1.981555989e+005
27755 +1.787754469e+005 +1.787754469e+005 +1.783056969e+005 +1.783056969e+005
28257 +1.385281344e+005 +1.385281344e+005 +1.380583844e+005 +1.380583844e+005
30615 +1.328256117e+005 +1.328256117e+005 +1.323558617e+005 +1.323558617e+005
32474 +1.119061913e+005 +1.119061913e+005 +1.114364413e+005 +1.114364413e+005
36217 +1.058078863e+005 +1.058078863e+005 +1.053381363e+005 +1.053381363e+005
36424 +1.029637297e+005 +1.029637297e+005 +1.024939797e+005 +1.024939797e+005
36472 +1.015375824e+005 +1.015375824e+005 +1.010678324e+005 +1.010678324e+005
36727 +9.090844343e+004 +9.090844343e+004 +9.043869343e+004 +9.043869343e+004
38709 +8.686011202e+004 +8.686011202e+004 +8.639036202e+004 +8.639036202e+004
38968 +8.446539220e+004 +8.446539220e+004 +8.399564220e+004 +8.399564220e+004
% function evaluation | noise-free fitness - Fopt (1.832700000000e+002) | best noise-free fitness - Fopt | measured fitness | best measured fitness | x1 | x2...
1 +5.332920517e+007 +5.332920517e+007 +5.332938844e+007 +5.332938844e+007
3 +5.148136291e+007 +5.148136291e+007 +5.148154618e+007 +5.148154618e+007
4 +4.594293768e+007 +4.594293768e+007 +4.594312095e+007 +4.594312095e+007
5 +3.516966048e+007 +3.516966048e+007 +3.516984375e+007 +3.516984375e+007
9 +1.397877445e+007 +1.397877445e+007 +1.397895772e+007 +1.397895772e+007
210 +1.254194596e+007 +1.254194596e+007 +1.254212923e+007 +1.254212923e+007
250 +9.193725171e+006 +9.193725171e+006 +9.193908441e+006 +9.193908441e+006
601 +5.557587904e+006 +5.557587904e+006 +5.557771174e+006 +5.557771174e+006
1430 +5.415444837e+006 +5.415444837e+006 +5.415628107e+006 +5.415628107e+006
1943 +3.678223495e+006 +3.678223495e+006 +3.678406765e+006 +3.678406765e+006
2387 +3.372776182e+006 +3.372776182e+006 +3.372959452e+006 +3.372959452e+006
3650 +2.973875420e+006 +2.973875420e+006 +2.974058690e+006 +2.974058690e+006
4462 +2.605174192e+006 +2.605174192e+006 +2.605357462e+006 +2.605357462e+006
4475 +2.535856125e+006 +2.535856125e+006 +2.536039395e+006 +2.536039395e+006
4523 +2.242982111e+006 +2.242982111e+006 +2.243165381e+006 +2.243165381e+006
5674 +2.209421181e+006 +2.209421181e+006 +2.209604451e+006 +2.209604451e+006
6162 +2.033870427e+006 +2.033870427e+006 +2.034053697e+006 +2.034053697e+006
6527 +1.569179001e+006 +1.569179001e+006 +1.569362271e+006 +1.569362271e+006
6980 +1.419459111e+006 +1.419459111e+006 +1.419642381e+006 +1.419642381e+006
9546 +1.315242424e+006 +1.315242424e+006 +1.315425694e+006 +1.315425694e+006
10755 +1.267091617e+006 +1.267091617e+006 +1.267274887e+006 +1.267274887e+006
10850 +1.059492118e+006 +1.059492118e+006 +1.059675388e+006 +1.059675388e+006
11042 +8.492936839e+005 +8.492936839e+005 +8.494769539e+005 +8.494769539e+005
12791 +7.904939944e+005 +7.904939944e+005 +7.906772644e+005 +7.906772644e+005
13781 +7.683280600e+005 +7.683280600e+005 +7.685113300e+005 +7.685113300e+005
13989 +7.255934135e+005 +7.255934135e+005 +7.257766835e+005 +7.257766835e+005
14260 +5.499655143e+005 +5.499655143e+005 +5.501487843e+005 +5.501487843e+005
17948 +5.169305391e+005 +5.169305391e+005 +5.171138091e+005 +5.171138091e+005
18409 +4.600182103e+005 +4.600182103e+005 +4.602014803e+005 +4.602014803e+005
19383 +3.465260874e+005 +3.465260874e+005 +3.467093574e+005 +3.467093574e+005
21123 +3.078497522e+005 +3.078497522e+005 +3.080330222e+005 +3.080330222e+005
23106 +2.931682722e+005 +2.931682722e+005 +2.933515422e+005 +2.933515422e+005
23164 +2.849790086e+005 +2.849790086e+005 +2.851622786e+005 +2.851622786e+005
23930 +2.779037707e+005 +2.779037707e+005 +2.780870407e+005 +2.780870407e+005
24289 +2.713099570e+005 +2.713099570e+005 +2.714932270e+005 +2.714932270e+005
24571 +2.424624475e+005 +2.424624475e+005 +2.426457175e+005 +2.426457175e+005
25137 +2.395758367e+005 +2.395758367e+005 +2.397591067e+005 +2.397591067e+005
25941 +2.287669866e+005 +2.287669866e+005 +2.289502566e+005 +2.289502566e+005
26029 +2.221055346e+005 +2.221055346e+005 +2.222888046e+005 +2.222888046e+005
26345 +2.035740472e+005 +2.035740472e+005 +2.037573172e+005 +2.037573172e+005
27294 +1.933348451e+005 +1.933348451e+005 +1.935181151e+005 +1.935181151e+005
28380 +1.751454350e+005 +1.751454350e+005 +1.753287050e+005 +1.753287050e+005
28712 +1.630497416e+005 +1.630497416e+005 +1.632330116e+005 +1.632330116e+005
29659 +1.551289897e+005 +1.551289897e+005 +1.553122597e+005 +1.553122597e+005
29832 +1.425714529e+005 +1.425714529e+005 +1.427547229e+005 +1.427547229e+005
32808 +1.331650501e+005 +1.331650501e+005 +1.333483201e+005 +1.333483201e+005
33185 +1.291494353e+005 +1.291494353e+005 +1.293327053e+005 +1.293327053e+005
34548 +1.253541957e+005 +1.253541957e+005 +1.255374657e+005 +1.255374657e+005
34569 +1.207447388e+005 +1.207447388e+005 +1.209280088e+005 +1.209280088e+005
35331 +1.185223159e+005 +1.185223159e+005 +1.187055859e+005 +1.187055859e+005
36008 +1.138663076e+005 +1.138663076e+005 +1.140495776e+005 +1.140495776e+005
36016 +1.115749237e+005 +1.115749237e+005 +1.117581937e+005 +1.117581937e+005
36642 +9.887737486e+004 +9.887737486e+004 +9.906064486e+004 +9.906064486e+004
38596 +9.763117528e+004 +9.763117528e+004 +9.781444528e+004 +9.781444528e+004
39061 +9.145884864e+004 +9.145884864e+004 +9.164211864e+004 +9.164211864e+004
% function evaluation | noise-free fitness - Fopt (-1.000000000000e+003) | best noise-free fitness - Fopt | measured fitness | best measured fitness | x1 | x2...
1 +6.565764130e+007 +6.565764130e+007 +6.565664130e+007 +6.565664130e+007
3 +6.418799897e+007 +6.418799897e+007 +6.418699897e+007 +6.418699897e+007
4 +4.625788171e+007 +4.625788171e+007 +4.625688171e+007 +4.625688171e+007
5 +4.248763637e+007 +4.248763637e+007 +4.248663637e+007 +4.248663637e+007
6 +2.395246307e+007 +2.395246307e+007 +2.395146307e+007 +2.395146307e+007
14 +1.804801399e+007 +1.804801399e+007 +1.804701399e+007 +1.804701399e+007
32 +1.696417888e+007 +1.696417888e+007 +1.696317888e+007 +1.696317888e+007
53 +1.627492620e+007 +1.627492620e+007 +1.627392620e+007 +1.627392620e+007
69 +1.055896673e+007 +1.055896673e+007 +1.055796673e+007 +1.055796673e+007
101 +9.863095985e+006 +9.863095985e+006 +9.862095985e+006 +9.862095985e+006
107 +5.685288442e+006 +5.685288442e+006 +5.684288442e+006 +5.684288442e+006
818 +3.002342999e+006 +3.002342999e+006 +3.001342999e+006 +3.001342999e+006
2828 +2.706058188e+006 +2.706058188e+006 +2.705058188e+006 +2.705058188e+006
3783 +2.247470816e+006 +2.247470816e+006 +2.246470816e+006 +2.246470816e+006
4106 +1.798887015e+006 +1.798887015e+006 +1.797887015e+006 +1.797887015e+006
6538 +1.382980986e+006 +1.382980986e+006 +1.381980986e+006 +1.381980986e+006
8421 +1.362297918e+006 +1.362297918e+006 +1.361297918e+006 +1.361297918e+006
8650 +1.056741276e+006 +1.056741276e+006 +1.055741276e+006 +1.055741276e+006
9096 +6.301635655e+005 +6.301635655e+005 +6.291635655e+005 +6.291635655e+005
12371 +6.054258245e+005 +6.054258245e+005 +6.044258245e+005 +6.044258245e+005
13387 +4.910687404e+005 +4.910687404e+005 +4.900687404e+005 +4.900687404e+005
16570 +4.401616146e+005 +4.401616146e+005 +4.391616146e+005 +4.391616146e+005
16948 +4.295266503e+005 +4.295266503e+005 +4.285266503e+005 +4.285266503e+005
17202 +4.096198940e+005 +4.096198940e+005 +4.086198940e+005 +4.086198940e+005
17601 +3.854070800e+005 +3.854070800e+005 +3.844070800e+005 +3.844070800e+005
18295 +3.336826591e+005 +3.336826591e+005 +3.326826591e+005 +3.326826591e+005
20558 +3.145896961e+005 +3.145896961e+005 +3.135896961e+005 +3.135896961e+005
21278 +3.018176104e+005 +3.018176104e+005 +3.008176104e+005 +3.008176104e+005
22093 +2.719379891e+005 +2.719379891e+005 +2.709379891e+005 +2.709379891e+005
22253 +2.675063528e+005 +2.675063528e+005 +2.665063528e+005 +2.665063528e+005
22575 +2.620749031e+005 +2.620749031e+005 +2.610749031e+005 +2.610749031e+005
23873 +2.451486514e+005 +2.451486514e+005 +2.441486514e+005 +2.441486514e+005
24661 +2.394545515e+005 +2.394545515e+005 +2.384545515e+005 +2.384545515e+005
25022 +2.322045417e+005 +2.322045417e+005 +2.312045417e+005 +2.312045417e+005
25309 +2.282612010e+005 +2.282612010e+005 +2.272612010e+005 +2.272612010e+005
26053 +2.217265048e+005 +2.217265048e+005 +2.207265048e+005 +2.207265048e+005
26736 +2.155692307e+005 +2.155692307e+005 +2.145692307e+005 +2.145692307e+005
26904 +2.007467424e+005 +2.007467424e+005 +1.997467424e+005 +1.997467424e+005
27602 +1.910429133e+005 +1.910429133e+005 +1.900429133e+005 +1.900429133e+005
28362 +1.795482769e+005 +1.795482769e+005 +1.785482769e+005 +1.785482769e+005
28606 +1.777272787e+005 +1.777272787e+005 +1.767272787e+005 +1.767272787e+005
29320 +1.687324415e+005 +1.687324415e+005 +1.677324415e+005 +1.677324415e+005
29517 +1.656697780e+005 +1.656697780e+005 +1.646697780e+005 +1.646697780e+005
29650 +1.617814097e+005 +1.617814097e+005 +1.607814097e+005 +1.607814097e+005
31274 +1.562361543e+005 +1.562361543e+005 +1.552361543e+005 +1.552361543e+005
31617 +1.526892648e+005 +1.526892648e+005 +1.516892648e+005 +1.516892648e+005
32392 +1.512861875e+005 +1.512861875e+005 +1.502861875e+005 +1.502861875e+005
32827 +1.474897063e+005 +1.474897063e+005 +1.464897063e+005 +1.464897063e+005
33987 +1.438185679e+005 +1.438185679e+005 +1.428185679e+005 +1.428185679e+005
34862 +1.411731692e+005 +1.411731692e+005 +1.401731692e+005 +1.401731692e+005
35870 +1.348076752e+005 +1.348076752e+005 +1.338076752e+005 +1.338076752e+005
37281 +1.315447211e+005 +1.315447211e+005 +1.305447211e+005 +1.305447211e+005
37821 +1.259023183e+005 +1.259023183e+005 +1.249023183e+005 +1.249023183e+005
38598 +1.236704854e+005 +1.236704854e+005 +1.226704854e+005 +1.226704854e+005
39269 +1.228582781e+005 +1.228582781e+005 +1.218582781e+005 +1.218582781e+005
% function evaluation | noise-free fitness - Fopt (-5.658000000000e+001) | best noise-free fitness - Fopt | measured fitness | best measured fitness | x1 | x2...
1 +4.653249844e+007 +4.653249844e+007 +4.653244186e+007 +4.653244186e+007
4 +2.823056231e+007 +2.823056231e+007 +2.823050573e+007 +2.823050573e+007
14 +2.726807142e+007 +2.726807142e+007 +2.726801484e+007 +2.726801484e+007
23 +2.436492161e+007 +2.436492161e+007 +2.436486503e+007 +2.436486503e+007
62 +1.903073291e+007 +1.903073291e+007 +1.903067633e+007 +1.903067633e+007
208 +1.606816691e+007 +1.606816691e+007 +1.606811033e+007 +1.606811033e+007
244 +1.523896413e+007 +1.523896413e+007 +1.523890755e+007 +1.523890755e+007
250 +1.378191872e+007 +1.378191872e+007 +1.378186214e+007 +1.378186214e+007
321 +9.091071701e+006 +9.091071701e+006 +9.091015121e+006 +9.091015121e+006
425 +7.923042534e+006 +7.923042534e+006 +7.922985954e+006 +7.922985954e+006
753 +7.065830797e+006 +7.065830797e+006 +7.065774217e+006 +7.065774217e+006
994 +6.433613763e+006 +6.433613763e+006 +6.433557183e+006 +6.433557183e+006
1254 +5.780299873e+006 +5.780299873e+006 +5.780243293e+006 +5.780243293e+006
1378 +5.349866120e+006 +5.349866120e+006 +5.349809540e+006 +5.349809540e+006
1618 +4.129425180e+006 +4.129425180e+006 +4.129368600e+006 +4.129368600e+006
1860 +3.894642550e+006 +3.894642550e+006 +3.894585970e+006 +3.894585970e+006
1979 +2.663421739e+006 +2.663421739e+006 +2.663365159e+006 +2.663365159e+006
6045 +2.585147932e+006 +2.585147932e+006 +2.585091352e+006 +2.585091352e+006
6395 +2.273539175e+006 +2.273539175e+006 +2.273482595e+006 +2.273482595e+006
6461 +1.909445537e+006 +1.909445537e+006 +1.909388957e+006 +1.909388957e+006
7084 +1.836719784e+006 +1.836719784e+006 +1.836663204e+006 +1.836663204e+006
7299 +1.718985595e+006 +1.718985595e+006 +1.718929015e+006 +1.718929015e+006
7501 +1.611241581e+006 +1.611241581e+006 +1.611185001e+006 +1.611185001e+006
8502 +1.473775050e+006 +1.473775050e+006 +1.473718470e+006 +1.473718470e+006
9127 +7.742629352e+005 +7.742629352e+005 +7.742063552e+005 +7.742063552e+005
15036 +5.890075789e+005 +5.890075789e+005 +5.889509989e+005 +5.889509989e+005
17884 +5.598286690e+005 +5.598286690e+005 +5.597720890e+005 +5.597720890e+005
20583 +3.465200553e+005 +3.465200553e+005 +3.464634753e+005 +3.464634753e+005
25555 +3.251904066e+005 +3.251904066e+005 +3.251338266e+005 +3.251338266e+005
25658 +3.029283162e+005 +3.029283162e+005 +3.028717362e+005 +3.028717362e+005
27192 +2.743686439e+005 +2.743686439e+005 +2.743120639e+005 +2.743120639e+005
28241 +2.528283216e+005 +2.528283216e+005 +2.527717416e+005 +2.527717416e+005
28669 +2.463443855e+005 +2.463443855e+005 +2.462878055e+005 +2.462878055e+005
28950 +2.140945992e+005 +2.140945992e+005 +2.140380192e+005 +2.140380192e+005
30856 +2.114379701e+005 +2.114379701e+005 +2.113813901e+005 +2.113813901e+005
31205 +2.055618193e+005 +2.055618193e+005 +2.055052393e+005 +2.055052393e+005
33555 +2.032345415e+005 +2.032345415e+005 +2.031779615e+005 +2.031779615e+005
33898 +1.857183764e+005 +1.857183764e+005 +1.856617964e+005 +1.856617964e+005
34218 +1.691863035e+005 +1.691863035e+005 +1.691297235e+005 +1.691297235e+005
34856 +1.509921621e+005 +1.509921621e+005 +1.509355821e+005 +1.509355821e+005
38840 +1.409635008e+005 +1.409635008e+005 +1.409069208e+005 +1.409069208e+005
38949 +1.323280452e+005 +1.323280452e+005 +1.322714652e+005 +1.322714652e+005
% function evaluation | noise-free fitness - Fopt (-2.043700000000e+002) | best noise-free fitness - Fopt | measured fitness | best measured fitness | x1 | x2...
1 +4.118565988e+007 +4.118565988e+007 +4.118545551e+007 +4.118545551e+007
3 +3.128434560e+007 +3.128434560e+007 +3.128414123e+007 +3.128414123e+007
9 +1.969561838e+007 +1.969561838e+007 +1.969541401e+007 +1.969541401e+007
16 +1.382833421e+007 +1.382833421e+007 +1.382812984e+007 +1.382812984e+007
227 +1.340019734e+007 +1.340019734e+007 +1.339999297e+007 +1.339999297e+007
256 +1.034449592e+007 +1.034449592e+007 +1.034429155e+007 +1.034429155e+007
498 +9.596426569e+006 +9.596426569e+006 +9.596222199e+006 +9.596222199e+006
709 +8.353899415e+006 +8.353899415e+006 +8.353695045e+006 +8.353695045e+006
782 +8.217258654e+006 +8.217258654e+006 +8.217054284e+006 +8.217054284e+006
832 +4.630592765e+006 +4.630592765e+006 +4.630388395e+006 +4.630388395e+006
1207 +3.495467152e+006 +3.495467152e+006 +3.495262782e+006 +3.495262782e+006
2492 +3.239900869e+006 +3.239900869e+006 +3.239696499e+006 +3.239696499e+006
3104 +2.803182846e+006 +2.803182846e+006 +2.802978476e+006 +2.802978476e+006
4138 +2.378850630e+006 +2.378850630e+006 +2.378646260e+006 +2.378646260e+006
4484 +2.257309409e+006 +2.257309409e+006 +2.257105039e+006 +2.257105039e+006
4570 +2.232568383e+006 +2.232568383e+006 +2.232364013e+006 +2.232364013e+006
4943 +1.623640480e+006 +1.623640480e+006 +1.623436110e+006 +1.623436110e+006
5092 +1.566803257e+006 +1.566803257e+006 +1.566598887e+006 +1.566598887e+006
5543 +1.485597881e+006 +1.485597881e+006 +1.485393511e+006 +1.485393511e+006
6516 +1.416116878e+006 +1.416116878e+006 +1.415912508e+006 +1.415912508e+006
6584 +1.374606158e+006 +1.374606158e+006 +1.374401788e+006 +1.374401788e+006
7529 +9.910810463e+005 +9.910810463e+005 +9.908766763e+005 +9.908766763e+005
8334 +6.233846755e+005 +6.233846755e+005 +6.231803055e+005 +6.231803055e+005
13160 +5.792067208e+005 +5.792067208e+005 +5.790023508e+005 +5.790023508e+005
14567 +5.011710994e+005 +5.011710994e+005 +5.009667294e+005 +5.009667294e+005
14728 +4.710355739e+005 +4.710355739e+005 +4.708312039e+005 +4.708312039e+005
16910 +3.920376094e+005 +3.920376094e+005 +3.918332394e+005 +3.918332394e+005
18309 +3.767689974e+005 +3.767689974e+005 +3.765646274e+005 +3.765646274e+005
18581 +3.581625875e+005 +3.581625875e+005 +3.579582175e+005 +3.579582175e+005
18625 +3.540303942e+005 +3.540303942e+005 +3.538260242e+005 +3.538260242e+005
19032 +3.445950899e+005 +3.445950899e+005 +3.443907199e+005 +3.443907199e+005
19543 +3.077111096e+005 +3.077111096e+005 +3.075067396e+005 +3.075067396e+005
21194 +2.926045540e+005 +2.926045540e+005 +2.924001840e+005 +2.924001840e+005
21242 +2.879891256e+005 +2.879891256e+005 +2.877847556e+005 +2.877847556e+005
21442 +2.680906282e+005 +2.680906282e+005 +2.678862582e+005 +2.678862582e+005
21576 +2.377680105e+005 +2.377680105e+005 +2.375636405e+005 +2.375636405e+005
22490 +2.238621059e+005 +2.238621059e+005 +2.236577359e+005 +2.236577359e+005
23968 +2.125165718e+005 +2.125165718e+005 +2.123122018e+005 +2.123122018e+005
24590 +2.008314938e+005 +2.008314938e+005 +2.006271238e+005 +2.006271238e+005
24597 +1.683119745e+005 +1.683119745e+005 +1.681076045e+005 +1.681076045e+005
26078 +1.658797330e+005 +1.658797330e+005 +1.656753630e+005 +1.656753630e+005
27422 +1.560823872e+005 +1.560823872e+005 +1.558780172e+005 +1.558780172e+005
28240 +1.429477031e+005 +1.429477031e+005 +1.427433331e+005 +1.427433331e+005
29758 +1.395119933e+005 +1.395119933e+005 +1.393076233e+005 +1.393076233e+005
30261 +1.310926811e+005 +1.310926811e+005 +1.308883111e+005 +1.308883111e+005
30644 +1.249094115e+005 +1.249094115e+005 +1.247050415e+005 +1.247050415e+005
31805 +1.176647299e+005 +1.176647299e+005 +1.174603599e+005 +1.174603599e+005
33383 +1.168092393e+005 +1.168092393e+005 +1.166048693e+005 +1.166048693e+005
33539 +1.137841946e+005 +1.137841946e+005 +1.135798246e+005 +1.135798246e+005
34539 +1.103310840e+005 +1.103310840e+005 +1.101267140e+005 +1.101267140e+005
35252 +1.087056523e+005 +1.087056523e+005 +1.085012823e+005 +1.085012823e+005
36033 +1.063999209e+005 +1.063999209e+005 +1.061955509e+005 +1.061955509e+005
36874 +1.038809054e+005 +1.038809054e+005 +1.036765354e+005 +1.036765354e+005
37515 +1.014716515e+005 +1.014716515e+005 +1.012672815e+005 +1.012672815e+005
39418 +9.829042606e+004 +9.829042606e+004 +9.808605606e+004 +9.808605606e+004
% function evaluation | noise-free fitness - Fopt (8.550000000000e+000) | best noise-free fitness - Fopt | measured fitness | best measured fitness | x1 | x2...
1 +5.406489257e+007 +5.406489257e+007 +5.406490112e+007 +5.406490112e+007
2 +3.172918757e+007 +3.172918757e+007 +3.172919612e+007 +3.172919612e+007
39 +2.394426689e+007 +2.394426689e+007 +2.394427544e+007 +2.394427544e+007
129 +1.277890529e+007 +1.277890529e+007 +1.277891384e+007 +1.277891384e+007
204 +1.240425611e+007 +1.240425611e+007 +1.240426466e+007 +1.240426466e+007
206 +8.225396999e+006 +8.225396999e+006 +8.225405549e+006 +8.225405549e+006
723 +4.600166632e+006 +4.600166632e+006 +4.600175182e+006 +4.600175182e+006
1975 +4.456314289e+006 +4.456314289e+006 +4.456322839e+006 +4.456322839e+006
2364 +3.609395010e+006 +3.609395010e+006 +3.609403560e+006 +3.609403560e+006
2434 +2.441048898e+006 +2.441048898e+006 +2.441057448e+006 +2.441057448e+006
3373 +2.039000364e+006 +2.039000364e+006 +2.039008914e+006 +2.039008914e+006
7578 +1.527489245e+006 +1.527489245e+006 +1.527497795e+006 +1.527497795e+006
9602 +1.411741232e+006 +1.411741232e+006 +1.411749782e+006 +1.411749782e+006
13409 +1.020548934e+006 +1.020548934e+006 +1.020557484e+006 +1.020557484e+006
13959 +8.438476571e+005 +8.438476571e+005 +8.438562071e+005 +8.438562071e+005
19558 +6.611956431e+005 +6.611956431e+005 +6.612041931e+005 +6.612041931e+005
20232 +6.505319737e+005 +6.505319737e+005 +6.505405237e+005 +6.505405237e+005
21601 +6.361245517e+005 +6.361245517e+005 +6.361331017e+005 +6.361331017e+005
21714 +5.997898417e+005 +5.997898417e+005 +5.997983917e+005 +5.997983917e+005
22002 +5.411393568e+005 +5.411393568e+005 +5.411479068e+005 +5.411479068e+005
24216 +5.261623786e+005 +5.261623786e+005 +5.261709286e+005 +5.261709286e+005
25516 +5.081592262e+005 +5.081592262e+005 +5.081677762e+005 +5.081677762e+005
25653 +4.739624493e+005 +4.739624493e+005 +4.739709993e+005 +4.739709993e+005
26404 +4.569459858e+005 +4.569459858e+005 +4.569545358e+005 +4.569545358e+005
28695 +4.409122537e+005 +4.409122537e+005 +4.409208037e+005 +4.409208037e+005
28840 +3.936464527e+005 +3.936464527e+005 +3.936550027e+005 +3.936550027e+005
31944 +3.876452141e+005 +3.876452141e+005 +3.876537641e+005 +3.876537641e+005
32631 +3.780004938e+005 +3.780004938e+005 +3.780090438e+005 +3.780090438e+005
33219 +3.653645490e+005 +3.653645490e+005 +3.653730990e+005 +3.653730990e+005
33339 +3.583817015e+005 +3.583817015e+005 +3.583902515e+005 +3.583902515e+005
33877 +3.541011241e+005 +3.541011241e+005 +3.541096741e+005 +3.541096741e+005
35413 +3.442232672e+005 +3.442232672e+005 +3.442318172e+005 +3.442318172e+005
35584 +3.238220652e+005 +3.238220652e+005 +3.238306152e+005 +3.238306152e+005
36276 +3.227790830e+005 +3.227790830e+005 +3.227876330e+005 +3.227876330e+005
37379 +3.146534503e+005 +3.146534503e+005 +3.146620003e+005 +3.146620003e+005
38595 +3.048253659e+005 +3.048253659e+005 +3.048339159e+005 +3.048339159e+005
39605 +2.985453785e+005 +2.985453785e+005 +2.985539285e+005 +2.985539285e+005
% function evaluation | noise-free fitness - Fopt (3.258700000000e+002) | best noise-free fitness - Fopt | measured fitness | best measured fitness | x1 | x2...
1 +1.038805930e+008 +1.038805930e+008 +1.038809189e+008 +1.038809189e+008
2 +6.579132389e+007 +6.579132389e+007 +6.579164976e+007 +6.579164976e+007
3 +3.845153054e+007 +3.845153054e+007 +3.845185641e+007 +3.845185641e+007
9 +1.343089166e+007 +1.343089166e+007 +1.343121753e+007 +1.343121753e+007
275 +8.131283007e+006 +8.131283007e+006 +8.131608877e+006 +8.131608877e+006
466 +7.193170959e+006 +7.193170959e+006 +7.193496829e+006 +7.193496829e+006
764 +6.218918735e+006 +6.218918735e+006 +6.219244605e+006 +6.219244605e+006
956 +6.032338627e+006 +6.032338627e+006 +6.032664497e+006 +6.032664497e+006
1027 +5.858730151e+006 +5.858730151e+006 +5.859056021e+006 +5.859056021e+006
1552 +5.597055507e+006 +5.597055507e+006 +5.597381377e+006 +5.597381377e+006
1653 +3.629168699e+006 +3.629168699e+006 +3.629494569e+006 +3.629494569e+006
1780 +3.413901651e+006 +3.413901651e+006 +3.414227521e+006 +3.414227521e+006
2883 +2.552712412e+006 +2.552712412e+006 +2.553038282e+006 +2.553038282e+006
3656 +2.299224425e+006 +2.299224425e+006 +2.299550295e+006 +2.299550295e+006
3854 +2.195162724e+006 +2.195162724e+006 +2.195488594e+006 +2.195488594e+006
3994 +2.159871318e+006 +2.159871318e+006 +2.160197188e+006 +2.160197188e+006
4106 +1.551117531e+006 +1.551117531e+006 +1.551443401e+006 +1.551443401e+006
4813 +1.186707239e+006 +1.186707239e+006 +1.187033109e+006 +1.187033109e+006
6946 +9.779338722e+005 +9.779338722e+005 +9.782597422e+005 +9.782597422e+005
8862 +6.249005590e+005 +6.249005590e+005 +6.252264290e+005 +6.252264290e+005
9435 +6.148860561e+005 +6.148860561e+005 +6.152119261e+005 +6.152119261e+005
10860 +3.871712190e+005 +3.871712190e+005 +3.874970890e+005 +3.874970890e+005
14397 +3.345303395e+005 +3.345303395e+005 +3.348562095e+005 +3.348562095e+005
15010 +3.013358357e+005 +3.013358357e+005 +3.016617057e+005 +3.016617057e+005
17084 +2.653673447e+005 +2.653673447e+005 +2.656932147e+005 +2.656932147e+005
17352 +2.536095622e+005 +2.536095622e+005 +2.539354322e+005 +2.539354322e+005
18017 +2.484247739e+005 +2.484247739e+005 +2.487506439e+005 +2.487506439e+005
18444 +2.330844545e+005 +2.330844545e+005 +2.334103245e+005 +2.334103245e+005
18684 +1.914824213e+005 +1.914824213e+005 +1.918082913e+005 +1.918082913e+005
21214 +1.650987271e+005 +1.650987271e+005 +1.654245971e+005 +1.654245971e+005
24157 +1.621196371e+005 +1.621196371e+005 +1.624455071e+005 +1.624455071e+005
24402 +1.532316110e+005 +1.532316110e+005 +1.535574810e+005 +1.535574810e+005
25772 +1.356016073e+005 +1.356016073e+005 +1.359274773e+005 +1.359274773e+005
26655 +1.243241102e+005 +1.243241102e+005 +1.246499802e+005 +1.246499802e+005
28784 +1.176399673e+005 +1.176399673e+005 +1.179658373e+005 +1.179658373e+005
29011 +1.045692794e+005 +1.045692794e+005 +1.048951494e+005 +1.048951494e+005
31136 +9.610119212e+004 +9.610119212e+004 +9.642706212e+004 +9.642706212e+004
31765 +9.102707824e+004 +9.102707824e+004 +9.135294824e+004 +9.135294824e+004
32119 +8.618580603e+004 +8.618580603e+004 +8.651167603e+004 +8.651167603e+004
35311 +8.164265898e+004 +8.164265898e+004 +8.196852898e+004 +8.196852898e+004
35824 +7.729469271e+004 +7.729469271e+004 +7.762056271e+004 +7.762056271e+004
36430 +7.543954553e+004 +7.543954553e+004 +7.576541553e+004 +7.576541553e+004
36990 +7.214480851e+004 +7.214480851e+004 +7.247067851e+004 +7.247067851e+004
38408 +7.025431352e+004 +7.025431352e+004 +7.058018352e+004 +7.058018352e+004
38453 +6.736470472e+004 +6.736470472e+004 +6.769057472e+004 +6.769057472e+004
39888 +6.564603931e+004 +6.564603931e+004 +6.597190931e+004 +6.597190931e+004
% function evaluation | noise-free fitness - Fopt (-9.525000000000e+001) | best noise-free fitness - Fopt | measured fitness | best measured fitness | x1 | x2...
1 +1.011973044e+008 +1.011973044e+008 +1.011972091e+008 +1.011972091e+008
2 +2.177989628e+007 +2.177989628e+007 +2.177980103e+007 +2.177980103e+007
224 +2.116347418e+007 +2.116347418e+007 +2.116337893e+007 +2.116337893e+007
242 +2.070656373e+007 +2.070656373e+007 +2.070646848e+007 +2.070646848e+007
261 +1.924952276e+007 +1.924952276e+007 +1.924942751e+007 +1.924942751e+007
300 +1.894094626e+007 +1.894094626e+007 +1.894085101e+007 +1.894085101e+007
313 +1.800997942e+007 +1.800997942e+007 +1.800988417e+007 +1.800988417e+007
426 +1.234220272e+007 +1.234220272e+007 +1.234210747e+007 +1.234210747e+007
430 +1.079721273e+007 +1.079721273e+007 +1.079711748e+007 +1.079711748e+007
512 +9.009681220e+006 +9.009681220e+006 +9.009585970e+006 +9.009585970e+006
540 +7.228048887e+006 +7.228048887e+006 +7.227953637e+006 +7.227953637e+006
713 +6.359068911e+006 +6.359068911e+006 +6.358973661e+006 +6.358973661e+006
1018 +5.563396170e+006 +5.563396170e+006 +5.563300920e+006 +5.563300920e+006
1213 +4.529325345e+006 +4.529325345e+006 +4.529230095e+006 +4.529230095e+006
1320 +4.384697097e+006 +4.384697097e+006 +4.384601847e+006 +4.384601847e+006
1375 +3.931341529e+006 +3.931341529e+006 +3.931246279e+006 +3.931246279e+006
1462 +2.832033831e+006 +2.832033831e+006 +2.831938581e+006 +2.831938581e+006
2455 +2.401970456e+006 +2.401970456e+006 +2.401875206e+006 +2.401875206e+006
3425 +2.350680582e+006 +2.350680582e+006 +2.350585332e+006 +2.350585332e+006
4443 +1.868613683e+006 +1.868613683e+006 +1.868518433e+006 +1.868518433e+006
5342 +1.835868255e+006 +1.835868255e+006 +1.835773005e+006 +1.835773005e+006
5722 +1.792592278e+006 +1.792592278e+006 +1.792497028e+006 +1.792497028e+006
5728 +1.647601945e+006 +1.647601945e+006 +1.647506695e+006 +1.647506695e+006
7056 +1.573341559e+006 +1.573341559e+006 +1.573246309e+006 +1.573246309e+006
7183 +1.515528834e+006 +1.515528834e+006 +1.515433584e+006 +1.515433584e+006
7434 +1.403518125e+006 +1.403518125e+006 +1.403422875e+006 +1.403422875e+006
7565 +1.376308158e+006 +1.376308158e+006 +1.376212908e+006 +1.376212908e+006
7960 +1.309131830e+006 +1.309131830e+006 +1.309036580e+006 +1.309036580e+006
8331 +5.260495192e+005 +5.260495192e+005 +5.259542692e+005 +5.259542692e+005
14937 +4.848218216e+005 +4.848218216e+005 +4.847265716e+005 +4.847265716e+005
16485 +4.119717562e+005 +4.119717562e+005 +4.118765062e+005 +4.118765062e+005
17647 +3.678502308e+005 +3.678502308e+005 +3.677549808e+005 +3.677549808e+005
18244 +2.949539884e+005 +2.949539884e+005 +2.948587384e+005 +2.948587384e+005
19335 +2.856207192e+005 +2.856207192e+005 +2.855254692e+005 +2.855254692e+005
19980 +2.413446427e+005 +2.413446427e+005 +2.412493927e+005 +2.412493927e+005
20026 +2.307263181e+005 +2.307263181e+005 +2.306310681e+005 +2.306310681e+005
20078 +1.640264915e+005 +1.640264915e+005 +1.639312415e+005 +1.639312415e+005
21851 +1.610329877e+005 +1.610329877e+005 +1.609377377e+005 +1.609377377e+005
22383 +1.573392337e+005 +1.573392337e+005 +1.572439837e+005 +1.572439837e+005
22964 +1.376512047e+005 +1.376512047e+005 +1.375559547e+005 +1.375559547e+005
24839 +1.338743336e+005 +1.338743336e+005 +1.337790836e+005 +1.337790836e+005
24848 +1.308286202e+005 +1.308286202e+005 +1.307333702e+005 +1.307333702e+005
25219 +1.258016731e+005 +1.258016731e+005 +1.257064231e+005 +1.257064231e+005
25377 +1.165968634e+005 +1.165968634e+005 +1.165016134e+005 +1.165016134e+005
25739 +1.119960460e+005 +1.119960460e+005 +1.119007960e+005 +1.119007960e+005
26121 +1.066284757e+005 +1.066284757e+005 +1.065332257e+005 +1.065332257e+005
26606 +9.931338095e+004 +9.931338095e+004 +9.921813095e+004 +9.921813095e+004
26809 +9.010053339e+004 +9.010053339e+004 +9.000528339e+004 +9.000528339e+004
27849 +8.680112839e+004 +8.680112839e+004 +8.670587839e+004 +8.670587839e+004
28088 +8.073162941e+004 +8.073162941e+004 +8.063637941e+004 +8.063637941e+004
28438 +7.484615456e+004 +7.484615456e+004 +7.475090456e+004 +7.475090456e+004
28991 +7.251851495e+004 +7.251851495e+004 +7.242326495e+004 +7.242326495e+004
30505 +6.573159368e+004 +6.573159368e+004 +6.563634368e+004 +6.563634368e+004
32234 +6.348064504e+004 +6.348064504e+004 +6.338539504e+004 +6.338539504e+004
32477 +6.066926169e+004 +6.066926169e+004 +6.057401169e+004 +6.057401169e+004
32753 +5.657057758e+004 +5.657057758e+004 +5.647532758e+004 +5.647532758e+004
33352 +5.589062105e+004 +5.589062105e+004 +5.579537105e+004 +5.579537105e+004
33612 +5.457701653e+004 +5.457701653e+004 +5.448176653e+004 +5.448176653e+004
33653 +4.893453690e+004 +4.893453690e+004 +4.883928690e+004 +4.883928690e+004
37246 +4.267209195e+004 +4.267209195e+004 +4.257684195e+004 +4.257684195e+004
38251 +4.102116693e+004 +4.102116693e+004 +4.092591693e+004 +4.092591693e+004
39427 +3.887850440e+004 +3.887850440e+004 +3.878325440e+004 +3.878325440e+004
39956 +3.796934629e+004 +3.796934629e+004 +3.787409629e+004 +3.787409629e+004
% function evaluation | noise-free fitness - Fopt (4.943000000000e+001) | best noise-free fitness - Fopt | measured fitness | best measured fitness | x1 | x2...
1 +5.928341162e+007 +5.928341162e+007 +5.928346105e+007 +5.928346105e+007
5 +5.205081026e+007 +5.205081026e+007 +5.205085969e+007 +5.205085969e+007
8 +4.277956884e+007 +4.277956884e+007 +4.277961827e+007 +4.277961827e+007
12 +3.330874685e+007 +3.330874685e+007 +3.330879628e+007 +3.330879628e+007
39 +2.603520609e+007 +2.603520609e+007 +2.603525552e+007 +2.603525552e+007
45 +1.196720748e+007 +1.196720748e+007 +1.196725691e+007 +1.196725691e+007
226 +9.856073352e+006 +9.856073352e+006 +9.856122782e+006 +9.856122782e+006
607 +9.719961053e+006 +9.719961053e+006 +9.720010483e+006 +9.720010483e+006
737 +9.549397643e+006 +9.549397643e+006 +9.549447073e+006 +9.549447073e+006
792 +9.260702805e+006 +9.260702805e+006 +9.260752235e+006 +9.260752235e+006
947 +7.435476275e+006 +7.435476275e+006 +7.435525705e+006 +7.435525705e+006
1125 +6.029834174e+006 +6.029834174e+006 +6.029883604e+006 +6.029883604e+006
1281 +5.786409434e+006 +5.786409434e+006 +5.786458864e+006 +5.786458864e+006
1350 +5.141017832e+006 +5.141017832e+006 +5.141067262e+006 +5.141067262e+006
1612 +4.282613040e+006 +4.282613040e+006 +4.282662470e+006 +4.282662470e+006
2148 +4.021610210e+006 +4.021610210e+006 +4.021659640e+006 +4.021659640e+006
3605 +3.525074025e+006 +3.525074025e+006 +3.525123455e+006 +3.525123455e+006
3893 +3.097523617e+006 +3.097523617e+006 +3.097573047e+006 +3.097573047e+006
4908 +2.970370463e+006 +2.970370463e+006 +2.970419893e+006 +2.970419893e+006
5107 +2.928606481e+006 +2.928606481e+006 +2.928655911e+006 +2.928655911e+006
5173 +2.633689468e+006 +2.633689468e+006 +2.633738898e+006 +2.633738898e+006
5421 +2.624564825e+006 +2.624564825e+006 +2.624614255e+006 +2.624614255e+006
6239 +2.112472796e+006 +2.112472796e+006 +2.112522226e+006 +2.112522226e+006
7737 +1.415426762e+006 +1.415426762e+006 +1.415476192e+006 +1.415476192e+006
9464 +1.375006355e+006 +1.375006355e+006 +1.375055785e+006 +1.375055785e+006
10126 +1.079070179e+006 +1.079070179e+006 +1.079119609e+006 +1.079119609e+006
12312 +1.067879276e+006 +1.067879276e+006 +1.067928706e+006 +1.067928706e+006
12923 +9.067075657e+005 +9.067075657e+005 +9.067569957e+005 +9.067569957e+005
13493 +8.595473165e+005 +8.595473165e+005 +8.595967465e+005 +8.595967465e+005
14488 +8.394174321e+005 +8.394174321e+005 +8.394668621e+005 +8.394668621e+005
14497 +7.602319194e+005 +7.602319194e+005 +7.602813494e+005 +7.602813494e+005
15451 +7.537710451e+005 +7.537710451e+005 +7.538204751e+005 +7.538204751e+005
15502 +6.403034745e+005 +6.403034745e+005 +6.403529045e+005 +6.403529045e+005
16269 +5.673479389e+005 +5.673479389e+005 +5.673973689e+005 +5.673973689e+005
17014 +5.456910333e+005 +5.456910333e+005 +5.457404633e+005 +5.457404633e+005
17050 +4.375261881e+005 +4.375261881e+005 +4.375756181e+005 +4.375756181e+005
20627 +4.129980428e+005 +4.129980428e+005 +4.130474728e+005 +4.130474728e+005
21119 +3.832803961e+005 +3.832803961e+005 +3.833298261e+005 +3.833298261e+005
21596 +3.574237561e+005 +3.574237561e+005 +3.574731861e+005 +3.574731861e+005
22124 +3.018629171e+005 +3.018629171e+005 +3.019123471e+005 +3.019123471e+005
22878 +2.877967867e+005 +2.877967867e+005 +2.878462167e+005 +2.878462167e+005
23810 +2.315717954e+005 +2.315717954e+005 +2.316212254e+005 +2.316212254e+005
24089 +2.289339238e+005 +2.289339238e+005 +2.289833538e+005 +2.289833538e+005
25787 +2.106173415e+005 +2.106173415e+005 +2.106667715e+005 +2.106667715e+005
26858 +2.072038535e+005 +2.072038535e+005 +2.072532835e+005 +2.072532835e+005
27074 +2.019717713e+005 +2.019717713e+005 +2.020212013e+005 +2.020212013e+005
27281 +1.948949064e+005 +1.948949064e+005 +1.949443364e+005 +1.949443364e+005
28204 +1.690272255e+005 +1.690272255e+005 +1.690766555e+005 +1.690766555e+005
29965 +1.553094837e+005 +1.553094837e+005 +1.553589137e+005 +1.553589137e+005
31017 +1.515517095e+005 +1.515517095e+005 +1.516011395e+005 +1.516011395e+005
31639 +1.475036337e+005 +1.475036337e+005 +1.475530637e+005 +1.475530637e+005
31964 +1.403691269e+005 +1.403691269e+005 +1.404185569e+005 +1.404185569e+005
32270 +1.318981969e+005 +1.318981969e+005 +1.319476269e+005 +1.319476269e+005
32393 +1.316381934e+005 +1.316381934e+005 +1.316876234e+005 +1.316876234e+005
32959 +1.263436745e+005 +1.263436745e+005 +1.263931045e+005 +1.263931045e+005
33570 +1.230604682e+005 +1.230604682e+005 +1.231098982e+005 +1.231098982e+005
33732 +1.182301101e+005 +1.182301101e+005 +1.182795401e+005 +1.182795401e+005
34279 +1.134539480e+005 +1.134539480e+005 +1.135033780e+005 +1.135033780e+005
34872 +1.112867911e+005 +1.112867911e+005 +1.113362211e+005 +1.113362211e+005
35200 +1.074645128e+005 +1.074645128e+005 +1.075139428e+005 +1.075139428e+005
35264 +1.043089115e+005 +1.043089115e+005 +1.043583415e+005 +1.043583415e+005
36014 +1.015518606e+005 +1.015518606e+005 +1.016012906e+005 +1.016012906e+005
36472 +9.962316532e+004 +9.962316532e+004 +9.967259532e+004 +9.967259532e+004
37094 +9.475316757e+004 +9.475316757e+004 +9.480259757e+004 +9.480259757e+004
38326 +9.255358159e+004 +9.255358159e+004 +9.260301159e+004 +9.260301159e+004
38977 +8.912508031e+004 +8.912508031e+004 +8.917451031e+004 +8.917451031e+004
39893 +8.577150305e+004 +8.577150305e+004 +8.582093305e+004 +8.582093305e+004
% function evaluation | noise-free fitness - Fopt (-9.772000000000e+001) | best noise-free fitness - Fopt | measured fitness | best measured fitness | x1 | x2...
1 +3.622340720e+007 +3.622340720e+007 +3.622330948e+007 +3.622330948e+007
10 +1.992370050e+007 +1.992370050e+007 +1.992360278e+007 +1.992360278e+007
189 +1.909511226e+007 +1.909511226e+007 +1.909501454e+007 +1.909501454e+007
240 +1.723564236e+007 +1.723564236e+007 +1.723554464e+007 +1.723554464e+007
256 +1.654012586e+007 +1.654012586e+007 +1.654002814e+007 +1.654002814e+007
310 +1.127933247e+007 +1.127933247e+007 +1.127923475e+007 +1.127923475e+007
583 +7.867541126e+006 +7.867541126e+006 +7.867443406e+006 +7.867443406e+006
1371 +5.633970690e+006 +5.633970690e+006 +5.633872970e+006 +5.633872970e+006
1987 +4.797853403e+006 +4.797853403e+006 +4.797755683e+006 +4.797755683e+006
2196 +2.726162326e+006 +2.726162326e+006 +2.726064606e+006 +2.726064606e+006
3852 +2.680620037e+006 +2.680620037e+006 +2.680522317e+006 +2.680522317e+006
5393 +2.602917418e+006 +2.602917418e+006 +2.602819698e+006 +2.602819698e+006
5802 +1.848036993e+006 +1.848036993e+006 +1.847939273e+006 +1.847939273e+006
6326 +1.532201315e+006 +1.532201315e+006 +1.532103595e+006 +1.532103595e+006
8850 +7.730218313e+005 +7.730218313e+005 +7.729241113e+005 +7.729241113e+005
13719 +7.534828095e+005 +7.534828095e+005 +7.533850895e+005 +7.533850895e+005
14552 +6.820210617e+005 +6.820210617e+005 +6.819233417e+005 +6.819233417e+005
15751 +6.407612901e+005 +6.407612901e+005 +6.406635701e+005 +6.406635701e+005
16055 +5.780266727e+005 +5.780266727e+005 +5.779289527e+005 +5.779289527e+005
16405 +5.530810273e+005 +5.530810273e+005 +5.529833073e+005 +5.529833073e+005
17515 +5.468980925e+005 +5.468980925e+005 +5.468003725e+005 +5.468003725e+005
18361 +4.765147105e+005 +4.765147105e+005 +4.764169905e+005 +4.764169905e+005
18763 +4.549326369e+005 +4.549326369e+005 +4.548349169e+005 +4.548349169e+005
20498 +4.405853830e+005 +4.405853830e+005 +4.404876630e+005 +4.404876630e+005
21081 +3.534670923e+005 +3.534670923e+005 +3.533693723e+005 +3.533693723e+005
21360 +3.150617976e+005 +3.150617976e+005 +3.149640776e+005 +3.149640776e+005
22135 +2.685058082e+005 +2.685058082e+005 +2.684080882e+005 +2.684080882e+005
22783 +2.317508059e+005 +2.317508059e+005 +2.316530859e+005 +2.316530859e+005
24746 +2.140070315e+005 +2.140070315e+005 +2.139093115e+005 +2.139093115e+005
25333 +2.072759724e+005 +2.072759724e+005 +2.071782524e+005 +2.071782524e+005
25715 +1.767066694e+005 +1.767066694e+005 +1.766089494e+005 +1.766089494e+005
27552 +1.713833728e+005 +1.713833728e+005 +1.712856528e+005 +1.712856528e+005
27969 +1.653117386e+005 +1.653117386e+005 +1.652140186e+005 +1.652140186e+005
28034 +1.600840171e+005 +1.600840171e+005 +1.599862971e+005 +1.599862971e+005
28053 +1.582771559e+005 +1.582771559e+005 +1.581794359e+005 +1.581794359e+005
28253 +1.211125824e+005 +1.211125824e+005 +1.210148624e+005 +1.210148624e+005
32604 +1.178825857e+005 +1.178825857e+005 +1.177848657e+005 +1.177848657e+005
32993 +1.118689738e+005 +1.118689738e+005 +1.117712538e+005 +1.117712538e+005
35036 +1.079860449e+005 +1.079860449e+005 +1.078883249e+005 +1.078883249e+005
35215 +1.068534476e+005 +1.068534476e+005 +1.067557276e+005 +1.067557276e+005
36536 +1.012951266e+005 +1.012951266e+005 +1.011974066e+005 +1.011974066e+005
36957 +9.863232700e+004 +9.863232700e+004 +9.853460700e+004 +9.853460700e+004
37269 +9.425307038e+004 +9.425307038e+004 +9.415535038e+004 +9.415535038e+004
37875 +9.287382129e+004 +9.287382129e+004 +9.277610129e+004 +9.277610129e+004
38334 +9.105416297e+004 +9.105416297e+004 +9.095644297e+004 +9.095644297e+004
39407 +8.730863779e+004 +8.730863779e+004 +8.721091779e+004 +8.721091779e+004
% function evaluation | noise-free fitness - Fopt (-5.100000000000e+001) | best noise-free fitness - Fopt | measured fitness | best measured fitness | x1 | x2...
1 +6.637174314e+007 +6.637174314e+007 +6.637169214e+007 +6.637169214e+007
2 +2.855922073e+007 +2.855922073e+007 +2.855916973e+007 +2.855916973e+007
4 +1.283623789e+007 +1.283623789e+007 +1.283618689e+007 +1.283618689e+007
90 +1.141736163e+007 +1.141736163e+007 +1.141731063e+007 +1.141731063e+007
390 +1.072011459e+007 +1.072011459e+007 +1.072006359e+007 +1.072006359e+007
413 +7.240010130e+006 +7.240010130e+006 +7.239959130e+006 +7.239959130e+006
882 +6.177631555e+006 +6.177631555e+006 +6.177580555e+006 +6.177580555e+006
1025 +6.106461576e+006 +6.106461576e+006 +6.106410576e+006 +6.106410576e+006
1039 +5.787288219e+006 +5.787288219e+006 +5.787237219e+006 +5.787237219e+006
1099 +3.359050851e+006 +3.359050851e+006 +3.358999851e+006 +3.358999851e+006
1890 +3.208018628e+006 +3.208018628e+006 +3.207967628e+006 +3.207967628e+006
2502 +2.724468607e+006 +2.724468607e+006 +2.724417607e+006 +2.724417607e+006
3489 +2.686407534e+006 +2.686407534e+006 +2.686356534e+006 +2.686356534e+006
3611 +2.340221163e+006 +2.340221163e+006 +2.340170163e+006 +2.340170163e+006
6016 +1.281421240e+006 +1.281421240e+006 +1.281370240e+006 +1.281370240e+006
7839 +9.628331295e+005 +9.628331295e+005 +9.627821295e+005 +9.627821295e+005
8602 +9.123510725e+005 +9.123510725e+005 +9.123000725e+005 +9.123000725e+005
8638 +8.221254073e+005 +8.221254073e+005 +8.220744073e+005 +8.220744073e+005
9928 +6.918788190e+005 +6.918788190e+005 +6.918278190e+005 +6.918278190e+005
11069 +6.264885417e+005 +6.264885417e+005 +6.264375417e+005 +6.264375417e+005
14295 +5.999723006e+005 +5.999723006e+005 +5.999213006e+005 +5.999213006e+005
14735 +5.830446591e+005 +5.830446591e+005 +5.829936591e+005 +5.829936591e+005
14884 +5.571054801e+005 +5.571054801e+005 +5.570544801e+005 +5.570544801e+005
15731 +5.336648655e+005 +5.336648655e+005 +5.336138655e+005 +5.336138655e+005
16047 +2.949129467e+005 +2.949129467e+005 +2.948619467e+005 +2.948619467e+005
17489 +2.734495776e+005 +2.734495776e+005 +2.733985776e+005 +2.733985776e+005
18132 +2.575513488e+005 +2.575513488e+005 +2.575003488e+005 +2.575003488e+005
19129 +2.331299144e+005 +2.331299144e+005 +2.330789144e+005 +2.330789144e+005
20738 +2.144666245e+005 +2.144666245e+005 +2.144156245e+005 +2.144156245e+005
20907 +2.114795959e+005 +2.114795959e+005 +2.114285959e+005 +2.114285959e+005
20929 +1.964742312e+005 +1.964742312e+005 +1.964232312e+005 +1.964232312e+005
22151 +1.899704338e+005 +1.899704338e+005 +1.899194338e+005 +1.899194338e+005
22458 +1.791250748e+005 +1.791250748e+005 +1.790740748e+005 +1.790740748e+005
23944 +1.436706661e+005 +1.436706661e+005 +1.436196661e+005 +1.436196661e+005
25592 +1.275941491e+005 +1.275941491e+005 +1.275431491e+005 +1.275431491e+005
26829 +1.218825882e+005 +1.218825882e+005 +1.218315882e+005 +1.218315882e+005
28946 +1.173609119e+005 +1.173609119e+005 +1.173099119e+005 +1.173099119e+005
29329 +1.123252431e+005 +1.123252431e+005 +1.122742431e+005 +1.122742431e+005
29678 +1.008780452e+005 +1.008780452e+005 +1.008270452e+005 +1.008270452e+005
31479 +9.697117324e+004 +9.697117324e+004 +9.692017324e+004 +9.692017324e+004
32225 +9.531990033e+004 +9.531990033e+004 +9.526890033e+004 +9.526890033e+004
32358 +9.272142444e+004 +9.272142444e+004 +9.267042444e+004 +9.267042444e+004
32727 +8.547625490e+004 +8.547625490e+004 +8.542525490e+004 +8.542525490e+004
33821 +8.269996433e+004 +8.269996433e+004 +8.264896433e+004 +8.264896433e+004
35617 +8.113639273e+004 +8.113639273e+004 +8.108539273e+004 +8.108539273e+004
36144 +7.941825715e+004 +7.941825715e+004 +7.936725715e+004 +7.936725715e+004
37575 +7.714777017e+004 +7.714777017e+004 +7.709677017e+004 +7.709677017e+004
38318 +7.565590104e+004 +7.565590104e+004 +7.560490104e+004 +7.560490104e+004
38412 +7.395786626e+004 +7.395786626e+004 +7.390686626e+004 +7.390686626e+004
