% function evaluation | noise-free fitness - Fopt (-5.494000000000e+001) | best noise-free fitness - Fopt | measured fitness | best measured fitness | x1 | x2...
1 +2.447345112e+006 +2.447345112e+006 +2.447290172e+006 +2.447290172e+006 -3.3559e+000 +8.2779e-001 +5.9453e-001
4 +4.981362832e+005 +4.981362832e+005 +4.980813432e+005 +4.980813432e+005 -2.3864e+000 +3.3017e-001 +1.6273e+000
7 +4.696721160e+005 +4.696721160e+005 +4.696171760e+005 +4.696171760e+005 -3.4087e+000 -1.6331e+000 -3.0007e-001
15 +8.555958065e+004 +8.555958065e+004 +8.550464065e+004 +8.550464065e+004 -6.4564e+000 -1.2593e+000 -1.6447e+000
16 +7.566475497e+004 +7.566475497e+004 +7.560981497e+004 +7.560981497e+004 -6.0260e+000 -4.7835e-001 +9.6605e-001
17 +6.040322612e+004 +6.040322612e+004 +6.034828612e+004 +6.034828612e+004 -8.8725e+000 -5.0116e-001 -8.4767e-001
20 +9.150121311e+003 +9.150121311e+003 +9.095181311e+003 +9.095181311e+003 -4.7259e+000 -6.1459e-001 +2.8683e-001
564 +9.065307668e+003 +9.065307668e+003 +9.010367668e+003 +9.010367668e+003 -4.6316e+000 +1.5652e-001 +2.7336e+000
579 +8.475530887e+003 +8.475530887e+003 +8.420590887e+003 +8.420590887e+003 -4.4932e+000 +1.5021e-001 +2.7761e+000
634 +8.298506555e+003 +8.298506555e+003 +8.243566555e+003 +8.243566555e+003 -4.3990e+000 +1.4354e-001 +2.7571e+000
637 +7.803307355e+003 +7.803307355e+003 +7.748367355e+003 +7.748367355e+003 -4.2773e+000 +1.4635e-001 +2.8288e+000
662 +7.667493254e+003 +7.667493254e+003 +7.612553254e+003 +7.612553254e+003 -4.2072e+000 +1.3283e-001 +2.8003e+000
693 +7.511870335e+003 +7.511870335e+003 +7.456930335e+003 +7.456930335e+003 -4.1988e+000 +1.1101e-001 +2.7537e+000
704 +7.410691822e+003 +7.410691822e+003 +7.355751822e+003 +7.355751822e+003 -4.1681e+000 +1.2172e-001 +2.8000e+000
724 +7.076948948e+003 +7.076948948e+003 +7.022008948e+003 +7.022008948e+003 -4.0894e+000 +1.1771e-001 +2.8360e+000
750 +6.902813317e+003 +6.902813317e+003 +6.847873317e+003 +6.847873317e+003 -4.0323e+000 +9.8738e-002 +2.8334e+000
753 +6.491254716e+003 +6.491254716e+003 +6.436314716e+003 +6.436314716e+003 -3.9566e+000 +1.0471e-001 +2.8414e+000
769 +6.323763310e+003 +6.323763310e+003 +6.268823310e+003 +6.268823310e+003 -3.9265e+000 +7.6362e-002 +2.7616e+000
787 +6.294139719e+003 +6.294139719e+003 +6.239199719e+003 +6.239199719e+003 -3.8362e+000 +1.0012e-001 +2.8130e+000
791 +5.843555713e+003 +5.843555713e+003 +5.788615713e+003 +5.788615713e+003 -3.8262e+000 +8.8658e-002 +2.8189e+000
814 +4.961267968e+003 +4.961267968e+003 +4.906327968e+003 +4.906327968e+003 -3.6190e+000 +9.2113e-002 +2.8672e+000
842 +4.362304198e+003 +4.362304198e+003 +4.307364198e+003 +4.307364198e+003 -3.5946e+000 +9.1307e-002 +2.9138e+000
845 +3.799011504e+003 +3.799011504e+003 +3.744071504e+003 +3.744071504e+003 -3.0538e+000 +7.5962e-002 +2.9971e+000
849 +2.945215904e+003 +2.945215904e+003 +2.890275904e+003 +2.890275904e+003 -3.3703e+000 +8.8784e-002 +3.0125e+000
853 +2.327375236e+003 +2.327375236e+003 +2.272435236e+003 +2.272435236e+003 -3.1938e+000 +8.0746e-002 +3.0641e+000
865 +2.195597415e+003 +2.195597415e+003 +2.140657415e+003 +2.140657415e+003 -3.1476e+000 +5.1560e-002 +3.0168e+000
874 +2.144399856e+003 +2.144399856e+003 +2.089459856e+003 +2.089459856e+003 -2.5360e+000 +5.5235e-002 +3.1583e+000
895 +2.034650274e+003 +2.034650274e+003 +1.979710274e+003 +1.979710274e+003 -2.6412e+000 +5.7604e-002 +3.1466e+000
908 +1.351576400e+003 +1.351576400e+003 +1.296636400e+003 +1.296636400e+003 -2.6161e+000 +3.1546e-002 +3.1986e+000
917 +6.912538561e+002 +6.912538561e+002 +6.363138561e+002 +6.363138561e+002 -2.2873e+000 +5.5846e-002 +3.4140e+000
986 +5.973168308e+002 +5.973168308e+002 +5.423768308e+002 +5.423768308e+002 -2.2753e+000 +8.4791e-002 +3.4373e+000
1002 +4.927864994e+002 +4.927864994e+002 +4.378464994e+002 +4.378464994e+002 -2.2038e+000 +3.0673e-002 +3.3250e+000
1125 +3.313829064e+002 +3.313829064e+002 +2.764429064e+002 +2.764429064e+002 -2.0838e+000 +3.0135e-002 +3.3602e+000
1201 +2.913473388e+002 +2.913473388e+002 +2.364073388e+002 +2.364073388e+002 -2.0490e+000 +4.6740e-002 +3.4215e+000
1206 +2.876667062e+002 +2.876667062e+002 +2.327267062e+002 +2.327267062e+002 -2.0610e+000 +4.4895e-002 +3.4357e+000
1218 +2.620897172e+002 +2.620897172e+002 +2.071497172e+002 +2.071497172e+002 -2.0343e+000 +4.4884e-002 +3.4241e+000
1223 +2.276172888e+002 +2.276172888e+002 +1.726772888e+002 +1.726772888e+002 -2.0201e+000 +4.4618e-002 +3.4514e+000
1242 +1.950001714e+002 +1.950001714e+002 +1.400601714e+002 +1.400601714e+002 -1.9923e+000 +4.1880e-002 +3.4398e+000
1264 +1.509031905e+002 +1.509031905e+002 +9.596319049e+001 +9.596319049e+001 -1.9101e+000 +3.4586e-002 +3.4490e+000
1275 +1.191434583e+002 +1.191434583e+002 +6.420345825e+001 +6.420345825e+001 -1.8323e+000 -6.9834e-002 +3.1391e+000
1378 +8.458257242e+001 +8.458257242e+001 +2.964257242e+001 +2.964257242e+001 -1.8103e+000 -1.6137e-002 +3.3331e+000
1405 +8.238186938e+001 +8.238186938e+001 +2.744186938e+001 +2.744186938e+001 -1.8024e+000 -1.2321e-002 +3.3455e+000
1431 +7.056196841e+001 +7.056196841e+001 +1.562196841e+001 +1.562196841e+001 -1.7637e+000 -1.1631e-002 +3.3595e+000
1466 +6.812154231e+001 +6.812154231e+001 +1.318154231e+001 +1.318154231e+001 -1.6832e+000 -2.3456e-002 +3.3819e+000
1481 +6.379776265e+001 +6.379776265e+001 +8.857762647e+000 +8.857762647e+000 -1.7346e+000 -1.7294e-002 +3.3508e+000
1486 +5.933165463e+001 +5.933165463e+001 +4.391654627e+000 +4.391654627e+000 -1.7489e+000 -1.5975e-002 +3.3577e+000
1487 +5.247854175e+001 +5.247854175e+001 -2.461458248e+000 -2.461458248e+000 -1.7320e+000 -1.9035e-002 +3.3538e+000
1510 +3.506196658e+001 +3.506196658e+001 -1.987803342e+001 -1.987803342e+001 -1.6610e+000 -1.7977e-002 +3.3878e+000
1774 +3.251669922e+001 +3.251669922e+001 -2.242330078e+001 -2.242330078e+001 -1.6542e+000 -2.5458e-002 +3.3682e+000
1803 +3.007102558e+001 +3.007102558e+001 -2.486897442e+001 -2.486897442e+001 -1.6406e+000 -2.5604e-002 +3.3692e+000
1817 +2.797732004e+001 +2.797732004e+001 -2.696267996e+001 -2.696267996e+001 -1.6315e+000 -2.7250e-002 +3.3697e+000
1846 +2.433323336e+001 +2.433323336e+001 -3.060676664e+001 -3.060676664e+001 -1.5800e+000 -3.3924e-002 +3.3691e+000
1941 +2.397243021e+001 +2.397243021e+001 -3.096756979e+001 -3.096756979e+001 -1.5792e+000 -3.4480e-002 +3.3697e+000
% function evaluation | noise-free fitness - Fopt (5.913000000000e+001) | best noise-free fitness - Fopt | measured fitness | best measured fitness | x1 | x2...
1 +1.770141492e+007 +1.770141492e+007 +1.770147405e+007 +1.770147405e+007 -3.5313e-001 -4.4977e+000 +5.6561e-001
2 +3.321786922e+006 +3.321786922e+006 +3.321846052e+006 +3.321846052e+006 -3.1045e+000 -1.3080e+000 +5.6301e+000
5 +7.353447460e+005 +7.353447460e+005 +7.354038760e+005 +7.354038760e+005 -3.2576e+000 +1.5040e+000 -1.1103e+000
17 +4.684340927e+005 +4.684340927e+005 +4.684932227e+005 +4.684932227e+005 -5.5869e+000 -2.5188e+000 +2.4830e+001
32 +8.097500010e+004 +8.097500010e+004 +8.103413010e+004 +8.103413010e+004 -4.0227e+000 -1.2408e-001 +1.0612e+001
59 +7.096163419e+004 +7.096163419e+004 +7.102076419e+004 +7.102076419e+004 -6.1232e+000 +1.2646e+000 +9.5414e+000
133 +6.927539417e+004 +6.927539417e+004 +6.933452417e+004 +6.933452417e+004 -5.8135e+000 +8.6670e-001 +1.0884e+001
158 +6.722171288e+004 +6.722171288e+004 +6.728084288e+004 +6.728084288e+004 -5.6064e+000 +8.7662e-001 +1.0334e+001
235 +6.461187894e+004 +6.461187894e+004 +6.467100894e+004 +6.467100894e+004 -5.5576e+000 +9.5761e-001 +1.0057e+001
245 +6.362998831e+004 +6.362998831e+004 +6.368911831e+004 +6.368911831e+004 -5.5047e+000 +9.6180e-001 +9.9001e+000
256 +6.284752622e+004 +6.284752622e+004 +6.290665622e+004 +6.290665622e+004 -5.4598e+000 +9.6068e-001 +9.7616e+000
309 +6.070417365e+004 +6.070417365e+004 +6.076330365e+004 +6.076330365e+004 -5.3519e+000 +9.7576e-001 +9.4361e+000
397 +5.862234510e+004 +5.862234510e+004 +5.868147510e+004 +5.868147510e+004 -5.4252e+000 +1.0776e+000 +9.3448e+000
471 +5.749296929e+004 +5.749296929e+004 +5.755209929e+004 +5.755209929e+004 -5.4532e+000 +1.0877e+000 +9.2705e+000
515 +5.616327815e+004 +5.616327815e+004 +5.622240815e+004 +5.622240815e+004 -5.3791e+000 +1.0935e+000 +9.1131e+000
539 +5.427936278e+004 +5.427936278e+004 +5.433849278e+004 +5.433849278e+004 -5.3618e+000 +1.1202e+000 +8.8083e+000
549 +5.318885212e+004 +5.318885212e+004 +5.324798212e+004 +5.324798212e+004 -5.5770e+000 +1.2220e+000 +9.0563e+000
579 +5.094599692e+004 +5.094599692e+004 +5.100512692e+004 +5.100512692e+004 -5.4394e+000 +1.2307e+000 +8.7873e+000
602 +4.998003401e+004 +4.998003401e+004 +5.003916401e+004 +5.003916401e+004 -5.4449e+000 +1.2895e+000 +8.6810e+000
619 +4.794408151e+004 +4.794408151e+004 +4.800321151e+004 +4.800321151e+004 -5.4770e+000 +1.2679e+000 +8.5751e+000
647 +4.557732289e+004 +4.557732289e+004 +4.563645289e+004 +4.563645289e+004 -5.4270e+000 +1.3041e+000 +8.1139e+000
706 +4.311364728e+004 +4.311364728e+004 +4.317277728e+004 +4.317277728e+004 -5.4095e+000 +1.3319e+000 +8.2339e+000
731 +4.264953378e+004 +4.264953378e+004 +4.270866378e+004 +4.270866378e+004 -5.3989e+000 +1.3312e+000 +8.1647e+000
751 +4.157919548e+004 +4.157919548e+004 +4.163832548e+004 +4.163832548e+004 -5.4011e+000 +1.3524e+000 +8.0353e+000
773 +4.025617942e+004 +4.025617942e+004 +4.031530942e+004 +4.031530942e+004 -5.3387e+000 +1.3513e+000 +7.9457e+000
776 +3.905651279e+004 +3.905651279e+004 +3.911564279e+004 +3.911564279e+004 -5.3532e+000 +1.3839e+000 +7.7908e+000
807 +3.880758817e+004 +3.880758817e+004 +3.886671817e+004 +3.886671817e+004 -5.3045e+000 +1.3853e+000 +7.8734e+000
826 +3.753405149e+004 +3.753405149e+004 +3.759318149e+004 +3.759318149e+004 -5.3122e+000 +1.4031e+000 +7.7871e+000
843 +3.675298458e+004 +3.675298458e+004 +3.681211458e+004 +3.681211458e+004 -5.3102e+000 +1.4098e+000 +7.7131e+000
881 +3.604383389e+004 +3.604383389e+004 +3.610296389e+004 +3.610296389e+004 -5.3068e+000 +1.4235e+000 +7.6651e+000
917 +3.512648279e+004 +3.512648279e+004 +3.518561279e+004 +3.518561279e+004 -5.3271e+000 +1.4794e+000 +7.6159e+000
946 +3.460909560e+004 +3.460909560e+004 +3.466822560e+004 +3.466822560e+004 -5.2906e+000 +1.4647e+000 +7.5555e+000
949 +3.380780502e+004 +3.380780502e+004 +3.386693502e+004 +3.386693502e+004 -5.3416e+000 +1.4769e+000 +7.4945e+000
964 +3.266944518e+004 +3.266944518e+004 +3.272857518e+004 +3.272857518e+004 -5.3123e+000 +1.4902e+000 +7.3573e+000
998 +3.131473150e+004 +3.131473150e+004 +3.137386150e+004 +3.137386150e+004 -5.2858e+000 +1.5185e+000 +7.2795e+000
1015 +2.981307381e+004 +2.981307381e+004 +2.987220381e+004 +2.987220381e+004 -5.3303e+000 +1.6100e+000 +6.7450e+000
1038 +2.746647102e+004 +2.746647102e+004 +2.752560102e+004 +2.752560102e+004 -5.2856e+000 +1.6096e+000 +6.8643e+000
1058 +2.619234600e+004 +2.619234600e+004 +2.625147600e+004 +2.625147600e+004 -5.3009e+000 +1.6643e+000 +6.7920e+000
1174 +2.537015831e+004 +2.537015831e+004 +2.542928831e+004 +2.542928831e+004 -5.2125e+000 +1.6464e+000 +6.5703e+000
1197 +2.502857588e+004 +2.502857588e+004 +2.508770588e+004 +2.508770588e+004 -5.1832e+000 +1.6504e+000 +6.5511e+000
1246 +2.425604840e+004 +2.425604840e+004 +2.431517840e+004 +2.431517840e+004 -5.1469e+000 +1.6607e+000 +6.4212e+000
1260 +2.322663925e+004 +2.322663925e+004 +2.328576925e+004 +2.328576925e+004 -5.0796e+000 +1.6704e+000 +6.2101e+000
1277 +2.237135806e+004 +2.237135806e+004 +2.243048806e+004 +2.243048806e+004 -5.1653e+000 +1.7324e+000 +6.1873e+000
1297 +1.615172926e+004 +1.615172926e+004 +1.621085926e+004 +1.621085926e+004 -5.1423e+000 +1.9485e+000 +5.2195e+000
1606 +1.579895816e+004 +1.579895816e+004 +1.585808816e+004 +1.585808816e+004 -5.1005e+000 +1.9436e+000 +5.2605e+000
1637 +1.540122742e+004 +1.540122742e+004 +1.546035742e+004 +1.546035742e+004 -5.0790e+000 +1.9510e+000 +5.1947e+000
1687 +1.491387237e+004 +1.491387237e+004 +1.497300237e+004 +1.497300237e+004 -5.0654e+000 +1.9814e+000 +5.1099e+000
1712 +1.466218814e+004 +1.466218814e+004 +1.472131814e+004 +1.472131814e+004 -5.0844e+000 +1.9734e+000 +5.0962e+000
1731 +1.425239962e+004 +1.425239962e+004 +1.431152962e+004 +1.431152962e+004 -5.0493e+000 +1.9726e+000 +4.9990e+000
1747 +1.383411009e+004 +1.383411009e+004 +1.389324009e+004 +1.389324009e+004 -5.0243e+000 +1.9788e+000 +4.8832e+000
1761 +1.375768708e+004 +1.375768708e+004 +1.381681708e+004 +1.381681708e+004 -5.0117e+000 +1.9765e+000 +4.8759e+000
1786 +1.348669081e+004 +1.348669081e+004 +1.354582081e+004 +1.354582081e+004 -5.0027e+000 +1.9823e+000 +4.8588e+000
1802 +1.314514208e+004 +1.314514208e+004 +1.320427208e+004 +1.320427208e+004 -4.9769e+000 +1.9936e+000 +4.8200e+000
1833 +1.288069288e+004 +1.288069288e+004 +1.293982288e+004 +1.293982288e+004 -4.9921e+000 +2.0001e+000 +4.7584e+000
1851 +1.224785592e+004 +1.224785592e+004 +1.230698592e+004 +1.230698592e+004 -5.0063e+000 +2.0329e+000 +4.6177e+000
1907 +1.192701904e+004 +1.192701904e+004 +1.198614904e+004 +1.198614904e+004 -4.9491e+000 +2.0233e+000 +4.6214e+000
1911 +1.139785570e+004 +1.139785570e+004 +1.145698570e+004 +1.145698570e+004 -4.9574e+000 +2.0447e+000 +4.5114e+000
1924 +1.112156882e+004 +1.112156882e+004 +1.118069882e+004 +1.118069882e+004 -4.9470e+000 +2.0849e+000 +4.4734e+000
1941 +1.025338313e+004 +1.025338313e+004 +1.031251313e+004 +1.031251313e+004 -4.9204e+000 +2.1198e+000 +4.2903e+000
1951 +9.618169929e+003 +9.618169929e+003 +9.677299929e+003 +9.677299929e+003 -4.9255e+000 +2.1187e+000 +4.2091e+000
1996 +9.545661420e+003 +9.545661420e+003 +9.604791420e+003 +9.604791420e+003 -4.9251e+000 +2.1230e+000 +4.1953e+000
2036 +9.168134904e+003 +9.168134904e+003 +9.227264904e+003 +9.227264904e+003 -4.9255e+000 +2.1480e+000 +4.1139e+000
2065 +9.103915542e+003 +9.103915542e+003 +9.163045542e+003 +9.163045542e+003 -4.9255e+000 +2.1492e+000 +4.0918e+000
2136 +8.790126249e+003 +8.790126249e+003 +8.849256249e+003 +8.849256249e+003 -4.9255e+000 +2.1688e+000 +3.9950e+000
2173 +8.478657981e+003 +8.478657981e+003 +8.537787981e+003 +8.537787981e+003 -4.9255e+000 +2.2053e+000 +3.9224e+000
2250 +8.274633217e+003 +8.274633217e+003 +8.333763217e+003 +8.333763217e+003 -4.9255e+000 +2.2104e+000 +3.8516e+000
2317 +8.082509857e+003 +8.082509857e+003 +8.141639857e+003 +8.141639857e+003 -4.9255e+000 +2.2283e+000 +3.7990e+000
2335 +7.833452372e+003 +7.833452372e+003 +7.892582372e+003 +7.892582372e+003 -4.9255e+000 +2.2567e+000 +3.7136e+000
2410 +7.749193109e+003 +7.749193109e+003 +7.808323109e+003 +7.808323109e+003 -4.9255e+000 +2.2580e+000 +3.6806e+000
2508 +7.585219994e+003 +7.585219994e+003 +7.644349994e+003 +7.644349994e+003 -4.9255e+000 +2.2735e+000 +3.6263e+000
2596 +7.302405613e+003 +7.302405613e+003 +7.361535613e+003 +7.361535613e+003 -4.9247e+000 +2.3160e+000 +3.5130e+000
2624 +7.230764089e+003 +7.230764089e+003 +7.289894089e+003 +7.289894089e+003 -4.9252e+000 +2.3120e+000 +3.4044e+000
2657 +6.915885250e+003 +6.915885250e+003 +6.975015250e+003 +6.975015250e+003 -4.9256e+000 +2.3271e+000 +3.4216e+000
2682 +6.735142698e+003 +6.735142698e+003 +6.794272698e+003 +6.794272698e+003 -4.9255e+000 +2.3365e+000 +3.3485e+000
2710 +6.557715414e+003 +6.557715414e+003 +6.616845414e+003 +6.616845414e+003 -4.9257e+000 +2.3593e+000 +3.3323e+000
2712 +6.171297807e+003 +6.171297807e+003 +6.230427807e+003 +6.230427807e+003 -4.9257e+000 +2.3697e+000 +3.2411e+000
2723 +5.671346933e+003 +5.671346933e+003 +5.730476933e+003 +5.730476933e+003 -4.9263e+000 +2.3932e+000 +3.1295e+000
2782 +5.210526260e+003 +5.210526260e+003 +5.269656260e+003 +5.269656260e+003 -4.9201e+000 +2.4246e+000 +3.0706e+000
2794 +5.119464440e+003 +5.119464440e+003 +5.178594440e+003 +5.178594440e+003 -4.9211e+000 +2.4282e+000 +2.9102e+000
2808 +4.924997907e+003 +4.924997907e+003 +4.984127907e+003 +4.984127907e+003 -4.9218e+000 +2.4248e+000 +3.0059e+000
2813 +4.880503321e+003 +4.880503321e+003 +4.939633321e+003 +4.939633321e+003 -4.9244e+000 +2.4279e+000 +2.9888e+000
2820 +3.789122233e+003 +3.789122233e+003 +3.848252233e+003 +3.848252233e+003 -4.9230e+000 +2.4788e+000 +2.7695e+000
2842 +3.220167453e+003 +3.220167453e+003 +3.279297453e+003 +3.279297453e+003 -4.8912e+000 +2.5023e+000 +2.5987e+000
2870 +3.077766791e+003 +3.077766791e+003 +3.136896791e+003 +3.136896791e+003 -4.9379e+000 +2.6139e+000 +2.4810e+000
2882 +2.501656529e+003 +2.501656529e+003 +2.560786529e+003 +2.560786529e+003 -4.9247e+000 +2.5575e+000 +2.5258e+000
2933 +2.427403443e+003 +2.427403443e+003 +2.486533443e+003 +2.486533443e+003 -4.8983e+000 +2.5589e+000 +2.4377e+000
2954 +2.378002093e+003 +2.378002093e+003 +2.437132093e+003 +2.437132093e+003 -4.9014e+000 +2.5656e+000 +2.4742e+000
2969 +2.261473385e+003 +2.261473385e+003 +2.320603385e+003 +2.320603385e+003 -4.8779e+000 +2.5685e+000 +2.3905e+000
% function evaluation | noise-free fitness - Fopt (-4.915300000000e+002) | best noise-free fitness - Fopt | measured fitness | best measured fitness | x1 | x2...
1 +3.080036240e+007 +3.080036240e+007 +3.079987087e+007 +3.079987087e+007 -1.8925e+000 -2.8356e+000 -8.3888e+000
2 +6.461360786e+005 +6.461360786e+005 +6.456445486e+005 +6.456445486e+005 -2.7590e+000 -5.0173e+000 -1.5987e-001
3 +6.006951581e+005 +6.006951581e+005 +6.002036281e+005 +6.002036281e+005 -3.9538e+000 -2.8153e+000 -5.3815e-001
5 +3.834190969e+005 +3.834190969e+005 +3.829275669e+005 +3.829275669e+005 -4.0151e+000 +3.3857e-001 -3.6626e-001
21 +3.747908736e+004 +3.747908736e+004 +3.698755736e+004 +3.698755736e+004 -3.6971e+000 -2.8146e+000 +1.3588e-001
25 +3.165037698e+004 +3.165037698e+004 +3.115884698e+004 +3.115884698e+004 -4.6057e+000 -3.5144e+000 +1.1228e+000
103 +8.046637344e+002 +8.046637344e+002 +3.131337344e+002 +3.131337344e+002 -4.7799e+000 -3.8281e+000 +1.6542e+000
289 +7.927874824e+002 +7.927874824e+002 +3.012574824e+002 +3.012574824e+002 -4.0951e+000 -4.8866e+000 +1.7494e+000
293 +7.490683086e+002 +7.490683086e+002 +2.575383086e+002 +2.575383086e+002 -4.1081e+000 -4.8749e+000 +1.7508e+000
301 +7.175522895e+002 +7.175522895e+002 +2.260222895e+002 +2.260222895e+002 -4.1184e+000 -4.8647e+000 +1.7502e+000
353 +7.018530445e+002 +7.018530445e+002 +2.103230445e+002 +2.103230445e+002 -4.1431e+000 -4.8729e+000 +1.7715e+000
452 +6.910781358e+002 +6.910781358e+002 +1.995481358e+002 +1.995481358e+002 -4.1612e+000 -4.8777e+000 +1.7842e+000
517 +6.710741370e+002 +6.710741370e+002 +1.795441370e+002 +1.795441370e+002 -4.1751e+000 -4.8748e+000 +1.7939e+000
546 +6.578569536e+002 +6.578569536e+002 +1.663269536e+002 +1.663269536e+002 -4.1805e+000 -4.8677e+000 +1.7947e+000
618 +6.443727633e+002 +6.443727633e+002 +1.528427633e+002 +1.528427633e+002 -4.1882e+000 -4.8636e+000 +1.7953e+000
635 +6.248028403e+002 +6.248028403e+002 +1.332728403e+002 +1.332728403e+002 -4.1967e+000 -4.8451e+000 +1.7952e+000
649 +5.538853235e+002 +5.538853235e+002 +6.235532347e+001 +6.235532347e+001 -4.2761e+000 -4.7510e+000 +1.7951e+000
1079 +5.489650450e+002 +5.489650450e+002 +5.743504500e+001 +5.743504500e+001 -4.2752e+000 -4.7518e+000 +1.7917e+000
2073 +5.353905337e+002 +5.353905337e+002 +4.386053369e+001 +4.386053369e+001 -4.2869e+000 -4.7120e+000 +1.7784e+000
2132 +4.994027849e+002 +4.994027849e+002 +7.872784856e+000 +7.872784856e+000 -4.3278e+000 -4.6818e+000 +1.7885e+000
2434 +4.843830401e+002 +4.843830401e+002 -7.146959914e+000 -7.146959914e+000 -4.3328e+000 -4.6556e+000 +1.7829e+000
2444 +4.647591489e+002 +4.647591489e+002 -2.677085111e+001 -2.677085111e+001 -4.3404e+000 -4.6563e+000 +1.7849e+000
2454 +4.570858312e+002 +4.570858312e+002 -3.444416885e+001 -3.444416885e+001 -4.3425e+000 -4.6498e+000 +1.7836e+000
2509 +4.363320184e+002 +4.363320184e+002 -5.519798156e+001 -5.519798156e+001 -4.3481e+000 -4.6362e+000 +1.7811e+000
2554 +4.198830815e+002 +4.198830815e+002 -7.164691848e+001 -7.164691848e+001 -4.3498e+000 -4.6306e+000 +1.7764e+000
2558 +4.081028893e+002 +4.081028893e+002 -8.342711068e+001 -8.342711068e+001 -4.3600e+000 -4.6289e+000 +1.7826e+000
2576 +3.806575059e+002 +3.806575059e+002 -1.108724941e+002 -1.108724941e+002 -4.3662e+000 -4.6138e+000 +1.7795e+000
2586 +3.226630886e+002 +3.226630886e+002 -1.688669114e+002 -1.688669114e+002 -4.4257e+000 -4.6185e+000 +1.8191e+000
2870 +3.039807458e+002 +3.039807458e+002 -1.875492542e+002 -1.875492542e+002 -4.3921e+000 -4.5825e+000 +1.7770e+000
2893 +2.677270886e+002 +2.677270886e+002 -2.238029114e+002 -2.238029114e+002 -4.3915e+000 -4.5479e+000 +1.7611e+000
2963 +2.500575393e+002 +2.500575393e+002 -2.414724607e+002 -2.414724607e+002 -4.4181e+000 -4.5557e+000 +1.7794e+000
% function evaluation | noise-free fitness - Fopt (-1.702000000000e+002) | best noise-free fitness - Fopt | measured fitness | best measured fitness | x1 | x2...
1 +2.767965942e+008 +2.767965942e+008 +2.767964240e+008 +2.767964240e+008 +2.9191e-001 +3.9092e+000 -4.7289e+001
2 +2.871728146e+007 +2.871728146e+007 +2.871711126e+007 +2.871711126e+007 -2.4173e-001 +5.9781e+000 -3.1335e+000
3 +1.089738488e+007 +1.089738488e+007 +1.089721468e+007 +1.089721468e+007 -6.9029e-001 +3.4867e+000 -3.9225e+000
4 +6.158623228e+004 +6.158623228e+004 +6.141603228e+004 +6.141603228e+004 -4.7397e+000 +4.5051e+000 -7.5941e+000
50 +9.865355846e+003 +9.865355846e+003 +9.695155846e+003 +9.695155846e+003 -5.4447e+000 +3.9344e+000 -5.5451e+000
72 +6.659716578e+003 +6.659716578e+003 +6.489516578e+003 +6.489516578e+003 -4.4771e+000 +1.5231e+000 -3.6525e+000
117 +9.717029452e+002 +9.717029452e+002 +8.015029452e+002 +8.015029452e+002 -3.9637e+000 -4.0685e-001 -1.6526e+000
1384 +9.407603438e+002 +9.407603438e+002 +7.705603438e+002 +7.705603438e+002 -4.1826e+000 +7.3325e-001 -2.8449e+000
1410 +9.313557584e+002 +9.313557584e+002 +7.611557584e+002 +7.611557584e+002 -4.1807e+000 +7.3251e-001 -2.8411e+000
1416 +8.928260006e+002 +8.928260006e+002 +7.226260006e+002 +7.226260006e+002 -4.1907e+000 +7.3328e-001 -2.8239e+000
1448 +8.662298223e+002 +8.662298223e+002 +6.960298223e+002 +6.960298223e+002 -4.2050e+000 +7.3184e-001 -2.8194e+000
1478 +8.365607988e+002 +8.365607988e+002 +6.663607988e+002 +6.663607988e+002 -4.2023e+000 +7.3064e-001 -2.8109e+000
1481 +7.963715706e+002 +7.963715706e+002 +6.261715706e+002 +6.261715706e+002 -4.1923e+000 +6.9593e-001 -2.7612e+000
1492 +7.641669753e+002 +7.641669753e+002 +5.939669753e+002 +5.939669753e+002 -4.2053e+000 +7.0515e-001 -2.7614e+000
1509 +7.401328160e+002 +7.401328160e+002 +5.699328160e+002 +5.699328160e+002 -4.2157e+000 +7.1030e-001 -2.7574e+000
1524 +6.755543559e+002 +6.755543559e+002 +5.053543559e+002 +5.053543559e+002 -4.2231e+000 +7.0107e-001 -2.7459e+000
1566 +6.485912245e+002 +6.485912245e+002 +4.783912245e+002 +4.783912245e+002 -4.2578e+000 +6.9203e-001 -2.7094e+000
1599 +6.422909477e+002 +6.422909477e+002 +4.720909477e+002 +4.720909477e+002 -4.2338e+000 +6.9897e-001 -2.7332e+000
1692 +6.289256641e+002 +6.289256641e+002 +4.587256641e+002 +4.587256641e+002 -4.2410e+000 +6.9924e-001 -2.7133e+000
1699 +5.835987833e+002 +5.835987833e+002 +4.133987833e+002 +4.133987833e+002 -4.2615e+000 +7.0671e-001 -2.7102e+000
1720 +5.672266120e+002 +5.672266120e+002 +3.970266120e+002 +3.970266120e+002 -4.2596e+000 +7.0008e-001 -2.6955e+000
1936 +5.579665248e+002 +5.579665248e+002 +3.877665248e+002 +3.877665248e+002 -4.2695e+000 +7.0565e-001 -2.6981e+000
1941 +5.485268649e+002 +5.485268649e+002 +3.783268649e+002 +3.783268649e+002 -4.2662e+000 +6.9947e-001 -2.6912e+000
2000 +4.617363164e+002 +4.617363164e+002 +2.915363164e+002 +2.915363164e+002 -4.2745e+000 +6.5559e-001 -2.6135e+000
2102 +4.545959713e+002 +4.545959713e+002 +2.843959713e+002 +2.843959713e+002 -4.2898e+000 +6.7833e-001 -2.6296e+000
2202 +4.454024871e+002 +4.454024871e+002 +2.752024871e+002 +2.752024871e+002 -4.3029e+000 +6.7979e-001 -2.6262e+000
2266 +4.358244444e+002 +4.358244444e+002 +2.656244444e+002 +2.656244444e+002 -4.3011e+000 +6.8088e-001 -2.6214e+000
2327 +4.171309653e+002 +4.171309653e+002 +2.469309653e+002 +2.469309653e+002 -4.3136e+000 +6.8224e-001 -2.6110e+000
2358 +4.106963640e+002 +4.106963640e+002 +2.404963640e+002 +2.404963640e+002 -4.3171e+000 +6.8277e-001 -2.6019e+000
2402 +4.069028739e+002 +4.069028739e+002 +2.367028739e+002 +2.367028739e+002 -4.3194e+000 +6.8246e-001 -2.6038e+000
2445 +3.934431765e+002 +3.934431765e+002 +2.232431765e+002 +2.232431765e+002 -4.3360e+000 +6.8184e-001 -2.5886e+000
2461 +3.832198157e+002 +3.832198157e+002 +2.130198157e+002 +2.130198157e+002 -4.3318e+000 +6.7903e-001 -2.5848e+000
2482 +3.480383803e+002 +3.480383803e+002 +1.778383803e+002 +1.778383803e+002 -4.3452e+000 +6.6846e-001 -2.5512e+000
2695 +3.437510704e+002 +3.437510704e+002 +1.735510704e+002 +1.735510704e+002 -4.3528e+000 +6.7366e-001 -2.5488e+000
2804 +3.383226207e+002 +3.383226207e+002 +1.681226207e+002 +1.681226207e+002 -4.3570e+000 +6.7365e-001 -2.5443e+000
2917 +3.308526249e+002 +3.308526249e+002 +1.606526249e+002 +1.606526249e+002 -4.3571e+000 +6.6661e-001 -2.5352e+000
% function evaluation | noise-free fitness - Fopt (-4.697500000000e+002) | best noise-free fitness - Fopt | measured fitness | best measured fitness | x1 | x2...
1 +4.197525780e+007 +4.197525780e+007 +4.197478805e+007 +4.197478805e+007 -2.8986e+000 -5.0542e+000 -4.1852e+000
2 +2.151971470e+007 +2.151971470e+007 +2.151924495e+007 +2.151924495e+007 -2.3470e+000 -4.2984e+000 -1.6693e+000
7 +1.924328440e+007 +1.924328440e+007 +1.924281465e+007 +1.924281465e+007 -1.4752e+000 -9.3866e-001 -3.9758e-001
9 +4.061732302e+006 +4.061732302e+006 +4.061262552e+006 +4.061262552e+006 -6.6265e+000 -5.9446e+000 +6.9864e+000
17 +1.253915412e+005 +1.253915412e+005 +1.249217912e+005 +1.249217912e+005 -5.3650e+000 -4.7423e+000 +8.9788e+000
20 +1.163439951e+005 +1.163439951e+005 +1.158742451e+005 +1.158742451e+005 -4.9697e+000 -5.0358e+000 +8.3559e+000
36 +6.326541449e+004 +6.326541449e+004 +6.279566449e+004 +6.279566449e+004 -3.7807e+000 -6.1602e+000 +7.0651e+000
46 +3.061259692e+004 +3.061259692e+004 +3.014284692e+004 +3.014284692e+004 -3.6773e+000 -4.4617e+000 +7.7744e+000
60 +2.818953629e+003 +2.818953629e+003 +2.349203629e+003 +2.349203629e+003 -1.5196e-001 -3.6331e+000 +3.7177e+000
% function evaluation | noise-free fitness - Fopt (1.832700000000e+002) | best noise-free fitness - Fopt | measured fitness | best measured fitness | x1 | x2...
1 +6.422484921e+007 +6.422484921e+007 +6.422503248e+007 +6.422503248e+007 -1.0855e+001 +5.4685e+000 +1.2168e+001
2 +4.646893231e+007 +4.646893231e+007 +4.646911558e+007 +4.646911558e+007 -4.7420e+000 +5.8262e+000 -7.8202e+000
3 +1.896966306e+007 +1.896966306e+007 +1.896984633e+007 +1.896984633e+007 -4.8494e+000 +3.2456e+000 -2.1676e+000
8 +2.867328135e+005 +2.867328135e+005 +2.869160835e+005 +2.869160835e+005 -1.7938e+000 -1.5666e+000 -7.0250e-001
31 +9.548309010e+004 +9.548309010e+004 +9.566636010e+004 +9.566636010e+004 -1.1247e+000 -4.8045e-001 -3.8468e+000
33 +6.427590751e+004 +6.427590751e+004 +6.445917751e+004 +6.445917751e+004 -5.4947e+000 -1.0983e+000 +7.3118e-001
62 +2.889368850e+002 +2.889368850e+002 +4.722068850e+002 +4.722068850e+002 -6.9820e+000 -1.2598e+000 -2.1147e+000
275 +2.764469224e+002 +2.764469224e+002 +4.597169224e+002 +4.597169224e+002 +6.3638e+000 -4.9538e-001 -7.9763e-002
321 +1.709598277e+002 +1.709598277e+002 +3.542298277e+002 +3.542298277e+002 +6.8379e+000 -4.9393e-001 +2.4528e-001
343 +1.631028965e+002 +1.631028965e+002 +3.463728965e+002 +3.463728965e+002 +6.0418e+000 -5.2109e-001 +1.9538e-003
400 +9.814812192e+001 +9.814812192e+001 +2.814181219e+002 +2.814181219e+002 +5.5430e+000 -5.6569e-001 +2.1960e-001
411 +8.126175912e+001 +8.126175912e+001 +2.645317591e+002 +2.645317591e+002 +5.1738e+000 -5.8071e-001 -7.4465e-002
463 +6.318492014e+001 +6.318492014e+001 +2.464549201e+002 +2.464549201e+002 +5.6261e+000 -5.6317e-001 +1.8128e-001
594 +6.147260994e+001 +6.147260994e+001 +2.447426099e+002 +2.447426099e+002 +5.5152e+000 -5.7214e-001 +1.8888e-001
630 +5.892699055e+001 +5.892699055e+001 +2.421969906e+002 +2.421969906e+002 +5.4365e+000 -5.7275e-001 +1.2061e-001
682 +5.886711381e+001 +5.886711381e+001 +2.421371138e+002 +2.421371138e+002 +5.4451e+000 -5.7328e-001 +1.3302e-001
1762 +5.752127123e+001 +5.752127123e+001 +2.407912712e+002 +2.407912712e+002 +5.3743e+000 -5.7715e-001 +1.2066e-001
2941 +5.623347955e+001 +5.623347955e+001 +2.395034796e+002 +2.395034796e+002 +5.3030e+000 -5.8050e-001 +9.8113e-002
% function evaluation | noise-free fitness - Fopt (-1.000000000000e+003) | best noise-free fitness - Fopt | measured fitness | best measured fitness | x1 | x2...
1 +1.383553556e+008 +1.383553556e+008 +1.383543556e+008 +1.383543556e+008 -8.5975e-001 -1.9970e+000 -1.0642e+001
2 +3.051851154e+007 +3.051851154e+007 +3.051751154e+007 +3.051751154e+007 +9.1502e-001 +4.5210e+000 +5.6169e-001
4 +2.034678434e+007 +2.034678434e+007 +2.034578434e+007 +2.034578434e+007 -5.8639e+000 -1.9966e+000 -4.7895e+000
5 +1.142415805e+007 +1.142415805e+007 +1.142315805e+007 +1.142315805e+007 +1.3835e-001 -4.1548e+000 -2.1007e+000
12 +2.847625296e+006 +2.847625296e+006 +2.846625296e+006 +2.846625296e+006 +1.8629e+000 -1.2550e+001 +1.8771e-002
17 +1.163518375e+006 +1.163518375e+006 +1.162518375e+006 +1.162518375e+006 +1.1694e+000 -9.7850e+000 -2.1477e+000
20 +4.263849990e+005 +4.263849990e+005 +4.253849990e+005 +4.253849990e+005 +3.1155e-001 -1.0737e+001 -1.0745e+000
37 +5.688436077e+004 +5.688436077e+004 +5.588436077e+004 +5.588436077e+004 -2.1771e+000 -8.4482e+000 -1.5442e+000
42 +5.611912867e+004 +5.611912867e+004 +5.511912867e+004 +5.511912867e+004 -3.5938e+000 -6.5694e+000 -8.6095e-001
113 +4.497617587e+004 +4.497617587e+004 +4.397617587e+004 +4.397617587e+004 +4.7360e+000 -1.4385e+001 -2.2811e+000
130 +1.651417479e+004 +1.651417479e+004 +1.551417479e+004 +1.551417479e+004 +1.5097e+001 -2.1217e+001 -1.9338e+000
180 +7.058840647e+003 +7.058840647e+003 +6.058840647e+003 +6.058840647e+003 +8.1334e+000 -1.5751e+001 -1.4794e+000
345 +5.397306667e+003 +5.397306667e+003 +4.397306667e+003 +4.397306667e+003 +8.5892e+000 -1.5912e+001 -1.3893e+000
559 +5.275199091e+003 +5.275199091e+003 +4.275199091e+003 +4.275199091e+003 +8.6235e+000 -1.6017e+001 -1.4212e+000
577 +4.960552538e+003 +4.960552538e+003 +3.960552538e+003 +3.960552538e+003 +8.6856e+000 -1.6037e+001 -1.4060e+000
592 +4.795797828e+003 +4.795797828e+003 +3.795797828e+003 +3.795797828e+003 +8.7184e+000 -1.6038e+001 -1.3964e+000
618 +4.772803913e+003 +4.772803913e+003 +3.772803913e+003 +3.772803913e+003 +8.6941e+000 -1.6024e+001 -1.3857e+000
620 +4.339493431e+003 +4.339493431e+003 +3.339493431e+003 +3.339493431e+003 +8.7383e+000 -1.5996e+001 -1.3470e+000
659 +4.060418299e+003 +4.060418299e+003 +3.060418299e+003 +3.060418299e+003 +8.7327e+000 -1.5931e+001 -1.3116e+000
679 +3.787826306e+003 +3.787826306e+003 +2.787826306e+003 +2.787826306e+003 +8.8546e+000 -1.6004e+001 -1.3165e+000
767 +3.685662333e+003 +3.685662333e+003 +2.685662333e+003 +2.685662333e+003 +8.8417e+000 -1.5985e+001 -1.3025e+000
783 +3.602558016e+003 +3.602558016e+003 +2.602558016e+003 +2.602558016e+003 +8.8473e+000 -1.5978e+001 -1.2902e+000
790 +3.511954258e+003 +3.511954258e+003 +2.511954258e+003 +2.511954258e+003 +8.8827e+000 -1.5988e+001 -1.2898e+000
830 +3.431519459e+003 +3.431519459e+003 +2.431519459e+003 +2.431519459e+003 +8.8960e+000 -1.5995e+001 -1.2843e+000
838 +3.376890556e+003 +3.376890556e+003 +2.376890556e+003 +2.376890556e+003 +8.9056e+000 -1.5991e+001 -1.2788e+000
882 +3.291134471e+003 +3.291134471e+003 +2.291134471e+003 +2.291134471e+003 +8.9335e+000 -1.6001e+001 -1.2739e+000
920 +3.179400822e+003 +3.179400822e+003 +2.179400822e+003 +2.179400822e+003 +8.9886e+000 -1.6049e+001 -1.2756e+000
974 +3.150207685e+003 +3.150207685e+003 +2.150207685e+003 +2.150207685e+003 +9.0051e+000 -1.6064e+001 -1.2750e+000
1001 +3.007010172e+003 +3.007010172e+003 +2.007010172e+003 +2.007010172e+003 +9.0968e+000 -1.6137e+001 -1.2773e+000
1018 +2.940791549e+003 +2.940791549e+003 +1.940791549e+003 +1.940791549e+003 +9.0888e+000 -1.6106e+001 -1.2637e+000
1061 +2.818096675e+003 +2.818096675e+003 +1.818096675e+003 +1.818096675e+003 +9.1905e+000 -1.6188e+001 -1.2742e+000
1099 +2.713269299e+003 +2.713269299e+003 +1.713269299e+003 +1.713269299e+003 +9.1676e+000 -1.6113e+001 -1.2388e+000
1135 +2.660824326e+003 +2.660824326e+003 +1.660824326e+003 +1.660824326e+003 +9.2009e+000 -1.6134e+001 -1.2359e+000
1178 +2.615879751e+003 +2.615879751e+003 +1.615879751e+003 +1.615879751e+003 +9.2322e+000 -1.6153e+001 -1.2327e+000
1276 +2.560159215e+003 +2.560159215e+003 +1.560159215e+003 +1.560159215e+003 +9.2460e+000 -1.6139e+001 -1.2183e+000
1334 +2.451509157e+003 +2.451509157e+003 +1.451509157e+003 +1.451509157e+003 +9.2838e+000 -1.6090e+001 -1.1760e+000
1348 +2.374057593e+003 +2.374057593e+003 +1.374057593e+003 +1.374057593e+003 +9.4926e+000 -1.6270e+001 -1.1941e+000
% function evaluation | noise-free fitness - Fopt (-5.658000000000e+001) | best noise-free fitness - Fopt | measured fitness | best measured fitness | x1 | x2...
1 +2.812131410e+006 +2.812131410e+006 +2.812074830e+006 +2.812074830e+006 -4.8372e+000 +1.2526e-001 -2.1424e+000
6 +3.593927179e+005 +3.593927179e+005 +3.593361379e+005 +3.593361379e+005 -5.6628e+000 +7.1016e-001 -5.4084e+000
8 +2.816098174e+004 +2.816098174e+004 +2.810440174e+004 +2.810440174e+004 -6.3171e+000 +1.9806e+000 -3.9196e+000
10 +1.196562579e+004 +1.196562579e+004 +1.190904579e+004 +1.190904579e+004 -4.2964e+000 +9.2797e-001 -3.3756e+000
2098 +1.165468606e+004 +1.165468606e+004 +1.159810606e+004 +1.159810606e+004 -3.8900e+000 -1.2552e-001 -4.0257e+000
2120 +1.147834751e+004 +1.147834751e+004 +1.142176751e+004 +1.142176751e+004 -3.8115e+000 -1.1449e-001 -3.9885e+000
2132 +1.116484561e+004 +1.116484561e+004 +1.110826561e+004 +1.110826561e+004 -3.8417e+000 -1.1912e-001 -3.9798e+000
2194 +1.082887243e+004 +1.082887243e+004 +1.077229243e+004 +1.077229243e+004 -3.8010e+000 -1.2430e-001 -3.9594e+000
2267 +1.064623335e+004 +1.064623335e+004 +1.058965335e+004 +1.058965335e+004 -3.7788e+000 -1.2227e-001 -3.9445e+000
2282 +1.044585784e+004 +1.044585784e+004 +1.038927784e+004 +1.038927784e+004 -3.7565e+000 -1.2490e-001 -3.9097e+000
2327 +1.012856294e+004 +1.012856294e+004 +1.007198294e+004 +1.007198294e+004 -3.7175e+000 -1.2444e-001 -3.8784e+000
2369 +9.911623351e+003 +9.911623351e+003 +9.855043351e+003 +9.855043351e+003 -3.6989e+000 -1.2354e-001 -3.8703e+000
2378 +9.743246213e+003 +9.743246213e+003 +9.686666213e+003 +9.686666213e+003 -3.6644e+000 -1.2315e-001 -3.8692e+000
2395 +9.490522280e+003 +9.490522280e+003 +9.433942280e+003 +9.433942280e+003 -3.6257e+000 -1.2867e-001 -3.8494e+000
2441 +9.326717744e+003 +9.326717744e+003 +9.270137744e+003 +9.270137744e+003 -3.6240e+000 -1.2312e-001 -3.8341e+000
2461 +9.090154151e+003 +9.090154151e+003 +9.033574151e+003 +9.033574151e+003 -3.6030e+000 -1.2376e-001 -3.8081e+000
2541 +8.895593538e+003 +8.895593538e+003 +8.839013538e+003 +8.839013538e+003 -3.5722e+000 -1.2200e-001 -3.7947e+000
2572 +8.624075450e+003 +8.624075450e+003 +8.567495450e+003 +8.567495450e+003 -3.5284e+000 -1.2257e-001 -3.7343e+000
2585 +8.065555548e+003 +8.065555548e+003 +8.008975548e+003 +8.008975548e+003 -3.4494e+000 -1.2171e-001 -3.6734e+000
2679 +7.923055080e+003 +7.923055080e+003 +7.866475080e+003 +7.866475080e+003 -3.4392e+000 -1.2517e-001 -3.7040e+000
2718 +7.752352560e+003 +7.752352560e+003 +7.695772560e+003 +7.695772560e+003 -3.4313e+000 -1.2114e-001 -3.6793e+000
2726 +6.501664890e+003 +6.501664890e+003 +6.445084890e+003 +6.445084890e+003 -3.2387e+000 -1.2379e-001 -3.5497e+000
% function evaluation | noise-free fitness - Fopt (-2.043700000000e+002) | best noise-free fitness - Fopt | measured fitness | best measured fitness | x1 | x2...
1 +2.200076839e+007 +2.200076839e+007 +2.200056402e+007 +2.200056402e+007 +3.4745e+000 +3.1635e+000 +1.2785e+000
2 +2.436916842e+006 +2.436916842e+006 +2.436712472e+006 +2.436712472e+006 +4.8285e+000 +1.1512e+000 -2.2343e+000
10 +3.108656164e+004 +3.108656164e+004 +3.088219164e+004 +3.088219164e+004 +3.2140e+000 -5.0203e+000 -3.3834e+000
216 +2.584760401e+004 +2.584760401e+004 +2.564323401e+004 +2.564323401e+004 -1.4431e+001 +1.1710e+001 -1.4357e+000
226 +1.478788730e+004 +1.478788730e+004 +1.458351730e+004 +1.458351730e+004 -1.4376e+001 +2.3699e+001 -1.2101e+000
242 +6.277649797e+003 +6.277649797e+003 +6.073279797e+003 +6.073279797e+003 -1.1429e+001 +2.0679e+001 -1.6370e+000
301 +1.630023243e+003 +1.630023243e+003 +1.425653243e+003 +1.425653243e+003 -1.2827e+001 +2.1187e+001 -1.5184e+000
306 +8.166759769e+002 +8.166759769e+002 +6.123059769e+002 +6.123059769e+002 -1.5793e+001 +2.4089e+001 -1.1780e+000
370 +4.916587693e+002 +4.916587693e+002 +2.872887693e+002 +2.872887693e+002 -1.3720e+001 +2.0673e+001 -1.4308e+000
383 +4.839274328e+002 +4.839274328e+002 +2.795574328e+002 +2.795574328e+002 -1.3555e+001 +2.0154e+001 -1.4488e+000
399 +4.775356895e+002 +4.775356895e+002 +2.731656895e+002 +2.731656895e+002 -1.3634e+001 +2.0441e+001 -1.4404e+000
% function evaluation | noise-free fitness - Fopt (8.550000000000e+000) | best noise-free fitness - Fopt | measured fitness | best measured fitness | x1 | x2...
1 +1.923801714e+007 +1.923801714e+007 +1.923802569e+007 +1.923802569e+007 -4.3724e+000 +3.7672e+000 +2.4998e+000
5 +1.263454689e+007 +1.263454689e+007 +1.263455544e+007 +1.263455544e+007 -9.6204e-002 +1.4087e+000 +5.3247e+000
6 +8.189344808e+006 +8.189344808e+006 +8.189353358e+006 +8.189353358e+006 -3.9534e+000 +5.6443e+000 +7.2356e+000
13 +7.827687709e+005 +7.827687709e+005 +7.827773209e+005 +7.827773209e+005 -9.3028e-001 +5.8462e+000 +9.3144e+000
16 +5.753742416e+005 +5.753742416e+005 +5.753827916e+005 +5.753827916e+005 -1.1907e+000 +5.8378e+000 +2.1181e+000
33 +9.406135019e+004 +9.406135019e+004 +9.406990019e+004 +9.406990019e+004 +2.0524e+000 +4.3778e+000 +5.6215e+000
108 +4.765008704e+004 +4.765008704e+004 +4.765863704e+004 +4.765863704e+004 +3.4735e+000 +3.1941e+000 +4.0133e+000
115 +4.175609451e+004 +4.175609451e+004 +4.176464451e+004 +4.176464451e+004 +3.4918e+000 +3.1847e+000 +2.9730e+000
118 +2.935190391e+004 +2.935190391e+004 +2.936045391e+004 +2.936045391e+004 +3.5085e+000 +2.9861e+000 +2.3114e+000
158 +2.734798212e+004 +2.734798212e+004 +2.735653212e+004 +2.735653212e+004 +3.7217e+000 +2.9213e+000 +2.5425e-001
166 +2.299942563e+004 +2.299942563e+004 +2.300797563e+004 +2.300797563e+004 +3.7120e+000 +2.9068e+000 -8.8750e-002
175 +2.092835336e+004 +2.092835336e+004 +2.093690336e+004 +2.093690336e+004 +3.5243e+000 +2.8243e+000 +2.4568e-001
186 +8.987011605e+003 +8.987011605e+003 +8.995561605e+003 +8.995561605e+003 +3.2418e+000 +3.1297e+000 -8.5652e-001
187 +1.624330868e+003 +1.624330868e+003 +1.632880868e+003 +1.632880868e+003 +3.5552e+000 +2.8052e+000 -3.4768e+000
211 +9.735111595e+002 +9.735111595e+002 +9.820611595e+002 +9.820611595e+002 +3.3988e+000 +2.8552e+000 -3.5234e+000
243 +9.513435811e+002 +9.513435811e+002 +9.598935811e+002 +9.598935811e+002 +3.4581e+000 +2.8683e+000 -3.1913e+000
244 +2.250218360e+002 +2.250218360e+002 +2.335718360e+002 +2.335718360e+002 +3.5383e+000 +2.7593e+000 -3.6750e+000
265 +1.677271707e+002 +1.677271707e+002 +1.762771707e+002 +1.762771707e+002 +3.5097e+000 +2.7840e+000 -3.7451e+000
272 +4.946664976e+001 +4.946664976e+001 +5.801664976e+001 +5.801664976e+001 +3.4748e+000 +2.8091e+000 -4.0460e+000
277 +4.453070081e+001 +4.453070081e+001 +5.308070081e+001 +5.308070081e+001 +3.4548e+000 +2.8218e+000 -4.0026e+000
336 +1.841286920e+001 +1.841286920e+001 +2.696286920e+001 +2.696286920e+001 +3.4800e+000 +2.7879e+000 -4.2127e+000
394 +3.377638413e+000 +3.377638413e+000 +1.192763841e+001 +1.192763841e+001 +3.4876e+000 +2.7896e+000 -4.1970e+000
640 +3.049984777e+000 +3.049984777e+000 +1.159998478e+001 +1.159998478e+001 +3.4300e+000 +2.8324e+000 -4.2127e+000
715 +2.665956171e+000 +2.665956171e+000 +1.121595617e+001 +1.121595617e+001 +3.4296e+000 +2.8341e+000 -4.2179e+000
718 +2.255985714e+000 +2.255985714e+000 +1.080598571e+001 +1.080598571e+001 +3.4301e+000 +2.8323e+000 -4.2203e+000
731 +2.118373552e+000 +2.118373552e+000 +1.066837355e+001 +1.066837355e+001 +3.4303e+000 +2.8329e+000 -4.2199e+000
735 +1.727319467e+000 +1.727319467e+000 +1.027731947e+001 +1.027731947e+001 +3.4299e+000 +2.8335e+000 -4.2380e+000
739 +1.318162626e+000 +1.318162626e+000 +9.868162626e+000 +9.868162626e+000 +3.4320e+000 +2.8308e+000 -4.2292e+000
746 +8.972162188e-001 +8.972162188e-001 +9.447216219e+000 +9.447216219e+000 +3.4298e+000 +2.8326e+000 -4.2560e+000
764 +8.819769769e-001 +8.819769769e-001 +9.431976977e+000 +9.431976977e+000 +3.4296e+000 +2.8325e+000 -4.2625e+000
777 +6.023070239e-001 +6.023070239e-001 +9.152307024e+000 +9.152307024e+000 +3.4308e+000 +2.8298e+000 -4.2788e+000
782 +5.452443028e-001 +5.452443028e-001 +9.095244303e+000 +9.095244303e+000 +3.4306e+000 +2.8312e+000 -4.2640e+000
788 +4.308262617e-001 +4.308262617e-001 +8.980826262e+000 +8.980826262e+000 +3.4302e+000 +2.8313e+000 -4.2632e+000
801 +4.156855725e-001 +4.156855725e-001 +8.965685572e+000 +8.965685572e+000 +3.4288e+000 +2.8320e+000 -4.2682e+000
889 +4.066205897e-001 +4.066205897e-001 +8.956620590e+000 +8.956620590e+000 +3.4303e+000 +2.8310e+000 -4.2641e+000
% function evaluation | noise-free fitness - Fopt (3.258700000000e+002) | best noise-free fitness - Fopt | measured fitness | best measured fitness | x1 | x2...
1 +1.863764733e+006 +1.863764733e+006 +1.864090603e+006 +1.864090603e+006 -3.7217e-001 -2.6170e+000 -4.1388e+000
4 +1.078735066e+006 +1.078735066e+006 +1.079060936e+006 +1.079060936e+006 -2.4334e+000 -2.2907e+000 -5.7735e+000
5 +1.048113869e+004 +1.048113869e+004 +1.080700869e+004 +1.080700869e+004 +4.4502e+000 -3.1311e+000 -2.5937e+000
50 +9.759252195e+003 +9.759252195e+003 +1.008512220e+004 +1.008512220e+004 +1.7154e+001 -3.6413e+000 +6.5130e+000
145 +6.971700944e+003 +6.971700944e+003 +7.297570944e+003 +7.297570944e+003 +7.5256e+000 -4.0046e+000 -9.8018e-001
146 +6.174505644e+003 +6.174505644e+003 +6.500375644e+003 +6.500375644e+003 +8.0279e+000 -4.1965e+000 -8.3803e-001
234 +6.127211837e+003 +6.127211837e+003 +6.453081837e+003 +6.453081837e+003 +8.3344e+000 -4.2699e+000 -6.6094e-001
288 +4.484717954e+003 +4.484717954e+003 +4.810587954e+003 +4.810587954e+003 +7.3135e+000 -3.7734e+000 -1.0390e+000
737 +4.452581643e+003 +4.452581643e+003 +4.778451643e+003 +4.778451643e+003 +7.3770e+000 -3.7762e+000 -9.7981e-001
792 +4.360643545e+003 +4.360643545e+003 +4.686513545e+003 +4.686513545e+003 +7.3860e+000 -3.7606e+000 -9.6678e-001
825 +4.116091730e+003 +4.116091730e+003 +4.441961730e+003 +4.441961730e+003 +7.3811e+000 -3.6899e+000 -9.1947e-001
978 +4.073644396e+003 +4.073644396e+003 +4.399514396e+003 +4.399514396e+003 +7.3775e+000 -3.6792e+000 -9.2126e-001
995 +3.954645068e+003 +3.954645068e+003 +4.280515068e+003 +4.280515068e+003 +7.3778e+000 -3.6416e+000 -8.8711e-001
1098 +3.885976231e+003 +3.885976231e+003 +4.211846231e+003 +4.211846231e+003 +7.3791e+000 -3.6258e+000 -8.7969e-001
1217 +3.796228623e+003 +3.796228623e+003 +4.122098623e+003 +4.122098623e+003 +7.3830e+000 -3.6001e+000 -8.5747e-001
1345 +3.711652750e+003 +3.711652750e+003 +4.037522750e+003 +4.037522750e+003 +7.3761e+000 -3.5683e+000 -8.3585e-001
1486 +3.625745018e+003 +3.625745018e+003 +3.951615018e+003 +3.951615018e+003 +7.3757e+000 -3.5466e+000 -8.2753e-001
1577 +3.541159322e+003 +3.541159322e+003 +3.867029322e+003 +3.867029322e+003 +7.3767e+000 -3.5218e+000 -8.0716e-001
1730 +3.464089031e+003 +3.464089031e+003 +3.789959031e+003 +3.789959031e+003 +7.3767e+000 -3.4977e+000 -7.8695e-001
1955 +3.381981048e+003 +3.381981048e+003 +3.707851048e+003 +3.707851048e+003 +7.3633e+000 -3.4697e+000 -7.8307e-001
2261 +3.300768664e+003 +3.300768664e+003 +3.626638664e+003 +3.626638664e+003 +7.3890e+000 -3.4526e+000 -7.5063e-001
2354 +3.228223817e+003 +3.228223817e+003 +3.554093817e+003 +3.554093817e+003 +7.4272e+000 -3.4409e+000 -7.1303e-001
2428 +3.162024540e+003 +3.162024540e+003 +3.487894540e+003 +3.487894540e+003 +7.4117e+000 -3.4064e+000 -7.0772e-001
2480 +3.014538512e+003 +3.014538512e+003 +3.340408512e+003 +3.340408512e+003 +7.4006e+000 -3.3723e+000 -6.8578e-001
2553 +2.949571889e+003 +2.949571889e+003 +3.275441889e+003 +3.275441889e+003 +7.4039e+000 -3.3561e+000 -6.6944e-001
2635 +2.868921299e+003 +2.868921299e+003 +3.194791299e+003 +3.194791299e+003 +7.4010e+000 -3.3330e+000 -6.5357e-001
2882 +2.818333870e+003 +2.818333870e+003 +3.144203870e+003 +3.144203870e+003 +7.4128e+000 -3.3225e+000 -6.3818e-001
2997 +2.749556461e+003 +2.749556461e+003 +3.075426461e+003 +3.075426461e+003 +7.4098e+000 -3.3002e+000 -6.2986e-001
% function evaluation | noise-free fitness - Fopt (-9.525000000000e+001) | best noise-free fitness - Fopt | measured fitness | best measured fitness | x1 | x2...
1 +1.318781608e+007 +1.318781608e+007 +1.318772083e+007 +1.318772083e+007 -4.4892e-001 -4.3873e+000 +5.3708e-002
2 +1.274255939e+006 +1.274255939e+006 +1.274160689e+006 +1.274160689e+006 -2.0628e+000 -7.1408e+000 +2.4186e+000
23 +1.579341369e+004 +1.579341369e+004 +1.569816369e+004 +1.569816369e+004 -6.0850e+000 -3.9126e+000 +1.8566e+000
31 +1.233220397e+003 +1.233220397e+003 +1.137970397e+003 +1.137970397e+003 -4.3144e+000 -2.4201e+000 +2.4674e+000
118 +3.698098211e+002 +3.698098211e+002 +2.745598211e+002 +2.745598211e+002 -3.0658e+000 -3.8613e+000 +2.9612e+000
137 +3.569326216e+002 +3.569326216e+002 +2.616826216e+002 +2.616826216e+002 -2.5670e+000 -3.3139e+000 +3.0841e+000
173 +5.164223201e+001 +5.164223201e+001 -4.360776799e+001 -4.360776799e+001 -2.6559e+000 -3.5943e+000 +3.0851e+000
176 +4.599687378e+001 +4.599687378e+001 -4.925312622e+001 -4.925312622e+001 -2.6642e+000 -3.5620e+000 +3.0945e+000
184 +1.390958121e+001 +1.390958121e+001 -8.134041879e+001 -8.134041879e+001 -2.6599e+000 -3.5678e+000 +3.0864e+000
218 +1.298376782e+001 +1.298376782e+001 -8.226623218e+001 -8.226623218e+001 -2.6601e+000 -3.5516e+000 +3.0906e+000
224 +4.506872955e+000 +4.506872955e+000 -9.074312705e+001 -9.074312705e+001 -2.6653e+000 -3.5917e+000 +3.0890e+000
247 +3.709651056e+000 +3.709651056e+000 -9.154034894e+001 -9.154034894e+001 -2.6633e+000 -3.6042e+000 +3.0910e+000
401 +3.589897644e+000 +3.589897644e+000 -9.166010236e+001 -9.166010236e+001 -2.6654e+000 -3.6053e+000 +3.0904e+000
444 +2.699944518e+000 +2.699944518e+000 -9.255005548e+001 -9.255005548e+001 -2.6779e+000 -3.6471e+000 +3.0895e+000
594 +2.663111176e+000 +2.663111176e+000 -9.258688882e+001 -9.258688882e+001 -2.6811e+000 -3.6353e+000 +3.0875e+000
% function evaluation | noise-free fitness - Fopt (4.943000000000e+001) | best noise-free fitness - Fopt | measured fitness | best measured fitness | x1 | x2...
1 +3.515659510e+006 +3.515659510e+006 +3.515708940e+006 +3.515708940e+006 -4.2442e+000 -3.5693e+000 +5.1051e+000
2 +4.876259541e+005 +4.876259541e+005 +4.876753841e+005 +4.876753841e+005 +1.4116e+000 -2.2309e+000 +2.2186e+000
3 +8.258003960e+004 +8.258003960e+004 +8.262946960e+004 +8.262946960e+004 -3.9384e+000 -4.7903e+000 -2.3029e-001
9 +9.845983856e+003 +9.845983856e+003 +9.895413856e+003 +9.895413856e+003 +8.9086e-001 -3.2789e+000 +1.9598e+000
15 +3.448686362e+003 +3.448686362e+003 +3.498116362e+003 +3.498116362e+003 +1.1791e+000 -2.8415e+000 +2.4128e+000
54 +2.860662891e+003 +2.860662891e+003 +2.910092891e+003 +2.910092891e+003 +1.2922e+000 -2.0571e+000 +3.8301e+000
74 +6.441957322e+002 +6.441957322e+002 +6.936257322e+002 +6.936257322e+002 +2.2310e+000 -2.3617e+000 +3.3600e+000
88 +4.569941916e+002 +4.569941916e+002 +5.064241916e+002 +5.064241916e+002 +1.3487e+000 -2.1766e+000 +3.6692e+000
113 +1.231296712e+002 +1.231296712e+002 +1.725596712e+002 +1.725596712e+002 +1.6467e+000 -2.1714e+000 +3.7312e+000
137 +3.043584854e+000 +3.043584854e+000 +5.247358485e+001 +5.247358485e+001 +1.5233e+000 -2.1746e+000 +3.7070e+000
342 +2.493891408e+000 +2.493891408e+000 +5.192389141e+001 +5.192389141e+001 +1.4193e+000 -2.2219e+000 +3.6279e+000
346 +1.894443830e+000 +1.894443830e+000 +5.132444383e+001 +5.132444383e+001 +1.4636e+000 -2.2185e+000 +3.6304e+000
377 +9.462855528e-001 +9.462855528e-001 +5.037628555e+001 +5.037628555e+001 +1.4588e+000 -2.2215e+000 +3.6267e+000
395 +9.314771422e-001 +9.314771422e-001 +5.036147714e+001 +5.036147714e+001 +1.4651e+000 -2.2214e+000 +3.6275e+000
416 +8.966993131e-001 +8.966993131e-001 +5.032669931e+001 +5.032669931e+001 +1.4635e+000 -2.2215e+000 +3.6271e+000
% function evaluation | noise-free fitness - Fopt (-9.772000000000e+001) | best noise-free fitness - Fopt | measured fitness | best measured fitness | x1 | x2...
1 +2.206131269e+007 +2.206131269e+007 +2.206121497e+007 +2.206121497e+007 -5.0664e-001 -3.6744e+000 +8.8927e+000
2 +3.218153247e+006 +3.218153247e+006 +3.218055527e+006 +3.218055527e+006 -3.5898e+000 +3.0552e+000 +4.7757e+000
3 +1.908146438e+006 +1.908146438e+006 +1.908048718e+006 +1.908048718e+006 -4.4367e+000 -1.2725e+000 +3.3158e+000
5 +1.251762154e+006 +1.251762154e+006 +1.251664434e+006 +1.251664434e+006 -3.8674e+000 -1.3037e+000 +3.5277e+000
6 +1.334580276e+005 +1.334580276e+005 +1.333603076e+005 +1.333603076e+005 -2.6320e+000 -1.4714e+000 +4.2916e+000
9 +7.502330880e+004 +7.502330880e+004 +7.492558880e+004 +7.492558880e+004 -4.1772e+000 -3.7311e+000 +3.3615e+000
17 +6.440702297e+004 +6.440702297e+004 +6.430930297e+004 +6.430930297e+004 -3.5566e+000 -2.7055e+000 +3.8645e+000
23 +6.289030143e+004 +6.289030143e+004 +6.279258143e+004 +6.279258143e+004 -4.3361e+000 -2.9234e+000 +3.9467e+000
28 +4.359977821e+004 +4.359977821e+004 +4.350205821e+004 +4.350205821e+004 -2.9742e+000 +3.2440e-001 +5.3881e+000
34 +4.190504564e+004 +4.190504564e+004 +4.180732564e+004 +4.180732564e+004 -3.4711e+000 -6.5101e-001 +4.9732e+000
80 +3.035923898e+004 +3.035923898e+004 +3.026151898e+004 +3.026151898e+004 +8.4491e+000 -4.6400e-001 +5.3052e+000
90 +2.574277877e+004 +2.574277877e+004 +2.564505877e+004 +2.564505877e+004 -2.4000e+000 -7.4705e-001 +5.0310e+000
91 +7.745798470e+003 +7.745798470e+003 +7.648078470e+003 +7.648078470e+003 +4.5385e-001 -4.9675e-001 +5.2327e+000
94 +5.507134890e+003 +5.507134890e+003 +5.409414890e+003 +5.409414890e+003 +2.9707e+000 -1.7445e-001 +5.4793e+000
104 +2.790967606e+003 +2.790967606e+003 +2.693247606e+003 +2.693247606e+003 +2.0907e+000 -7.7338e-001 +5.1264e+000
114 +3.033179793e+002 +3.033179793e+002 +2.055979793e+002 +2.055979793e+002 +3.2905e+000 -4.6764e-001 +5.2514e+000
200 +1.668084456e+002 +1.668084456e+002 +6.908844557e+001 +6.908844557e+001 +3.0380e+000 -4.1782e-001 +5.2623e+000
201 +5.031052140e+001 +5.031052140e+001 -4.740947860e+001 -4.740947860e+001 +2.6892e+000 -3.4471e-001 +5.2923e+000
203 +4.076897730e+001 +4.076897730e+001 -5.695102270e+001 -5.695102270e+001 +2.8610e+000 -4.0080e-001 +5.2753e+000
229 +3.371487864e+001 +3.371487864e+001 -6.400512136e+001 -6.400512136e+001 +2.8129e+000 -3.8285e-001 +5.2860e+000
236 +3.205657856e+001 +3.205657856e+001 -6.566342144e+001 -6.566342144e+001 +2.7347e+000 -3.7622e-001 +5.2803e+000
241 +1.300174166e+001 +1.300174166e+001 -8.471825834e+001 -8.471825834e+001 +2.7090e+000 -3.7176e-001 +5.2867e+000
305 +1.276830933e+001 +1.276830933e+001 -8.495169067e+001 -8.495169067e+001 +2.6989e+000 -3.8487e-001 +5.2794e+000
486 +1.258905584e+001 +1.258905584e+001 -8.513094416e+001 -8.513094416e+001 +2.6959e+000 -3.8513e-001 +5.2796e+000
% function evaluation | noise-free fitness - Fopt (-5.100000000000e+001) | best noise-free fitness - Fopt | measured fitness | best measured fitness | x1 | x2...
1 +8.438533943e+006 +8.438533943e+006 +8.438482943e+006 +8.438482943e+006 -3.0390e-001 +3.6578e-001 -5.5907e+000
3 +5.024779732e+005 +5.024779732e+005 +5.024269732e+005 +5.024269732e+005 +1.1359e+001 -1.4399e+000 -4.6857e+000
14 +1.365559886e+005 +1.365559886e+005 +1.365049886e+005 +1.365049886e+005 -3.7822e+000 +1.1153e+000 -2.0747e+000
17 +1.626961285e+004 +1.626961285e+004 +1.621861285e+004 +1.621861285e+004 +4.8234e+000 +1.0486e+001 -4.5020e+000
33 +1.062708301e+004 +1.062708301e+004 +1.057608301e+004 +1.057608301e+004 +2.9362e+000 +1.1840e+001 -3.9819e+000
125 +4.258545948e+003 +4.258545948e+003 +4.207545948e+003 +4.207545948e+003 +2.3095e+000 +4.8952e+000 -3.3963e+000
223 +3.805424422e+003 +3.805424422e+003 +3.754424422e+003 +3.754424422e+003 +3.4293e+000 +7.4876e+000 -3.8199e+000
246 +1.105460531e+003 +1.105460531e+003 +1.054460531e+003 +1.054460531e+003 +3.9590e+000 +3.7913e+000 -3.8025e+000
258 +1.224500548e+002 +1.224500548e+002 +7.145005484e+001 +7.145005484e+001 +3.6697e+000 +5.0954e+000 -3.8027e+000
312 +6.515979785e+001 +6.515979785e+001 +1.415979785e+001 +1.415979785e+001 +3.2740e+000 +4.5800e+000 -3.6780e+000
342 +6.272582939e+001 +6.272582939e+001 +1.172582939e+001 +1.172582939e+001 +3.3603e+000 +4.7661e+000 -3.7105e+000
460 +6.037766449e+001 +6.037766449e+001 +9.377664493e+000 +9.377664493e+000 +3.3828e+000 +4.8677e+000 -3.7233e+000
560 +5.991932012e+001 +5.991932012e+001 +8.919320120e+000 +8.919320120e+000 +3.3679e+000 +4.7853e+000 -3.7156e+000
1683 +5.887866738e+001 +5.887866738e+001 +7.878667378e+000 +7.878667378e+000 +3.3503e+000 +4.7963e+000 -3.7116e+000
