% function evaluation | noise-free fitness - Fopt (-1.025500000000e+002) | best noise-free fitness - Fopt | measured fitness | best measured fitness | x1 | x2...
1 +3.911562866e+002 +3.911562866e+002 +2.886062866e+002 +2.886062866e+002 +3.3550e-001 +3.4090e+000 -9.8220e+000 -4.7576e+000 +8.3451e-001 -5.4967e+000 +1.5121e-001 -2.3973e+000 +7.3685e+000 +1.2258e+001
3 +6.180732734e+001 +6.180732734e+001 -4.074267266e+001 -4.074267266e+001 -8.5594e-001 +9.3366e-001 -4.3988e+000 -2.2603e+000 -3.5428e+000 -2.7795e+000 -6.1142e-001 -6.1475e+000 +4.2114e+000 -1.4735e+000
16 +5.816973031e+001 +5.816973031e+001 -4.438026969e+001 -4.438026969e+001 -2.3229e-002 +2.5338e-001 -5.0239e+000 -2.9247e+000 -6.6405e+000 -1.7791e+000 -4.1088e-001 -3.5688e+000 +3.1671e+000 -1.1430e+000
17 +1.870044166e+001 +1.870044166e+001 -8.384955834e+001 -8.384955834e+001 -2.3855e+000 -6.9581e-001 +5.8768e-001 -2.0122e+000 -2.9331e+000 +2.0658e+000 +4.7001e-001 -3.2763e+000 +1.9198e+000 -7.1142e-001
67 +1.788841901e+001 +1.788841901e+001 -8.466158099e+001 -8.466158099e+001 -4.0236e-001 +6.0870e-001 -3.5869e+000 -2.1548e+000 -2.9480e+000 -3.8237e+000 +4.5411e-001 -3.3028e+000 -5.3066e+000 +1.6516e+000
113 +1.109467304e+001 +1.109467304e+001 -9.145532696e+001 -9.145532696e+001 -1.7595e+000 +3.1913e-001 -2.4694e+000 -2.3566e+000 -1.6434e+000 -2.3136e+000 +4.0095e-001 -1.2379e+000 -6.6693e-002 -9.2650e-002
161 +9.495432577e+000 +9.495432577e+000 -9.305456742e+001 -9.305456742e+001 -9.0315e-001 +1.8678e+000 -1.7288e+000 -2.3719e+000 -4.6236e+000 -6.2241e+000 +2.4887e+000 -2.5721e+000 -1.1805e+000 +2.5281e+000
196 +8.027749850e+000 +8.027749850e+000 -9.452225015e+001 -9.452225015e+001 -2.1475e+000 +5.8735e-001 -3.0789e+000 +9.9111e-001 -3.2560e+000 -3.8692e+000 +2.4505e+000 -1.1420e+000 +1.2384e+000 +1.6036e+000
203 +5.330818236e+000 +5.330818236e+000 -9.721918176e+001 -9.721918176e+001 -1.4097e+000 +5.5198e-002 -1.1773e+000 -1.2215e-001 -2.8508e+000 -4.9015e+000 +1.8192e+000 -1.6096e+000 -1.1601e+000 +1.5375e+000
464 +4.496102118e+000 +4.496102118e+000 -9.805389788e+001 -9.805389788e+001 -1.1871e+000 -4.1024e-002 +5.4311e-001 +3.8928e-001 -1.9245e+000 -2.4337e+000 +1.8597e+000 -1.1610e+000 +4.0755e-001 +3.2403e-001
939 +4.369773979e+000 +4.369773979e+000 -9.818022602e+001 -9.818022602e+001 -1.1379e+000 +7.4088e-001 -1.1997e+000 +1.7748e+000 -1.0158e+000 -2.0159e+000 +1.3577e+000 -1.6743e+000 +2.5195e-002 +2.6440e-001
1371 +4.063812119e+000 +4.063812119e+000 -9.848618788e+001 -9.848618788e+001 -7.2187e-001 +6.2374e-001 -1.0959e+000 +3.1128e-003 -1.1322e+000 -1.3081e+000 +2.3016e-001 -1.1685e+000 -4.8365e-001 +1.1159e+000
4158 +3.835046358e+000 +3.835046358e+000 -9.871495364e+001 -9.871495364e+001 -1.2848e+000 +5.8004e-001 +2.9227e-001 -3.4701e-001 -1.3829e+000 -4.6661e+000 +1.1787e-001 -6.0076e-001 -5.5218e-001 +2.1380e+000
5362 +2.986846691e+000 +2.986846691e+000 -9.956315331e+001 -9.956315331e+001 -1.7728e+000 +1.1641e+000 -7.8818e-001 +2.9160e-001 +3.6280e-001 -1.5109e+000 +1.3442e+000 -2.6054e-001 +1.0434e-001 +1.9387e+000
% function evaluation | noise-free fitness - Fopt (7.169000000000e+001) | best noise-free fitness - Fopt | measured fitness | best measured fitness | x1 | x2...
1 +2.671429462e+002 +2.671429462e+002 +3.388329462e+002 +3.388329462e+002 +1.0654e+000 +6.4951e-001 +2.6710e+000 +1.9020e+000 +2.4105e+000 +1.3427e+000 -1.1843e+001 -3.2136e+000 -6.3801e+000 +2.1376e+000
4 +3.968665956e+001 +3.968665956e+001 +1.113766596e+002 +1.113766596e+002 +2.5550e+000 -1.1491e+000 +3.3526e+000 +2.7116e+000 -6.3989e+000 -7.9753e+000 -3.6478e+000 -1.6924e+000 -4.5550e+000 +2.3982e+000
11 +2.321005740e+001 +2.321005740e+001 +9.490005740e+001 +9.490005740e+001 +1.6674e+000 -2.5396e-002 -1.3331e+000 +2.1056e-001 -2.0544e+000 -1.3618e+000 -4.2673e+000 -1.0368e+000 -3.4846e+000 +2.8747e+000
60 +2.261629691e+001 +2.261629691e+001 +9.430629691e+001 +9.430629691e+001 +2.1456e+000 -2.2854e+000 -2.9720e+000 -2.3812e+000 -5.7764e-001 +4.0724e-001 -5.2423e-001 -1.9952e+000 -4.7731e+000 +2.7763e-001
86 +1.821577817e+001 +1.821577817e+001 +8.990577817e+001 +8.990577817e+001 +3.0634e+000 +6.0455e-001 +7.7927e-002 -2.4651e-001 -3.5335e+000 -2.3456e+000 +1.1918e+000 -8.6120e-002 -3.3669e+000 -1.6130e+000
128 +1.703799460e+001 +1.703799460e+001 +8.872799460e+001 +8.872799460e+001 +3.0887e+000 -1.7989e+000 -1.5009e+000 +1.2426e+000 -6.1113e-001 -1.1439e+000 -3.9946e+000 -1.4221e+000 -1.6192e+000 -1.9057e-002
136 +1.041094404e+001 +1.041094404e+001 +8.210094404e+001 +8.210094404e+001 +1.1903e+000 +6.8785e-001 +5.2123e-002 +2.3371e+000 +1.4033e+000 -8.9461e-001 -1.0045e+000 -2.9213e-001 -2.4859e+000 +1.4168e+000
169 +8.649987962e+000 +8.649987962e+000 +8.033998796e+001 +8.033998796e+001 -7.0115e-001 +1.6507e+000 -1.3472e+000 +3.9794e-001 +5.2866e-001 +9.4968e-003 -2.3499e+000 -1.2691e+000 -2.9737e+000 +1.0376e+000
238 +7.850545748e+000 +7.850545748e+000 +7.954054575e+001 +7.954054575e+001 +7.5076e-001 +1.3180e-001 -1.3960e+000 +4.6973e-001 -9.9333e-001 +3.6488e-002 -5.0294e-001 -6.8131e-001 +7.9362e-001 +1.1687e+000
242 +7.522566792e+000 +7.522566792e+000 +7.921256679e+001 +7.921256679e+001 +1.0667e+000 +7.3326e-001 +2.9960e+000 +1.6078e+000 -1.2349e+000 -2.3743e+000 -1.6550e+000 +3.9696e-001 -1.2029e+000 -1.1894e-001
314 +6.603908784e+000 +6.603908784e+000 +7.829390878e+001 +7.829390878e+001 +2.7463e+000 +2.9821e-001 +1.5897e-002 +5.9915e-001 -1.4988e+000 -3.7161e-001 -5.2413e-001 -9.5948e-001 -1.0489e+000 -9.5575e-001
595 +6.018457676e+000 +6.018457676e+000 +7.770845768e+001 +7.770845768e+001 -5.4383e-001 +8.4751e-001 +3.9088e-001 -4.3743e-001 -1.4369e-002 +1.5965e+000 -1.4292e+000 -6.5015e-001 +4.3546e-001 +1.1089e-001
633 +5.601733515e+000 +5.601733515e+000 +7.729173351e+001 +7.729173351e+001 -8.3576e-002 +1.0204e+000 +8.5524e-001 +1.5267e-001 -1.4072e+000 +3.1542e-002 -3.0081e+000 +8.1460e-001 +2.7993e+000 +9.1472e-001
720 +5.114927914e+000 +5.114927914e+000 +7.680492791e+001 +7.680492791e+001 -1.5717e-001 -6.1117e-002 +3.2467e-001 -2.9233e-001 +4.6519e-001 -4.0794e-002 -2.3586e+000 -9.9452e-001 -1.3918e+000 -1.7520e+000
862 +3.926393812e+000 +3.926393812e+000 +7.561639381e+001 +7.561639381e+001 -8.7693e-001 +1.5881e+000 +3.5436e-002 -1.9381e-002 +8.3004e-001 +1.9748e+000 -6.1751e-001 +7.5598e-002 +2.1741e-001 -1.6635e+000
3615 +3.814934160e+000 +3.814934160e+000 +7.550493416e+001 +7.550493416e+001 -2.0522e+000 +5.1345e-001 -8.3994e-001 +1.6993e-001 +1.5672e+000 +3.3258e+000 -6.6285e-001 +5.1734e-001 +1.2554e+000 +1.0169e+000
5386 +3.064273756e+000 +3.064273756e+000 +7.475427376e+001 +7.475427376e+001 -2.3008e+000 -7.3442e-001 -1.9127e+000 -2.7039e-001 +7.3900e-001 +3.1157e+000 -7.2441e-001 +3.1548e-001 +8.0169e-001 +1.0484e+000
% function evaluation | noise-free fitness - Fopt (2.140100000000e+002) | best noise-free fitness - Fopt | measured fitness | best measured fitness | x1 | x2...
1 +7.864709399e+002 +7.864709399e+002 +1.000480940e+003 +1.000480940e+003 +6.6519e+000 -5.0629e+000 +1.0189e+001 +3.7243e+000 -4.9221e+000 -4.3601e+000 +2.2495e+000 +1.3843e+000 -8.9887e+000 +7.9981e+000
2 +1.465075295e+002 +1.465075295e+002 +3.605175295e+002 +3.605175295e+002 -4.0808e+000 -2.1966e+000 +7.4550e-001 -4.6086e+000 -3.0877e+000 +8.0018e+000 +2.5581e+000 -8.2108e-001 -6.4053e+000 -1.5227e-002
5 +1.555468287e+001 +1.555468287e+001 +2.295646829e+002 +2.295646829e+002 -1.1632e+000 -4.3864e-002 -8.5334e-001 -3.3783e-001 +6.7991e-001 -5.2254e+000 -1.1850e+000 -7.1091e-001 -1.5805e+000 +5.2081e-001
82 +1.307820864e+001 +1.307820864e+001 +2.270882086e+002 +2.270882086e+002 -2.5032e+000 +5.9025e-001 -1.9636e+000 -9.7769e-001 -2.3112e+000 -3.3480e+000 +1.7418e+000 -3.3430e-001 +3.8284e-001 +2.8336e+000
106 +9.324341789e+000 +9.324341789e+000 +2.233343418e+002 +2.233343418e+002 -3.5980e-001 +2.3757e-001 -2.3741e+000 +1.9692e-001 -1.3989e+000 -2.3384e+000 +2.7275e+000 +5.9708e-001 +2.8369e+000 +2.5266e+000
221 +8.831309406e+000 +8.831309406e+000 +2.228413094e+002 +2.228413094e+002 -3.3072e+000 -2.4860e-001 +8.1378e-001 -6.0284e-001 -2.4979e+000 +2.5349e-001 +1.4147e+000 -5.2237e-001 +7.7671e-001 +8.5259e-001
239 +7.700104068e+000 +7.700104068e+000 +2.217101041e+002 +2.217101041e+002 -6.4400e-002 -6.1344e-001 -1.2820e+000 +1.7643e-001 -1.8134e+000 -2.1492e+000 +3.8887e+000 -4.0778e-001 +1.6834e+000 +2.2282e+000
352 +6.922516609e+000 +6.922516609e+000 +2.209325166e+002 +2.209325166e+002 -2.7081e+000 -6.0934e-001 -8.1334e-001 -4.4630e-002 -1.1137e+000 -9.4517e-001 +4.9101e+000 -3.2218e-001 +1.9625e+000 -9.6603e-002
381 +6.398804927e+000 +6.398804927e+000 +2.204088049e+002 +2.204088049e+002 -3.2750e+000 +2.9070e+000 -1.0136e+000 -1.6007e+000 -3.4917e-001 -8.3954e-001 +2.5723e+000 -2.1101e-001 +2.9755e+000 +1.4839e+000
500 +5.708795468e+000 +5.708795468e+000 +2.197187955e+002 +2.197187955e+002 -2.2201e+000 +1.7909e+000 -2.4988e+000 -1.9363e+000 -5.4659e-001 +1.8740e-002 +2.3804e+000 -6.8288e-001 +2.4288e+000 +1.2038e+000
518 +4.314253687e+000 +4.314253687e+000 +2.183242537e+002 +2.183242537e+002 -2.0549e+000 +1.1889e+000 -5.9223e-001 -3.7260e-001 -1.8327e+000 +2.6112e-001 -1.2396e+000 -4.5985e-001 +1.1746e+000 +4.7599e-001
1369 +3.998545187e+000 +3.998545187e+000 +2.180085452e+002 +2.180085452e+002 +5.8489e-001 +5.7865e-001 -2.2821e-001 -4.5458e-001 +9.0076e-001 -8.5536e-001 +2.9808e-001 -4.2544e-001 -2.9429e-001 +2.4798e-001
2365 +3.449617835e+000 +3.449617835e+000 +2.174596178e+002 +2.174596178e+002 -6.0812e-001 -1.1995e-001 -7.4853e-001 +2.6609e-001 -7.8387e-002 -1.0808e+000 +1.2442e+000 -1.2944e+000 -2.5308e-001 +1.6081e-001
9448 +2.283078676e+000 +2.283078676e+000 +2.162930787e+002 +2.162930787e+002 +3.0524e-001 +7.6398e-001 +3.4167e-001 +7.5403e-001 -3.9358e-001 -1.8286e+000 +1.2289e+000 -1.3661e+000 -6.3739e-002 +2.5369e-001
% function evaluation | noise-free fitness - Fopt (-5.848000000000e+001) | best noise-free fitness - Fopt | measured fitness | best measured fitness | x1 | x2...
1 +2.545799721e+002 +2.545799721e+002 +1.960999721e+002 +1.960999721e+002 +3.9559e+000 +2.3065e+000 -1.0431e+001 -3.4962e-001 -4.2739e+000 +3.1109e+000 +8.9667e-001 -7.0470e+000 +2.4836e+000 -2.2375e+000
2 +1.263044166e+002 +1.263044166e+002 +6.782441663e+001 +6.782441663e+001 -6.2959e+000 -3.8400e+000 +4.1814e-001 +2.8395e+000 -3.2794e-001 +5.2210e+000 +4.0088e+000 -2.8372e+000 +7.5924e-001 -2.3672e+000
5 +2.269450442e+001 +2.269450442e+001 -3.578549558e+001 -3.578549558e+001 +2.1551e+000 -2.9740e+000 -2.2832e+000 +2.6098e-001 -5.0844e-001 +6.7064e+000 +9.8126e-001 -3.6860e+000 -7.2988e-001 -2.4896e-001
77 +2.134808479e+001 +2.134808479e+001 -3.713191521e+001 -3.713191521e+001 -8.7327e-001 +2.9029e+000 -2.0870e+000 +2.0149e+000 -3.3302e+000 +2.9459e-001 +1.9058e+000 +1.1294e+000 +3.0941e+000 -1.0048e+000
122 +1.854019542e+001 +1.854019542e+001 -3.993980458e+001 -3.993980458e+001 +2.3536e+000 -1.4773e+000 -2.0303e+000 +8.8025e-001 -2.6906e+000 +1.9112e+000 +2.0819e+000 -3.0966e-001 +1.4463e+000 -1.2036e+000
145 +1.489311985e+001 +1.489311985e+001 -4.358688015e+001 -4.358688015e+001 +1.5979e+000 -9.3626e-001 -1.0470e+000 +2.3382e+000 -2.4121e+000 +1.9970e+000 +2.4490e+000 +8.7529e-001 -2.1721e+000 +6.7969e-001
153 +1.202850625e+001 +1.202850625e+001 -4.645149375e+001 -4.645149375e+001 +4.7663e-001 +4.0035e-001 -2.6790e+000 +1.4299e+000 -1.2764e+000 +1.3497e+000 +1.5669e+000 -1.3464e-001 +7.3625e-001 +3.1769e-001
169 +1.130829213e+001 +1.130829213e+001 -4.717170787e+001 -4.717170787e+001 +1.4385e-001 -1.7417e+000 -3.6758e+000 +1.4837e+000 -1.4764e-001 +1.8211e+000 +1.0225e+000 -2.7786e+000 +1.0513e+000 -2.3163e+000
180 +8.276881080e+000 +8.276881080e+000 -5.020311892e+001 -5.020311892e+001 +1.9190e+000 -3.4057e+000 -2.5749e+000 +6.2894e-001 -2.4274e+000 +4.2829e+000 -1.9543e+000 +2.0051e+000 -5.9497e-001 -1.2810e+000
302 +7.590998306e+000 +7.590998306e+000 -5.088900169e+001 -5.088900169e+001 +2.0405e+000 -1.1505e+000 -8.4849e-001 +8.2494e-001 -2.5350e+000 +1.4142e+000 +7.7603e-002 +6.5141e-001 +4.9688e-001 -1.4739e+000
326 +6.783562250e+000 +6.783562250e+000 -5.169643775e+001 -5.169643775e+001 +3.6282e+000 -2.4370e+000 -7.7551e-001 -1.3060e+000 +2.4994e-001 +1.2742e+000 +1.1930e-001 +3.2085e-001 +4.0221e-001 -2.1036e+000
427 +6.693406780e+000 +6.693406780e+000 -5.178659322e+001 -5.178659322e+001 +8.0950e-001 -7.7453e-001 -9.1705e-001 -1.0265e+000 +6.3605e-001 +1.1218e+000 +2.5626e-001 +4.0779e-001 +1.0050e+000 +7.1245e-002
575 +5.839093147e+000 +5.839093147e+000 -5.264090685e+001 -5.264090685e+001 +2.1846e+000 -1.5843e+000 -2.5255e+000 +5.1785e-001 -5.1960e-001 +1.0176e+000 +1.4297e-001 +4.7139e-001 +6.2486e-001 +9.0454e-001
643 +5.398995463e+000 +5.398995463e+000 -5.308100454e+001 -5.308100454e+001 +6.6598e-001 -2.0285e+000 -2.8217e+000 -2.1984e+000 +1.2657e+000 +2.1216e+000 +1.1681e-001 +5.4373e-001 -5.3760e-001 -6.2635e-001
819 +4.772776832e+000 +4.772776832e+000 -5.370722317e+001 -5.370722317e+001 +3.0338e-001 +2.3665e-001 -1.8137e+000 +9.0423e-001 -7.0767e-001 +7.5847e-001 -6.9092e-002 +4.8844e-001 +8.9318e-001 +4.2328e-001
1855 +4.006921484e+000 +4.006921484e+000 -5.447307852e+001 -5.447307852e+001 +2.2190e+000 +4.1707e-001 -7.6789e-001 +3.9877e-002 -2.6584e+000 +3.6078e+000 -8.5031e-001 +2.0590e+000 +1.5505e-001 -1.9051e+000
2262 +3.634194117e+000 +3.634194117e+000 -5.484580588e+001 -5.484580588e+001 +2.1434e+000 -5.7332e-001 -1.1670e+000 -7.8642e-001 -1.0570e-001 +1.9198e+000 -6.9412e-001 +1.0177e-002 -5.6976e-001 +4.0542e-001
% function evaluation | noise-free fitness - Fopt (-6.130800000000e+002) | best noise-free fitness - Fopt | measured fitness | best measured fitness | x1 | x2...
1 +4.501710689e+002 +4.501710689e+002 -1.629089311e+002 -1.629089311e+002 -2.1435e+000 -5.4929e+000 -1.2483e+001 -8.1375e+000 +5.7864e+000 +2.0065e+000 +2.7450e+000 +2.4075e+000 +2.1175e+000 -4.0600e+000
4 +9.155087105e+001 +9.155087105e+001 -5.215291289e+002 -5.215291289e+002 -2.5060e-001 -5.3402e+000 +4.4284e+000 -6.3007e+000 +3.3150e+000 +4.4957e+000 +5.5997e+000 +2.6039e-001 -2.1162e+000 -3.2998e+000
6 +7.408517240e+001 +7.408517240e+001 -5.389948276e+002 -5.389948276e+002 +1.9074e+000 +4.6980e-001 +1.6304e+000 -6.5663e+000 +3.7043e+000 +2.9215e+000 +6.1915e+000 -2.2906e+000 -1.1839e+000 -7.5924e-001
27 +5.226109421e+001 +5.226109421e+001 -5.608189058e+002 -5.608189058e+002 -4.4383e+000 -2.6771e+000 +5.0763e+000 -7.0187e-001 +7.4702e-001 +3.1960e+000 +5.4712e+000 +2.0896e+000 +4.0979e+000 +3.7392e+000
39 +4.412149321e+001 +4.412149321e+001 -5.689585068e+002 -5.689585068e+002 -2.0046e+000 -1.5956e+000 +7.0294e-001 -4.9863e+000 +4.6414e+000 +4.9258e+000 -9.1289e-001 +3.0646e+000 +2.0770e-001 +5.0869e-001
45 +4.290077219e+001 +4.290077219e+001 -5.701792278e+002 -5.701792278e+002 -1.5508e+000 -3.8925e+000 +1.3243e-001 -3.0115e+000 +3.2083e+000 +6.8302e+000 +1.0197e+000 +2.4032e+000 -1.0330e+000 -4.2138e+000
57 +1.536685066e+001 +1.536685066e+001 -5.977131493e+002 -5.977131493e+002 -2.6693e+000 -1.9815e+000 +1.4579e+000 -1.4370e+000 +1.1501e+000 +6.6559e+000 +2.9926e+000 +1.7924e+000 -2.9634e+000 -2.7827e+000
74 +1.259073029e+001 +1.259073029e+001 -6.004892697e+002 -6.004892697e+002 +9.7660e-002 -2.7662e+000 +2.4297e+000 -1.5660e+000 +8.6036e-001 +2.5247e+000 +4.7709e-001 +3.2805e+000 -2.5292e+000 -1.6706e+000
173 +1.137722614e+001 +1.137722614e+001 -6.017027739e+002 -6.017027739e+002 +2.7805e+000 -1.5776e+000 -2.5551e-001 -1.9834e+000 +1.2595e-001 +1.0725e+000 +2.5594e+000 +1.6747e+000 -2.5825e+000 +3.5772e-001
210 +1.059724509e+001 +1.059724509e+001 -6.024827549e+002 -6.024827549e+002 -1.4159e+000 -1.6547e+000 +9.6988e-001 -8.6157e-001 +1.7548e+000 +8.8203e-001 +2.8296e+000 +2.2753e+000 +2.3095e+000 -1.3106e-001
267 +1.044649203e+001 +1.044649203e+001 -6.026335080e+002 -6.026335080e+002 -1.2088e+000 -1.1643e+000 +1.4919e+000 +2.0610e+000 +3.0946e+000 +1.4994e+000 +3.7996e+000 +2.1235e+000 -1.7475e+000 -5.1076e-001
286 +8.985798477e+000 +8.985798477e+000 -6.040942015e+002 -6.040942015e+002 +7.8561e-001 +4.7595e-001 +1.6883e+000 -1.2017e+000 +1.7842e-002 +3.2965e+000 +3.1133e+000 +1.8491e+000 -3.9902e-002 +1.0206e+000
295 +6.391163194e+000 +6.391163194e+000 -6.066888368e+002 -6.066888368e+002 -1.2285e+000 -1.9649e+000 +1.2586e+000 -7.2307e-002 +1.2156e+000 +4.9681e-001 +2.9756e+000 +2.3361e+000 -4.6622e-001 -7.7560e-001
343 +5.753855592e+000 +5.753855592e+000 -6.073261444e+002 -6.073261444e+002 -1.5410e+000 -2.2086e+000 +1.5471e+000 +1.1779e+000 -3.8944e-001 +1.1820e+000 +2.0172e+000 +1.4756e+000 +6.5566e-001 +5.8571e-001
468 +5.342536323e+000 +5.342536323e+000 -6.077374637e+002 -6.077374637e+002 -1.0226e+000 -6.3783e-001 +1.6665e+000 +7.8886e-001 +6.2472e-001 +1.1712e+000 +3.5282e+000 +3.9119e-001 -4.0001e-001 +3.6412e-001
733 +5.166069916e+000 +5.166069916e+000 -6.079139301e+002 -6.079139301e+002 -9.2682e-001 -1.7412e+000 +1.2438e+000 +2.5296e-002 +1.3184e+000 +5.7061e-001 +2.2089e+000 +1.5027e+000 -8.9835e-001 -7.7225e-001
1473 +2.879428374e+000 +2.879428374e+000 -6.102005716e+002 -6.102005716e+002 -1.8151e-001 -2.1223e-001 +9.1719e-001 +2.1218e+000 +2.8595e+000 +2.4749e+000 +1.7716e+000 -4.1156e-001 -8.4022e-001 +7.8385e-001
% function evaluation | noise-free fitness - Fopt (-4.317300000000e+002) | best noise-free fitness - Fopt | measured fitness | best measured fitness | x1 | x2...
1 +5.571589032e+001 +5.571589032e+001 -3.760141097e+002 -3.760141097e+002 -1.4619e+000 +9.4367e-001 -1.2101e+000 -1.9692e+000 +1.4580e+000 -2.3631e+000 +3.5497e+000 -1.0353e-001 +1.0627e-001 +5.8773e+000
11 +2.205179023e+001 +2.205179023e+001 -4.096782098e+002 -4.096782098e+002 -2.1959e+000 -2.8277e+000 +3.9671e+000 +2.7097e+000 +2.4676e+000 -7.6526e-001 +1.0275e+000 -2.8205e-001 +7.0055e-001 +2.6097e+000
58 +1.786627389e+001 +1.786627389e+001 -4.138637261e+002 -4.138637261e+002 -1.3197e+000 -3.4552e+000 +4.2174e+000 -9.3367e-001 -1.3534e-001 +2.3077e-001 +1.9636e-001 -1.2188e+000 +2.1621e+000 +2.0958e+000
109 +9.133086546e+000 +9.133086546e+000 -4.225969135e+002 -4.225969135e+002 -5.4502e-001 -1.0686e+000 +1.6630e+000 +1.3913e+000 +1.5854e+000 -1.5776e+000 -1.3158e+000 -3.3925e-001 +7.0831e-001 +1.2112e+000
312 +9.037356303e+000 +9.037356303e+000 -4.226926437e+002 -4.226926437e+002 -5.0204e-001 -1.8597e+000 +3.1509e+000 -3.1757e-001 -6.3681e-001 -2.8688e+000 +1.3023e+000 +9.3725e-001 -5.4881e-002 +3.3655e-001
330 +7.817008030e+000 +7.817008030e+000 -4.239129920e+002 -4.239129920e+002 -1.0232e+000 -7.2951e-002 +9.8712e-001 +3.0361e+000 +6.6508e-001 -6.2482e-001 +1.0937e-001 -1.1243e-001 -1.0635e-001 +1.0019e+000
402 +6.118393198e+000 +6.118393198e+000 -4.256116068e+002 -4.256116068e+002 -8.8657e-001 +4.6618e-001 +2.1519e-001 +2.2067e+000 +2.5403e+000 -1.4880e+000 +6.1742e-002 +3.5436e-002 -2.0579e-001 +1.2240e+000
422 +5.476462573e+000 +5.476462573e+000 -4.262535374e+002 -4.262535374e+002 +6.3445e-001 +8.5683e-002 +8.9215e-001 +1.3996e+000 +2.2033e+000 -8.4704e-003 -1.7388e+000 +3.6940e-001 +1.2949e-001 +4.1726e-001
464 +5.235366090e+000 +5.235366090e+000 -4.264946339e+002 -4.264946339e+002 +2.5491e-002 +6.8165e-001 +1.8699e+000 +1.7161e+000 +2.4061e+000 -1.0281e+000 +5.0307e-001 +7.4989e-001 -5.2502e-003 +9.7980e-001
1069 +5.117398175e+000 +5.117398175e+000 -4.266126018e+002 -4.266126018e+002 +1.8649e+000 -1.3824e-001 +2.2488e-001 +1.1905e+000 +1.6132e+000 -7.8339e-001 -4.7959e-001 +7.9883e-001 +2.3622e+000 -7.5749e-001
1119 +4.262527506e+000 +4.262527506e+000 -4.274674725e+002 -4.274674725e+002 -1.0927e+000 +1.0481e+000 +7.1919e-001 +1.7035e+000 +9.3645e-001 -1.8190e+000 -6.3878e-001 +9.2873e-001 -1.7785e+000 +8.9206e-001
1227 +3.838447753e+000 +3.838447753e+000 -4.278915522e+002 -4.278915522e+002 +2.3021e-001 -7.0346e-001 -3.6427e-001 +1.5742e+000 +1.4937e+000 +2.7762e-001 +1.3862e-001 -9.8997e-001 +1.8603e-001 +7.7417e-002
2682 +3.782328743e+000 +3.782328743e+000 -4.279476713e+002 -4.279476713e+002 +9.9596e-002 +1.7185e+000 +2.3114e-001 +5.6456e-001 +6.2219e-001 +8.3853e-001 +3.6462e-001 +5.3501e-001 -5.3562e-001 +2.2216e-001
6171 +3.410682169e+000 +3.410682169e+000 -4.283193178e+002 -4.283193178e+002 -1.3871e+000 +1.1552e+000 -7.4434e-001 +1.1210e+000 +9.7465e-001 +3.0798e-002 -4.0831e-001 +9.1664e-001 +4.3446e-001 +1.9366e-001
6591 +3.160020832e+000 +3.160020832e+000 -4.285699792e+002 -4.285699792e+002 -8.1228e-001 +9.3263e-001 -1.8475e-001 +1.7178e+000 +4.2471e-002 -8.5932e-001 -6.0492e-001 +1.5404e+000 -1.3046e+000 -2.8781e-001
8384 +2.942376609e+000 +2.942376609e+000 -4.287876234e+002 -4.287876234e+002 -2.5974e-001 -2.2879e-002 +8.6930e-001 +4.6832e-001 +7.2211e-001 +8.1906e-001 -9.6904e-001 -1.2992e+000 +7.1048e-001 -1.4372e+000
% function evaluation | noise-free fitness - Fopt (1.578000000000e+002) | best noise-free fitness - Fopt | measured fitness | best measured fitness | x1 | x2...
1 +1.846400596e+002 +1.846400596e+002 +3.424400596e+002 +3.424400596e+002 +4.9535e+000 -4.6463e-001 +4.5720e+000 -1.3685e+000 -7.1265e+000 +2.9280e-001 +1.1869e+000 +1.2414e+000 -6.5719e+000 +4.4960e+000
10 +1.062343836e+002 +1.062343836e+002 +2.640343836e+002 +2.640343836e+002 +5.9169e+000 -3.5233e+000 +3.3262e+000 -1.7374e+000 -2.4386e+000 -2.3213e+000 +1.8868e+000 +3.7040e-001 -3.6619e+000 +6.3990e+000
12 +6.190683203e+001 +6.190683203e+001 +2.197068320e+002 +2.197068320e+002 +4.3748e+000 -4.1944e+000 +3.2765e+000 -9.5639e-001 -1.6158e+000 +2.5438e-001 -1.5815e+000 +2.4983e-001 -4.1700e+000 +3.1594e+000
23 +4.826982121e+001 +4.826982121e+001 +2.060698212e+002 +2.060698212e+002 +2.8819e+000 -6.9326e-002 +3.8784e+000 -4.2303e-001 -2.3393e+000 +7.8861e-001 +2.8016e+000 -4.6188e+000 -4.8326e+000 +3.2170e+000
71 +4.012613877e+001 +4.012613877e+001 +1.979261388e+002 +1.979261388e+002 +7.0722e+000 +5.0454e+000 +3.9337e+000 -2.9066e+000 -3.1021e+000 +2.0194e-001 +1.2718e-001 -1.8034e+000 -5.6044e+000 +4.0875e+000
81 +1.518775112e+001 +1.518775112e+001 +1.729877511e+002 +1.729877511e+002 +2.8928e+000 -2.9271e-001 +3.6175e+000 -7.3472e-001 +4.8144e-001 +2.1718e-001 -1.2194e+000 +1.3223e-001 -2.6813e+000 +3.1402e+000
167 +1.293957608e+001 +1.293957608e+001 +1.707395761e+002 +1.707395761e+002 +1.9044e+000 +2.6964e-001 +1.1434e+000 +1.0376e+000 +6.6337e-001 -1.5476e+000 +8.2160e-001 +6.3915e-002 -3.6175e+000 -5.5048e-001
198 +1.275721680e+001 +1.275721680e+001 +1.705572168e+002 +1.705572168e+002 +4.9432e+000 +4.8457e-001 +2.6717e+000 +4.7409e-001 -1.2342e+000 -1.0315e+000 -9.7018e-001 +9.0403e-002 -1.5448e+000 +2.6428e+000
257 +1.200882840e+001 +1.200882840e+001 +1.698088284e+002 +1.698088284e+002 +4.3796e+000 +1.7107e+000 +2.6698e+000 +1.3372e+000 +1.2029e-002 -1.9596e+000 -3.4936e+000 -1.3175e+000 -4.4059e+000 +2.6539e+000
258 +5.723378038e+000 +5.723378038e+000 +1.635233780e+002 +1.635233780e+002 +2.4628e+000 +1.1013e+000 +3.7676e+000 +8.6994e-001 -5.3024e-001 -5.6131e-001 -1.0342e+000 +9.7280e-001 -3.1222e-001 +2.8058e-001
308 +5.617754678e+000 +5.617754678e+000 +1.634177547e+002 +1.634177547e+002 +1.8203e+000 +6.5689e-001 +2.0261e+000 +1.3330e-001 -7.2810e-001 +1.7614e+000 -9.2936e-001 +3.4809e-001 -1.8689e+000 +1.3085e+000
453 +5.457824334e+000 +5.457824334e+000 +1.632578243e+002 +1.632578243e+002 +1.8327e+000 +1.4628e+000 +1.6075e+000 +6.1155e-001 -2.9488e-001 +2.2568e-002 -6.1924e-001 +6.8507e-001 -1.3561e+000 -1.2712e+000
689 +4.829780099e+000 +4.829780099e+000 +1.626297801e+002 +1.626297801e+002 +2.4247e+000 -7.0742e-002 +4.5595e-001 -3.9164e-001 +2.4733e+000 -6.5679e-001 -8.0551e-001 +6.7075e-001 -3.4208e-001 -4.5612e-001
1264 +4.268531276e+000 +4.268531276e+000 +1.620685313e+002 +1.620685313e+002 +2.9515e-001 -2.7008e-001 +8.8539e-002 -1.7063e+000 +8.1686e-001 -1.0024e+000 -3.2898e-001 -4.1375e-001 -5.1749e-001 -1.2805e-002
1813 +3.328975275e+000 +3.328975275e+000 +1.611289753e+002 +1.611289753e+002 -5.7265e-001 +2.5646e-001 -2.4647e+000 -1.1765e+000 -3.5853e-001 -2.9955e-001 +1.3891e-001 -9.0227e-002 -2.2751e-001 -1.4536e-001
4707 +2.974970225e+000 +2.974970225e+000 +1.607749702e+002 +1.607749702e+002 -1.0913e+000 -1.2521e+000 -5.7290e-001 -1.6132e+000 +4.6696e-001 +7.8218e-001 +1.5021e+000 -4.4580e-001 +1.7841e+000 -2.6943e-001
5575 +2.767905017e+000 +2.767905017e+000 +1.605679050e+002 +1.605679050e+002 -2.9715e+000 -5.9188e-001 +2.5277e-002 -7.1804e-001 -2.6343e+000 +1.7698e+000 +8.4573e-001 +2.5859e-001 +8.4417e-001 -1.5798e+000
% function evaluation | noise-free fitness - Fopt (2.198800000000e+002) | best noise-free fitness - Fopt | measured fitness | best measured fitness | x1 | x2...
1 +1.325626008e+003 +1.325626008e+003 +1.545506008e+003 +1.545506008e+003 +2.3238e+000 -5.4680e+000 +1.6650e+000 -3.6441e+000 +8.5619e+000 +3.1753e+000 -1.0888e+000 -1.7546e+001 -2.2683e-001 -2.9283e+000
2 +1.399414847e+002 +1.399414847e+002 +3.598214847e+002 +3.598214847e+002 -3.4393e-001 -2.8986e+000 -9.8408e-001 -3.7541e+000 +5.5804e+000 +4.8535e+000 +1.8705e+000 +3.8175e+000 +1.3100e+000 -2.0746e+000
4 +7.548462623e+001 +7.548462623e+001 +2.953646262e+002 +2.953646262e+002 +4.7568e+000 -6.6485e+000 -1.4372e-001 +2.4523e+000 +2.3121e-001 +5.1096e+000 -6.1918e-001 -1.3309e+000 +4.9793e+000 -1.5553e+000
12 +3.438946312e+001 +3.438946312e+001 +2.542694631e+002 +2.542694631e+002 +1.8209e+000 -2.7094e+000 -3.7698e+000 -4.3883e+000 +3.3436e-001 +3.9667e+000 +1.0609e-002 +3.2225e+000 +4.0472e+000 -8.1065e-001
13 +2.195764078e+001 +2.195764078e+001 +2.418376408e+002 +2.418376408e+002 +1.4745e+000 -4.1657e+000 -2.4629e-001 -1.4236e+000 -2.9826e-001 +3.3304e+000 -1.9701e+000 +4.3160e+000 -4.2157e-001 -5.4553e-001
114 +1.808497598e+001 +1.808497598e+001 +2.379649760e+002 +2.379649760e+002 +3.9886e+000 -1.3040e+000 -1.0084e+000 -1.3841e+000 +2.4756e+000 +2.4898e+000 -2.1779e+000 +1.3388e+000 -4.7730e-001 -1.3155e+000
168 +1.607201652e+001 +1.607201652e+001 +2.359520165e+002 +2.359520165e+002 -8.6658e-001 -2.7075e-001 -2.1240e+000 -8.4216e-001 +1.7935e+000 +3.5788e+000 -1.2533e+000 +1.4990e-001 +1.4360e+000 -2.0259e+000
210 +1.439596595e+001 +1.439596595e+001 +2.342759659e+002 +2.342759659e+002 +2.2661e+000 +2.8023e-001 -2.7439e+000 -2.4196e+000 +1.1526e+000 +1.1579e+000 -1.6673e+000 +1.2757e-001 +1.4183e-003 -4.3645e-001
216 +1.168346752e+001 +1.168346752e+001 +2.315634675e+002 +2.315634675e+002 +4.3503e-001 -2.1326e+000 +1.9757e-001 -7.4939e-001 +4.7142e-001 +3.2165e+000 -3.8992e-001 +4.4168e-001 +1.5018e+000 -1.4980e+000
299 +1.124390611e+001 +1.124390611e+001 +2.311239061e+002 +2.311239061e+002 -1.0347e+000 +1.3134e+000 -1.1596e+000 -1.0542e+000 +2.0551e+000 +2.0273e+000 -1.4995e+000 -1.1845e+000 +1.3670e+000 -1.4346e+000
325 +1.082521627e+001 +1.082521627e+001 +2.307052163e+002 +2.307052163e+002 +3.9888e-001 -2.0375e-001 -2.5864e+000 -9.6790e-001 -3.5013e+000 -2.8114e-001 +2.0059e-001 -5.4523e-001 -1.9042e+000 +1.3507e+000
334 +9.275020129e+000 +9.275020129e+000 +2.291550201e+002 +2.291550201e+002 -5.0574e-001 -7.6963e-001 -1.8825e+000 +4.0764e-001 -1.6954e+000 +2.6520e+000 +7.5037e-001 +2.2679e+000 +2.0559e+000 +7.3569e-001
423 +7.182732426e+000 +7.182732426e+000 +2.270627324e+002 +2.270627324e+002 +6.3250e-001 -1.0166e+000 -6.3726e-001 +2.8038e-001 +6.8626e-001 -1.9827e+000 -7.5022e-002 -1.1356e+000 +5.8845e-001 -8.5288e-001
481 +4.453954632e+000 +4.453954632e+000 +2.243339546e+002 +2.243339546e+002 -7.8369e-001 -6.5846e-001 -1.1085e+000 +1.2259e-001 +1.4024e+000 -2.9052e-001 -3.9731e-001 -4.7493e-001 +8.5429e-001 -1.7587e-003
1603 +3.257522343e+000 +3.257522343e+000 +2.231375223e+002 +2.231375223e+002 -9.5414e-001 +7.4319e-001 +1.4089e+000 +1.1316e+000 +4.2129e-001 -3.5763e-001 +8.7247e-002 +1.2886e+000 -3.7721e-004 -1.0935e-001
4156 +2.807360803e+000 +2.807360803e+000 +2.226873608e+002 +2.226873608e+002 +2.3945e-001 +1.1569e+000 -4.2416e-001 -1.6186e+000 -5.1234e-001 +1.0988e+000 +7.7571e-001 -7.0782e-001 +2.8353e-002 -1.7298e-001
4633 +2.183465322e+000 +2.183465322e+000 +2.220634653e+002 +2.220634653e+002 -1.3524e+000 -3.7995e-001 -2.9955e+000 +1.5682e+000 -7.8202e-001 +2.5968e-002 -1.4885e-002 -2.2734e+000 -4.2386e-001 +3.5477e-001
% function evaluation | noise-free fitness - Fopt (1.543700000000e+002) | best noise-free fitness - Fopt | measured fitness | best measured fitness | x1 | x2...
1 +2.095366817e+002 +2.095366817e+002 +3.639066817e+002 +3.639066817e+002 +3.1972e-001 -5.6315e+000 -3.5485e+000 +5.7056e+000 -4.2881e+000 +3.4939e+000 +2.8518e-001 -1.8488e+000 +4.4680e+000 -4.8865e+000
3 +1.215131570e+002 +1.215131570e+002 +2.758831570e+002 +2.758831570e+002 +1.0473e+000 -4.6663e+000 -4.1806e+000 -1.1520e+000 -6.7992e+000 +1.9073e+000 -1.9484e-001 +2.2740e+000 +3.1716e+000 -4.1482e+000
4 +7.193562204e+001 +7.193562204e+001 +2.263056220e+002 +2.263056220e+002 +4.5559e+000 +5.1423e+000 +4.8764e-002 +2.9831e+000 +2.6638e-001 +1.8692e+000 -2.1734e+000 -2.1710e+000 +2.7054e+000 -4.0883e+000
22 +3.672622112e+001 +3.672622112e+001 +1.910962211e+002 +1.910962211e+002 -2.9362e+000 -3.7047e+000 -4.0619e+000 +4.4339e+000 +1.8904e+000 +2.3433e+000 -6.3923e-001 -5.7802e-001 +9.7261e-002 -3.1589e+000
47 +1.509723134e+001 +1.509723134e+001 +1.694672313e+002 +1.694672313e+002 +2.4293e-001 -2.5629e+000 -3.2399e+000 -6.9360e-001 -6.6664e-001 +7.9590e-001 +3.5259e-001 +6.9136e-001 +1.5696e+000 -3.7188e+000
149 +1.458696846e+001 +1.458696846e+001 +1.689569685e+002 +1.689569685e+002 -1.6266e-001 -1.4767e+000 +1.3633e+000 +8.9063e-001 +2.8050e-002 +1.5656e+000 -1.1613e+000 -3.7423e+000 -4.2873e-001 -2.3551e+000
172 +1.260927609e+001 +1.260927609e+001 +1.669792761e+002 +1.669792761e+002 +2.3451e-001 -2.1229e+000 -9.6615e-001 -4.3933e+000 -7.4723e-001 +2.9179e-001 +8.8471e-001 +4.3262e-001 +1.7449e+000 -4.5983e-001
201 +1.033834244e+001 +1.033834244e+001 +1.647083424e+002 +1.647083424e+002 -1.1717e+000 -1.8207e+000 +1.7410e-001 -6.7980e-001 -2.8344e-002 +2.0801e+000 -5.8211e-002 -9.6822e-001 +9.2223e-001 -1.6054e+000
245 +1.008555147e+001 +1.008555147e+001 +1.644555515e+002 +1.644555515e+002 -1.6729e+000 -7.7269e-001 -7.2531e-001 +1.3732e+000 +1.7458e+000 +3.6673e-001 -2.7839e+000 +4.3100e-001 +1.5374e+000 -2.4657e+000
261 +6.959952483e+000 +6.959952483e+000 +1.613299525e+002 +1.613299525e+002 -5.6640e-001 -9.8412e-001 -2.1977e+000 -1.1993e+000 -3.4623e-001 +1.8502e+000 -5.5589e-001 +1.0209e+000 -5.5751e-001 -9.2809e-001
420 +6.355180662e+000 +6.355180662e+000 +1.607251807e+002 +1.607251807e+002 +9.2101e-001 +3.5364e-001 +7.1362e-002 +4.5892e-001 -1.4148e+000 +2.2898e+000 +8.4996e-001 -1.0852e+000 +3.1196e-001 +1.0836e+000
423 +3.709392269e+000 +3.709392269e+000 +1.580793923e+002 +1.580793923e+002 +1.2568e+000 -2.4471e-001 +6.0458e-001 -1.3834e+000 -2.4423e-001 +1.0257e+000 -2.6560e+000 -1.0005e+000 -3.5500e-001 +5.7175e-002
1705 +3.328417253e+000 +3.328417253e+000 +1.576984173e+002 +1.576984173e+002 -1.0441e+000 -9.5806e-001 -1.8333e+000 -1.5144e-001 +4.5806e-001 +1.3819e+000 -2.3412e-001 -8.2586e-001 +8.7535e-001 -5.7050e-001
3377 +3.245591868e+000 +3.245591868e+000 +1.576155919e+002 +1.576155919e+002 -5.0610e-002 -8.6678e-001 -2.0945e+000 +4.4231e-002 +2.5617e-001 +1.3770e+000 -5.4770e-001 +7.0622e-001 +2.1061e+000 -1.1453e+000
4373 +3.127451958e+000 +3.127451958e+000 +1.574974520e+002 +1.574974520e+002 +1.6766e+000 -8.2584e-001 -5.8340e-001 +1.7560e-001 -5.9770e-001 -8.2107e-001 +1.3249e-001 +7.0833e-002 -4.9505e-001 +6.2685e-001
5890 +3.087282964e+000 +3.087282964e+000 +1.574572830e+002 +1.574572830e+002 +7.4974e-001 -1.0918e+000 -2.3064e-001 +1.9612e+000 -1.6292e-001 -4.0704e-001 +1.8774e-001 +1.4584e+000 -1.0239e+000 -2.0507e-001
7001 +2.882513133e+000 +2.882513133e+000 +1.572525131e+002 +1.572525131e+002 +8.4023e-001 -9.1717e-001 +4.5015e-001 -9.2360e-001 +2.8662e-001 -3.6144e-001 +3.6936e-001 -1.5316e+000 -4.3044e-001 +1.1134e+000
% function evaluation | noise-free fitness - Fopt (-1.217500000000e+002) | best noise-free fitness - Fopt | measured fitness | best measured fitness | x1 | x2...
1 +9.529207680e+001 +9.529207680e+001 -2.645792320e+001 -2.645792320e+001 +9.1988e-001 +5.8880e+000 +7.1817e-001 +7.3734e-001 +5.1204e+000 +5.8188e+000 +5.8244e+000 -4.1611e+000 +3.7507e+000 +2.3449e+000
2 +6.421405548e+001 +6.421405548e+001 -5.753594452e+001 -5.753594452e+001 -3.7238e+000 +3.0251e+000 +3.4045e+000 -3.5181e+000 -1.8167e+000 +6.1159e+000 +3.4322e+000 -4.6727e+000 -1.7422e+000 +4.2083e+000
16 +3.477384175e+001 +3.477384175e+001 -8.697615825e+001 -8.697615825e+001 -1.2027e+000 +3.0201e+000 +5.7142e-001 +1.4966e+000 +4.8787e+000 +2.7713e+000 +4.5229e+000 -3.0785e+000 -4.9044e+000 -1.4369e+000
37 +2.685498657e+001 +2.685498657e+001 -9.489501343e+001 -9.489501343e+001 +1.1091e+000 +4.6330e+000 -4.7675e+000 -4.3349e+000 +2.7130e+000 +3.0879e+000 +3.5179e+000 -4.1862e+000 +1.6016e-001 +6.8145e-001
64 +2.299078184e+001 +2.299078184e+001 -9.875921816e+001 -9.875921816e+001 +9.1655e-001 +2.3299e+000 -3.6099e+000 -3.0548e+000 +2.5762e+000 +4.3280e-001 +3.5297e+000 -3.1208e+000 +1.6296e-001 +9.4175e-001
88 +2.066713881e+001 +2.066713881e+001 -1.010828612e+002 -1.010828612e+002 +1.0371e-001 +2.7434e+000 -1.0839e+000 -3.3814e+000 +3.3750e+000 +3.2096e+000 +5.6511e+000 -9.5776e-002 -2.0340e+000 +2.1298e+000
89 +1.839738838e+001 +1.839738838e+001 -1.033526116e+002 -1.033526116e+002 +1.8406e+000 +4.3994e+000 -2.0372e+000 -2.9688e+000 +3.8350e+000 +5.3851e+000 +4.5028e+000 -7.9365e-003 -8.1791e-001 -1.9880e+000
91 +9.674117645e+000 +9.674117645e+000 -1.120758824e+002 -1.120758824e+002 -1.0387e+000 +4.9139e-001 -1.7769e+000 -2.0581e+000 +3.4742e+000 +3.7339e+000 +4.2867e+000 -2.6452e+000 -4.2408e-001 +1.0560e-001
280 +6.609286345e+000 +6.609286345e+000 -1.151407137e+002 -1.151407137e+002 -1.2880e+000 +2.5672e+000 -5.5566e-001 -2.7666e+000 +1.6367e+000 +5.0867e+000 +3.9670e+000 +1.9723e-001 -1.5173e+000 -1.3697e+000
565 +6.116251563e+000 +6.116251563e+000 -1.156337484e+002 -1.156337484e+002 -1.8546e+000 +3.3247e+000 -3.1252e+000 -2.4119e+000 -8.8231e-001 +3.8172e+000 +3.1597e+000 -4.8764e-001 -3.7495e+000 -2.8679e-002
802 +3.826192273e+000 +3.826192273e+000 -1.179238077e+002 -1.179238077e+002 -4.7377e-001 +3.8527e+000 -1.5855e+000 -2.0938e+000 +9.2409e-001 +1.7543e+000 +3.0883e+000 -1.5380e+000 -1.2244e+000 -5.7217e-001
2915 +3.108946237e+000 +3.108946237e+000 -1.186410538e+002 -1.186410538e+002 -1.4350e+000 +9.6365e-001 -1.8977e-001 -5.0325e-001 -6.3845e-001 +1.9857e+000 +1.1653e+000 -4.3126e-001 -5.4721e-001 -2.8081e-001
3666 +1.486730078e+000 +1.486730078e+000 -1.202632699e+002 -1.202632699e+002 -8.0409e-001 +5.5151e-001 -1.3630e+000 -1.5937e+000 -9.3442e-001 +8.3134e-001 +1.5252e+000 -7.9019e-001 -6.0800e-001 -4.2569e-001
% function evaluation | noise-free fitness - Fopt (1.630000000000e+001) | best noise-free fitness - Fopt | measured fitness | best measured fitness | x1 | x2...
1 +1.130014600e+002 +1.130014600e+002 +1.293014600e+002 +1.293014600e+002 +5.6652e+000 -6.6730e-001 -1.5959e+000 +7.2160e+000 +3.8781e-001 +3.1850e+000 +1.5320e+000 +1.2514e+000 -3.9814e+000 +1.0316e-001
4 +4.015300867e+001 +4.015300867e+001 +5.645300867e+001 +5.645300867e+001 +2.8860e+000 +2.1474e+000 -5.2059e+000 -6.3026e-001 -1.8738e+000 -1.8350e+000 -1.0187e+000 -3.5062e+000 -8.3068e-001 -3.5021e+000
6 +3.087773185e+001 +3.087773185e+001 +4.717773185e+001 +4.717773185e+001 +3.3351e+000 +3.1959e+000 -2.7483e+000 -8.9399e-001 -3.9095e-001 +2.6835e+000 -1.7608e+000 +1.8050e+000 -3.4850e+000 -3.8666e+000
23 +2.620361661e+001 +2.620361661e+001 +4.250361661e+001 +4.250361661e+001 +8.8429e-001 -9.6451e-001 -3.0583e+000 -3.3296e+000 +1.6565e+000 -1.7509e+000 -1.1509e+000 -6.5393e-001 +1.5444e+000 -5.2769e+000
48 +2.047158109e+001 +2.047158109e+001 +3.677158109e+001 +3.677158109e+001 +4.8294e+000 +1.2384e+000 -1.2620e+000 +2.2517e+000 -4.9297e-002 +2.3325e+000 -6.0011e-001 +1.6367e+000 -2.2836e+000 -1.1311e+000
90 +1.260161023e+001 +1.260161023e+001 +2.890161023e+001 +2.890161023e+001 +2.2054e+000 +1.5803e+000 -2.0070e+000 +1.8100e+000 +2.1848e+000 +3.3707e+000 -3.7388e-001 -1.8536e+000 -5.7648e-001 -1.9536e+000
101 +1.195962554e+001 +1.195962554e+001 +2.825962554e+001 +2.825962554e+001 +1.0741e+000 +2.5654e+000 -1.3104e+000 +1.9598e+000 -1.4528e+000 +9.2920e-001 -1.1997e+000 +2.3247e-001 -2.0232e+000 -1.7506e+000
133 +1.103781740e+001 +1.103781740e+001 +2.733781740e+001 +2.733781740e+001 +2.4563e+000 +1.0215e+000 +7.8101e-001 -1.8690e-001 +1.6309e+000 +1.5776e+000 +8.4049e-001 +9.3769e-001 -1.1062e+000 -2.4310e+000
219 +1.065227554e+001 +1.065227554e+001 +2.695227554e+001 +2.695227554e+001 +7.8503e-001 +1.4976e+000 -4.6867e-001 -4.0803e-001 +2.3286e+000 +1.2193e+000 -3.6623e+000 +1.6744e+000 +1.0116e+000 -9.6458e-001
261 +8.828518789e+000 +8.828518789e+000 +2.512851879e+001 +2.512851879e+001 +8.6925e-001 +2.1030e+000 -2.0001e+000 -6.7083e-001 +2.3408e+000 +1.0166e+000 -1.7130e+000 -4.6015e+000 +5.9235e-001 +1.0461e+000
267 +7.522409875e+000 +7.522409875e+000 +2.382240987e+001 +2.382240987e+001 +2.8985e+000 +1.8081e+000 -2.2607e+000 -1.5870e+000 +1.2626e+000 +5.9736e-001 -6.1304e-001 +8.7499e-001 -1.0591e+000 +1.8576e-001
458 +7.342679264e+000 +7.342679264e+000 +2.364267926e+001 +2.364267926e+001 +3.6504e-001 +8.8152e-001 +2.7064e-001 +8.8989e-001 +2.3368e+000 -1.3228e+000 +1.2329e+000 +1.9715e+000 -1.3384e+000 -8.2628e-003
480 +5.535890232e+000 +5.535890232e+000 +2.183589023e+001 +2.183589023e+001 +4.2532e-001 +1.6061e+000 -2.4666e+000 -1.9889e-001 +8.9044e-002 +8.0167e-002 -7.5515e-001 -1.0021e+000 -4.4977e-001 -9.1155e-001
629 +5.060369203e+000 +5.060369203e+000 +2.136036920e+001 +2.136036920e+001 -6.9721e-003 -1.0358e+000 -1.1863e+000 -5.7104e-001 +7.0683e-001 +9.3549e-001 +1.4357e-001 +1.8629e-001 +1.3917e-001 +1.8451e+000
867 +4.821012547e+000 +4.821012547e+000 +2.112101255e+001 +2.112101255e+001 +7.1278e-001 +1.9339e+000 -1.5679e+000 +1.1264e-001 +6.5102e-001 +3.2397e-001 -4.0037e+000 -2.5080e+000 -4.3439e-001 +1.3835e-001
1056 +4.637811717e+000 +4.637811717e+000 +2.093781172e+001 +2.093781172e+001 +6.2341e-002 +7.9437e-001 -9.5311e-001 -4.9801e-001 +1.0536e+000 -6.8620e-001 -2.2901e+000 -2.5746e-001 -6.0440e-001 +9.6978e-001
1367 +3.850096457e+000 +3.850096457e+000 +2.015009646e+001 +2.015009646e+001 -8.2037e-001 +2.7809e+000 -9.8490e-001 -3.8472e-001 +1.2466e+000 -1.4095e+000 -1.8293e+000 +1.1435e+000 -1.3411e+000 +4.9851e-001
4100 +2.726271465e+000 +2.726271465e+000 +1.902627146e+001 +1.902627146e+001 -6.4814e-003 +3.6132e-002 -2.8407e-001 -4.4616e-001 +1.5291e+000 -3.1352e-001 +1.6398e+000 -9.2160e-001 +4.1664e-001 +1.9462e+000
8027 +2.250081819e+000 +2.250081819e+000 +1.855008182e+001 +1.855008182e+001 -5.5045e-001 +3.4686e-001 -2.3562e-001 -5.6713e-001 -1.0297e-001 -9.6014e-002 +6.0414e-002 +6.8632e-001 -1.1593e+000 -1.1631e+000
% function evaluation | noise-free fitness - Fopt (-2.839700000000e+002) | best noise-free fitness - Fopt | measured fitness | best measured fitness | x1 | x2...
1 +1.666781600e+002 +1.666781600e+002 -1.172918400e+002 -1.172918400e+002 -2.5955e+000 +4.0451e+000 -9.0377e-001 -3.1232e+000 -4.8459e+000 +7.3420e+000 -2.5635e+000 -2.7823e+000 -1.7721e+000 +3.1830e-001
2 +8.587728451e+001 +8.587728451e+001 -1.980927155e+002 -1.980927155e+002 -3.1550e+000 +2.8919e+000 +3.1055e+000 -3.4729e+000 -3.5776e+000 +4.9012e+000 -2.3840e+000 +3.3208e+000 +2.8372e+000 -3.8849e+000
6 +3.402549501e+001 +3.402549501e+001 -2.499445050e+002 -2.499445050e+002 -2.3603e+000 +1.7143e+000 +2.7144e+000 -4.9682e+000 -2.9192e+000 +3.6500e+000 -1.4256e+000 -2.4519e+000 -2.5746e+000 +2.3044e+000
49 +2.525609783e+001 +2.525609783e+001 -2.587139022e+002 -2.587139022e+002 -1.9359e+000 +4.0132e+000 +4.4290e+000 -8.3593e-001 -4.5133e+000 +1.6790e+000 -1.9985e+000 -4.7898e+000 -5.1840e-001 -1.9660e+000
51 +1.772534739e+001 +1.772534739e+001 -2.662446526e+002 -2.662446526e+002 -4.4003e-001 +2.0684e+000 +1.9401e+000 -4.1861e+000 -4.0356e+000 +1.0947e+000 -2.1513e-002 -1.9813e+000 +2.6776e+000 -8.4363e-001
151 +1.707210756e+001 +1.707210756e+001 -2.668978924e+002 -2.668978924e+002 -1.4386e+000 +2.3376e+000 +1.8354e+000 -2.6356e+000 -2.8146e+000 +2.0717e+000 -8.0323e-001 -2.7149e+000 -4.1619e-001 +3.5247e-002
166 +1.650961871e+001 +1.650961871e+001 -2.674603813e+002 -2.674603813e+002 -4.2714e-001 +2.0268e+000 +7.5202e-001 -5.0913e+000 -4.7115e+000 +6.1350e-001 -2.3672e+000 -4.6522e+000 +1.2274e+000 -3.2528e-001
184 +1.434620846e+001 +1.434620846e+001 -2.696237915e+002 -2.696237915e+002 -2.7693e-001 +2.2638e+000 -8.3872e-001 -3.3746e-001 +9.7165e-001 -6.7561e-001 -5.0843e+000 -2.4634e+000 +2.0102e-002 -9.2967e-001
211 +1.288074701e+001 +1.288074701e+001 -2.710892530e+002 -2.710892530e+002 -1.2770e+000 +2.1971e+000 +2.3594e+000 -1.9007e+000 -2.9533e+000 +4.4667e-002 +2.2740e-001 -3.7038e+000 -1.9066e+000 -5.4191e-001
234 +8.602255535e+000 +8.602255535e+000 -2.753677445e+002 -2.753677445e+002 -1.2760e+000 +2.0394e+000 +7.6944e-002 -3.5328e+000 -2.7091e+000 +8.7848e-001 -2.8124e+000 -2.7831e+000 -2.6872e-001 +3.1682e-001
252 +7.542784788e+000 +7.542784788e+000 -2.764272152e+002 -2.764272152e+002 -2.1142e-001 +1.7613e+000 +1.9810e+000 -2.1191e+000 -1.0097e+000 -6.3020e-001 +2.7272e+000 -3.9434e+000 -9.7132e-002 -3.1231e-001
324 +6.439375624e+000 +6.439375624e+000 -2.775306244e+002 -2.775306244e+002 -6.3165e-001 +2.4129e+000 +9.7691e-001 -1.1637e+000 -4.0368e+000 -1.8278e+000 +7.2273e-001 -2.6031e+000 -3.1728e-002 -1.1451e+000
504 +5.699389139e+000 +5.699389139e+000 -2.782706109e+002 -2.782706109e+002 +1.0588e-002 +1.9524e+000 +1.8601e+000 -1.5030e+000 -2.8751e+000 -6.5793e-001 -9.4691e-001 -3.3132e+000 +7.8057e-001 +4.1906e-002
598 +4.874737227e+000 +4.874737227e+000 -2.790952628e+002 -2.790952628e+002 +8.7799e-001 +1.3953e+000 +1.7692e+000 -2.7668e+000 -2.1235e+000 -5.5705e-001 +3.5693e-001 -2.8111e+000 +3.9290e-001 -8.3776e-001
735 +4.561314253e+000 +4.561314253e+000 -2.794086857e+002 -2.794086857e+002 +2.5464e+000 -1.1621e+000 +1.1819e+000 -1.6441e+000 -4.8665e+000 -3.1512e+000 -1.1328e+000 -1.7717e+000 +1.5134e+000 -1.6751e+000
3322 +4.343030585e+000 +4.343030585e+000 -2.796269694e+002 -2.796269694e+002 +3.4748e-001 -5.9281e-001 -4.1510e-001 -1.0521e+000 +4.9522e-001 -8.4711e-001 +8.4396e-001 +2.3960e+000 -8.9545e-001 -1.8531e+000
4146 +3.933734049e+000 +3.933734049e+000 -2.800362660e+002 -2.800362660e+002 -2.1334e-001 -5.3310e-001 +3.9203e-001 -1.6706e+000 +1.5453e-001 -6.5689e-001 +6.0695e-001 -9.9954e-001 +6.4597e-001 -1.0971e+000
4291 +3.599849615e+000 +3.599849615e+000 -2.803701504e+002 -2.803701504e+002 -1.3216e-001 -2.2401e-001 +7.2491e-001 -2.6132e-001 -1.9154e-002 +6.0160e-001 -1.1859e-001 -7.4373e-001 +7.2130e-001 -2.8588e-001
6189 +3.357471638e+000 +3.357471638e+000 -2.806125284e+002 -2.806125284e+002 +1.5053e-002 -6.4246e-001 -3.3957e-001 -2.2823e+000 +7.3317e-001 +6.6931e-001 -6.7752e-001 -4.4658e-001 -3.4325e-001 +4.0606e-001
6667 +2.882135657e+000 +2.882135657e+000 -2.810878643e+002 -2.810878643e+002 +1.4859e+000 +8.8388e-001 +7.2847e-001 -5.6460e-001 +1.1729e+000 +3.7824e-001 +1.7161e-001 -8.4655e-001 -5.6977e-001 -1.5313e-001
% function evaluation | noise-free fitness - Fopt (1.094000000000e+002) | best noise-free fitness - Fopt | measured fitness | best measured fitness | x1 | x2...
1 +3.269787838e+002 +3.269787838e+002 +4.363787838e+002 +4.363787838e+002 -2.4603e+000 +6.4545e+000 -1.6832e+000 -3.1304e+000 -1.8229e+000 +3.4083e-001 -9.1003e+000 -7.2414e+000 +2.5149e-001 -6.8262e+000
2 +1.315864398e+002 +1.315864398e+002 +2.409864398e+002 +2.409864398e+002 +2.1497e+000 +9.6084e-001 +1.9173e+000 -9.5942e+000 +2.3045e+000 +1.9058e+000 +6.8216e-001 -2.2105e+000 -2.7234e+000 -4.8798e+000
3 +4.776047413e+001 +4.776047413e+001 +1.571604741e+002 +1.571604741e+002 +5.7342e-001 +3.0284e+000 -2.4319e+000 -1.2758e+000 +1.6793e+000 +2.1514e+000 -1.0620e+000 +1.6142e-001 +1.3051e+000 -5.2903e+000
6 +4.049065943e+001 +4.049065943e+001 +1.498906594e+002 +1.498906594e+002 -4.4294e+000 +1.3273e+000 +2.4888e+000 -3.5321e+000 +1.2808e+000 +7.1546e-001 +2.4322e+000 -2.0371e+000 -2.9672e+000 -3.4216e+000
19 +2.863912373e+001 +2.863912373e+001 +1.380391237e+002 +1.380391237e+002 +1.7337e-001 +2.5480e+000 +1.8232e+000 -4.9405e+000 +2.7204e-001 -2.8219e-001 +1.0933e+000 -9.3848e-001 -2.1925e+000 -4.4381e+000
45 +1.962451947e+001 +1.962451947e+001 +1.290245195e+002 +1.290245195e+002 -2.2784e-001 +1.6093e+000 +4.2797e-002 -2.9424e+000 +1.0163e-001 +1.2271e-001 +9.7627e-001 -1.6380e+000 -1.7438e+000 -4.0299e+000
50 +1.670873907e+001 +1.670873907e+001 +1.261087391e+002 +1.261087391e+002 +5.8769e-001 -6.8214e-001 +1.5695e+000 -8.0370e-001 +1.7573e+000 -4.4570e+000 -1.5644e+000 +6.7790e-001 -1.4658e+000 +1.0217e+000
63 +1.517778926e+001 +1.517778926e+001 +1.245777893e+002 +1.245777893e+002 -2.2823e+000 +1.7269e+000 -1.7586e+000 +2.3709e+000 +1.6579e+000 +1.5998e+000 +4.8456e-001 -1.8553e+000 -2.8771e-001 -1.5002e+000
85 +7.257998804e+000 +7.257998804e+000 +1.166579988e+002 +1.166579988e+002 +8.7542e-001 +3.2592e+000 -1.8259e-001 -4.6385e+000 +3.7873e+000 -4.9163e-001 -2.4352e+000 -3.1463e+000 -2.6886e+000 +3.7100e+000
143 +6.768853729e+000 +6.768853729e+000 +1.161688537e+002 +1.161688537e+002 +3.6496e-001 +1.4598e+000 +5.4446e-001 -1.0808e+000 +4.6447e-001 -2.9137e-001 +4.5030e-001 -3.9950e-001 -2.3466e+000 -1.0288e+000
328 +6.754116794e+000 +6.754116794e+000 +1.161541168e+002 +1.161541168e+002 +5.1356e-001 +9.7639e-001 +9.2871e-001 -8.2454e-001 -2.3532e+000 +1.1731e+000 -5.1748e-001 -2.8491e+000 +6.9939e-001 +6.4272e-001
363 +3.093388809e+000 +3.093388809e+000 +1.124933888e+002 +1.124933888e+002 +8.2534e-001 +8.1745e-001 +1.2168e+000 -7.3441e-002 -7.2694e-001 -1.0165e-001 -4.5328e-001 -2.2596e+000 +5.8699e-001 +2.1151e+000
1065 +2.986494280e+000 +2.986494280e+000 +1.123864943e+002 +1.123864943e+002 -1.4529e+000 -4.5290e-001 +4.0664e-001 +5.1046e-001 +2.7040e-001 -1.1722e+000 +1.7032e-001 -8.3854e-001 +1.6572e+000 +2.8658e-001
8351 +2.709564371e+000 +2.709564371e+000 +1.121095644e+002 +1.121095644e+002 -1.6035e-001 +9.8267e-001 +5.3960e-001 +1.6113e-001 +6.0568e-001 +4.1745e-001 -1.9542e+000 -3.0582e-001 -1.9365e-001 +7.9308e-001
% function evaluation | noise-free fitness - Fopt (-5.755000000000e+001) | best noise-free fitness - Fopt | measured fitness | best measured fitness | x1 | x2...
1 +4.414467224e+002 +4.414467224e+002 +3.838967224e+002 +3.838967224e+002 -4.3411e+000 -1.1461e+000 +5.3275e+000 -2.8191e+000 -9.9640e+000 +9.3788e-001 +2.0149e+000 -4.5306e+000 -8.1776e+000 +1.9930e+000
2 +3.232301765e+002 +3.232301765e+002 +2.656801765e+002 +2.656801765e+002 -3.1333e+000 -1.3892e+000 +9.5810e+000 -3.5707e+000 -4.7450e+000 +4.6442e+000 -1.0317e+000 -5.4588e+000 -3.3457e+000 +2.3005e+000
4 +1.305001872e+002 +1.305001872e+002 +7.295018720e+001 +7.295018720e+001 -7.1946e+000 -1.9203e+000 +3.2385e+000 -2.1922e+000 -4.8528e+000 +3.0945e+000 +2.9728e+000 -5.5575e+000 +1.2327e+000 +7.7821e-001
23 +6.971886355e+001 +6.971886355e+001 +1.216886355e+001 +1.216886355e+001 -2.7379e+000 -1.0108e+000 +5.2332e+000 -1.7239e+000 -3.7332e+000 +2.0667e+000 +2.2660e+000 -2.9652e+000 -1.5915e+000 -4.3158e+000
41 +4.500069709e+001 +4.500069709e+001 -1.254930291e+001 -1.254930291e+001 -7.5168e+000 -1.1591e+000 +2.6257e+000 -1.1740e-001 +2.2679e+000 +3.6187e-002 +4.1429e+000 -3.3737e+000 -1.9375e+000 +1.7894e+000
82 +4.111896951e+001 +4.111896951e+001 -1.643103049e+001 -1.643103049e+001 -4.9780e+000 +1.4299e+000 +2.0135e+000 -2.3200e+000 -2.6537e+000 +6.1078e+000 +8.9994e-001 -2.8887e+000 -2.1059e+000 -1.2622e+000
103 +3.852024498e+001 +3.852024498e+001 -1.902975502e+001 -1.902975502e+001 -3.8000e+000 -1.8910e+000 +1.7070e+000 -3.1747e+000 -1.2824e+000 +2.3208e+000 +2.4762e+000 -1.7622e+000 -2.9264e+000 +2.0716e+000
110 +3.141982870e+001 +3.141982870e+001 -2.613017130e+001 -2.613017130e+001 -3.9360e+000 -3.9838e-001 +2.9299e+000 +6.5668e-002 -1.5566e+000 +2.4432e+000 -1.0407e+000 +2.2659e+000 -2.8914e+000 -1.1609e+000
123 +2.777324872e+001 +2.777324872e+001 -2.977675128e+001 -2.977675128e+001 -4.4739e+000 -1.4959e+000 -3.4472e+000 -2.0539e+000 -7.1189e-001 +4.7227e+000 +1.1674e+000 -6.6516e-001 -1.5779e+000 -5.0133e-001
134 +1.739359277e+001 +1.739359277e+001 -4.015640723e+001 -4.015640723e+001 -3.3157e+000 +2.0790e+000 +8.1612e-001 +2.5795e-001 -8.8860e-001 +1.9715e+000 -1.1568e+000 -2.2521e+000 -1.5245e+000 +1.6972e+000
151 +1.504527831e+001 +1.504527831e+001 -4.250472169e+001 -4.250472169e+001 -4.1416e+000 -8.0531e-001 +1.6656e+000 -1.6247e-001 -2.9661e+000 +3.3301e+000 -1.8477e+000 +1.7460e+000 +6.6885e-001 +7.4583e-001
181 +1.252630513e+001 +1.252630513e+001 -4.502369487e+001 -4.502369487e+001 -2.2794e+000 +6.6128e-001 +8.4246e-001 -1.4833e+000 +3.1450e-002 +1.4730e+000 +1.7511e+000 -1.8816e+000 -1.2599e+000 -1.4245e+000
316 +1.130392494e+001 +1.130392494e+001 -4.624607506e+001 -4.624607506e+001 -3.0788e+000 +9.2868e-001 +3.7617e-001 -1.6461e+000 +5.6893e-002 +4.3364e+000 -4.8673e-002 -1.1210e+000 -1.5961e+000 -9.5713e-001
340 +1.100097321e+001 +1.100097321e+001 -4.654902679e+001 -4.654902679e+001 -3.4303e+000 -1.1118e+000 +1.0017e+000 -9.1258e-001 +1.2981e+000 +2.7094e+000 +1.8790e-001 -1.3718e+000 -1.6466e+000 +1.5775e-001
341 +1.085633770e+001 +1.085633770e+001 -4.669366230e+001 -4.669366230e+001 -3.7066e+000 -6.4841e-001 +1.3147e+000 -1.7231e+000 -9.0758e-001 +2.3833e+000 +1.3641e+000 -3.0198e+000 -6.2578e-001 -1.3846e+000
356 +7.200656720e+000 +7.200656720e+000 -5.034934328e+001 -5.034934328e+001 -3.1888e+000 +1.1905e+000 +8.8693e-001 -1.4742e+000 +7.9920e-002 +1.3182e+000 +1.4191e+000 -2.0994e+000 -1.8329e+000 -6.3750e-001
423 +6.895915530e+000 +6.895915530e+000 -5.065408447e+001 -5.065408447e+001 -3.0424e+000 +6.8319e-001 +1.3306e+000 -3.6290e-001 +1.0545e+000 +2.3950e+000 +1.6407e+000 -1.2694e-001 -8.2505e-001 -9.5400e-001
459 +6.629313133e+000 +6.629313133e+000 -5.092068687e+001 -5.092068687e+001 -2.9689e+000 -3.1698e-001 +1.4373e+000 -1.1357e+000 +3.9623e-001 +5.0807e-001 +2.2768e-001 -1.7299e+000 -8.8739e-002 -6.2484e-001
477 +6.253085247e+000 +6.253085247e+000 -5.129691475e+001 -5.129691475e+001 -2.8709e+000 -5.5684e-001 +1.4620e+000 -1.5065e+000 +8.6902e-001 +2.2896e+000 +1.2476e-001 -4.0449e-001 -1.9673e+000 -4.9406e-001
709 +5.806788320e+000 +5.806788320e+000 -5.174321168e+001 -5.174321168e+001 -2.9148e+000 +1.1603e-001 +1.5222e+000 -3.9255e-001 -1.0357e+000 +2.4476e+000 +7.2638e-001 +7.3384e-001 +6.8100e-001 -1.0379e+000
843 +5.751080171e+000 +5.751080171e+000 -5.179891983e+001 -5.179891983e+001 -3.0126e+000 -2.7230e-001 -9.4627e-002 -9.3879e-001 +1.8376e+000 +1.6304e+000 +6.0607e-001 +5.7545e-001 +2.2546e-001 -9.4058e-002
868 +3.923330333e+000 +3.923330333e+000 -5.362666967e+001 -5.362666967e+001 -2.9098e+000 +6.4070e-001 +5.6015e-001 -1.0980e+000 +4.5232e-001 +1.1045e+000 +6.4157e-001 +5.6971e-001 +1.4949e-001 -6.8553e-001
1721 +3.718349811e+000 +3.718349811e+000 -5.383165019e+001 -5.383165019e+001 -1.6325e+000 -8.8042e-001 -1.2622e-001 -5.3441e-001 +5.7454e-001 +1.3733e+000 +6.6537e-001 +1.2408e+000 -4.1656e-001 -3.6670e-001
5501 +3.563498895e+000 +3.563498895e+000 -5.398650111e+001 -5.398650111e+001 +1.2282e+000 -1.8567e-001 +1.0243e+000 -1.2175e+000 -6.6190e-002 -1.6233e+000 +1.0739e+000 -6.0653e-001 +1.7578e-001 +6.8249e-001
6342 +3.461514191e+000 +3.461514191e+000 -5.408848581e+001 -5.408848581e+001 -7.5061e-001 +2.7957e-001 -4.8922e-001 -8.2945e-001 +4.7497e-001 +9.8613e-002 +4.5098e-001 +5.9348e-001 +5.8464e-001 +2.1542e-001
% function evaluation | noise-free fitness - Fopt (-1.883200000000e+002) | best noise-free fitness - Fopt | measured fitness | best measured fitness | x1 | x2...
1 +2.893813509e+002 +2.893813509e+002 +1.010613509e+002 +1.010613509e+002 +8.0845e+000 +1.9042e+000 +7.6468e-001 -2.9625e+000 +5.7581e+000 -4.5958e+000 +2.7961e+000 +7.9074e-001 -2.3750e+000 -4.2896e+000
3 +1.637065774e+002 +1.637065774e+002 -2.461342259e+001 -2.461342259e+001 +6.0996e+000 -1.3195e+000 +1.8606e+000 +2.8248e+000 +4.1802e+000 -3.6857e+000 +1.1868e+000 +1.0863e+000 -4.7852e+000 -1.6179e+000
8 +5.689787699e+001 +5.689787699e+001 -1.314221230e+002 -1.314221230e+002 -5.2123e+000 +3.1249e+000 +1.8400e+000 +3.0799e+000 +2.6617e-002 -4.5960e+000 +2.8263e+000 +1.5737e+000 -3.6270e+000 -4.3255e+000
13 +1.757388219e+001 +1.757388219e+001 -1.707461178e+002 -1.707461178e+002 -4.1892e+000 +1.4506e+000 +7.1452e+000 -3.1648e+000 +3.8416e+000 -5.7201e+000 +7.1316e-001 -4.4990e-001 -1.2573e+000 -2.4430e+000
64 +1.645849200e+001 +1.645849200e+001 -1.718615080e+002 -1.718615080e+002 -1.4838e+000 +3.2508e-001 -5.3599e-001 -1.3769e+000 +2.7340e+000 -3.6851e+000 +1.4569e+000 -3.6858e+000 -2.3236e+000 +1.3821e-001
151 +1.508860159e+001 +1.508860159e+001 -1.732313984e+002 -1.732313984e+002 -2.3067e+000 -9.0362e-001 +2.3467e+000 -9.8896e-001 +2.8726e+000 -4.5706e+000 +1.6179e+000 -1.4562e-001 -3.0601e+000 -7.9491e-002
155 +1.297203231e+001 +1.297203231e+001 -1.753479677e+002 -1.753479677e+002 -6.9269e+000 -3.9357e-001 +3.6516e+000 -1.8241e-001 +2.3796e+000 -5.8270e+000 +6.6745e-001 +1.7089e+000 -4.2169e+000 -2.0944e+000
163 +1.181232564e+001 +1.181232564e+001 -1.765076744e+002 -1.765076744e+002 -1.3789e+000 -1.0743e+000 +2.6218e+000 +2.1181e-001 +2.6606e+000 +2.0354e-001 -9.4519e-001 +2.3221e+000 -3.4488e+000 -7.9589e-001
187 +9.635209429e+000 +9.635209429e+000 -1.786847906e+002 -1.786847906e+002 -4.4747e+000 +3.5912e-001 +1.1161e+000 -9.0760e-001 +1.2660e+000 -3.8991e+000 +1.0183e+000 +1.3299e+000 -3.3019e+000 +4.8032e-001
201 +9.538741200e+000 +9.538741200e+000 -1.787812588e+002 -1.787812588e+002 -6.9297e+000 +3.4267e-001 +4.0924e+000 -8.5294e-001 +2.1853e+000 -4.5027e+000 +2.6833e+000 +7.1461e-001 -3.4737e+000 -1.1356e+000
205 +6.637124482e+000 +6.637124482e+000 -1.816828755e+002 -1.816828755e+002 -3.2770e+000 +6.6224e-001 +2.4996e+000 -5.8911e-001 +2.0437e+000 -2.7219e+000 +1.8821e+000 +1.7885e+000 -1.9509e+000 +3.3944e-001
392 +6.063842411e+000 +6.063842411e+000 -1.822561576e+002 -1.822561576e+002 -4.1469e+000 +9.7547e-001 +2.2872e+000 -1.9407e+000 +2.0976e+000 -3.5374e+000 -1.0204e+000 +2.1872e+000 -2.7726e+000 -1.5734e+000
514 +3.870173825e+000 +3.870173825e+000 -1.844498262e+002 -1.844498262e+002 -3.0125e+000 +1.5295e+000 +3.3286e+000 -8.3425e-001 +2.8364e+000 -3.1944e+000 -2.0367e-001 +9.1762e-001 -2.0853e+000 -5.9859e-001
7719 +2.345735696e+000 +2.345735696e+000 -1.859742643e+002 -1.859742643e+002 -8.9024e-001 -1.2557e-001 +6.2914e-001 -2.4573e+000 +1.6770e-001 -1.3598e+000 -1.5178e+000 +5.8883e-001 -8.3065e-001 +4.1322e-001
