% function evaluation | noise-free fitness - Fopt (-4.620900000000e+002) | best noise-free fitness - Fopt | measured fitness | best measured fitness | x1 | x2...
1 +1.338549080e+003 +1.338549080e+003 +8.764590799e+002 +8.764590799e+002 -7.4937e+000 -3.6947e+000 -6.1158e+000 +4.5400e+000 +2.5329e+000 -2.0328e+000 +3.8843e+000 +7.0919e+000 +1.9469e+000 +4.3122e+000
2 +6.363293530e+002 +6.363293530e+002 +1.742393530e+002 +1.742393530e+002 -3.2246e+000 -1.5649e+000 -6.1089e+000 +5.4718e+000 +4.6365e+000 +1.2475e+000 +1.9036e+000 +2.2895e+000 +2.1515e+000 -5.5975e+000
3 +5.061271613e+002 +5.061271613e+002 +4.403716132e+001 +4.403716132e+001 -2.2161e+000 -1.5401e+000 -3.7188e+000 +1.9133e+000 +6.4144e+000 +2.5428e+000 +4.0795e+000 +3.8860e+000 +7.1723e-001 +3.2309e+000
35 +2.587965444e+002 +2.587965444e+002 -2.032934556e+002 -2.032934556e+002 -3.2973e+000 -7.6260e-001 -2.4248e+000 +1.3000e+000 +3.4399e+000 -1.2381e+000 +3.4445e+000 +4.2432e+000 -8.7267e-001 +1.1125e+000
60 +2.394279637e+002 +2.394279637e+002 -2.226620363e+002 -2.226620363e+002 -5.2673e+000 -2.4589e+000 +6.6623e-001 +2.8257e+000 +3.8741e+000 +4.4222e+000 +4.2804e+000 +2.8121e+000 +3.7822e-001 +4.8252e-001
71 +2.223058845e+002 +2.223058845e+002 -2.397841155e+002 -2.397841155e+002 -2.4074e+000 -1.1828e+000 -3.7330e+000 +3.1026e+000 +4.4244e+000 +5.2322e-001 +3.1406e+000 +2.6941e+000 +5.9216e-001 -4.2833e-001
89 +2.170852803e+002 +2.170852803e+002 -2.450047197e+002 -2.450047197e+002 -2.5187e+000 -1.0973e+000 -1.6155e+000 +1.9237e+000 +1.6855e+000 -2.5285e-001 +3.4735e+000 +1.4144e+000 -9.9955e-001 +1.5124e+000
137 +1.264592653e+002 +1.264592653e+002 -3.356307347e+002 -3.356307347e+002 -2.3881e+000 +5.8872e-001 -1.7189e+000 +2.0307e+000 +2.8881e+000 +4.2620e-001 +3.5289e+000 +3.6106e+000 +2.6890e+000 -5.4377e-001
254 +1.242195076e+002 +1.242195076e+002 -3.378704924e+002 -3.378704924e+002 -3.1326e+000 +1.3897e+000 -1.6730e-001 +2.1700e+000 -4.2681e-001 +1.3079e+000 +3.5233e+000 +1.5215e+000 +1.3980e+000 +4.8232e-001
380 +1.216380646e+002 +1.216380646e+002 -3.404519354e+002 -3.404519354e+002 -1.1911e+000 -1.3284e-001 +1.5743e+000 +1.0936e+000 +1.1910e+000 +2.6828e+000 +4.0776e+000 +2.9588e+000 +2.8291e+000 +6.2997e-001
421 +1.182451006e+002 +1.182451006e+002 -3.438448994e+002 -3.438448994e+002 -2.4766e+000 -2.4420e-001 +1.2629e+000 +9.1084e-001 +1.2972e+000 +2.5634e+000 +3.8740e+000 +2.6589e+000 +1.9322e+000 -8.6112e-001
441 +1.140489175e+002 +1.140489175e+002 -3.480410825e+002 -3.480410825e+002 -4.0484e+000 -2.6117e-001 +5.1849e+000 +8.2877e-001 +1.6086e+000 +3.5384e+000 +3.7564e+000 +1.1040e+000 +1.7057e+000 -3.4156e-001
479 +7.275153944e+001 +7.275153944e+001 -3.893384606e+002 -3.893384606e+002 -3.1745e+000 -4.0210e-001 +9.3377e-001 +1.3661e+000 +1.4816e+000 +1.0952e+000 +3.0338e+000 +2.4725e+000 +2.2792e+000 -2.4149e-001
653 +6.632352645e+001 +6.632352645e+001 -3.957664736e+002 -3.957664736e+002 -2.2149e+000 +1.6146e+000 +1.4048e+000 +2.1766e-002 +1.7981e+000 +1.7951e+000 +3.4972e+000 +2.8603e+000 +1.4503e+000 +3.4568e-001
748 +5.609809633e+001 +5.609809633e+001 -4.059919037e+002 -4.059919037e+002 -2.5583e+000 +2.4416e+000 +2.2289e+000 +1.3602e+000 +2.2154e+000 +2.2121e+000 +3.2468e+000 +2.5220e+000 +1.5322e+000 -2.3668e-001
1206 +3.804606638e+001 +3.804606638e+001 -4.240439336e+002 -4.240439336e+002 +4.9111e-001 +1.3623e+000 +2.2769e+000 +1.5676e+000 +2.8956e+000 +2.6993e+000 +2.6517e+000 +1.7613e+000 +2.1779e+000 -2.3426e-001
3309 +3.424598800e+001 +3.424598800e+001 -4.278440120e+002 -4.278440120e+002 -1.2941e+000 +1.6705e+000 +3.7028e+000 +1.3797e+000 +1.6024e+000 +2.1188e+000 +2.1164e+000 +2.2051e+000 +1.4841e+000 +4.9344e-002
6473 +2.247678648e+001 +2.247678648e+001 -4.396132135e+002 -4.396132135e+002 -3.2905e+000 +1.3973e+000 +1.3689e+000 -1.0231e-002 +2.4285e+000 +2.1897e+000 +2.0575e+000 +2.6363e+000 +1.0765e+000 +7.0336e-002
7491 +1.977965869e+001 +1.977965869e+001 -4.423103413e+002 -4.423103413e+002 -2.3514e+000 +2.3738e+000 +3.8974e+000 +7.4330e-001 +2.3600e+000 +2.1294e+000 +2.0912e+000 +2.2614e+000 +1.8660e+000 +7.4039e-002
8987 +1.677573920e+001 +1.677573920e+001 -4.453142608e+002 -4.453142608e+002 -3.2674e+000 +2.2234e+000 +1.3497e+000 +6.5515e-001 +2.3228e+000 +2.1775e+000 +2.0476e+000 +3.5012e+000 +1.7633e+000 +7.1264e-002
% function evaluation | noise-free fitness - Fopt (7.766000000000e+001) | best noise-free fitness - Fopt | measured fitness | best measured fitness | x1 | x2...
1 +2.303553199e+005 +2.303553199e+005 +2.304329799e+005 +2.304329799e+005 +8.8112e-001 +2.9809e+000 -4.8037e+000 -7.0412e+000 +4.1382e+000 -1.5532e+000 +9.4332e+000 -2.2326e-001 -3.4778e+000 +1.1150e+001
2 +1.894294237e+003 +1.894294237e+003 +1.971954237e+003 +1.971954237e+003 +5.2463e+000 +3.1692e+000 -1.4224e+000 +1.3194e+000 +2.2454e+000 +2.7131e+000 +3.5599e+000 +2.6520e+000 -1.5688e+000 +1.6426e+000
3 +1.347673216e+003 +1.347673216e+003 +1.425333216e+003 +1.425333216e+003 +6.9232e-001 +4.1057e+000 -1.3603e-001 -3.5600e-001 +4.7679e+000 -2.2066e+000 -7.4046e+000 +4.4129e+000 -2.5837e+000 -1.6273e+000
9 +1.175893846e+003 +1.175893846e+003 +1.253553846e+003 +1.253553846e+003 +3.5107e+000 +3.9800e+000 -1.8726e+000 -5.3453e-001 +1.9336e+000 -1.5199e+000 +1.9147e+000 +2.3872e+000 -1.5733e+000 +8.6785e-001
10 +1.107831153e+003 +1.107831153e+003 +1.185491153e+003 +1.185491153e+003 +3.8564e+000 +4.7486e-001 +1.1450e+000 +8.0189e+000 +1.9741e+000 +6.6527e+000 +1.8700e+000 -2.3501e+000 +1.7640e+000 -2.6577e+000
11 +6.346574157e+002 +6.346574157e+002 +7.123174157e+002 +7.123174157e+002 +1.5299e+000 +2.3919e+000 -1.2662e+000 -4.3821e+000 -1.8583e+000 -2.1011e+000 +1.1678e+000 +2.7336e+000 -6.8325e+000 -3.5343e+000
53 +5.708633157e+002 +5.708633157e+002 +6.485233157e+002 +6.485233157e+002 +3.8964e+000 -8.5095e-001 -4.4255e-001 -8.3770e-001 +2.3467e+000 +5.0050e+000 +2.3523e+000 -2.7760e+000 -8.3400e-001 -5.2982e+000
61 +5.001127979e+002 +5.001127979e+002 +5.777727979e+002 +5.777727979e+002 +5.0928e+000 +2.0823e+000 -1.6217e+000 +4.9497e+000 +2.5565e+000 +2.5901e+000 +9.2584e-001 +5.4270e-001 -5.8028e-002 -1.0983e+000
84 +4.784473152e+002 +4.784473152e+002 +5.561073152e+002 +5.561073152e+002 +1.8497e+000 +3.9716e+000 +1.8117e+000 +2.0554e-001 +3.2620e+000 -4.0732e-001 +3.6705e+000 +7.9406e-001 -7.3563e-001 -5.0322e+000
93 +2.793014667e+002 +2.793014667e+002 +3.569614667e+002 +3.569614667e+002 +5.2776e+000 -4.5146e+000 -9.8719e-001 +7.0575e-001 +1.2287e+000 -2.0114e+000 +3.0488e+000 -2.3060e+000 +9.8321e-002 -4.3940e+000
111 +2.568775851e+002 +2.568775851e+002 +3.345375851e+002 +3.345375851e+002 +5.1041e+000 +3.4723e+000 -7.7263e+000 +7.4328e-001 -9.7596e-001 -9.4098e-001 -2.7984e+000 +5.8725e-001 -1.0981e-001 -3.8347e+000
148 +2.322205654e+002 +2.322205654e+002 +3.098805654e+002 +3.098805654e+002 +3.4709e+000 -2.9896e+000 -2.5597e+000 +5.5632e+000 +1.7669e+000 -6.1557e-002 -2.0291e+000 -2.1664e-001 +1.1977e+000 -3.9431e+000
168 +2.285635420e+002 +2.285635420e+002 +3.062235420e+002 +3.062235420e+002 +1.9728e+000 -1.1878e+000 +9.7983e-001 +3.3558e+000 +8.7350e-001 -2.0900e-001 -7.9611e-002 -1.5117e+000 -5.3258e-001 -5.1190e+000
227 +2.230295464e+002 +2.230295464e+002 +3.006895464e+002 +3.006895464e+002 +3.7935e+000 -3.4930e-001 -2.1609e+000 +4.5097e-001 +6.9325e-001 +1.4731e+000 +4.1570e-001 -1.3846e+000 +1.6050e+000 -5.3561e+000
233 +1.784956942e+002 +1.784956942e+002 +2.561556942e+002 +2.561556942e+002 +6.5047e+000 -8.2357e-001 -1.1050e+000 +8.1992e-001 +4.0386e-001 +1.4653e+000 +6.7516e-001 -4.4545e-001 -4.8953e-001 -3.5772e+000
278 +1.742111920e+002 +1.742111920e+002 +2.518711920e+002 +2.518711920e+002 +9.9318e-001 +5.3936e-001 -2.5454e+000 +2.4976e+000 +6.2217e-001 -2.3162e+000 -8.4240e-001 -7.5149e-001 -1.1519e+000 -3.8728e+000
302 +1.699672852e+002 +1.699672852e+002 +2.476272852e+002 +2.476272852e+002 +4.3794e+000 +5.6521e-001 -8.8642e-001 +3.5461e+000 -1.8472e+000 -1.7364e+000 -2.2833e+000 -1.7129e+000 -5.8927e-001 -4.4980e+000
317 +1.660071006e+002 +1.660071006e+002 +2.436671006e+002 +2.436671006e+002 +3.9195e+000 +1.3473e+000 -6.1303e-001 +3.2426e+000 -1.6293e-001 -3.1042e-002 -1.1100e-001 -4.1453e-001 +3.0211e-001 -4.9483e+000
321 +1.241283982e+002 +1.241283982e+002 +2.017883982e+002 +2.017883982e+002 +2.2055e+000 +1.3850e+000 -1.9079e-001 +2.1237e+000 -1.5784e+000 -2.5080e+000 +6.9074e-001 -6.7744e-001 +5.4012e-001 -4.4508e+000
373 +1.062648508e+002 +1.062648508e+002 +1.839248508e+002 +1.839248508e+002 +4.3497e+000 +7.7052e-001 -1.0690e+000 +2.5940e+000 -1.1592e+000 -1.0262e+000 -1.6012e-001 -7.7685e-001 +7.4199e-003 -3.8802e+000
473 +7.901731842e+001 +7.901731842e+001 +1.566773184e+002 +1.566773184e+002 +1.4444e+000 -3.6757e+000 -1.1377e+000 +2.8117e+000 -1.3895e+000 -1.0283e+000 +3.0651e-001 -4.1096e-001 -6.5774e-001 -3.2430e+000
608 +6.981015030e+001 +6.981015030e+001 +1.474701503e+002 +1.474701503e+002 +3.8415e+000 -1.8232e+000 -6.6068e-001 +2.8464e+000 -1.7880e+000 -1.2437e+000 +6.6544e-002 -3.7166e-001 -1.7526e-001 -4.1560e+000
809 +5.209923837e+001 +5.209923837e+001 +1.297592384e+002 +1.297592384e+002 +2.0247e+000 -1.7905e-001 -1.1561e+000 +3.9516e+000 -4.1796e+000 -9.4233e-001 +1.0510e+000 +1.0455e-001 +1.6984e-001 -3.8536e+000
1927 +2.658997235e+001 +2.658997235e+001 +1.042499723e+002 +1.042499723e+002 +2.3120e+000 -9.0328e-001 +1.6271e+000 +3.3456e+000 -2.4861e+000 -1.0793e+000 +6.2673e-001 +6.7908e-002 +1.4646e-001 -3.4577e+000
8221 +2.489858359e+001 +2.489858359e+001 +1.025585836e+002 +1.025585836e+002 +3.3412e+000 -7.8131e-001 -1.2091e+000 +4.2121e+000 -2.4374e+000 -1.1568e+000 +5.1819e-001 +1.8359e-001 +1.9503e-001 -3.5185e+000
% function evaluation | noise-free fitness - Fopt (1.156800000000e+002) | best noise-free fitness - Fopt | measured fitness | best measured fitness | x1 | x2...
1 +3.280194604e+004 +3.280194604e+004 +3.291762604e+004 +3.291762604e+004 +3.4281e-001 +1.7999e+000 +3.7993e+000 -8.6705e+000 +3.8497e+000 +1.8550e+001 -8.1538e+000 +6.7029e+000 -6.2769e+000 -4.5735e+000
2 +2.268427699e+003 +2.268427699e+003 +2.384107699e+003 +2.384107699e+003 +2.4964e+000 -3.9611e-001 +1.6291e+001 -1.8359e+000 -3.2349e-003 +2.6968e+000 -1.1221e+001 +5.3069e+000 -3.5799e+000 -4.9965e+000
4 +1.474538322e+003 +1.474538322e+003 +1.590218322e+003 +1.590218322e+003 +2.0989e-001 +3.4584e+000 +3.2837e+000 -5.3634e+000 -4.1033e+000 +5.3940e+000 -6.7937e+000 -7.7650e-001 -2.7583e+000 -3.5540e+000
7 +8.018209252e+002 +8.018209252e+002 +9.175009252e+002 +9.175009252e+002 +1.4829e+000 +5.9693e-001 -4.3698e-001 -6.2671e+000 +1.4204e+000 +2.4299e+000 -2.0227e+000 +3.5405e+000 -3.0300e+000 -4.1403e+000
65 +4.157812762e+002 +4.157812762e+002 +5.314612762e+002 +5.314612762e+002 +4.5066e-001 -2.3506e-001 +5.6132e-001 +9.2108e-001 -6.0486e+000 +8.8073e-001 -1.0617e+000 +4.0817e+000 -3.2938e+000 -5.3655e+000
108 +3.264889963e+002 +3.264889963e+002 +4.421689963e+002 +4.421689963e+002 +1.0707e+000 +7.9648e-001 +1.2968e+000 -1.0929e+000 -7.1172e+000 +7.0887e-001 -2.7289e+000 +2.7901e+000 -4.2635e+000 -4.4270e+000
160 +2.774766637e+002 +2.774766637e+002 +3.931566637e+002 +3.931566637e+002 +1.7703e-001 -1.0434e+000 +5.8648e-001 +1.1915e+000 -4.9984e+000 +4.2178e-001 -1.7166e+000 +4.0606e+000 -6.3276e+000 -1.6570e+000
168 +2.657973094e+002 +2.657973094e+002 +3.814773094e+002 +3.814773094e+002 +5.3961e-001 -3.2594e+000 +2.0732e+000 -7.8886e-001 -5.1014e+000 -5.1692e+000 -3.9452e+000 +3.7255e+000 -3.2381e+000 -4.4234e+000
222 +2.064560493e+002 +2.064560493e+002 +3.221360493e+002 +3.221360493e+002 +1.0863e+000 -1.2549e+000 -8.0024e-001 -7.3754e-001 -2.4357e+000 -4.3383e+000 -2.5161e+000 +2.4366e+000 -3.6870e+000 -3.8494e+000
352 +1.953194581e+002 +1.953194581e+002 +3.109994581e+002 +3.109994581e+002 +1.5684e+000 -2.1858e+000 -4.0762e+000 -1.0972e+000 -3.5935e+000 -2.1449e+000 -2.3284e+000 +1.1840e+000 -4.1557e+000 -2.2616e+000
367 +1.559809033e+002 +1.559809033e+002 +2.716609033e+002 +2.716609033e+002 +9.2005e-001 -1.1281e+000 +7.9658e-001 +1.1892e-001 -4.5041e+000 -3.3306e+000 -3.6978e+000 +2.7063e+000 -5.0161e+000 -3.6929e+000
417 +1.505880585e+002 +1.505880585e+002 +2.662680585e+002 +2.662680585e+002 +1.0190e+000 +8.8365e-001 -1.2806e-001 -1.6891e+000 -3.0276e+000 -2.1964e+000 -3.3747e+000 +2.0936e+000 -4.7220e+000 -2.3790e+000
473 +1.129404481e+002 +1.129404481e+002 +2.286204481e+002 +2.286204481e+002 -1.3362e+000 +6.7976e-001 -2.5995e+000 +2.9643e+000 -3.5335e+000 -3.1003e+000 -3.5730e+000 +3.0022e+000 -4.2170e+000 -1.8420e+000
501 +1.081541502e+002 +1.081541502e+002 +2.238341502e+002 +2.238341502e+002 -1.2360e+000 -5.2365e-001 -4.5935e-001 +5.1602e+000 -4.2170e+000 -3.0321e+000 -4.5734e+000 +1.9929e+000 -4.5921e+000 -2.2115e+000
582 +8.466143096e+001 +8.466143096e+001 +2.003414310e+002 +2.003414310e+002 +1.8197e+000 -1.7950e+000 +1.1285e+000 +3.0842e+000 -3.0155e+000 -3.0782e+000 -3.2335e+000 +1.2641e+000 -4.9235e+000 -1.9763e+000
704 +8.068564239e+001 +8.068564239e+001 +1.963656424e+002 +1.963656424e+002 +3.0347e+000 -1.0239e+000 -6.5064e-001 +3.7394e+000 -4.3054e+000 -2.7558e+000 -4.0932e+000 +1.9589e+000 -4.5958e+000 -1.7426e+000
770 +6.061505657e+001 +6.061505657e+001 +1.762950566e+002 +1.762950566e+002 -2.3321e-001 -2.1062e+000 -5.2232e-001 +2.5409e+000 -2.4844e+000 -2.6457e+000 -3.0937e+000 +2.0269e+000 -4.7204e+000 -1.9310e+000
967 +5.989858711e+001 +5.989858711e+001 +1.755785871e+002 +1.755785871e+002 -3.4676e+000 -2.7295e+000 -5.7346e-001 +3.6965e+000 -2.5427e+000 -1.7420e+000 -4.0364e+000 +1.8972e+000 -3.9719e+000 -2.2963e+000
1222 +4.022856102e+001 +4.022856102e+001 +1.559085610e+002 +1.559085610e+002 -1.3019e+000 -4.8778e-001 -6.1241e-001 +2.3963e+000 -4.3493e+000 -3.2617e+000 -3.5617e+000 +1.9485e+000 -3.9138e+000 -1.9908e+000
2089 +3.434329821e+001 +3.434329821e+001 +1.500232982e+002 +1.500232982e+002 -1.1762e+000 -5.6240e-005 -4.6281e-001 +2.8837e+000 -4.1239e+000 -3.2998e+000 -4.0732e+000 +2.3951e+000 -3.9188e+000 -1.9423e+000
% function evaluation | noise-free fitness - Fopt (-3.710000000000e+000) | best noise-free fitness - Fopt | measured fitness | best measured fitness | x1 | x2...
1 +1.763957749e+003 +1.763957749e+003 +1.760247749e+003 +1.760247749e+003 -1.4386e+001 +1.3358e+000 -3.3151e+000 +7.8686e-001 +1.8358e+000 -5.7937e+000 +6.5788e+000 -3.6738e+000 -5.9708e+000 -9.9966e-001
3 +6.947442890e+002 +6.947442890e+002 +6.910342890e+002 +6.910342890e+002 -4.0533e+000 -2.7589e-001 -1.2902e+000 -2.2764e+000 +7.1681e+000 -2.5938e-001 +1.0849e+000 +1.9366e+000 -3.3229e+000 +2.7492e+000
11 +5.639188349e+002 +5.639188349e+002 +5.602088349e+002 +5.602088349e+002 -3.6132e+000 -3.5321e+000 -6.2505e-001 -4.5348e+000 +3.3018e+000 -9.4636e-001 +1.8840e+000 +1.6220e+000 -3.1501e+000 +1.7716e+000
16 +5.039076085e+002 +5.039076085e+002 +5.001976085e+002 +5.001976085e+002 -3.4008e+000 -4.2229e+000 +1.4150e-001 -3.5184e+000 +2.6553e+000 -3.6255e+000 +5.6938e-001 +7.1931e-001 -1.0309e+000 +8.0751e-001
51 +4.489124161e+002 +4.489124161e+002 +4.452024161e+002 +4.452024161e+002 -6.1861e+000 -1.5660e+000 +1.5353e+000 -1.7653e+000 +5.9849e+000 +1.3608e+000 -9.3999e-001 +1.3088e+000 -2.5162e+000 -5.7977e-002
63 +4.451915034e+002 +4.451915034e+002 +4.414815034e+002 +4.414815034e+002 +3.9940e+000 -4.7411e+000 +3.5738e-001 -2.9081e+000 +4.6412e+000 -3.5570e+000 +2.2414e+000 -1.3103e+000 -4.3618e+000 +1.2841e+000
104 +3.462883888e+002 +3.462883888e+002 +3.425783888e+002 +3.425783888e+002 -3.3521e+000 -3.7648e+000 -8.3682e-003 -2.8861e+000 +4.2053e+000 -1.1444e+000 +1.7866e+000 -1.4802e+000 -3.2026e+000 +1.5933e+000
120 +2.993269536e+002 +2.993269536e+002 +2.956169536e+002 +2.956169536e+002 -8.6476e-001 -2.8418e+000 +2.0051e+000 -3.3391e+000 +3.1068e+000 +1.6615e+000 +2.7517e-001 -2.3124e-001 +1.5421e-002 +1.0889e+000
188 +2.807862196e+002 +2.807862196e+002 +2.770762196e+002 +2.770762196e+002 -1.1888e+000 -3.6809e+000 +1.8760e+000 -1.9294e+000 +3.7077e+000 -8.3971e-001 -8.7168e-001 -3.1989e-001 -3.7154e+000 +1.4314e+000
194 +2.526821025e+002 +2.526821025e+002 +2.489721025e+002 +2.489721025e+002 -1.5191e+000 -4.2721e+000 +7.2863e-001 +7.7092e-001 -6.2763e-001 +4.3025e+000 +1.1921e+000 -3.4149e+000 -4.0365e+000 +1.3886e+000
205 +2.370979608e+002 +2.370979608e+002 +2.333879608e+002 +2.333879608e+002 -2.9568e-001 -3.7087e+000 +8.6292e-001 +1.5777e+000 +2.5208e+000 -3.5877e-001 +1.5017e+000 -3.0397e+000 -4.0687e+000 +2.4138e-001
209 +1.486124966e+002 +1.486124966e+002 +1.449024966e+002 +1.449024966e+002 -5.1293e-001 -4.1656e+000 -4.2660e-001 +1.3489e+000 +3.9443e+000 +3.7452e+000 +2.3318e-001 -3.8078e+000 -3.0497e+000 +1.0787e+000
294 +1.443994955e+002 +1.443994955e+002 +1.406894955e+002 +1.406894955e+002 -2.8492e-001 -3.2149e+000 +1.1164e+000 +1.7094e+000 +4.1626e+000 +1.4260e+000 +5.9024e-001 -2.6115e+000 -2.7440e+000 +9.0090e-001
309 +1.303169679e+002 +1.303169679e+002 +1.266069679e+002 +1.266069679e+002 -1.1708e+000 -3.8334e+000 +1.9022e+000 -1.0797e-001 +3.7375e+000 +1.6006e+000 -6.1190e-001 -2.8876e+000 -3.0832e+000 +9.9893e-001
362 +8.057766288e+001 +8.057766288e+001 +7.686766288e+001 +7.686766288e+001 +7.4253e-002 -4.0142e+000 +1.8900e+000 +1.0638e+000 +3.9464e+000 +3.1554e+000 +4.4978e-002 -3.1968e+000 -2.7205e+000 +9.4881e-001
474 +7.061583713e+001 +7.061583713e+001 +6.690583713e+001 +6.690583713e+001 -1.1278e-001 -4.1264e+000 +1.7541e+000 +4.1759e+000 +3.2685e+000 +3.2975e+000 -3.5635e-001 -2.8637e+000 -2.2942e+000 +6.4810e-001
572 +6.626992400e+001 +6.626992400e+001 +6.255992400e+001 +6.255992400e+001 +1.3356e-001 -3.7830e+000 +1.8694e+000 +2.6433e+000 +3.7688e+000 +2.3035e+000 -2.2545e-001 -2.8669e+000 -2.2411e+000 +1.1184e+000
652 +6.417244678e+001 +6.417244678e+001 +6.046244678e+001 +6.046244678e+001 -6.8906e-001 -4.1336e+000 +1.8681e+000 +2.7289e+000 +3.0570e+000 +2.6551e+000 -2.1748e-001 -1.6267e+000 -2.6946e+000 +1.0205e+000
788 +6.171781033e+001 +6.171781033e+001 +5.800781033e+001 +5.800781033e+001 +2.2995e-001 -4.0576e+000 +1.8515e+000 +3.3821e+000 +2.6976e+000 +3.7303e+000 -7.0801e-001 -1.9628e+000 -2.3882e+000 +1.0232e+000
811 +5.754849145e+001 +5.754849145e+001 +5.383849145e+001 +5.383849145e+001 +2.7886e-001 -4.0391e+000 +1.8685e+000 +3.9036e+000 +3.2106e+000 +4.4528e+000 -8.2469e-001 -1.9895e+000 -1.9944e+000 +9.8499e-001
945 +4.710664799e+001 +4.710664799e+001 +4.339664799e+001 +4.339664799e+001 +1.0124e+000 -4.0058e+000 +1.0231e+000 +4.6498e+000 +3.2202e+000 +4.7100e+000 -3.3278e-001 -1.4698e+000 -2.4369e+000 +1.0704e+000
1130 +4.554739986e+001 +4.554739986e+001 +4.183739986e+001 +4.183739986e+001 +1.2176e+000 -3.3118e+000 +1.0608e+000 +4.5156e+000 +3.1691e+000 +3.6016e+000 -3.3443e-001 -1.8282e+000 -2.2871e+000 +7.2976e-001
1185 +4.230982548e+001 +4.230982548e+001 +3.859982548e+001 +3.859982548e+001 +1.0535e+000 -3.2089e+000 +1.7187e+000 +4.5651e+000 +3.2333e+000 +3.5264e+000 -2.7488e-001 -1.9436e+000 -2.2066e+000 +1.0361e+000
1245 +3.468997379e+001 +3.468997379e+001 +3.097997379e+001 +3.097997379e+001 +1.1088e+000 -3.1286e+000 +1.0114e+000 +2.7299e+000 +3.1045e+000 +3.5516e+000 -2.5645e-001 -2.0394e+000 -2.2945e+000 +6.8014e-001
1802 +3.383933983e+001 +3.383933983e+001 +3.012933983e+001 +3.012933983e+001 +1.1442e+000 -3.6842e+000 +1.8347e+000 +3.9203e+000 +3.1757e+000 +3.6837e+000 -3.1672e-001 -1.6125e+000 -2.3985e+000 +1.0491e+000
1887 +2.198639253e+001 +2.198639253e+001 +1.827639253e+001 +1.827639253e+001 +1.1419e+000 -3.8959e+000 +2.3840e+000 +4.6275e+000 +3.1539e+000 +3.6780e+000 -3.7001e-001 -1.5262e+000 -2.3199e+000 +1.0732e+000
2180 +2.007755236e+001 +2.007755236e+001 +1.636755236e+001 +1.636755236e+001 +1.1440e+000 -3.8807e+000 +1.7927e+000 +4.6765e+000 +3.1832e+000 +3.7216e+000 -3.5814e-001 -2.4286e+000 -2.3644e+000 +1.0501e+000
2751 +1.670043620e+001 +1.670043620e+001 +1.299043620e+001 +1.299043620e+001 +1.1837e+000 -3.9826e+000 +1.8034e+000 +4.5705e+000 +3.1216e+000 +3.6530e+000 -3.8221e-001 -1.9874e+000 -2.3590e+000 +1.0492e+000
2835 +1.408713866e+001 +1.408713866e+001 +1.037713866e+001 +1.037713866e+001 +1.1527e+000 -3.9394e+000 +1.7808e+000 +4.5991e+000 +3.1738e+000 +3.6858e+000 -3.1870e-001 -2.0154e+000 -2.2965e+000 +1.0550e+000
3053 +1.359856201e+001 +1.359856201e+001 +9.888562006e+000 +9.888562006e+000 +1.1918e+000 -3.9847e+000 +1.7981e+000 +4.5730e+000 +3.1179e+000 +3.6698e+000 -3.2470e-001 -2.0062e+000 -2.3229e+000 +1.0094e+000
3654 +1.300958565e+001 +1.300958565e+001 +9.299585654e+000 +9.299585654e+000 +1.1190e+000 -3.9337e+000 +1.7824e+000 +4.6460e+000 +3.1813e+000 +3.6588e+000 -3.0174e-001 -1.9993e+000 -2.3268e+000 +1.0724e+000
3793 +1.275012646e+001 +1.275012646e+001 +9.040126460e+000 +9.040126460e+000 +1.1683e+000 -3.8751e+000 +1.8161e+000 +4.6211e+000 +3.1576e+000 +3.6864e+000 -2.9832e-001 -1.9992e+000 -2.3320e+000 +1.0673e+000
3937 +1.224797302e+001 +1.224797302e+001 +8.537973016e+000 +8.537973016e+000 +1.1338e+000 -3.9030e+000 +1.7963e+000 +4.5915e+000 +3.1749e+000 +3.6605e+000 -2.9755e-001 -2.0003e+000 -2.3150e+000 +1.0476e+000
4016 +1.178690753e+001 +1.178690753e+001 +8.076907525e+000 +8.076907525e+000 +1.1499e+000 -3.9448e+000 +1.7879e+000 +4.6000e+000 +3.1293e+000 +3.6715e+000 -3.0373e-001 -1.9930e+000 -2.3247e+000 +1.0542e+000
4072 +1.137404255e+001 +1.137404255e+001 +7.664042552e+000 +7.664042552e+000 +1.1541e+000 -3.9331e+000 +1.7820e+000 +4.5979e+000 +3.1488e+000 +3.6618e+000 -3.1589e-001 -1.9980e+000 -2.3287e+000 +1.0324e+000
4302 +1.120080034e+001 +1.120080034e+001 +7.490800338e+000 +7.490800338e+000 +1.1576e+000 -3.9118e+000 +1.7866e+000 +4.5906e+000 +3.1442e+000 +3.6686e+000 -3.0326e-001 -1.9901e+000 -2.3415e+000 +1.0424e+000
4876 +1.096033632e+001 +1.096033632e+001 +7.250336317e+000 +7.250336317e+000 +1.1621e+000 -3.9246e+000 +1.7812e+000 +4.5771e+000 +3.1524e+000 +3.6690e+000 -2.9520e-001 -1.9919e+000 -2.3349e+000 +1.0330e+000
% function evaluation | noise-free fitness - Fopt (1.321800000000e+002) | best noise-free fitness - Fopt | measured fitness | best measured fitness | x1 | x2...
1 +6.322053922e+002 +6.322053922e+002 +7.643853922e+002 +7.643853922e+002 +4.0822e+000 -6.9911e-001 -2.7361e+000 +2.8721e+000 -2.8799e-001 -9.2636e-001 -1.4390e+000 -3.4058e+000 -2.5982e+000 +2.7951e+000
25 +4.776146737e+002 +4.776146737e+002 +6.097946737e+002 +6.097946737e+002 +1.4360e+000 -8.8905e-001 -1.2260e+000 +5.4348e+000 -3.0698e+000 +7.8294e-001 -2.0745e-001 -2.8459e-001 +6.5429e-001 +1.5241e+000
48 +4.443113004e+002 +4.443113004e+002 +5.764913004e+002 +5.764913004e+002 +3.8201e+000 -2.3473e+000 -3.1169e+000 +3.6870e+000 -1.8369e-001 -4.2370e+000 -2.7628e+000 -5.5546e-001 +2.9738e-001 +1.6072e+000
53 +3.870042443e+002 +3.870042443e+002 +5.191842443e+002 +5.191842443e+002 +3.0404e+000 -2.3944e+000 -1.9820e+000 +2.6870e+000 +5.3030e-001 -2.8640e+000 -9.2489e-002 -7.3510e-002 +4.7076e-001 +3.4704e-001
86 +3.374745653e+002 +3.374745653e+002 +4.696545653e+002 +4.696545653e+002 -1.8504e+000 -1.4361e+000 -4.7158e-001 +3.7034e+000 +1.6953e+000 -1.7356e+000 -2.9112e+000 +1.6780e-001 +2.7176e+000 +5.7472e-001
112 +2.388822145e+002 +2.388822145e+002 +3.710622145e+002 +3.710622145e+002 +2.4973e+000 -1.8999e-001 +1.1511e+000 -7.4668e-001 -2.0098e+000 -4.8154e+000 -1.2926e+000 -2.8593e-001 -6.1357e-001 -1.8950e+000
194 +2.206875345e+002 +2.206875345e+002 +3.528675345e+002 +3.528675345e+002 +2.9715e+000 +3.9430e-001 -1.6960e+000 +3.5662e-001 -1.9250e+000 -3.8723e+000 -2.9112e+000 -2.3431e-001 +2.0507e-001 +1.3396e+000
306 +2.080022959e+002 +2.080022959e+002 +3.401822959e+002 +3.401822959e+002 +3.0253e+000 -1.8355e+000 -1.3235e+000 -1.8732e+000 -5.0817e+000 -1.0137e+000 -3.5497e+000 +1.9416e+000 +1.7633e-001 +1.5456e+000
317 +1.441611143e+002 +1.441611143e+002 +2.763411143e+002 +2.763411143e+002 -1.8104e+000 -2.0476e+000 -9.8682e-001 -2.1348e+000 -1.2795e+000 -1.4673e+000 -4.0822e+000 -7.2814e-001 +1.0849e+000 +7.2482e-001
468 +1.022669638e+002 +1.022669638e+002 +2.344469638e+002 +2.344469638e+002 -2.8831e+000 +8.7007e-001 +3.9983e+000 -2.6211e+000 -1.8937e+000 -1.7862e+000 -8.7055e-001 -3.8997e-001 +7.3145e-001 +1.2100e-001
579 +9.150386741e+001 +9.150386741e+001 +2.236838674e+002 +2.236838674e+002 -3.5597e+000 +9.0165e-002 +3.4735e+000 -5.4368e-002 -2.6478e+000 -1.7397e+000 -1.7346e+000 -2.0566e-001 +8.6011e-001 -1.4462e-001
650 +7.461614266e+001 +7.461614266e+001 +2.067961427e+002 +2.067961427e+002 -2.8129e+000 -2.2216e-001 +2.5027e+000 -1.8961e+000 -1.3331e+000 -1.5312e+000 -2.3979e+000 -2.7236e-001 +7.1799e-001 +1.7660e-001
664 +6.531024214e+001 +6.531024214e+001 +1.974902421e+002 +1.974902421e+002 -5.5042e+000 +1.0060e+000 +3.3528e+000 -1.2457e+000 -2.4448e+000 -1.6490e+000 -2.4031e+000 -3.6720e-001 +1.3462e+000 +1.7016e-001
718 +5.788756078e+001 +5.788756078e+001 +1.900675608e+002 +1.900675608e+002 -2.7451e+000 -4.3660e-001 +4.1467e+000 -1.3580e+000 -2.4796e+000 -1.6486e+000 -2.5444e+000 -3.3529e-001 +1.0329e+000 +6.8659e-002
820 +5.187398386e+001 +5.187398386e+001 +1.840539839e+002 +1.840539839e+002 -2.7707e+000 +6.4510e-001 +4.1035e+000 -1.7919e+000 -1.8139e+000 -1.7335e+000 -2.2800e+000 -8.5305e-001 +9.9715e-001 +7.9033e-001
872 +2.996634064e+001 +2.996634064e+001 +1.621463406e+002 +1.621463406e+002 -3.7430e+000 +1.6520e+000 +4.2477e+000 -3.2768e+000 -1.9817e+000 -1.0969e+000 -2.2595e+000 +1.4454e-001 +8.9734e-001 +8.3443e-001
5547 +2.425171461e+001 +2.425171461e+001 +1.564317146e+002 +1.564317146e+002 -4.7028e+000 +5.2512e-001 +4.1352e+000 -1.8233e+000 -2.5395e+000 -1.5058e+000 -2.3023e+000 -2.9931e-001 +1.3022e+000 +3.8855e-001
% function evaluation | noise-free fitness - Fopt (6.438000000000e+001) | best noise-free fitness - Fopt | measured fitness | best measured fitness | x1 | x2...
1 +4.966041859e+003 +4.966041859e+003 +5.030421859e+003 +5.030421859e+003 -5.2242e-001 -8.0521e+000 +7.8323e-001 -8.3305e-001 -4.7795e+000 -3.4299e+000 +2.4467e+000 -4.5461e+000 -3.1710e+000 +4.3565e+000
2 +9.819039495e+002 +9.819039495e+002 +1.046283949e+003 +1.046283949e+003 +4.9229e+000 -7.2202e+000 -5.7616e+000 -1.8453e+000 -6.7257e+000 +2.4218e+000 -7.6098e-001 -3.8002e-001 -3.6931e+000 +1.3860e-001
18 +7.114525342e+002 +7.114525342e+002 +7.758325342e+002 +7.758325342e+002 +2.3564e-001 -5.3421e+000 +1.9590e-001 -1.2123e+000 -3.8799e+000 +1.0504e+000 -1.2500e+000 +2.1976e+000 -3.8130e+000 -3.9522e-001
62 +6.903798035e+002 +6.903798035e+002 +7.547598035e+002 +7.547598035e+002 +1.9788e+000 -2.7603e+000 -1.5055e+000 -1.4675e+000 -2.7099e+000 -2.0104e-001 +1.0890e+000 -2.4823e+000 +3.2882e-002 +4.3877e-001
79 +6.551975504e+002 +6.551975504e+002 +7.195775504e+002 +7.195775504e+002 +1.3938e+000 -3.0079e+000 +2.9347e-001 -2.4011e+000 -5.2932e+000 +1.2614e+000 -5.4723e-002 -2.6294e+000 -2.7724e+000 -2.1269e+000
95 +4.636552078e+002 +4.636552078e+002 +5.280352078e+002 +5.280352078e+002 +7.6307e+000 -3.5112e+000 -1.8171e-001 -1.7740e+000 -3.7521e+000 +7.8534e-002 +1.5423e-001 -1.7255e+000 -3.4606e-001 -1.6494e+000
139 +4.014543788e+002 +4.014543788e+002 +4.658343788e+002 +4.658343788e+002 +4.9008e-001 -4.0509e+000 +1.5950e+000 -7.9544e-001 -4.0947e+000 -7.2522e-002 -2.7222e-001 +6.3826e-001 -9.6336e-002 -2.4362e+000
161 +3.961959774e+002 +3.961959774e+002 +4.605759774e+002 +4.605759774e+002 +2.7362e+000 -2.8888e+000 -3.4857e+000 -7.8388e-001 -4.4637e+000 +4.4290e-001 +2.8884e+000 +6.3687e-001 +1.9720e+000 -1.5817e+000
173 +2.175444024e+002 +2.175444024e+002 +2.819244024e+002 +2.819244024e+002 +1.2670e+000 -2.5076e+000 -1.4329e+000 -5.4718e-001 -2.6569e+000 -4.0990e-001 +7.1533e-001 -3.2213e-001 +3.8342e+000 -2.3316e+000
292 +1.644832219e+002 +1.644832219e+002 +2.288632219e+002 +2.288632219e+002 +1.1567e+000 -2.8517e+000 -2.5494e+000 -2.3062e+000 -5.2838e+000 +3.7010e-001 -1.2652e+000 +3.7895e+000 +2.9343e+000 -1.8847e+000
306 +1.554610266e+002 +1.554610266e+002 +2.198410266e+002 +2.198410266e+002 +5.1064e+000 -1.1355e+000 -2.6861e+000 -1.4161e+000 -4.2971e+000 -8.2244e-001 -9.6894e-001 +9.1900e-001 +3.0458e+000 -2.7305e+000
344 +1.419873197e+002 +1.419873197e+002 +2.063673197e+002 +2.063673197e+002 +2.8568e+000 -2.2168e+000 -2.5293e+000 -1.1996e+000 -4.7879e+000 +9.2659e-001 -6.7249e-001 +1.8300e+000 +2.7008e+000 -1.7011e+000
375 +1.102606306e+002 +1.102606306e+002 +1.746406306e+002 +1.746406306e+002 +2.1008e+000 -2.1212e+000 -7.5051e-001 -3.8184e+000 -5.3136e+000 -5.4181e-002 -1.4216e+000 +3.4989e+000 +2.7276e+000 -2.7829e+000
483 +9.041287438e+001 +9.041287438e+001 +1.547928744e+002 +1.547928744e+002 +4.1282e+000 +1.2312e+000 -2.5302e+000 -3.0129e+000 -4.6323e+000 -5.3238e-001 -1.1018e+000 +2.7078e+000 +3.8140e+000 -1.9617e+000
697 +8.428109126e+001 +8.428109126e+001 +1.486610913e+002 +1.486610913e+002 +4.0672e+000 +3.7340e+000 -4.0016e+000 -2.3602e+000 -4.3228e+000 -1.1521e+000 -6.2619e-001 +2.4443e+000 +3.4897e+000 -1.3768e+000
745 +8.041954108e+001 +8.041954108e+001 +1.447995411e+002 +1.447995411e+002 +3.1969e+000 +1.8755e+000 -4.6776e+000 -3.4887e+000 -4.7763e+000 -1.1073e+000 -5.9599e-001 +3.4134e+000 +3.7978e+000 -1.0148e+000
757 +5.040157326e+001 +5.040157326e+001 +1.147815733e+002 +1.147815733e+002 +4.0925e+000 +3.2870e+000 -3.6315e+000 -3.3985e+000 -4.2643e+000 -5.5650e-001 -1.5258e+000 +2.2492e+000 +3.4533e+000 -1.9343e+000
1078 +4.503932437e+001 +4.503932437e+001 +1.094193244e+002 +1.094193244e+002 +3.2635e+000 +3.1268e+000 -4.6770e+000 -3.7502e+000 -4.2931e+000 -1.0436e+000 -1.3951e+000 +3.3705e+000 +3.7170e+000 -2.6686e+000
2685 +4.383833493e+001 +4.383833493e+001 +1.082183349e+002 +1.082183349e+002 +3.9260e+000 +3.2407e+000 -3.2693e+000 -2.2572e+000 -3.5318e+000 -1.2009e+000 -1.1033e+000 +3.3751e+000 +3.7491e+000 -2.0608e+000
2897 +3.738454375e+001 +3.738454375e+001 +1.017645437e+002 +1.017645437e+002 +4.4770e+000 +3.2390e+000 -3.1447e+000 -4.3056e+000 -3.7440e+000 -5.2673e-001 -9.6029e-001 +3.3663e+000 +3.4353e+000 -1.9434e+000
4616 +3.338584457e+001 +3.338584457e+001 +9.776584457e+001 +9.776584457e+001 +1.1374e+000 +3.2181e+000 -2.3842e+000 -3.6099e+000 -3.7246e+000 -3.2464e-001 -1.4587e+000 +2.9660e+000 +3.7774e+000 -2.3161e+000
5952 +3.181888524e+001 +3.181888524e+001 +9.619888524e+001 +9.619888524e+001 +2.1219e+000 +3.3422e+000 -1.3714e+000 -2.8700e+000 -3.7312e+000 -1.6067e+000 -1.1199e+000 +3.3577e+000 +4.1240e+000 -2.0669e+000
7417 +2.764014439e+001 +2.764014439e+001 +9.202014439e+001 +9.202014439e+001 +2.0452e+000 +3.4744e+000 -1.5848e+000 -2.8983e+000 -3.7342e+000 -6.9677e-001 -1.4565e+000 +3.3471e+000 +3.7891e+000 -2.6825e+000
7836 +2.621720234e+001 +2.621720234e+001 +9.059720234e+001 +9.059720234e+001 +1.0492e+000 +3.1191e+000 -1.6951e+000 -2.8868e+000 -3.6353e+000 -5.3910e-001 -1.0144e+000 +3.3304e+000 +4.1022e+000 -1.9998e+000
7859 +2.151274465e+001 +2.151274465e+001 +8.589274465e+001 +8.589274465e+001 +3.0715e+000 +3.2503e+000 -3.1018e+000 -2.7169e+000 -3.6277e+000 -5.6463e-001 -1.5055e+000 +3.3285e+000 +3.7408e+000 -2.3587e+000
9359 +2.027090473e+001 +2.027090473e+001 +8.465090473e+001 +8.465090473e+001 +2.9431e+000 +2.3686e+000 -2.3699e+000 -2.9872e+000 -3.6698e+000 -9.9095e-001 -1.5689e+000 +3.3329e+000 +3.7779e+000 -1.7381e+000
9966 +1.900541472e+001 +1.900541472e+001 +8.338541472e+001 +8.338541472e+001 +3.0850e+000 +2.2493e+000 -2.4040e+000 -2.9747e+000 -3.6305e+000 -6.3190e-001 -1.0348e+000 +3.3367e+000 +4.2070e+000 -2.0615e+000
% function evaluation | noise-free fitness - Fopt (2.824800000000e+002) | best noise-free fitness - Fopt | measured fitness | best measured fitness | x1 | x2...
1 +1.676408084e+003 +1.676408084e+003 +1.958888084e+003 +1.958888084e+003 -3.4514e+000 -6.4795e+000 -3.4424e+000 -5.7522e-001 +3.5176e+000 -1.5432e-001 -6.6233e-001 -5.5002e+000 -2.7871e+000 -7.4667e+000
2 +6.635264953e+002 +6.635264953e+002 +9.460064953e+002 +9.460064953e+002 -1.2932e+000 -7.4664e+000 -2.1528e+000 +2.0220e+000 -1.0552e+000 -4.6500e+000 -6.0217e+000 +1.8420e+000 -2.6039e+000 +3.8922e+000
5 +4.605683183e+002 +4.605683183e+002 +7.430483183e+002 +7.430483183e+002 -3.7930e+000 -3.1293e+000 +6.4706e-001 -2.8283e+000 -4.8002e+000 +9.9490e-001 -2.6190e+000 +1.1972e+000 -6.2685e+000 +3.5420e+000
14 +2.694110956e+002 +2.694110956e+002 +5.518910956e+002 +5.518910956e+002 -9.4835e-001 -6.8624e+000 +9.2833e-001 +1.3967e+000 +4.4183e-001 +4.6149e-001 -4.4322e+000 +2.4589e-001 -2.7740e+000 +1.4861e+000
66 +1.779551735e+002 +1.779551735e+002 +4.604351735e+002 +4.604351735e+002 -8.8523e-001 -1.8000e+000 +4.7104e+000 -6.3520e-001 -4.1092e+000 +2.0157e+000 -2.1318e+000 +3.0037e+000 -5.0004e+000 +2.0954e+000
202 +1.301927826e+002 +1.301927826e+002 +4.126727826e+002 +4.126727826e+002 -3.7622e+000 -6.8627e+000 -2.0278e+000 +1.9958e+000 -2.4261e+000 +2.1860e+000 -3.1930e+000 +3.0739e+000 -2.5407e+000 +1.3309e+000
519 +1.146243628e+002 +1.146243628e+002 +3.971043628e+002 +3.971043628e+002 -1.4494e-001 -5.1139e+000 -2.0739e+000 +1.6712e+000 -3.0520e+000 +3.6103e+000 -2.4920e+000 +3.8614e+000 -3.3278e+000 +1.6098e+000
646 +1.051449746e+002 +1.051449746e+002 +3.876249746e+002 +3.876249746e+002 -1.5296e+000 -5.0251e+000 -1.9572e+000 +1.3359e+000 -3.8405e+000 +3.2687e+000 -2.4303e+000 +2.1720e+000 -3.4592e+000 +6.8598e-001
704 +8.360686671e+001 +8.360686671e+001 +3.660868667e+002 +3.660868667e+002 -6.4936e-001 -4.4731e+000 -8.3921e-001 +8.1807e-001 -3.1931e+000 +3.6413e+000 -2.1608e+000 +2.9981e+000 -3.8938e+000 -5.7579e-001
871 +8.227022357e+001 +8.227022357e+001 +3.647502236e+002 +3.647502236e+002 +1.4005e+000 -4.3505e+000 -1.3231e+000 +7.4678e-001 -3.2218e+000 +4.0191e+000 -2.4907e+000 +2.6222e+000 -3.5233e+000 -3.3612e-001
1261 +7.830555702e+001 +7.830555702e+001 +3.607855570e+002 +3.607855570e+002 +4.1458e-001 -3.4517e+000 +1.9003e-001 +2.2885e+000 -2.7690e+000 +2.9290e+000 -2.6102e+000 +3.2558e+000 -2.7722e+000 -9.3726e-002
1335 +7.074279283e+001 +7.074279283e+001 +3.532227928e+002 +3.532227928e+002 +7.6518e-001 -3.2349e+000 +9.9619e-001 +9.8807e-001 -3.8183e+000 +2.9974e+000 -5.0049e+000 +2.6261e+000 -3.6815e+000 +6.0783e-001
1786 +6.285561739e+001 +6.285561739e+001 +3.453356174e+002 +3.453356174e+002 +4.6546e-001 -4.0566e+000 +9.6996e-001 +2.8245e+000 -3.7485e+000 +3.6481e+000 -2.3676e+000 +3.8707e+000 -3.4534e+000 +6.7132e-001
2586 +5.963175607e+001 +5.963175607e+001 +3.421117561e+002 +3.421117561e+002 +1.5004e+000 -4.9804e+000 +1.5964e+000 +3.4946e+000 -3.7482e+000 +5.2189e+000 -2.8331e+000 +3.4667e+000 -3.3856e+000 +6.3358e-001
2763 +5.771033370e+001 +5.771033370e+001 +3.401903337e+002 +3.401903337e+002 +1.4414e+000 -3.5399e+000 +1.7441e+000 +7.2577e-001 -3.8472e+000 +4.1847e+000 -2.6557e+000 +3.2142e+000 -3.6499e+000 +3.1053e-001
2797 +5.637229223e+001 +5.637229223e+001 +3.388522922e+002 +3.388522922e+002 +1.7852e+000 -3.2026e+000 +8.8372e-001 +1.6269e+000 -3.8980e+000 +3.5604e+000 -2.5528e+000 +2.5266e+000 -3.4785e+000 +1.3227e+000
2808 +5.049177660e+001 +5.049177660e+001 +3.329717766e+002 +3.329717766e+002 +1.8217e+000 -3.4533e+000 +1.6998e+000 +1.4723e+000 -3.9181e+000 +3.4921e+000 -2.6982e+000 +2.5316e+000 -3.3863e+000 +5.8364e-001
2958 +4.296047416e+001 +4.296047416e+001 +3.254404742e+002 +3.254404742e+002 +1.5733e+000 -5.2732e+000 +1.8971e+000 +9.8973e-001 -3.9197e+000 +2.6080e+000 -2.6688e+000 +3.4472e+000 -3.7702e+000 +2.8103e-001
5614 +3.940103798e+001 +3.940103798e+001 +3.218810380e+002 +3.218810380e+002 +2.5761e+000 -3.2372e+000 +1.7890e+000 +8.8341e-001 -3.8778e+000 +2.6205e+000 -3.1528e+000 +3.8412e+000 -2.5905e+000 +1.2902e+000
6509 +3.436697814e+001 +3.436697814e+001 +3.168469781e+002 +3.168469781e+002 +1.6488e+000 -3.3001e+000 +2.4577e+000 +2.1290e+000 -3.9344e+000 +3.0573e+000 -3.0766e+000 +3.4118e+000 -3.0212e+000 +7.1305e-001
7059 +2.946712114e+001 +2.946712114e+001 +3.119471211e+002 +3.119471211e+002 +1.7532e+000 -3.4520e+000 +2.6573e+000 +1.5375e+000 -3.9482e+000 +3.0709e+000 -3.0678e+000 +3.1122e+000 -3.0081e+000 +2.8958e-001
7170 +2.164042235e+001 +2.164042235e+001 +3.041204223e+002 +3.041204223e+002 +2.5414e+000 -3.4099e+000 +2.4459e+000 +1.4920e+000 -3.9353e+000 +3.0811e+000 -3.1238e+000 +3.4818e+000 -3.7570e+000 +1.3846e+000
9269 +2.112248680e+001 +2.112248680e+001 +3.036024868e+002 +3.036024868e+002 +1.3983e+000 -3.2619e+000 +2.4585e+000 +9.4149e-001 -3.9104e+000 +3.6705e+000 -3.1257e+000 +2.6051e+000 -3.4077e+000 +1.0147e+000
9733 +2.005203061e+001 +2.005203061e+001 +3.025320306e+002 +3.025320306e+002 +1.3936e+000 -3.3870e+000 +2.5894e+000 +9.4921e-001 -3.9087e+000 +3.6074e+000 -3.0929e+000 +2.6387e+000 -3.3566e+000 +9.6682e-001
9778 +1.403316368e+001 +1.403316368e+001 +2.965131637e+002 +2.965131637e+002 +1.4475e+000 -3.3773e+000 +2.6320e+000 +1.4281e+000 -3.8849e+000 +3.6430e+000 -3.1018e+000 +2.6290e+000 -3.3830e+000 +1.0107e+000
9807 +1.294925503e+001 +1.294925503e+001 +2.954292550e+002 +2.954292550e+002 +1.4454e+000 -3.3562e+000 +2.6868e+000 +1.6126e+000 -3.8845e+000 +3.6554e+000 -3.0860e+000 +2.6336e+000 -2.9727e+000 +1.0047e+000
9821 +1.150914473e+001 +1.150914473e+001 +2.939891447e+002 +2.939891447e+002 +1.4046e+000 -3.3782e+000 +2.6441e+000 +1.4662e+000 -3.8985e+000 +3.6273e+000 -3.1350e+000 +2.6041e+000 -3.7521e+000 +9.9133e-001
9869 +1.101073210e+001 +1.101073210e+001 +2.934907321e+002 +2.934907321e+002 +1.4414e+000 -3.3914e+000 +2.5902e+000 +1.5252e+000 -3.8949e+000 +3.6133e+000 -3.0914e+000 +2.6154e+000 -3.3827e+000 +1.0236e+000
% function evaluation | noise-free fitness - Fopt (4.826100000000e+002) | best noise-free fitness - Fopt | measured fitness | best measured fitness | x1 | x2...
1 +2.559988830e+003 +2.559988830e+003 +3.042598830e+003 +3.042598830e+003 -1.2758e-001 +2.7116e+000 +1.2604e+000 +3.5594e-001 -2.8126e+000 -3.3002e+000 +2.1348e+000 +3.8094e+000 -4.2772e+000 -9.9861e-001
8 +2.046613291e+003 +2.046613291e+003 +2.529223291e+003 +2.529223291e+003 -5.8286e+000 +3.9075e+000 +8.0965e+000 +1.5076e+000 +6.2068e-001 -2.4511e-001 -2.6050e+000 +3.5488e+000 -2.1432e+000 -1.1234e-001
9 +1.350378731e+003 +1.350378731e+003 +1.832988731e+003 +1.832988731e+003 -1.0415e+001 +6.2792e+000 +3.7103e+000 +1.8761e+000 -1.4476e+000 -1.3439e+000 -5.6295e-003 +7.5711e-002 -5.0636e+000 -3.6094e+000
15 +1.248964931e+003 +1.248964931e+003 +1.731574931e+003 +1.731574931e+003 -1.3169e+001 +3.0988e+000 +5.7913e+000 -9.8778e-001 +8.4751e-001 -7.8150e-001 -2.6170e+000 +1.7871e+000 -2.8911e+000 -2.0326e-001
22 +9.863420016e+002 +9.863420016e+002 +1.468952002e+003 +1.468952002e+003 -1.0419e+000 -8.0562e+000 +3.6573e+000 -3.9649e+000 -1.5406e+000 -6.4935e+000 -1.2564e+000 -1.1213e+000 -3.5602e+000 +2.1947e-001
51 +6.751294755e+002 +6.751294755e+002 +1.157739475e+003 +1.157739475e+003 -5.3686e+000 -4.1058e+000 +4.7333e+000 +2.6101e-001 +3.6074e+000 +1.0096e+000 -4.5600e+000 -5.9755e-001 -9.0510e-002 -9.2675e-001
84 +6.249890732e+002 +6.249890732e+002 +1.107599073e+003 +1.107599073e+003 -3.9234e+000 -1.1417e+000 +5.1549e+000 +2.8228e+000 -1.0220e+000 +1.0591e+000 -1.8833e+000 -1.3474e+000 -2.3562e+000 +1.5744e+000
89 +5.735086412e+002 +5.735086412e+002 +1.056118641e+003 +1.056118641e+003 -5.4537e-001 +8.9846e+000 +1.8931e+000 +2.0663e-001 +2.1809e-001 -2.2491e+000 -1.1467e+000 +4.6493e-001 -5.0364e-001 +2.0279e+000
119 +3.601893098e+002 +3.601893098e+002 +8.427993098e+002 +8.427993098e+002 -5.0942e+000 +2.5170e+000 -1.7245e+000 +7.1228e-001 +2.3931e-001 +3.0699e+000 -1.3220e+000 -1.0598e+000 -7.2821e-001 +3.1599e+000
167 +3.281787474e+002 +3.281787474e+002 +8.107887474e+002 +8.107887474e+002 -7.0020e+000 +5.3112e+000 +5.8618e-001 -8.2816e-001 -5.9624e-001 +2.3516e+000 +9.9048e-003 -2.8789e+000 -8.0867e-001 +1.9840e+000
195 +2.465229910e+002 +2.465229910e+002 +7.291329910e+002 +7.291329910e+002 +6.6702e-002 +2.6384e+000 +2.6991e+000 -6.3564e+000 -3.3441e-001 +2.5342e-001 -1.8314e+000 -3.6487e+000 +8.5768e-001 +1.2364e+000
206 +2.234945423e+002 +2.234945423e+002 +7.061045423e+002 +7.061045423e+002 -1.9738e+000 +5.0846e+000 +2.3752e+000 -1.9097e+000 -3.9489e-001 +1.5077e+000 -1.7716e+000 -1.1787e+000 +8.9145e-001 +3.5803e+000
247 +2.099130992e+002 +2.099130992e+002 +6.925230992e+002 +6.925230992e+002 +4.7099e+000 +3.0980e+000 -5.5107e+000 -2.1242e+000 +8.3052e-001 +1.5009e+000 -2.3773e+000 -1.1529e+000 +2.3284e+000 +3.7946e+000
269 +1.949268020e+002 +1.949268020e+002 +6.775368020e+002 +6.775368020e+002 -1.3874e+000 -1.2195e+000 -1.2345e+000 -1.0649e+000 +6.4481e-001 +3.2942e+000 -3.9816e+000 -5.6641e-001 +2.4805e+000 +2.4634e+000
273 +1.602738541e+002 +1.602738541e+002 +6.428838541e+002 +6.428838541e+002 -4.8715e-002 +2.5548e+000 +8.9564e-001 -2.1735e+000 -2.5504e+000 +1.1937e+000 -2.7938e+000 -3.6294e+000 +1.9769e+000 +1.1328e+000
301 +1.412919033e+002 +1.412919033e+002 +6.239019033e+002 +6.239019033e+002 -4.0444e+000 +2.8272e+000 -2.1424e-001 -1.5549e+000 -1.9860e+000 +2.5569e+000 -3.3986e+000 -2.7966e+000 +1.7934e+000 +2.5594e+000
364 +8.547971517e+001 +8.547971517e+001 +5.680897152e+002 +5.680897152e+002 -1.6680e+000 +2.0226e+000 -2.1809e+000 -1.8350e+000 -7.8862e-001 +1.8110e+000 -2.5058e+000 -2.5853e+000 +2.6578e+000 +3.2587e+000
442 +7.870974790e+001 +7.870974790e+001 +5.613197479e+002 +5.613197479e+002 +2.8215e+000 +8.8987e-001 -7.0158e-001 -1.7203e+000 -2.9524e+000 +2.3569e+000 -3.1612e+000 -4.4845e+000 +3.0459e+000 +3.2777e+000
509 +7.730188555e+001 +7.730188555e+001 +5.599118856e+002 +5.599118856e+002 -6.5593e-001 +1.7169e+000 -4.6373e+000 -2.1802e+000 -1.7323e+000 +2.8246e+000 -2.9973e+000 -2.9960e+000 +2.6477e+000 +2.2961e+000
917 +4.717740452e+001 +4.717740452e+001 +5.297874045e+002 +5.297874045e+002 +6.6098e-001 +2.7029e+000 -2.0759e+000 -3.0678e+000 -1.3338e+000 +2.8704e+000 -3.1294e+000 -3.3696e+000 +3.0241e+000 +2.6183e+000
1097 +4.247895389e+001 +4.247895389e+001 +5.250889539e+002 +5.250889539e+002 -2.0085e-001 +2.5039e+000 -1.3460e+000 -3.7115e+000 -1.2172e+000 +3.2772e+000 -3.0486e+000 -2.8572e+000 +2.3259e+000 +2.5744e+000
3755 +4.124840935e+001 +4.124840935e+001 +5.238584094e+002 +5.238584094e+002 +8.0851e-001 +2.4187e+000 -8.8424e-001 -2.2989e+000 -1.1640e+000 +2.7988e+000 -2.9720e+000 -2.9447e+000 +3.4231e+000 +2.5751e+000
5424 +2.600707314e+001 +2.600707314e+001 +5.086170731e+002 +5.086170731e+002 +6.0542e-001 +2.4409e+000 -5.5110e-001 -2.9931e+000 -1.3324e+000 +2.3321e+000 -3.5493e+000 -3.0594e+000 +2.3560e+000 +2.6048e+000
5491 +2.305338636e+001 +2.305338636e+001 +5.056633864e+002 +5.056633864e+002 -1.3927e-001 +2.4330e+000 -5.9283e-001 -2.2891e+000 -1.2163e+000 +2.2666e+000 -3.3472e+000 -3.3925e+000 +2.3663e+000 +2.5929e+000
7558 +1.881523225e+001 +1.881523225e+001 +5.014252323e+002 +5.014252323e+002 +6.8209e-001 +2.5178e+000 -6.6398e-001 -2.4932e+000 -7.1079e-001 +2.7856e+000 -3.3958e+000 -3.3739e+000 +2.7786e+000 +2.5874e+000
8491 +1.365877070e+001 +1.365877070e+001 +4.962687707e+002 +4.962687707e+002 -1.7791e-001 +2.5717e+000 -5.6099e-001 -3.0749e+000 -7.0023e-001 +2.9141e+000 -3.4791e+000 -3.3968e+000 +2.7980e+000 +2.6021e+000
9719 +9.430345568e+000 +9.430345568e+000 +4.920403456e+002 +4.920403456e+002 +7.3395e-001 +2.5407e+000 -6.3922e-001 -3.1197e+000 -7.1396e-001 +2.8545e+000 -3.4746e+000 -3.4103e+000 +2.8173e+000 +2.6206e+000
% function evaluation | noise-free fitness - Fopt (7.177000000000e+001) | best noise-free fitness - Fopt | measured fitness | best measured fitness | x1 | x2...
1 +3.279018175e+003 +3.279018175e+003 +3.350788175e+003 +3.350788175e+003 +4.2455e+000 -2.9198e+000 -3.3223e+000 -5.4475e+000 +3.2027e+000 +3.8491e+000 +6.9984e+000 -5.1634e+000 -1.4560e+000 -7.5474e+000
2 +2.357197882e+003 +2.357197882e+003 +2.428967882e+003 +2.428967882e+003 +1.2717e+000 -1.3555e+000 -7.1950e+000 -6.0731e+000 +4.2050e+000 +1.1011e+000 +6.2528e+000 -1.1651e+001 -1.2576e+000 +1.5046e+000
3 +1.785423083e+003 +1.785423083e+003 +1.857193083e+003 +1.857193083e+003 +3.2209e+000 -3.1429e+000 -2.6705e+000 -7.1582e+000 +5.0782e+000 +3.9152e+000 +4.4706e+000 -5.2067e+000 -3.6323e+000 -3.4447e+000
4 +1.180005274e+003 +1.180005274e+003 +1.251775274e+003 +1.251775274e+003 +4.7479e+000 -1.3013e+000 -2.5845e+000 -6.8631e+000 +3.9700e+000 +2.2877e+000 +4.7102e+000 -4.4117e+000 +3.8179e-001 -1.0326e+000
5 +7.270713487e+002 +7.270713487e+002 +7.988413487e+002 +7.988413487e+002 +2.3405e+000 -3.1864e+000 -3.9931e+000 -4.3074e+000 +4.3714e+000 +2.5384e+000 +2.0866e+000 -4.9515e+000 -1.1536e+000 -2.0938e-001
19 +6.723647115e+002 +6.723647115e+002 +7.441347115e+002 +7.441347115e+002 +1.6782e+000 +5.4928e+000 -7.9906e+000 +9.6634e-001 +4.2520e+000 +1.3896e+000 +3.2416e+000 -5.0061e+000 +2.1896e+000 +3.1357e+000
59 +5.724640779e+002 +5.724640779e+002 +6.442340779e+002 +6.442340779e+002 +3.7049e+000 -4.5335e+000 -3.8427e+000 -1.8145e-002 +5.9287e+000 -5.4584e-001 -3.3720e-001 -4.6957e+000 -1.9269e-001 -1.5811e+000
97 +5.546069184e+002 +5.546069184e+002 +6.263769184e+002 +6.263769184e+002 +2.4478e+000 -3.8236e+000 -1.0557e-001 -5.4744e+000 +1.7006e+000 +1.2333e-002 +2.8288e+000 -4.4728e+000 +2.6573e+000 -1.0405e+000
98 +5.034351465e+002 +5.034351465e+002 +5.752051465e+002 +5.752051465e+002 +3.6042e+000 -2.0124e+000 -2.2534e+000 -2.0494e-001 +3.9084e+000 +1.6354e+000 +1.4297e+000 -4.1473e+000 -6.0620e-001 -3.9327e-001
112 +3.538759001e+002 +3.538759001e+002 +4.256459001e+002 +4.256459001e+002 +2.6232e+000 -3.3785e+000 -1.6179e+000 -3.1631e+000 +2.9110e+000 +1.4271e+000 -8.0950e-001 -9.2286e-001 +4.0572e+000 +1.3724e+000
118 +3.036373987e+002 +3.036373987e+002 +3.754073987e+002 +3.754073987e+002 +3.5215e+000 -1.4482e+000 +1.0103e-001 -6.1234e-002 -6.6489e-001 -1.5292e-001 -1.7047e+000 -1.1790e+000 +2.3159e+000 +2.7762e+000
163 +1.933101759e+002 +1.933101759e+002 +2.650801759e+002 +2.650801759e+002 +2.3719e+000 -3.4265e+000 -1.4787e+000 -4.7833e-002 +2.3802e+000 -2.6920e-001 -2.2690e-001 -2.9104e+000 +2.7437e+000 +1.1914e+000
366 +1.848291347e+002 +1.848291347e+002 +2.565991347e+002 +2.565991347e+002 +2.3338e+000 -2.7593e+000 +1.2380e+000 +1.6983e+000 +2.1124e+000 +2.7707e-001 -6.6819e-001 -5.8862e+000 +4.5941e+000 +1.4968e+000
398 +1.769201476e+002 +1.769201476e+002 +2.486901476e+002 +2.486901476e+002 +1.5548e+000 -1.9282e+000 -3.2820e-001 +6.4242e-001 +9.5700e-001 -1.2759e+000 -9.2430e-001 -3.4568e+000 +5.8861e+000 +1.2915e+000
401 +1.448486156e+002 +1.448486156e+002 +2.166186156e+002 +2.166186156e+002 +2.7636e+000 -2.4387e+000 -7.5237e-002 -6.5174e-002 +2.0387e+000 +2.8735e-001 -1.6695e+000 -3.3706e+000 +2.4186e+000 +1.6111e+000
428 +1.236618618e+002 +1.236618618e+002 +1.954318618e+002 +1.954318618e+002 +1.1508e+000 -2.4037e+000 +4.1785e-002 -2.8207e-001 +1.8875e+000 -7.4282e-001 -9.5793e-001 -3.7040e+000 +4.5113e+000 +1.6249e+000
510 +9.177235819e+001 +9.177235819e+001 +1.635423582e+002 +1.635423582e+002 +8.4162e-001 -1.8561e+000 +1.3069e+000 +6.2698e-001 +1.9848e+000 -1.4808e+000 -1.0441e+000 -3.7173e+000 +3.4711e+000 +1.9368e+000
757 +8.810679168e+001 +8.810679168e+001 +1.598767917e+002 +1.598767917e+002 -1.3059e+000 -2.6008e-001 -9.0863e-001 +1.5882e+000 +1.3498e+000 -1.4169e+000 -1.4871e+000 -4.3140e+000 +4.1496e+000 +1.3920e+000
821 +7.457861015e+001 +7.457861015e+001 +1.463486101e+002 +1.463486101e+002 -1.5553e+000 +1.6678e-001 +1.0863e+000 +2.7572e+000 +1.4582e+000 -1.3059e+000 -1.0334e+000 -4.2421e+000 +4.6150e+000 +1.6291e+000
1118 +6.864591813e+001 +6.864591813e+001 +1.404159181e+002 +1.404159181e+002 -9.3437e-001 +9.1877e-002 +6.5151e-001 +2.2420e+000 +2.0250e+000 -1.3542e+000 -9.4212e-001 -4.6644e+000 +3.7991e+000 +2.0403e+000
1125 +4.229332995e+001 +4.229332995e+001 +1.140633299e+002 +1.140633299e+002 -1.1590e+000 +2.2216e-001 +2.1021e+000 +1.5036e+000 +1.4614e+000 -7.4440e-002 -1.0524e+000 -4.1758e+000 +3.8556e+000 +2.2232e+000
5141 +3.829170474e+001 +3.829170474e+001 +1.100617047e+002 +1.100617047e+002 -2.5100e+000 +1.6943e+000 +2.3926e+000 +8.5665e-001 +8.1993e-001 -7.3744e-001 -1.3272e+000 -3.7958e+000 +3.4513e+000 +2.2635e+000
5802 +3.518041100e+001 +3.518041100e+001 +1.069504110e+002 +1.069504110e+002 -4.3719e+000 +8.9024e-001 +1.3673e+000 +2.3340e+000 +8.5909e-001 -1.2777e+000 -1.8321e+000 -3.7705e+000 +3.8118e+000 +2.2887e+000
6377 +3.288567844e+001 +3.288567844e+001 +1.046556784e+002 +1.046556784e+002 -3.1530e+000 +9.3323e-001 +8.4002e-001 +1.4228e+000 +7.4453e-001 -1.0663e+000 -1.4516e+000 -3.8036e+000 +3.8575e+000 +1.9255e+000
7224 +2.631492395e+001 +2.631492395e+001 +9.808492395e+001 +9.808492395e+001 -3.3128e+000 +1.7789e+000 +1.5481e+000 +8.8993e-001 +7.7614e-001 -2.4310e-001 -1.9085e+000 -3.8021e+000 +3.8412e+000 +1.8271e+000
9125 +2.505605085e+001 +2.505605085e+001 +9.682605085e+001 +9.682605085e+001 -3.2831e+000 +1.8552e+000 +1.3544e+000 +1.5198e+000 +9.1922e-001 -1.9899e-001 -1.4291e+000 -3.7740e+000 +3.7328e+000 +2.2394e+000
9164 +2.141205860e+001 +2.141205860e+001 +9.318205860e+001 +9.318205860e+001 -3.1926e+000 +1.7590e+000 +1.4732e+000 +1.6637e+000 +6.9472e-001 -1.7806e-001 -1.4239e+000 -3.8415e+000 +4.2956e+000 +2.2267e+000
9313 +2.097111327e+001 +2.097111327e+001 +9.274111327e+001 +9.274111327e+001 -3.2620e+000 +1.7850e+000 +1.5904e+000 +1.4008e+000 +8.3903e-001 -1.2300e-001 -1.4380e+000 -3.8357e+000 +3.8662e+000 +2.2712e+000
9409 +2.076763300e+001 +2.076763300e+001 +9.253763300e+001 +9.253763300e+001 -3.1907e+000 +1.6372e+000 +1.4778e+000 +1.4871e+000 +8.0146e-001 -1.5318e-001 -1.4398e+000 -3.8738e+000 +3.5030e+000 +2.3104e+000
9446 +1.745564846e+001 +1.745564846e+001 +8.922564846e+001 +8.922564846e+001 -3.1916e+000 +1.8235e+000 +1.4365e+000 +1.5026e+000 +8.0114e-001 -1.4177e-001 -1.3726e+000 -3.8445e+000 +3.8202e+000 +2.3201e+000
9499 +1.709665909e+001 +1.709665909e+001 +8.886665909e+001 +8.886665909e+001 -3.2001e+000 +1.8161e+000 +1.3966e+000 +1.5137e+000 +8.1081e-001 -1.4264e-001 -1.3786e+000 -3.8256e+000 +3.7868e+000 +2.3047e+000
9594 +1.375665935e+001 +1.375665935e+001 +8.552665935e+001 +8.552665935e+001 -3.2167e+000 +1.6521e+000 +1.4877e+000 +1.5434e+000 +7.5247e-001 -1.5943e-001 -1.5010e+000 -3.7930e+000 +3.8338e+000 +2.3093e+000
9998 +8.148771988e+000 +8.148771988e+000 +7.991877199e+001 +7.991877199e+001 -3.1903e+000 +1.7299e+000 +1.4200e+000 +1.4943e+000 +8.0027e-001 -1.7667e-001 -1.4787e+000 -3.8313e+000 +3.8574e+000 +2.3006e+000
% function evaluation | noise-free fitness - Fopt (8.448800000000e+002) | best noise-free fitness - Fopt | measured fitness | best measured fitness | x1 | x2...
1 +2.692194776e+003 +2.692194776e+003 +3.537074776e+003 +3.537074776e+003 +2.7239e+000 -3.6351e+000 +1.3233e+000 +7.5844e-001 -1.5819e-001 +3.2613e+000 +4.5069e+000 -1.3794e+000 -3.5475e+000 +2.4290e+000
2 +9.638749580e+002 +9.638749580e+002 +1.808754958e+003 +1.808754958e+003 -1.0248e+000 -3.5027e+000 +1.4610e+000 +1.4376e+000 -4.9636e+000 +3.7039e+000 +2.0840e+000 +7.0115e-001 -3.2103e+000 -1.8892e+000
72 +7.829815453e+002 +7.829815453e+002 +1.627861545e+003 +1.627861545e+003 -8.0058e-001 -5.3667e+000 +3.0855e+000 +4.2983e+000 -3.4458e+000 +3.9915e+000 -2.1259e+000 +1.3851e+000 -2.3804e+000 -1.0662e+000
78 +6.814831896e+002 +6.814831896e+002 +1.526363190e+003 +1.526363190e+003 +7.9336e-001 -4.5229e+000 -1.8931e+000 +5.2757e+000 +2.5084e+000 +2.8166e+000 -5.2798e-002 +3.2992e+000 -1.4641e+000 +4.6205e-001
113 +6.410496202e+002 +6.410496202e+002 +1.485929620e+003 +1.485929620e+003 +1.9443e-001 -5.2460e+000 +1.3485e+000 +2.0943e-001 -3.0132e+000 +1.6106e+000 -1.7304e-002 -1.8684e+000 -3.9977e+000 -5.5072e-001
116 +6.162999396e+002 +6.162999396e+002 +1.461179940e+003 +1.461179940e+003 +1.9697e-001 -5.7299e+000 +2.1671e+000 +1.9758e+000 -2.1504e-001 +2.0594e+000 +9.0608e-001 -9.8728e-001 -2.1891e+000 -1.8934e-001
119 +5.327552794e+002 +5.327552794e+002 +1.377635279e+003 +1.377635279e+003 +1.1858e+000 -4.1325e+000 +1.2230e+000 -1.5118e+000 -2.3068e+000 +1.4473e+000 +1.1042e-001 -7.0145e-001 -1.8419e+000 -3.9589e-002
131 +5.241790038e+002 +5.241790038e+002 +1.369059004e+003 +1.369059004e+003 +1.1251e+000 -3.6987e+000 +2.3362e+000 +3.6799e+000 -2.2704e+000 +1.4595e+000 +1.1709e+000 +1.3691e+000 -1.8700e+000 -1.4612e+000
158 +4.719596945e+002 +4.719596945e+002 +1.316839694e+003 +1.316839694e+003 +1.5833e-001 -4.4332e+000 +2.3684e-001 +1.0530e+000 -2.1562e+000 +1.3940e+000 -8.1449e-003 -1.5647e+000 -2.8230e+000 -7.0530e-001
164 +3.635228936e+002 +3.635228936e+002 +1.208402894e+003 +1.208402894e+003 +4.6157e-001 -3.1446e+000 +1.8679e+000 -3.1141e+000 -2.3121e+000 +1.3924e+000 -2.7245e+000 +6.1851e-001 -2.0280e+000 -2.3256e+000
258 +3.382178616e+002 +3.382178616e+002 +1.183097862e+003 +1.183097862e+003 -3.5413e+000 -3.1833e+000 +1.0572e+000 -2.4838e+000 -1.1102e+000 -1.0667e+000 -7.9995e-001 -1.6735e+000 -1.4400e+000 -2.2571e+000
261 +2.849079182e+002 +2.849079182e+002 +1.129787918e+003 +1.129787918e+003 +3.3684e+000 -3.9836e+000 +1.7365e-001 +2.1099e+000 -2.7313e+000 +5.7493e-001 -6.7311e-001 +1.4017e+000 +7.3137e-001 -1.5027e+000
284 +1.805507618e+002 +1.805507618e+002 +1.025430762e+003 +1.025430762e+003 +1.1572e+000 -9.8427e-001 -6.7311e+000 +1.5658e+000 +1.3123e+000 -6.3823e-001 -7.7223e-001 +3.8992e-001 -2.2047e+000 -2.3693e+000
301 +1.579010324e+002 +1.579010324e+002 +1.002781032e+003 +1.002781032e+003 +1.2788e+000 +8.4233e-001 -1.1138e+000 +7.7035e-001 +3.0758e+000 +1.8284e-001 -1.9891e+000 -1.0146e-001 +5.1409e-002 -1.8570e+000
408 +1.313266722e+002 +1.313266722e+002 +9.762066722e+002 +9.762066722e+002 +1.1889e+000 -2.9552e+000 -9.5846e-001 -1.4571e+000 +9.2340e-001 -9.9272e-001 -1.9353e+000 +5.3797e-001 -1.7706e-001 -2.0368e+000
440 +1.224071603e+002 +1.224071603e+002 +9.672871603e+002 +9.672871603e+002 +4.5862e+000 -3.0655e+000 -1.2126e+000 +1.0605e+000 +2.6410e+000 -6.2014e-001 -2.3991e+000 -1.1441e-001 -4.3637e-001 -2.4164e+000
504 +9.889142722e+001 +9.889142722e+001 +9.437714272e+002 +9.437714272e+002 +3.1430e+000 -1.7579e+000 -2.1626e+000 -3.9103e-001 +4.0711e+000 -6.3452e-001 -1.1166e+000 +3.0510e-001 -7.5058e-001 -2.5771e+000
630 +9.457832677e+001 +9.457832677e+001 +9.394583268e+002 +9.394583268e+002 +1.2807e+000 -9.6464e-001 -2.3373e+000 +1.9507e+000 +2.9447e+000 -1.3257e+000 -2.9253e+000 +6.0979e-001 +2.5965e-001 -2.7299e+000
688 +9.133731752e+001 +9.133731752e+001 +9.362173175e+002 +9.362173175e+002 +1.0486e+000 +1.5872e+000 -2.4819e+000 +1.7695e+000 +2.7515e+000 -1.7353e+000 -1.8508e+000 +5.6996e-001 -1.1101e-001 -2.2572e+000
723 +8.957726982e+001 +8.957726982e+001 +9.344572698e+002 +9.344572698e+002 +2.0289e+000 -2.3366e+000 -3.6767e+000 -4.8147e-001 +1.9585e+000 -1.3428e+000 -2.0411e+000 -1.4682e-001 -7.9733e-003 -1.9761e+000
747 +8.137327340e+001 +8.137327340e+001 +9.262532734e+002 +9.262532734e+002 +1.9095e+000 -6.3791e-001 -1.3359e+000 -1.6171e-001 +2.6969e+000 -2.2634e+000 -2.4839e+000 +6.4994e-001 -4.0972e-002 -2.3018e+000
753 +8.009072477e+001 +8.009072477e+001 +9.249707248e+002 +9.249707248e+002 +1.4227e+000 -1.0251e+000 -2.7372e+000 +3.2417e-001 +2.3043e+000 -1.5494e+000 -2.1616e+000 +1.0285e+000 -1.8413e-001 -2.7349e+000
946 +7.914492864e+001 +7.914492864e+001 +9.240249286e+002 +9.240249286e+002 +1.5840e+000 -2.3377e+000 -2.7709e+000 +3.9938e-001 +3.4117e+000 -1.1569e+000 -1.7250e+000 +1.4135e+000 +2.5806e-001 -2.3623e+000
975 +7.343814210e+001 +7.343814210e+001 +9.183181421e+002 +9.183181421e+002 +1.9148e+000 -1.4558e+000 -3.5641e+000 +1.5340e-001 +3.9440e+000 -2.6421e+000 -2.9028e+000 +6.0002e-001 +1.6203e-001 -2.3197e+000
1259 +5.990507826e+001 +5.990507826e+001 +9.047850783e+002 +9.047850783e+002 +1.0554e+000 -9.7762e-001 -2.8271e+000 +5.1473e-001 +3.4412e+000 -1.1400e+000 -1.9227e+000 +1.9189e+000 +2.6203e-001 -2.6727e+000
1295 +4.845026426e+001 +4.845026426e+001 +8.933302643e+002 +8.933302643e+002 +1.2411e+000 +5.4979e-001 -2.6173e+000 +2.8311e-001 +2.8121e+000 -8.8006e-001 -2.4496e+000 +5.0414e-001 +6.8901e-001 -2.6685e+000
7808 +3.105790898e+001 +3.105790898e+001 +8.759379090e+002 +8.759379090e+002 +3.2260e+000 -1.0109e+000 -4.4753e+000 +3.2251e-001 +2.7992e+000 -2.2608e+000 -2.4171e+000 +1.0644e+000 +1.1713e+000 -2.6188e+000
% function evaluation | noise-free fitness - Fopt (-4.222000000000e+001) | best noise-free fitness - Fopt | measured fitness | best measured fitness | x1 | x2...
1 +1.617037769e+003 +1.617037769e+003 +1.574817769e+003 +1.574817769e+003 +5.1907e+000 +1.8895e-001 -9.1287e-001 -4.4463e+000 -1.2654e-001 +9.3169e+000 +2.4100e+000 -2.1018e+000 +4.9001e-002 +3.5195e-001
3 +9.938955212e+002 +9.938955212e+002 +9.516755212e+002 +9.516755212e+002 +2.1084e+000 -2.9408e+000 -6.1300e+000 -4.0907e+000 -1.2281e-001 +4.2589e+000 +2.5569e-001 -1.6600e+000 +1.3978e+000 -3.7463e+000
7 +7.996036187e+002 +7.996036187e+002 +7.573836187e+002 +7.573836187e+002 +3.9694e+000 +2.7381e-001 -1.8292e-001 -2.8173e+000 -1.6730e+000 +3.6372e+000 +2.9633e+000 -4.3242e-001 -2.5374e+000 -3.0273e+000
10 +5.272139150e+002 +5.272139150e+002 +4.849939150e+002 +4.849939150e+002 +2.0511e+000 -9.8385e-001 -2.5433e+000 -4.0064e+000 -1.9021e+000 +3.1365e+000 -3.2730e+000 -2.4514e+000 +6.8878e-001 -7.1843e-002
26 +4.662508452e+002 +4.662508452e+002 +4.240308452e+002 +4.240308452e+002 +1.7819e+000 -8.8099e-002 -5.4737e-001 -4.0894e+000 -4.0857e-001 -1.0575e-001 +3.3402e+000 -9.7361e-002 +2.3483e+000 +6.6903e-001
60 +4.287002098e+002 +4.287002098e+002 +3.864802098e+002 +3.864802098e+002 +9.6509e-001 -7.1890e+000 -3.2415e+000 -8.1525e+000 -4.1767e-001 +2.1902e+000 +3.3157e+000 -2.8124e+000 -1.7720e-001 +1.5772e+000
78 +3.804076178e+002 +3.804076178e+002 +3.381876178e+002 +3.381876178e+002 +4.7404e+000 -4.9901e-001 -3.3018e-001 -2.6744e+000 +1.2164e+000 +2.5113e+000 +1.6452e-001 -2.7148e+000 +1.3950e+000 +3.5415e-001
101 +1.819060035e+002 +1.819060035e+002 +1.396860035e+002 +1.396860035e+002 +5.5152e+000 -1.4199e+000 -1.3997e+000 -3.8416e+000 -8.1788e-001 +1.2682e+000 +2.4190e+000 -3.0119e+000 -8.4768e-001 +3.3236e+000
221 +1.684263471e+002 +1.684263471e+002 +1.262063471e+002 +1.262063471e+002 +3.1573e+000 -2.1571e+000 +5.8862e-001 -1.7726e+000 -1.6186e+000 -8.9085e-001 +3.8717e+000 -2.8936e+000 +2.1832e-002 +2.2656e+000
244 +1.518438205e+002 +1.518438205e+002 +1.096238205e+002 +1.096238205e+002 +8.2143e+000 -2.2288e+000 -2.6424e+000 -1.2807e+000 -2.0294e+000 -2.9495e-001 +1.2368e+000 -2.7406e+000 +6.4380e-001 +3.9037e+000
261 +1.226266414e+002 +1.226266414e+002 +8.040664140e+001 +8.040664140e+001 +5.6247e+000 -5.4648e-001 -4.2489e-002 -1.6131e+000 -1.4520e+000 +2.6357e-001 +2.5951e+000 -2.6714e+000 -3.7571e-001 +3.4635e+000
332 +1.064234501e+002 +1.064234501e+002 +6.420345009e+001 +6.420345009e+001 +1.8491e+000 -2.3664e+000 +4.8822e+000 +6.1563e-001 -2.0857e+000 +2.8935e-001 +2.4636e+000 -2.5680e+000 +4.1199e-001 +4.0035e+000
497 +9.219162937e+001 +9.219162937e+001 +4.997162937e+001 +4.997162937e+001 +3.4872e+000 -4.0855e+000 +6.4194e-001 -3.9042e-001 -1.5457e+000 -4.6831e-001 +2.1008e+000 -2.6435e+000 +1.4504e-001 +3.8603e+000
505 +8.119313717e+001 +8.119313717e+001 +3.897313717e+001 +3.897313717e+001 +2.6558e+000 -3.3543e+000 +3.1390e-001 +2.5396e-001 -3.1900e+000 -3.4603e-001 +1.9633e+000 -3.0784e+000 -7.7959e-001 +4.3545e+000
522 +7.438041947e+001 +7.438041947e+001 +3.216041947e+001 +3.216041947e+001 +3.6634e+000 -3.2279e+000 +2.7477e+000 +1.8369e-001 -1.5238e+000 -6.6162e-001 +2.3759e+000 -3.1541e+000 +6.0120e-001 +3.9116e+000
527 +6.775022973e+001 +6.775022973e+001 +2.553022973e+001 +2.553022973e+001 +1.6677e+000 -3.2022e+000 +6.1326e-001 -4.3633e-001 -2.8158e+000 -1.8995e-001 +2.0450e+000 -2.8215e+000 +4.4083e-001 +4.1359e+000
735 +5.186459050e+001 +5.186459050e+001 +9.644590499e+000 +9.644590499e+000 -1.5154e+000 -3.9453e+000 +2.0474e+000 -6.5856e-001 -1.6177e+000 -2.5917e-001 +1.0734e+000 -3.2656e+000 -1.5250e-001 +3.7134e+000
1729 +4.049394997e+001 +4.049394997e+001 -1.726050032e+000 -1.726050032e+000 +1.6354e+000 -2.9529e+000 +1.9321e+000 +8.5401e-001 -2.1456e+000 -2.9890e-001 +1.0909e+000 -3.6996e+000 -1.6822e-002 +4.1055e+000
2604 +3.802268639e+001 +3.802268639e+001 -4.197313613e+000 -4.197313613e+000 +1.7147e+000 -3.8748e+000 +2.6635e+000 +6.5334e-001 -2.1087e+000 -7.6815e-001 +1.1493e+000 -2.6340e+000 -3.3750e-002 +4.5523e+000
3126 +3.232868207e+001 +3.232868207e+001 -9.891317932e+000 -9.891317932e+000 +5.2098e-001 -3.6931e+000 +3.7525e+000 +7.8220e-002 -2.2151e+000 -8.2283e-001 +1.1286e+000 -3.1810e+000 +4.1060e-001 +4.3126e+000
4190 +2.693196971e+001 +2.693196971e+001 -1.528803029e+001 -1.528803029e+001 +2.6259e+000 -5.5394e+000 +2.1175e+000 +1.7708e-001 -2.0969e+000 -7.7844e-001 +1.1033e+000 -3.1452e+000 -3.1168e-001 +4.0076e+000
7341 +2.479365189e+001 +2.479365189e+001 -1.742634811e+001 -1.742634811e+001 +1.5666e+000 -5.4894e+000 +2.6114e+000 -5.5892e-001 -2.2307e+000 -8.2295e-001 +1.1061e+000 -3.1939e+000 +3.8528e-001 +4.3956e+000
7489 +2.347644067e+001 +2.347644067e+001 -1.874355933e+001 -1.874355933e+001 +1.5597e+000 -5.5115e+000 +2.5738e+000 -5.7774e-001 -2.1611e+000 -7.7019e-001 +1.1047e+000 -3.1398e+000 +3.3075e-001 +3.6559e+000
7561 +2.317064627e+001 +2.317064627e+001 -1.904935373e+001 -1.904935373e+001 +1.4532e+000 -5.4872e+000 +2.0059e+000 -6.7315e-001 -2.1742e+000 -7.7171e-001 +1.0873e+000 -3.1625e+000 +3.5689e-001 +4.0432e+000
7982 +2.283805393e+001 +2.283805393e+001 -1.938194607e+001 -1.938194607e+001 +1.7642e+000 -5.5449e+000 +2.9200e+000 +1.7736e-001 -2.1898e+000 -8.1652e-001 +1.1279e+000 -3.1551e+000 +8.2257e-001 +4.3239e+000
8138 +2.134760147e+001 +2.134760147e+001 -2.087239853e+001 -2.087239853e+001 +1.6317e+000 -5.5346e+000 +2.8258e+000 +8.7767e-001 -2.1592e+000 -8.4014e-001 +1.1266e+000 -3.1251e+000 +3.3398e-001 +4.4249e+000
8731 +1.845623868e+001 +1.845623868e+001 -2.376376132e+001 -2.376376132e+001 +1.5612e+000 -5.5265e+000 +2.9080e+000 +9.0532e-001 -2.1461e+000 -8.5280e-001 +1.0618e+000 -3.2089e+000 +4.0275e-001 +4.3272e+000
9109 +1.751955133e+001 +1.751955133e+001 -2.470044867e+001 -2.470044867e+001 +1.5751e+000 -5.5156e+000 +2.0491e+000 +1.3720e+000 -2.0988e+000 -8.7776e-001 +1.1021e+000 -3.1625e+000 +3.6774e-001 +4.3203e+000
9848 +1.615744282e+001 +1.615744282e+001 -2.606255718e+001 -2.606255718e+001 +1.6289e+000 -5.5315e+000 +2.0251e+000 +7.5010e-001 -2.1292e+000 -8.9308e-001 +1.1318e+000 -3.1922e+000 +3.9579e-001 +4.3541e+000
% function evaluation | noise-free fitness - Fopt (-9.179000000000e+001) | best noise-free fitness - Fopt | measured fitness | best measured fitness | x1 | x2...
1 +1.572103739e+003 +1.572103739e+003 +1.480313739e+003 +1.480313739e+003 -1.1781e+000 +2.9171e-001 -4.9664e-001 +5.5149e+000 -3.7796e+000 +3.4912e+000 +1.3852e-001 +6.2539e+000 -6.8960e+000 -1.0616e+000
2 +1.103015077e+003 +1.103015077e+003 +1.011225077e+003 +1.011225077e+003 +2.4500e+000 +7.1573e-002 +4.4373e-002 +4.6014e-001 -4.6522e+000 +8.4603e-001 +5.2748e-001 +1.1328e-002 -5.4217e+000 +1.4087e+000
4 +9.717767038e+002 +9.717767038e+002 +8.799867038e+002 +8.799867038e+002 -4.4067e-001 +3.5526e+000 -2.0481e+000 +3.6448e+000 -3.9535e+000 +1.7294e+000 -2.5851e+000 +3.1374e+000 -5.3713e+000 -2.0522e+000
8 +5.527944992e+002 +5.527944992e+002 +4.610044992e+002 +4.610044992e+002 -1.9213e+000 +2.1060e+000 -5.7593e-001 +3.9267e+000 -3.2497e+000 +1.8624e+000 -5.4744e+000 +5.4157e+000 +3.3289e+000 -2.9780e+000
20 +4.927511792e+002 +4.927511792e+002 +4.009611792e+002 +4.009611792e+002 +1.2743e+000 +1.8922e+000 -1.7169e+000 +1.7867e+000 -1.8703e+000 +2.8123e+000 -1.4115e-001 +3.3771e+000 -2.1282e+000 -5.5718e-001
68 +4.363076932e+002 +4.363076932e+002 +3.445176932e+002 +3.445176932e+002 +2.8440e+000 -2.6758e-001 -1.8666e+000 +1.8790e+000 -1.9040e+000 +7.9642e-001 -2.9135e+000 +4.8684e+000 -1.2362e+000 +1.1256e+000
69 +4.006748926e+002 +4.006748926e+002 +3.088848926e+002 +3.088848926e+002 +2.6310e+000 +2.5949e+000 -2.0815e+000 +4.3858e+000 +4.5346e+000 +2.8008e+000 -4.1660e-001 +2.9479e+000 -1.2500e-001 -4.0868e-001
104 +2.887254389e+002 +2.887254389e+002 +1.969354389e+002 +1.969354389e+002 +4.7188e+000 +1.4254e+000 +8.9214e-001 +1.0661e+000 -1.0751e+000 +2.5057e+000 -8.0396e-001 +3.5430e+000 +1.0042e+000 +8.7908e-001
114 +2.229279154e+002 +2.229279154e+002 +1.311379154e+002 +1.311379154e+002 +2.4179e+000 +3.0242e+000 -4.8248e+000 +1.0695e+000 +8.0439e-003 +1.3750e+000 -2.8432e+000 +3.1217e+000 +1.7870e+000 -9.0828e-001
129 +1.810139876e+002 +1.810139876e+002 +8.922398759e+001 +8.922398759e+001 +1.8354e+000 +2.3048e+000 -3.3680e+000 +3.9674e-001 -2.9971e-001 +1.8772e+000 -1.1643e+000 +4.2584e+000 +4.1180e+000 -2.6603e-001
253 +1.741813385e+002 +1.741813385e+002 +8.239133845e+001 +8.239133845e+001 +5.2924e+000 -5.5482e-001 -2.6421e+000 +1.9982e+000 +2.2149e+000 +4.5461e+000 -2.5098e+000 +3.1962e+000 +3.8616e+000 -4.2767e-001
267 +1.384791453e+002 +1.384791453e+002 +4.668914527e+001 +4.668914527e+001 +1.1278e+000 +1.6578e+000 -2.4414e+000 -3.8000e-001 +1.0580e+000 +3.9384e+000 -2.6325e+000 +3.8574e+000 +2.7550e+000 +9.1564e-001
313 +1.308395848e+002 +1.308395848e+002 +3.904958483e+001 +3.904958483e+001 +4.0062e+000 +2.3108e+000 -2.7770e+000 +7.3335e-001 +2.4874e+000 +2.8732e+000 -3.8581e+000 +3.1450e+000 +2.1325e+000 -6.5702e-001
379 +1.094500406e+002 +1.094500406e+002 +1.766004059e+001 +1.766004059e+001 +1.8078e+000 +2.1104e+000 -2.6602e+000 -7.5252e-001 +2.5189e+000 +2.4283e+000 -3.0156e+000 +2.8163e+000 +2.1225e+000 +9.5955e-001
445 +1.052498162e+002 +1.052498162e+002 +1.345981617e+001 +1.345981617e+001 -2.3277e+000 +3.6024e+000 -3.4556e+000 -1.4787e+000 +3.3159e+000 +3.6340e+000 -4.4153e+000 +2.2735e+000 +2.0344e+000 +2.6350e-001
483 +9.888457071e+001 +9.888457071e+001 +7.094570709e+000 +7.094570709e+000 +1.9785e+000 +2.2550e+000 -2.8691e+000 -2.7422e+000 +2.3495e+000 +2.8433e+000 -4.1595e+000 +1.6506e+000 +3.4351e+000 +4.1159e-001
512 +8.140207016e+001 +8.140207016e+001 -1.038792984e+001 -1.038792984e+001 -5.6079e-002 +3.4507e+000 -1.8335e+000 -1.4133e+000 +2.2142e+000 +3.2819e+000 -3.0080e+000 +2.4486e+000 +3.2037e+000 +5.3348e-002
555 +8.037198047e+001 +8.037198047e+001 -1.141801953e+001 -1.141801953e+001 -1.6289e-001 +2.7385e+000 -3.4718e+000 -1.9067e+000 +3.1946e+000 +4.5702e+000 -3.1868e+000 +2.3897e+000 +3.5279e+000 +5.9640e-002
590 +6.443332368e+001 +6.443332368e+001 -2.735667632e+001 -2.735667632e+001 +9.2165e-001 +2.2567e+000 -2.6777e+000 -1.5176e+000 +2.9624e+000 +3.3568e+000 -3.9958e+000 +2.5924e+000 +3.1129e+000 +2.9113e-001
792 +6.093857940e+001 +6.093857940e+001 -3.085142060e+001 -3.085142060e+001 +8.3883e-001 +2.2147e+000 -3.2007e+000 -2.0702e+000 +2.3234e+000 +3.4600e+000 -3.6550e+000 +3.9384e+000 +3.1968e+000 +3.3211e-001
807 +5.820285033e+001 +5.820285033e+001 -3.358714967e+001 -3.358714967e+001 +1.9630e+000 +2.0074e+000 -2.5292e+000 -2.0231e+000 +2.7478e+000 +3.3361e+000 -3.0241e+000 +2.7593e+000 +3.5019e+000 +4.7232e-001
830 +5.578120178e+001 +5.578120178e+001 -3.600879822e+001 -3.600879822e+001 -1.7791e+000 +2.4690e+000 -2.6486e+000 -2.0850e+000 +4.4901e+000 +3.3847e+000 -3.0466e+000 +3.5237e+000 +3.0683e+000 +4.5561e-001
923 +5.489876234e+001 +5.489876234e+001 -3.689123766e+001 -3.689123766e+001 -1.4905e-001 +2.1495e+000 -2.7668e+000 -1.9409e+000 +2.9332e+000 +2.4694e+000 -3.1313e+000 +3.1108e+000 +3.1945e+000 +4.3565e-001
1017 +4.416040018e+001 +4.416040018e+001 -4.762959982e+001 -4.762959982e+001 -1.0256e+000 +1.7957e+000 -2.6883e+000 -1.4808e+000 +3.2640e+000 +3.8314e+000 -2.6925e+000 +2.6517e+000 +3.4877e+000 +3.9687e-001
2114 +4.191822924e+001 +4.191822924e+001 -4.987177076e+001 -4.987177076e+001 -6.4584e-002 +2.2208e+000 -4.1274e+000 -2.1735e+000 +4.5417e+000 +3.4869e+000 -3.0936e+000 +2.7061e+000 +3.4788e+000 +2.6068e-001
2784 +3.883154925e+001 +3.883154925e+001 -5.295845075e+001 -5.295845075e+001 -6.3471e-002 +2.1213e+000 -3.3118e+000 -1.3923e+000 +3.9469e+000 +4.4023e+000 -2.6604e+000 +2.6691e+000 +2.8966e+000 +6.0167e-001
3781 +3.583664270e+001 +3.583664270e+001 -5.595335730e+001 -5.595335730e+001 -1.2381e-001 +2.3107e+000 -3.4282e+000 -2.0029e+000 +3.9991e+000 +4.4024e+000 -3.0963e+000 +2.5863e+000 +2.6970e+000 -6.2100e-001
5078 +3.530367450e+001 +3.530367450e+001 -5.648632550e+001 -5.648632550e+001 -1.1852e-001 +2.2677e+000 -4.9431e+000 -2.7400e+000 +4.5669e+000 +3.8686e+000 -2.9810e+000 +2.6185e+000 +3.1442e+000 +4.3892e-001
5090 +2.772402995e+001 +2.772402995e+001 -6.406597005e+001 -6.406597005e+001 -2.4980e-001 +2.2360e+000 -4.2175e+000 -2.7994e+000 +4.5990e+000 +4.4314e+000 -3.1006e+000 +2.5681e+000 +3.1303e+000 +3.9246e-001
5692 +2.379935192e+001 +2.379935192e+001 -6.799064808e+001 -6.799064808e+001 -1.3387e-001 +2.2232e+000 -3.4545e+000 -2.7368e+000 +4.6216e+000 +2.9185e+000 -3.1190e+000 +2.6716e+000 +3.0593e+000 +3.7192e-001
5703 +2.320661748e+001 +2.320661748e+001 -6.858338252e+001 -6.858338252e+001 -1.4746e-001 +2.2484e+000 -3.4319e+000 -2.7265e+000 +4.5660e+000 +3.3318e+000 -3.1039e+000 +2.5878e+000 +3.5942e+000 +3.0337e-002
6800 +1.521042611e+001 +1.521042611e+001 -7.657957389e+001 -7.657957389e+001 +1.7726e-002 +2.2630e+000 -2.7338e+000 -2.0738e+000 +4.5429e+000 +3.4198e+000 -3.1107e+000 +2.6402e+000 +3.0853e+000 +3.5095e-001
6985 +1.357915496e+001 +1.357915496e+001 -7.821084504e+001 -7.821084504e+001 -1.5573e-001 +2.2499e+000 -2.6891e+000 -2.0572e+000 +3.9872e+000 +3.8399e+000 -3.1275e+000 +2.6699e+000 +3.1299e+000 +3.3577e-001
8480 +1.306478864e+001 +1.306478864e+001 -7.872521136e+001 -7.872521136e+001 -9.8711e-002 +2.3011e+000 -2.7673e+000 -2.0587e+000 +3.9562e+000 +3.3335e+000 -3.0829e+000 +2.6449e+000 +3.0914e+000 +3.7000e-001
8702 +1.101889038e+001 +1.101889038e+001 -8.077110962e+001 -8.077110962e+001 -5.4632e-002 +2.2415e+000 -2.6709e+000 -2.0537e+000 +3.8873e+000 +3.4006e+000 -3.0698e+000 +2.6457e+000 +3.1034e+000 +3.6234e-001
9084 +1.070909702e+001 +1.070909702e+001 -8.108090298e+001 -8.108090298e+001 -7.8788e-003 +2.1944e+000 -2.6259e+000 -2.0479e+000 +3.9877e+000 +3.3504e+000 -3.1178e+000 +2.6800e+000 +3.1169e+000 +3.4223e-001
9156 +8.658881469e+000 +8.658881469e+000 -8.313111853e+001 -8.313111853e+001 -4.6126e-002 +2.2643e+000 -2.5951e+000 -2.0574e+000 +3.9434e+000 +3.4239e+000 -3.1233e+000 +2.6551e+000 +3.1094e+000 +3.4079e-001
9858 +8.239198062e+000 +8.239198062e+000 -8.355080194e+001 -8.355080194e+001 -5.8524e-002 +2.2533e+000 -2.6212e+000 -2.0398e+000 +3.3069e+000 +3.3732e+000 -3.0880e+000 +2.6889e+000 +3.1239e+000 +3.6138e-001
9871 +7.860825900e+000 +7.860825900e+000 -8.392917410e+001 -8.392917410e+001 -4.4812e-002 +2.2481e+000 -2.5961e+000 -2.0323e+000 +3.2906e+000 +3.3581e+000 -3.0875e+000 +2.6855e+000 +3.1315e+000 +3.5403e-001
9951 +7.744467257e+000 +7.744467257e+000 -8.404553274e+001 -8.404553274e+001 -5.9052e-002 +2.2497e+000 -2.5739e+000 -2.0297e+000 +3.3300e+000 +3.3686e+000 -3.0881e+000 +2.6853e+000 +3.1246e+000 +3.5865e-001
% function evaluation | noise-free fitness - Fopt (-1.277000000000e+001) | best noise-free fitness - Fopt | measured fitness | best measured fitness | x1 | x2...
1 +3.935440081e+003 +3.935440081e+003 +3.922670081e+003 +3.922670081e+003 +4.8136e+000 -1.3247e+000 -7.7148e+000 -3.9684e+000 -1.0073e+000 -6.8699e+000 +3.9075e+000 +8.2238e+000 +4.7238e+000 -4.6091e-001
2 +3.861543729e+002 +3.861543729e+002 +3.733843729e+002 +3.733843729e+002 +3.7897e+000 -2.8460e+000 -2.3092e+000 +5.3641e+000 -2.6101e+000 +1.1736e-001 +3.0959e+000 -3.1383e+000 +2.0431e+000 +1.5727e+000
13 +3.415640300e+002 +3.415640300e+002 +3.287940300e+002 +3.287940300e+002 +4.2285e+000 -3.6997e-001 -1.1584e+000 -7.6809e-001 -2.6509e+000 +3.2951e+000 +9.8924e-001 +1.2802e+000 +3.4086e+000 +1.7064e+000
28 +2.912326362e+002 +2.912326362e+002 +2.784626362e+002 +2.784626362e+002 -1.9351e-001 -5.8070e-001 -4.0777e+000 -1.0436e+000 -1.1714e+000 -2.3007e+000 +1.2366e+000 -6.8601e-002 +1.4387e+000 +8.7831e-001
35 +2.014359932e+002 +2.014359932e+002 +1.886659932e+002 +1.886659932e+002 +4.3323e+000 -6.8573e-001 -3.8692e+000 -3.9470e+000 -1.7377e+000 +8.2869e-001 +1.5829e+000 -8.3571e-002 +3.5260e+000 -6.5072e-001
44 +1.909131234e+002 +1.909131234e+002 +1.781431234e+002 +1.781431234e+002 +5.5619e-001 -5.4419e-001 -2.8675e+000 +1.3569e+000 -1.6355e+000 +1.0001e+000 +2.8791e+000 -1.7877e-001 +1.8768e+000 +1.2468e+000
66 +1.685680112e+002 +1.685680112e+002 +1.557980112e+002 +1.557980112e+002 +2.2844e+000 +6.1830e-001 -2.3021e+000 +4.6260e+000 -1.0153e+000 +2.5172e-001 +3.8418e+000 -8.5029e-001 +2.5717e+000 -3.7486e-001
107 +1.464310106e+002 +1.464310106e+002 +1.336610106e+002 +1.336610106e+002 +4.4676e+000 +1.7876e+000 -1.3723e+000 -3.0596e-001 -1.4474e+000 -1.1803e+000 +3.3355e+000 -1.5198e+000 +4.4265e+000 -1.8050e-001
195 +1.384034034e+002 +1.384034034e+002 +1.256334034e+002 +1.256334034e+002 +3.4594e+000 +1.9138e+000 -5.1931e+000 +8.6934e-001 -1.6590e+000 -2.7071e-001 +1.7316e+000 +1.9256e-001 +3.6533e+000 -1.8367e-001
238 +1.375487001e+002 +1.375487001e+002 +1.247787001e+002 +1.247787001e+002 +3.7673e+000 -3.5926e-001 -1.4762e+000 -3.1423e+000 -2.1281e+000 +2.1590e+000 +3.0711e+000 +1.0628e+000 +2.9199e+000 -9.2591e-001
257 +1.079566556e+002 +1.079566556e+002 +9.518665560e+001 +9.518665560e+001 +3.8408e+000 -3.9243e-001 -2.7390e+000 -3.7468e-001 -2.4002e+000 +7.2018e-001 +3.9244e+000 -2.0599e+000 +3.9934e+000 -9.0180e-001
286 +9.428286683e+001 +9.428286683e+001 +8.151286683e+001 +8.151286683e+001 +6.3740e+000 +1.5054e+000 -2.1245e+000 +9.8327e-001 -6.8887e-001 +1.4795e+000 +3.5344e+000 -1.5067e+000 +3.3109e+000 -2.0982e+000
307 +9.086816503e+001 +9.086816503e+001 +7.809816503e+001 +7.809816503e+001 +4.4427e+000 +6.8702e-001 -4.5139e+000 +3.2871e-002 -2.6494e+000 +1.9005e+000 +2.1638e+000 -1.2570e+000 +3.2698e+000 -8.7352e-001
465 +8.178231016e+001 +8.178231016e+001 +6.901231016e+001 +6.901231016e+001 +3.8320e+000 -2.8428e-001 -2.8382e+000 -2.8602e-001 -2.7935e+000 +1.5755e+000 +3.4484e+000 -2.7085e+000 +3.8208e+000 -4.2833e-001
523 +7.833336505e+001 +7.833336505e+001 +6.556336505e+001 +6.556336505e+001 +3.4664e+000 -1.2737e+000 -3.6185e+000 -9.7612e-001 -2.8615e+000 +2.8019e+000 +3.4359e+000 -2.0668e+000 +2.6565e+000 -1.2168e+000
676 +6.196764920e+001 +6.196764920e+001 +4.919764920e+001 +4.919764920e+001 +2.7585e+000 -4.1349e-001 -2.7837e+000 -9.4166e-002 -9.1351e-001 +2.0566e+000 +2.9347e+000 -1.1910e+000 +3.0054e+000 -4.4331e-001
744 +5.699954932e+001 +5.699954932e+001 +4.422954932e+001 +4.422954932e+001 +2.5758e+000 +4.1275e-001 -2.1523e+000 +7.5048e-001 -1.5955e+000 +2.3601e+000 +3.1070e+000 -1.0632e+000 +2.9602e+000 -8.4582e-001
1147 +4.932538854e+001 +4.932538854e+001 +3.655538854e+001 +3.655538854e+001 +3.6500e+000 +1.7098e+000 -3.3967e+000 +2.7049e-001 -2.6931e+000 +1.8932e+000 +3.3951e+000 -7.1357e-001 +3.4505e+000 -4.6606e-001
1347 +4.376256697e+001 +4.376256697e+001 +3.099256697e+001 +3.099256697e+001 +3.7852e+000 +1.1949e+000 -2.2773e+000 +9.8287e-002 -1.7439e+000 +2.5008e+000 +2.5304e+000 -1.1200e+000 +2.6007e+000 -8.8300e-001
2465 +3.860317283e+001 +3.860317283e+001 +2.583317283e+001 +2.583317283e+001 +3.5553e+000 +1.4346e+000 -1.6399e+000 +2.5973e-001 -1.7722e+000 +2.6436e+000 +2.9735e+000 -1.1921e+000 +3.0189e+000 -4.8737e-001
2585 +3.296229233e+001 +3.296229233e+001 +2.019229233e+001 +2.019229233e+001 +3.8518e+000 +1.4933e+000 -2.1804e+000 +1.8686e-001 -1.6486e+000 +2.5730e+000 +2.9715e+000 -4.0085e-001 +2.9554e+000 -5.3340e-001
6121 +2.530908183e+001 +2.530908183e+001 +1.253908183e+001 +1.253908183e+001 +3.4678e+000 +1.5102e+000 -2.2749e+000 +2.5739e-001 -1.6102e+000 +1.9820e+000 +2.8971e+000 -1.1056e+000 +3.4644e+000 -8.7693e-001
7568 +2.134626882e+001 +2.134626882e+001 +8.576268818e+000 +8.576268818e+000 +3.6640e+000 +1.3670e+000 -2.1427e+000 +2.2837e-001 -2.3307e+000 +2.4388e+000 +3.8600e+000 -7.7502e-001 +3.0360e+000 -8.4279e-001
% function evaluation | noise-free fitness - Fopt (-1.000000000000e+003) | best noise-free fitness - Fopt | measured fitness | best measured fitness | x1 | x2...
1 +4.478237079e+002 +4.478237079e+002 -5.521762921e+002 -5.521762921e+002 -4.0678e+000 -5.9921e+000 -3.1627e+000 -7.6374e+000 -4.8892e+000 +4.5985e+000 +6.3520e+000 +1.4225e+000 +1.1558e+000 -2.0407e+000
9 +3.973465232e+002 +3.973465232e+002 -6.026534768e+002 -6.026534768e+002 -2.5756e-001 -5.1672e+000 -2.0972e+000 -2.8358e+000 -2.8247e+000 -2.9140e+000 +2.0511e+000 +1.3977e+000 -1.9940e+000 -3.3629e+000
13 +3.619379033e+002 +3.619379033e+002 -6.380620967e+002 -6.380620967e+002 -2.0744e+000 -3.4941e+000 +1.1313e+000 +2.7217e+000 -1.8304e-002 +9.5687e-001 +6.0807e+000 +2.8520e+000 -1.0860e+000 -4.7381e+000
21 +2.314498179e+002 +2.314498179e+002 -7.685501821e+002 -7.685501821e+002 -1.9737e+000 -8.1818e-001 -2.4685e+000 +2.4267e-001 +1.0578e+000 +1.9409e+000 +4.4314e+000 +2.3157e+000 -8.5827e-001 -3.8766e+000
57 +2.283568075e+002 +2.283568075e+002 -7.716431925e+002 -7.716431925e+002 -8.7935e+000 -6.0299e+000 -8.3074e-001 -1.7077e+000 +4.4913e-001 +3.4269e-001 +2.6811e+000 +2.8472e+000 +9.9861e-001 -2.8182e+000
110 +1.850130773e+002 +1.850130773e+002 -8.149869227e+002 -8.149869227e+002 -3.6920e+000 -5.4748e+000 -3.4196e+000 -2.1218e+000 +1.4764e+000 +1.0032e+000 +5.6941e+000 +4.1109e+000 +2.6745e+000 +5.0549e-001
169 +1.501630456e+002 +1.501630456e+002 -8.498369544e+002 -8.498369544e+002 -2.8507e+000 -3.3226e+000 +7.0323e-001 -9.8465e-001 -1.8615e+000 -1.4511e+000 +5.0352e+000 +2.1852e+000 +2.2158e+000 -9.8932e-001
191 +1.455669066e+002 +1.455669066e+002 -8.544330934e+002 -8.544330934e+002 -1.1691e+000 -4.2655e+000 -3.6382e+000 -2.1359e+000 -3.5044e-001 +2.7196e-001 +1.4253e+000 +2.2290e+000 +7.5304e-001 -6.7061e-001
259 +1.310719273e+002 +1.310719273e+002 -8.689280727e+002 -8.689280727e+002 +1.2315e+000 -1.9182e+000 -1.6298e+000 +9.8377e-001 -2.1859e+000 +6.3431e-002 +4.1968e+000 +1.3381e+000 +9.6368e-001 -3.8892e-001
322 +1.256777674e+002 +1.256777674e+002 -8.743222326e+002 -8.743222326e+002 -2.0021e+000 -3.4161e+000 -4.5686e-001 +3.8628e-001 +3.3282e-001 -1.7320e+000 +3.9329e+000 +1.5713e+000 +1.4163e+000 -1.8735e+000
406 +1.136671942e+002 +1.136671942e+002 -8.863328058e+002 -8.863328058e+002 +9.8624e-001 -1.6335e+000 +8.9059e-001 -6.1808e-001 -8.1252e-001 +4.3061e-002 +3.0057e+000 +2.4514e+000 +1.2640e+000 -1.1597e+000
433 +1.020357360e+002 +1.020357360e+002 -8.979642640e+002 -8.979642640e+002 +5.7357e-001 -2.0478e+000 -8.0028e-001 +1.0651e-001 -3.1388e-001 -2.9328e-001 +4.2529e+000 +1.9247e+000 +1.0713e+000 -2.9780e-001
454 +8.588979250e+001 +8.588979250e+001 -9.141102075e+002 -9.141102075e+002 -2.7982e-001 -2.9563e+000 -1.1413e+000 -2.0332e+000 -8.0252e-001 -5.9067e-001 +4.0803e+000 +2.1463e+000 +6.8668e-001 -1.5985e+000
496 +7.165347939e+001 +7.165347939e+001 -9.283465206e+002 -9.283465206e+002 -8.2898e-002 -4.7001e+000 -1.1820e+000 -8.1128e-001 -1.3767e+000 -2.3359e-001 +3.3611e+000 +2.4613e+000 +2.0945e+000 -9.2104e-001
828 +5.904525984e+001 +5.904525984e+001 -9.409547402e+002 -9.409547402e+002 -9.5843e-001 -2.8143e+000 -1.2311e+000 -4.1636e-001 -2.7816e+000 +9.9957e-003 +3.4696e+000 +3.4111e+000 +1.8835e+000 -1.5928e+000
918 +5.863572684e+001 +5.863572684e+001 -9.413642732e+002 -9.413642732e+002 +9.8939e-002 -3.7919e+000 -7.9059e-001 -5.2125e-001 -1.3759e+000 -5.2207e-001 +3.3981e+000 +2.8383e+000 +1.9339e+000 -1.2859e+000
974 +4.641444403e+001 +4.641444403e+001 -9.535855560e+002 -9.535855560e+002 +4.0943e-002 -2.8066e+000 -7.9976e-001 -5.4320e-001 -1.4226e+000 -1.1540e+000 +3.5097e+000 +3.2782e+000 +1.4564e+000 -1.2610e+000
997 +4.522949422e+001 +4.522949422e+001 -9.547705058e+002 -9.547705058e+002 +7.1001e-002 -9.7992e-001 -5.2278e-001 -3.8279e-001 -1.3445e+000 +4.1335e-001 +3.3497e+000 +2.8710e+000 +1.4511e+000 -1.2274e+000
2228 +3.409434243e+001 +3.409434243e+001 -9.659056576e+002 -9.659056576e+002 -7.2919e-002 -4.2527e+000 -1.8230e+000 +1.3153e-001 -1.4736e+000 +9.4432e-001 +2.9544e+000 +2.9111e+000 +1.1793e+000 -9.2799e-001
3226 +3.183569051e+001 +3.183569051e+001 -9.681643095e+002 -9.681643095e+002 +6.5576e-003 -3.6536e+000 -2.4436e+000 +1.7203e-001 -2.3923e+000 +4.3820e-001 +3.4208e+000 +3.3012e+000 +1.4578e+000 -9.0968e-001
3548 +1.569606851e+001 +1.569606851e+001 -9.843039315e+002 -9.843039315e+002 -1.0445e+000 -2.7394e+000 -2.5699e+000 +2.1617e-001 -2.0530e+000 +5.1625e-001 +3.4042e+000 +3.3593e+000 +1.9279e+000 -8.8458e-001
8736 +1.410183720e+001 +1.410183720e+001 -9.858981628e+002 -9.858981628e+002 -9.8626e-001 -2.8575e+000 -1.7853e+000 +1.5749e-001 -2.0924e+000 +4.2112e-001 +3.4477e+000 +3.2517e+000 +1.8706e+000 -9.4994e-001
9074 +1.227245159e+001 +1.227245159e+001 -9.877275484e+002 -9.877275484e+002 -9.7993e-001 -2.8499e+000 -1.8306e+000 -5.5084e-001 -2.0234e+000 +4.4203e-001 +3.4081e+000 +3.3438e+000 +1.8960e+000 -3.0331e-001
9956 +1.014345364e+001 +1.014345364e+001 -9.898565464e+002 -9.898565464e+002 -9.0631e-001 -2.7900e+000 -1.7814e+000 +1.4369e-001 -2.0227e+000 +4.3304e-001 +3.4573e+000 +3.3824e+000 +1.8782e+000 -5.6202e-001
% function evaluation | noise-free fitness - Fopt (-1.000000000000e+003) | best noise-free fitness - Fopt | measured fitness | best measured fitness | x1 | x2...
1 +3.520354721e+003 +3.520354721e+003 +2.520354721e+003 +2.520354721e+003 +1.5623e+000 -9.2402e+000 +1.3308e+000 -7.7633e+000 -6.7247e+000 -8.1257e+000 -6.5508e+000 +1.2086e+000 +3.4653e+000 +8.2656e+000
3 +1.015254180e+003 +1.015254180e+003 +1.525417960e+001 +1.525417960e+001 +2.8014e+000 +1.8471e-002 +7.9267e+000 -4.3550e+000 +1.9892e+000 +6.7081e-001 -1.0667e+000 -6.3818e+000 -3.1336e-001 +3.9816e+000
23 +9.500948363e+002 +9.500948363e+002 -4.990516366e+001 -4.990516366e+001 +2.4632e+000 +1.0838e+000 +5.1929e+000 -2.5970e+000 +6.9123e+000 +1.3550e-001 -4.8193e+000 -9.7442e-001 +2.8532e+000 +9.5457e-001
25 +7.766429253e+002 +7.766429253e+002 -2.233570747e+002 -2.233570747e+002 +2.2455e+000 -8.1215e-001 +2.0985e+000 -4.2623e+000 +1.5540e-001 +3.2606e+000 -5.1267e+000 +1.4355e-002 +5.2343e+000 +2.0473e+000
37 +6.959736178e+002 +6.959736178e+002 -3.040263822e+002 -3.040263822e+002 -5.5944e-001 -1.5486e+000 +2.2946e+000 -3.3357e+000 +4.0944e+000 +4.1573e+000 -4.1541e+000 +6.3015e-001 +6.6671e-001 +1.5206e+000
48 +3.640081730e+002 +3.640081730e+002 -6.359918270e+002 -6.359918270e+002 -1.7117e+000 +2.5380e+000 +2.5153e+000 -4.9006e+000 -1.4530e+000 -4.2894e+000 -3.5621e+000 +2.6788e+000 +3.3169e+000 +2.0077e-001
72 +2.291719846e+002 +2.291719846e+002 -7.708280154e+002 -7.708280154e+002 -5.1063e-002 -4.0575e+000 -1.3662e+000 +2.4721e+000 +1.8327e+000 -2.5395e+000 -1.3955e+000 +3.2317e+000 +9.9313e-001 +1.1085e+000
252 +2.270144133e+002 +2.270144133e+002 -7.729855867e+002 -7.729855867e+002 +1.1983e+000 -2.4805e+000 +1.5573e+000 +5.6668e+000 -1.2197e+000 -3.5691e+000 -2.0809e+000 +1.0867e+000 +3.3825e+000 +9.0246e-001
299 +2.211948277e+002 +2.211948277e+002 -7.788051723e+002 -7.788051723e+002 +1.3743e+000 -1.3548e+000 +2.7981e+000 +1.6252e+000 +1.0761e+000 -6.3099e-001 +2.6258e+000 +1.5355e+000 +2.6600e+000 +2.3495e+000
318 +2.128219848e+002 +2.128219848e+002 -7.871780152e+002 -7.871780152e+002 -6.3112e+000 -1.6310e+000 +4.4089e+000 +8.1645e-001 +6.4858e-001 -1.9369e+000 -2.0126e+000 +4.9932e-001 +1.4686e+000 +2.3600e+000
338 +1.596228876e+002 +1.596228876e+002 -8.403771124e+002 -8.403771124e+002 -1.5291e+000 -1.5691e+000 +9.0670e-001 +3.6766e+000 -1.7935e+000 -3.0109e+000 -2.1841e+000 +2.4458e+000 +1.6837e+000 +1.1345e+000
353 +1.493199527e+002 +1.493199527e+002 -8.506800473e+002 -8.506800473e+002 -7.7456e-003 -3.1671e-001 +1.0525e+000 +4.4464e+000 +1.3831e-001 -5.3001e-001 -2.0185e+000 +1.4804e+000 +2.4083e+000 +2.4941e+000
357 +1.270129344e+002 +1.270129344e+002 -8.729870656e+002 -8.729870656e+002 -2.5273e-001 -1.9891e+000 +5.3101e-001 +6.6113e-001 +9.9519e-001 -3.3586e+000 -1.2880e+000 +1.8743e+000 +2.9596e+000 +2.5761e+000
506 +1.079712341e+002 +1.079712341e+002 -8.920287659e+002 -8.920287659e+002 -3.8805e-001 -1.3693e+000 +6.3135e-001 +4.2538e+000 -3.8737e-001 -3.9292e-001 -1.3405e-001 +2.8623e+000 +1.2534e+000 +1.3866e+000
509 +8.790796371e+001 +8.790796371e+001 -9.120920363e+002 -9.120920363e+002 -2.6663e+000 -4.0508e-001 +1.4907e+000 +1.0999e+000 -8.4860e-001 -1.7155e+000 +2.1532e-001 +2.3790e+000 +1.9705e+000 +2.1817e+000
556 +7.236292262e+001 +7.236292262e+001 -9.276370774e+002 -9.276370774e+002 -2.1245e+000 +6.5541e-001 +2.0969e+000 +4.2308e+000 +8.8715e-002 -1.9206e+000 +5.5572e-001 +2.7351e+000 +1.5473e+000 +8.9159e-001
579 +5.866130829e+001 +5.866130829e+001 -9.413386917e+002 -9.413386917e+002 -2.4455e-001 -9.8560e-001 +4.1739e-002 +2.6641e+000 -7.5839e-001 -2.2642e+000 -8.4907e-001 +2.8695e+000 +2.0774e+000 +1.4897e+000
1339 +5.573300350e+001 +5.573300350e+001 -9.442669965e+002 -9.442669965e+002 -3.1936e+000 -1.0421e+000 +1.7342e+000 +4.6927e+000 -1.2906e+000 -1.8434e+000 -8.5301e-001 +2.8329e+000 +1.9237e+000 +2.5402e+000
1357 +4.712721772e+001 +4.712721772e+001 -9.528727823e+002 -9.528727823e+002 -3.2284e+000 -1.2760e+000 +2.1014e+000 +4.3132e+000 -7.1120e-001 -1.2531e+000 -3.9105e-001 +3.1904e+000 +2.0231e+000 +2.3845e+000
2102 +4.330736847e+001 +4.330736847e+001 -9.566926315e+002 -9.566926315e+002 -3.0884e+000 -1.1272e-001 +2.3183e+000 +4.2013e+000 -9.2165e-001 -1.6089e+000 -2.7017e-001 +2.8548e+000 +1.9980e+000 +2.4662e+000
2289 +3.981167751e+001 +3.981167751e+001 -9.601883225e+002 -9.601883225e+002 -2.3759e+000 -3.0631e-001 +2.2988e+000 +4.2224e+000 -6.7273e-001 -1.2940e+000 -4.0636e-001 +2.3131e+000 +1.6779e+000 +2.1249e+000
7188 +3.664209279e+001 +3.664209279e+001 -9.633579072e+002 -9.633579072e+002 -3.3188e+000 +6.2686e-001 +2.3859e+000 +4.2108e+000 +3.1606e-001 -1.8301e+000 -7.4962e-001 +2.6835e+000 +1.2572e+000 +2.1545e+000
