% function evaluation | noise-free fitness - Fopt (1.491500000000e+002) | best noise-free fitness - Fopt | measured fitness | best measured fitness | x1 | x2...
1 +9.984056418e+004 +9.984056418e+004 +9.998971418e+004 +9.998971418e+004 +4.2880e+000 -3.7038e+000 -2.1991e+000
2 +3.493545518e+004 +3.493545518e+004 +3.508460518e+004 +3.508460518e+004 +3.1909e+000 -1.0125e+000 -6.9339e+000
7 +3.171816312e+004 +3.171816312e+004 +3.186731312e+004 +3.186731312e+004 +3.1003e+000 -1.9081e+000 -5.3467e-001
9 +2.069850623e+003 +2.069850623e+003 +2.219000623e+003 +2.219000623e+003 +9.7009e-001 -1.7353e+000 -1.6975e+000
20 +1.375698721e+003 +1.375698721e+003 +1.524848721e+003 +1.524848721e+003 -2.4189e-001 -1.4690e+000 -4.5999e+000
24 +1.053351469e+003 +1.053351469e+003 +1.202501469e+003 +1.202501469e+003 -1.4592e+000 -9.8331e-001 -4.0648e+000
35 +2.490924665e+002 +2.490924665e+002 +3.982424665e+002 +3.982424665e+002 -2.3481e+000 -9.0197e-001 -1.7555e+000
40 +2.385539018e+001 +2.385539018e+001 +1.730053902e+002 +1.730053902e+002 -6.5878e-001 -8.7907e-001 -1.0860e+000
116 +1.439687117e+001 +1.439687117e+001 +1.635468712e+002 +1.635468712e+002 -2.0231e+000 -3.1965e-001 -1.7944e-001
162 +9.765229162e+000 +9.765229162e+000 +1.589152292e+002 +1.589152292e+002 -2.1173e+000 -4.0320e-001 -2.1589e-001
181 +5.145888553e+000 +5.145888553e+000 +1.542958886e+002 +1.542958886e+002 -1.9866e+000 -4.0719e-001 -1.2235e-001
210 +3.859043882e+000 +3.859043882e+000 +1.530090439e+002 +1.530090439e+002 -2.7667e-002 -4.2712e-001 -2.5143e-001
529 +3.799620178e+000 +3.799620178e+000 +1.529496202e+002 +1.529496202e+002 -1.9965e+000 -4.7106e-001 -1.6665e-001
2016 +3.715180009e+000 +3.715180009e+000 +1.528651800e+002 +1.528651800e+002 -1.9744e+000 -5.1543e-001 -2.4860e-001
2990 +3.630078608e+000 +3.630078608e+000 +1.527800786e+002 +1.527800786e+002 -1.9487e+000 -5.6391e-001 -3.2858e-001
% function evaluation | noise-free fitness - Fopt (-1.000000000000e+003) | best noise-free fitness - Fopt | measured fitness | best measured fitness | x1 | x2...
1 +1.193507803e+005 +1.193507803e+005 +1.183507803e+005 +1.183507803e+005 -5.1977e+000 -5.4307e+000 -1.7656e+000
2 +5.253703396e+004 +5.253703396e+004 +5.153703396e+004 +5.153703396e+004 -3.8372e+000 -4.0948e+000 -3.7444e+000
3 +4.129594144e+004 +4.129594144e+004 +4.029594144e+004 +4.029594144e+004 -7.4573e-001 -3.5295e+000 -1.0697e+000
5 +2.157971276e+003 +2.157971276e+003 +1.157971276e+003 +1.157971276e+003 -4.5681e+000 -1.8966e-001 -3.8970e+000
27 +7.749941614e+002 +7.749941614e+002 -2.250058386e+002 -2.250058386e+002 -4.0920e+000 +9.3536e-002 -2.2444e+000
48 +4.485836599e+002 +4.485836599e+002 -5.514163401e+002 -5.514163401e+002 -3.4245e+000 -1.6998e+000 +4.4606e+000
50 +3.257324599e+002 +3.257324599e+002 -6.742675401e+002 -6.742675401e+002 -3.4994e+000 -7.3487e-001 -1.1123e-001
51 +1.897271920e+002 +1.897271920e+002 -8.102728080e+002 -8.102728080e+002 -3.2758e+000 -3.9401e-001 -1.8187e-001
58 +1.599010158e+002 +1.599010158e+002 -8.400989842e+002 -8.400989842e+002 -3.5529e+000 -6.7905e-001 +2.0751e+000
72 +1.482694965e+002 +1.482694965e+002 -8.517305035e+002 -8.517305035e+002 -4.5840e+000 -4.7206e-001 +1.0397e+000
73 +1.213130997e+002 +1.213130997e+002 -8.786869003e+002 -8.786869003e+002 -3.7331e+000 -5.9767e-001 +3.7944e-001
76 +1.005887739e+002 +1.005887739e+002 -8.994112261e+002 -8.994112261e+002 -3.8137e+000 -6.4593e-001 +1.7343e+000
78 +3.806907631e+001 +3.806907631e+001 -9.619309237e+002 -9.619309237e+002 -3.9272e+000 -3.9784e-001 +7.6986e-001
106 +3.019901050e+001 +3.019901050e+001 -9.698009895e+002 -9.698009895e+002 -3.7905e+000 -2.2135e-001 +1.0178e+000
109 +2.949677826e+001 +2.949677826e+001 -9.705032217e+002 -9.705032217e+002 -3.6958e+000 -3.1496e-001 +7.4287e-001
120 +2.308154963e+001 +2.308154963e+001 -9.769184504e+002 -9.769184504e+002 -3.4904e+000 +2.2980e-002 +1.8148e-001
123 +1.902445829e+001 +1.902445829e+001 -9.809755417e+002 -9.809755417e+002 -3.5193e+000 -1.2602e-001 +6.1588e-001
131 +1.277387375e+001 +1.277387375e+001 -9.872261262e+002 -9.872261262e+002 -3.7822e+000 +1.0943e-001 +8.4869e-001
132 +1.081929640e+001 +1.081929640e+001 -9.891807036e+002 -9.891807036e+002 -3.4363e+000 +6.6500e-001 +7.8544e-001
134 +2.973541365e+000 +2.973541365e+000 -9.970264586e+002 -9.970264586e+002 -3.5726e+000 +3.8626e-001 +5.8705e-001
151 +2.461461306e+000 +2.461461306e+000 -9.975385387e+002 -9.975385387e+002 -3.9892e+000 +1.6609e-001 +5.4562e-001
153 +1.167862764e+000 +1.167862764e+000 -9.988321372e+002 -9.988321372e+002 -3.4775e+000 +3.2458e-001 +5.6453e-001
367 +1.112086061e+000 +1.112086061e+000 -9.988879139e+002 -9.988879139e+002 -3.4523e+000 +3.2621e-001 +5.3264e-001
413 +1.082775793e+000 +1.082775793e+000 -9.989172242e+002 -9.989172242e+002 -3.4520e+000 +3.3085e-001 +5.4311e-001
426 +1.067742696e+000 +1.067742696e+000 -9.989322573e+002 -9.989322573e+002 -3.4350e+000 +3.4011e-001 +5.3715e-001
437 +1.032556051e+000 +1.032556051e+000 -9.989674439e+002 -9.989674439e+002 -3.4329e+000 +3.4955e-001 +5.4574e-001
467 +1.021689501e+000 +1.021689501e+000 -9.989783105e+002 -9.989783105e+002 -3.4237e+000 +3.5560e-001 +5.4329e-001
469 +9.845326952e-001 +9.845326952e-001 -9.990154673e+002 -9.990154673e+002 -3.4062e+000 +3.6223e-001 +5.5621e-001
502 +9.763312333e-001 +9.763312333e-001 -9.990236688e+002 -9.990236688e+002 -3.4106e+000 +3.6538e-001 +5.5617e-001
571 +9.517197196e-001 +9.517197196e-001 -9.990482803e+002 -9.990482803e+002 -3.4047e+000 +3.7604e-001 +5.6186e-001
662 +9.322628281e-001 +9.322628281e-001 -9.990677372e+002 -9.990677372e+002 -3.3869e+000 +3.8075e-001 +5.6220e-001
678 +9.035241247e-001 +9.035241247e-001 -9.990964759e+002 -9.990964759e+002 -3.3805e+000 +3.9529e-001 +5.6196e-001
699 +8.806877359e-001 +8.806877359e-001 -9.991193123e+002 -9.991193123e+002 -3.3603e+000 +4.2649e-001 +5.6599e-001
719 +8.681994922e-001 +8.681994922e-001 -9.991318005e+002 -9.991318005e+002 -3.3656e+000 +4.0975e-001 +5.6723e-001
778 +8.492064150e-001 +8.492064150e-001 -9.991507936e+002 -9.991507936e+002 -3.3562e+000 +4.1564e-001 +5.7057e-001
797 +8.129501186e-001 +8.129501186e-001 -9.991870499e+002 -9.991870499e+002 -3.3460e+000 +4.2717e-001 +5.8108e-001
877 +8.071646591e-001 +8.071646591e-001 -9.991928353e+002 -9.991928353e+002 -3.3440e+000 +4.3754e-001 +5.8178e-001
912 +7.865535503e-001 +7.865535503e-001 -9.992134464e+002 -9.992134464e+002 -3.3379e+000 +4.4266e-001 +5.8778e-001
962 +7.742105185e-001 +7.742105185e-001 -9.992257895e+002 -9.992257895e+002 -3.3319e+000 +4.4431e-001 +5.8942e-001
1017 +7.573232554e-001 +7.573232554e-001 -9.992426767e+002 -9.992426767e+002 -3.3205e+000 +4.4966e-001 +5.9318e-001
1161 +7.409177683e-001 +7.409177683e-001 -9.992590822e+002 -9.992590822e+002 -3.3168e+000 +4.5589e-001 +5.9894e-001
1339 +7.218924099e-001 +7.218924099e-001 -9.992781076e+002 -9.992781076e+002 -3.3005e+000 +4.6862e-001 +5.9939e-001
1438 +7.078021190e-001 +7.078021190e-001 -9.992921979e+002 -9.992921979e+002 -3.3025e+000 +4.7569e-001 +6.0346e-001
1539 +6.889048851e-001 +6.889048851e-001 -9.993110951e+002 -9.993110951e+002 -3.2970e+000 +4.7913e-001 +6.1257e-001
1626 +6.709594884e-001 +6.709594884e-001 -9.993290405e+002 -9.993290405e+002 -3.2882e+000 +4.8719e-001 +6.1705e-001
1707 +6.587925345e-001 +6.587925345e-001 -9.993412075e+002 -9.993412075e+002 -3.2861e+000 +4.9341e-001 +6.2295e-001
1779 +6.434161099e-001 +6.434161099e-001 -9.993565839e+002 -9.993565839e+002 -3.2794e+000 +5.0120e-001 +6.2588e-001
1862 +6.294258747e-001 +6.294258747e-001 -9.993705741e+002 -9.993705741e+002 -3.2737e+000 +5.0747e-001 +6.3109e-001
1928 +6.162155442e-001 +6.162155442e-001 -9.993837845e+002 -9.993837845e+002 -3.2549e+000 +5.1753e-001 +6.3371e-001
2010 +6.013631956e-001 +6.013631956e-001 -9.993986368e+002 -9.993986368e+002 -3.2600e+000 +5.2246e-001 +6.3737e-001
2053 +5.877409169e-001 +5.877409169e-001 -9.994122591e+002 -9.994122591e+002 -3.2533e+000 +5.3496e-001 +6.4248e-001
2098 +5.740271362e-001 +5.740271362e-001 -9.994259729e+002 -9.994259729e+002 -3.2489e+000 +5.3427e-001 +6.4938e-001
2151 +5.535382732e-001 +5.535382732e-001 -9.994464617e+002 -9.994464617e+002 -3.2407e+000 +5.4504e-001 +6.5739e-001
2182 +5.436442296e-001 +5.436442296e-001 -9.994563558e+002 -9.994563558e+002 -3.2379e+000 +5.5377e-001 +6.6217e-001
2392 +5.357257482e-001 +5.357257482e-001 -9.994642743e+002 -9.994642743e+002 -3.2320e+000 +5.5401e-001 +6.6474e-001
2548 +5.232553218e-001 +5.232553218e-001 -9.994767447e+002 -9.994767447e+002 -3.2252e+000 +5.6128e-001 +6.6835e-001
2655 +5.121249216e-001 +5.121249216e-001 -9.994878751e+002 -9.994878751e+002 -3.2230e+000 +5.6800e-001 +6.7368e-001
2746 +4.958853084e-001 +4.958853084e-001 -9.995041147e+002 -9.995041147e+002 -3.2066e+000 +5.8196e-001 +6.7837e-001
2898 +4.884421156e-001 +4.884421156e-001 -9.995115579e+002 -9.995115579e+002 -3.2112e+000 +5.7993e-001 +6.8744e-001
2966 +4.779747515e-001 +4.779747515e-001 -9.995220252e+002 -9.995220252e+002 -3.2039e+000 +5.8732e-001 +6.8796e-001
% function evaluation | noise-free fitness - Fopt (9.862000000000e+001) | best noise-free fitness - Fopt | measured fitness | best measured fitness | x1 | x2...
1 +4.923847974e+004 +4.923847974e+004 +4.933709974e+004 +4.933709974e+004 +5.4944e-001 +2.9933e+000 +5.6933e+000
4 +1.848504527e+003 +1.848504527e+003 +1.947124527e+003 +1.947124527e+003 -2.4089e-001 +4.0102e-002 +1.9417e+000
6 +7.207266242e+000 +7.207266242e+000 +1.058272662e+002 +1.058272662e+002 -3.6341e-001 +2.7837e-002 +5.9612e+000
169 +4.291774566e+000 +4.291774566e+000 +1.029117746e+002 +1.029117746e+002 -2.5765e+000 -1.5893e+000 +1.8473e+000
188 +3.257200631e+000 +3.257200631e+000 +1.018772006e+002 +1.018772006e+002 -2.5053e+000 -1.6850e+000 +1.6652e+000
244 +3.113306469e+000 +3.113306469e+000 +1.017333065e+002 +1.017333065e+002 -2.3317e+000 -1.8136e+000 +1.5438e+000
246 +3.058458246e+000 +3.058458246e+000 +1.016784582e+002 +1.016784582e+002 -2.3207e+000 -1.9051e+000 +1.4665e+000
254 +2.894799438e+000 +2.894799438e+000 +1.015147994e+002 +1.015147994e+002 -2.3076e+000 -1.8752e+000 +1.5447e+000
274 +2.864137758e+000 +2.864137758e+000 +1.014841378e+002 +1.014841378e+002 -2.3176e+000 -1.8949e+000 +1.4986e+000
303 +2.811893993e+000 +2.811893993e+000 +1.014318940e+002 +1.014318940e+002 -2.3039e+000 -1.8980e+000 +1.5014e+000
431 +2.748558512e+000 +2.748558512e+000 +1.013685585e+002 +1.013685585e+002 -2.2630e+000 -1.9237e+000 +1.4962e+000
473 +2.662277732e+000 +2.662277732e+000 +1.012822777e+002 +1.012822777e+002 -2.1983e+000 -1.9809e+000 +1.4833e+000
542 +2.621424912e+000 +2.621424912e+000 +1.012414249e+002 +1.012414249e+002 -2.1611e+000 -1.9963e+000 +1.4708e+000
637 +2.568156599e+000 +2.568156599e+000 +1.011881566e+002 +1.011881566e+002 -2.1258e+000 -2.0197e+000 +1.4609e+000
656 +2.511244991e+000 +2.511244991e+000 +1.011312450e+002 +1.011312450e+002 -2.0758e+000 -2.0486e+000 +1.4676e+000
711 +2.298906404e+000 +2.298906404e+000 +1.009189064e+002 +1.009189064e+002 -1.9084e+000 -2.1110e+000 +1.4751e+000
724 +2.184872169e+000 +2.184872169e+000 +1.008048722e+002 +1.008048722e+002 -1.8147e+000 -2.0983e+000 +1.4605e+000
732 +1.612168309e+000 +1.612168309e+000 +1.002321683e+002 +1.002321683e+002 -1.6294e+000 -2.1127e+000 +1.4470e+000
783 +1.188813662e+000 +1.188813662e+000 +9.980881366e+001 +9.980881366e+001 -1.4446e+000 -1.9919e+000 +1.4710e+000
1126 +1.169924984e+000 +1.169924984e+000 +9.978992498e+001 +9.978992498e+001 -1.4430e+000 -2.0151e+000 +1.4517e+000
1140 +1.107948945e+000 +1.107948945e+000 +9.972794895e+001 +9.972794895e+001 -1.4016e+000 -1.9996e+000 +1.4594e+000
1187 +1.083694076e+000 +1.083694076e+000 +9.970369408e+001 +9.970369408e+001 -1.4096e+000 -1.9946e+000 +1.4661e+000
1204 +1.067342834e+000 +1.067342834e+000 +9.968734283e+001 +9.968734283e+001 -1.4026e+000 -1.9886e+000 +1.4646e+000
1246 +1.037858252e+000 +1.037858252e+000 +9.965785825e+001 +9.965785825e+001 -1.3836e+000 -1.9800e+000 +1.4697e+000
1287 +1.016564362e+000 +1.016564362e+000 +9.963656436e+001 +9.963656436e+001 -1.3754e+000 -1.9703e+000 +1.4661e+000
1296 +9.995933928e-001 +9.995933928e-001 +9.961959339e+001 +9.961959339e+001 -1.3710e+000 -1.9572e+000 +1.4653e+000
1316 +9.734483445e-001 +9.734483445e-001 +9.959344834e+001 +9.959344834e+001 -1.3490e+000 -1.9220e+000 +1.4736e+000
1335 +9.542377607e-001 +9.542377607e-001 +9.957423776e+001 +9.957423776e+001 -1.2668e+000 -1.8685e+000 +1.4765e+000
1340 +9.198321971e-001 +9.198321971e-001 +9.953983220e+001 +9.953983220e+001 -1.3302e+000 -1.9182e+000 +1.4750e+000
1354 +9.112389786e-001 +9.112389786e-001 +9.953123898e+001 +9.953123898e+001 -1.3135e+000 -1.9160e+000 +1.4751e+000
1553 +8.909507126e-001 +8.909507126e-001 +9.951095071e+001 +9.951095071e+001 -1.3082e+000 -1.9050e+000 +1.4783e+000
1633 +8.526311470e-001 +8.526311470e-001 +9.947263115e+001 +9.947263115e+001 -1.3141e+000 -1.9012e+000 +1.4900e+000
1652 +8.482972975e-001 +8.482972975e-001 +9.946829730e+001 +9.946829730e+001 -1.2988e+000 -1.8956e+000 +1.4871e+000
1655 +8.226058475e-001 +8.226058475e-001 +9.944260585e+001 +9.944260585e+001 -1.3056e+000 -1.8882e+000 +1.4999e+000
1677 +8.059422056e-001 +8.059422056e-001 +9.942594221e+001 +9.942594221e+001 -1.2984e+000 -1.8895e+000 +1.5222e+000
1689 +7.880222498e-001 +7.880222498e-001 +9.940802225e+001 +9.940802225e+001 -1.2963e+000 -1.8814e+000 +1.5097e+000
1720 +7.625772025e-001 +7.625772025e-001 +9.938257720e+001 +9.938257720e+001 -1.2734e+000 -1.8749e+000 +1.5119e+000
1732 +7.464946480e-001 +7.464946480e-001 +9.936649465e+001 +9.936649465e+001 -1.2653e+000 -1.8564e+000 +1.5112e+000
1761 +7.374899811e-001 +7.374899811e-001 +9.935748998e+001 +9.935748998e+001 -1.2710e+000 -1.8671e+000 +1.5202e+000
1787 +7.065947216e-001 +7.065947216e-001 +9.932659472e+001 +9.932659472e+001 -1.2583e+000 -1.8539e+000 +1.5297e+000
1899 +6.904950070e-001 +6.904950070e-001 +9.931049501e+001 +9.931049501e+001 -1.2553e+000 -1.8460e+000 +1.5337e+000
1937 +6.753560807e-001 +6.753560807e-001 +9.929535608e+001 +9.929535608e+001 -1.2502e+000 -1.8339e+000 +1.5374e+000
2069 +6.586109459e-001 +6.586109459e-001 +9.927861095e+001 +9.927861095e+001 -1.2435e+000 -1.8296e+000 +1.5426e+000
2116 +6.244788353e-001 +6.244788353e-001 +9.924447884e+001 +9.924447884e+001 -1.2276e+000 -1.8131e+000 +1.5507e+000
2179 +6.119749900e-001 +6.119749900e-001 +9.923197499e+001 +9.923197499e+001 -1.2145e+000 -1.8080e+000 +1.5590e+000
2211 +6.002147631e-001 +6.002147631e-001 +9.922021476e+001 +9.922021476e+001 -1.2171e+000 -1.8027e+000 +1.5594e+000
2273 +5.884333831e-001 +5.884333831e-001 +9.920843338e+001 +9.920843338e+001 -1.2144e+000 -1.7959e+000 +1.5669e+000
2357 +5.741795475e-001 +5.741795475e-001 +9.919417955e+001 +9.919417955e+001 -1.2069e+000 -1.7881e+000 +1.5688e+000
2448 +5.612216323e-001 +5.612216323e-001 +9.918122163e+001 +9.918122163e+001 -1.1998e+000 -1.7801e+000 +1.5721e+000
2549 +5.483736483e-001 +5.483736483e-001 +9.916837365e+001 +9.916837365e+001 -1.1965e+000 -1.7745e+000 +1.5795e+000
2608 +5.361704305e-001 +5.361704305e-001 +9.915617043e+001 +9.915617043e+001 -1.1882e+000 -1.7684e+000 +1.5819e+000
2677 +5.245678015e-001 +5.245678015e-001 +9.914456780e+001 +9.914456780e+001 -1.1851e+000 -1.7633e+000 +1.5885e+000
2796 +5.116721586e-001 +5.116721586e-001 +9.913167216e+001 +9.913167216e+001 -1.1814e+000 -1.7552e+000 +1.5987e+000
2974 +5.011422044e-001 +5.011422044e-001 +9.912114220e+001 +9.912114220e+001 -1.1769e+000 -1.7487e+000 +1.6033e+000
% function evaluation | noise-free fitness - Fopt (-4.715000000000e+001) | best noise-free fitness - Fopt | measured fitness | best measured fitness | x1 | x2...
1 +3.674336563e+008 +3.674336563e+008 +3.674336091e+008 +3.674336091e+008 +4.2435e+001 -3.1789e+000 -1.0517e+001
2 +9.583380273e+004 +9.583380273e+004 +9.578665273e+004 +9.578665273e+004 -6.9373e+000 -1.2880e+000 -6.1758e-001
3 +5.982741072e+004 +5.982741072e+004 +5.978026072e+004 +5.978026072e+004 +3.6701e+000 -7.8955e-001 +3.5622e+000
4 +1.827453909e+004 +1.827453909e+004 +1.822738909e+004 +1.822738909e+004 -3.3520e+000 +1.0943e+000 -7.2653e+000
5 +8.090790161e+003 +8.090790161e+003 +8.043640161e+003 +8.043640161e+003 +5.9691e-001 +6.2139e-001 -5.2187e+000
6 +1.979953958e+002 +1.979953958e+002 +1.508453958e+002 +1.508453958e+002 -5.5932e-001 -8.5325e-001 +7.3377e-002
21 +1.142375070e+002 +1.142375070e+002 +6.708750704e+001 +6.708750704e+001 -2.1915e+000 -9.1443e-001 -2.4431e+000
27 +6.008704513e+001 +6.008704513e+001 +1.293704513e+001 +1.293704513e+001 -6.7254e-001 -6.1385e-001 -9.5259e-001
57 +3.700677321e+001 +3.700677321e+001 -1.014322679e+001 -1.014322679e+001 -2.3961e+000 -1.0047e+000 -1.0921e+000
67 +1.890162726e+001 +1.890162726e+001 -2.824837274e+001 -2.824837274e+001 -2.1219e+000 -8.0981e-001 -1.0505e+000
129 +1.126885420e+001 +1.126885420e+001 -3.588114580e+001 -3.588114580e+001 -6.1418e-001 -9.6281e-001 -1.5620e+000
137 +9.103566491e+000 +9.103566491e+000 -3.804643351e+001 -3.804643351e+001 -2.6885e-001 -9.5122e-001 -1.3474e+000
144 +4.011845942e-001 +4.011845942e-001 -4.674881541e+001 -4.674881541e+001 -3.6810e-001 -9.3049e-001 -1.4025e+000
153 +3.331706270e-001 +3.331706270e-001 -4.681682937e+001 -4.681682937e+001 -4.3425e-001 -9.4725e-001 -1.4360e+000
166 +2.461982116e-001 +2.461982116e-001 -4.690380179e+001 -4.690380179e+001 -3.6147e-001 -9.0544e-001 -1.4057e+000
168 +2.188393869e-001 +2.188393869e-001 -4.693116061e+001 -4.693116061e+001 -3.8355e-001 -9.1566e-001 -1.3594e+000
173 +8.656464150e-002 +8.656464150e-002 -4.706343536e+001 -4.706343536e+001 -4.1125e-001 -9.4874e-001 -1.4835e+000
223 +7.350474735e-002 +7.350474735e-002 -4.707649525e+001 -4.707649525e+001 -3.6407e-001 -8.9206e-001 -1.3627e+000
229 +6.252172560e-002 +6.252172560e-002 -4.708747827e+001 -4.708747827e+001 -3.5342e-001 -8.6988e-001 -1.3226e+000
231 +4.513025433e-002 +4.513025433e-002 -4.710486975e+001 -4.710486975e+001 -3.5747e-001 -8.3644e-001 -1.2453e+000
247 +2.637041156e-002 +2.637041156e-002 -4.712362959e+001 -4.712362959e+001 -3.5726e-001 -8.6524e-001 -1.3201e+000
261 +7.101374714e-003 +7.101374714e-003 -4.714289863e+001 -4.714289863e+001 -3.6191e-001 -8.6683e-001 -1.3146e+000
269 +5.716018197e-003 +5.716018197e-003 -4.714428398e+001 -4.714428398e+001 -3.5594e-001 -8.5292e-001 -1.2924e+000
301 +5.538997381e-003 +5.538997381e-003 -4.714446100e+001 -4.714446100e+001 -3.6219e-001 -8.6099e-001 -1.3053e+000
309 +4.959090924e-003 +4.959090924e-003 -4.714504091e+001 -4.714504091e+001 -3.6075e-001 -8.6189e-001 -1.3060e+000
335 +4.875037630e-003 +4.875037630e-003 -4.714512496e+001 -4.714512496e+001 -3.6070e-001 -8.6150e-001 -1.3054e+000
353 +4.740746260e-003 +4.740746260e-003 -4.714525925e+001 -4.714525925e+001 -3.6169e-001 -8.6234e-001 -1.3054e+000
375 +4.640076920e-003 +4.640076920e-003 -4.714535992e+001 -4.714535992e+001 -3.6151e-001 -8.6166e-001 -1.3045e+000
537 +4.534186269e-003 +4.534186269e-003 -4.714546581e+001 -4.714546581e+001 -3.6119e-001 -8.6084e-001 -1.3030e+000
630 +4.461141589e-003 +4.461141589e-003 -4.714553886e+001 -4.714553886e+001 -3.6053e-001 -8.6044e-001 -1.3024e+000
740 +4.362516109e-003 +4.362516109e-003 -4.714563748e+001 -4.714563748e+001 -3.6049e-001 -8.5970e-001 -1.3003e+000
903 +4.242178254e-003 +4.242178254e-003 -4.714575782e+001 -4.714575782e+001 -3.5995e-001 -8.5904e-001 -1.2998e+000
1133 +4.163679720e-003 +4.163679720e-003 -4.714583632e+001 -4.714583632e+001 -3.5987e-001 -8.5841e-001 -1.2985e+000
1509 +4.069038417e-003 +4.069038417e-003 -4.714593096e+001 -4.714593096e+001 -3.5941e-001 -8.5789e-001 -1.2975e+000
1741 +3.979334210e-003 +3.979334210e-003 -4.714602067e+001 -4.714602067e+001 -3.5918e-001 -8.5722e-001 -1.2962e+000
1978 +3.884259628e-003 +3.884259628e-003 -4.714611574e+001 -4.714611574e+001 -3.5881e-001 -8.5649e-001 -1.2950e+000
2237 +3.797817865e-003 +3.797817865e-003 -4.714620218e+001 -4.714620218e+001 -3.5836e-001 -8.5596e-001 -1.2939e+000
2551 +3.714388427e-003 +3.714388427e-003 -4.714628561e+001 -4.714628561e+001 -3.5825e-001 -8.5522e-001 -1.2923e+000
2693 +3.629837059e-003 +3.629837059e-003 -4.714637016e+001 -4.714637016e+001 -3.5776e-001 -8.5473e-001 -1.2916e+000
2910 +3.545659672e-003 +3.545659672e-003 -4.714645434e+001 -4.714645434e+001 -3.5741e-001 -8.5405e-001 -1.2904e+000
% function evaluation | noise-free fitness - Fopt (3.752000000000e+001) | best noise-free fitness - Fopt | measured fitness | best measured fitness | x1 | x2...
1 +9.989119880e+005 +9.989119880e+005 +9.989495080e+005 +9.989495080e+005 -6.7075e+000 +6.6243e+000 +1.2266e+001
3 +3.163497988e+005 +3.163497988e+005 +3.163873188e+005 +3.163873188e+005 -4.3764e+000 +4.2949e+000 +5.4144e+000
4 +3.624817169e+004 +3.624817169e+004 +3.628569169e+004 +3.628569169e+004 +2.4821e+000 +1.6110e+000 +4.1822e+000
11 +1.361852814e+004 +1.361852814e+004 +1.365604814e+004 +1.365604814e+004 -8.8384e-001 +9.5717e-001 +5.7777e+000
16 +9.593224439e+001 +9.593224439e+001 +1.334522444e+002 +1.334522444e+002 +2.7416e-001 -1.1477e+000 +4.3282e+000
69 +4.284953873e+001 +4.284953873e+001 +8.036953873e+001 +8.036953873e+001 +6.9707e-001 -1.7222e+000 +3.3354e+000
110 +1.764873821e+001 +1.764873821e+001 +5.516873821e+001 +5.516873821e+001 +1.8531e+000 -2.8318e+000 +1.5095e+000
122 +9.806261807e+000 +9.806261807e+000 +4.732626181e+001 +4.732626181e+001 +1.4906e+000 -3.0473e+000 +1.6377e+000
153 +6.321574487e+000 +6.321574487e+000 +4.384157449e+001 +4.384157449e+001 +1.4890e+000 -2.8947e+000 +2.1000e+000
154 +4.990429473e+000 +4.990429473e+000 +4.251042947e+001 +4.251042947e+001 +1.0211e+000 -2.7238e+000 +1.8088e+000
172 +4.404558094e+000 +4.404558094e+000 +4.192455809e+001 +4.192455809e+001 +1.6901e+000 -2.7662e+000 +1.8692e+000
187 +3.085143556e+000 +3.085143556e+000 +4.060514356e+001 +4.060514356e+001 +1.2726e+000 -2.8453e+000 +1.9620e+000
190 +2.504043012e+000 +2.504043012e+000 +4.002404301e+001 +4.002404301e+001 +1.4679e+000 -2.9049e+000 +1.9429e+000
198 +2.106507089e+000 +2.106507089e+000 +3.962650709e+001 +3.962650709e+001 +1.4445e+000 -2.9569e+000 +1.8804e+000
203 +2.050586410e+000 +2.050586410e+000 +3.957058641e+001 +3.957058641e+001 +1.4698e+000 -2.9525e+000 +1.9099e+000
207 +1.916177983e+000 +1.916177983e+000 +3.943617798e+001 +3.943617798e+001 +1.7125e+000 -2.9543e+000 +1.9441e+000
214 +1.007831160e+000 +1.007831160e+000 +3.852783116e+001 +3.852783116e+001 +2.0127e+000 -2.7276e+000 +1.9229e+000
532 +9.980477326e-001 +9.980477326e-001 +3.851804773e+001 +3.851804773e+001 +1.9140e+000 -2.7801e+000 +1.9314e+000
543 +9.751298941e-001 +9.751298941e-001 +3.849512989e+001 +3.849512989e+001 +1.9270e+000 -2.7781e+000 +1.9272e+000
601 +9.461308736e-001 +9.461308736e-001 +3.846613087e+001 +3.846613087e+001 +1.9427e+000 -2.7681e+000 +1.9289e+000
698 +9.293961042e-001 +9.293961042e-001 +3.844939610e+001 +3.844939610e+001 +1.9494e+000 -2.7632e+000 +1.9327e+000
736 +9.064077744e-001 +9.064077744e-001 +3.842640777e+001 +3.842640777e+001 +1.9545e+000 -2.7513e+000 +1.9356e+000
787 +8.871959416e-001 +8.871959416e-001 +3.840719594e+001 +3.840719594e+001 +1.9596e+000 -2.7472e+000 +1.9439e+000
817 +8.695211506e-001 +8.695211506e-001 +3.838952115e+001 +3.838952115e+001 +1.9716e+000 -2.7403e+000 +1.9419e+000
854 +8.494542588e-001 +8.494542588e-001 +3.836945426e+001 +3.836945426e+001 +2.0011e+000 -2.7193e+000 +1.9405e+000
911 +8.236089028e-001 +8.236089028e-001 +3.834360890e+001 +3.834360890e+001 +1.9955e+000 -2.7207e+000 +1.9488e+000
949 +8.068683346e-001 +8.068683346e-001 +3.832686833e+001 +3.832686833e+001 +1.9942e+000 -2.7090e+000 +1.9544e+000
964 +7.937436263e-001 +7.937436263e-001 +3.831374363e+001 +3.831374363e+001 +2.0071e+000 -2.7106e+000 +1.9581e+000
1029 +7.389887290e-001 +7.389887290e-001 +3.825898873e+001 +3.825898873e+001 +2.0201e+000 -2.6780e+000 +1.9741e+000
1044 +7.187729837e-001 +7.187729837e-001 +3.823877298e+001 +3.823877298e+001 +2.0349e+000 -2.6791e+000 +1.9755e+000
1089 +7.025081760e-001 +7.025081760e-001 +3.822250818e+001 +3.822250818e+001 +2.0340e+000 -2.6718e+000 +1.9824e+000
1118 +6.877669180e-001 +6.877669180e-001 +3.820776692e+001 +3.820776692e+001 +2.0439e+000 -2.6622e+000 +1.9818e+000
1168 +6.698324374e-001 +6.698324374e-001 +3.818983244e+001 +3.818983244e+001 +2.0496e+000 -2.6546e+000 +1.9881e+000
1212 +6.592395276e-001 +6.592395276e-001 +3.817923953e+001 +3.817923953e+001 +2.0529e+000 -2.6530e+000 +1.9943e+000
1282 +6.429211016e-001 +6.429211016e-001 +3.816292110e+001 +3.816292110e+001 +2.0583e+000 -2.6447e+000 +2.0030e+000
1394 +6.302956509e-001 +6.302956509e-001 +3.815029565e+001 +3.815029565e+001 +2.0664e+000 -2.6398e+000 +2.0035e+000
1604 +5.987298236e-001 +5.987298236e-001 +3.811872982e+001 +3.811872982e+001 +2.0859e+000 -2.6219e+000 +2.0231e+000
1621 +5.885147663e-001 +5.885147663e-001 +3.810851477e+001 +3.810851477e+001 +2.0828e+000 -2.6060e+000 +2.0231e+000
1654 +5.691822363e-001 +5.691822363e-001 +3.808918224e+001 +3.808918224e+001 +2.0893e+000 -2.5996e+000 +2.0352e+000
1682 +5.612253784e-001 +5.612253784e-001 +3.808122538e+001 +3.808122538e+001 +2.0942e+000 -2.6027e+000 +2.0366e+000
1731 +5.478818408e-001 +5.478818408e-001 +3.806788184e+001 +3.806788184e+001 +2.0981e+000 -2.5953e+000 +2.0341e+000
1764 +5.304587392e-001 +5.304587392e-001 +3.805045874e+001 +3.805045874e+001 +2.1076e+000 -2.5856e+000 +2.0377e+000
1828 +5.216821851e-001 +5.216821851e-001 +3.804168219e+001 +3.804168219e+001 +2.1092e+000 -2.5808e+000 +2.0487e+000
1884 +5.116676357e-001 +5.116676357e-001 +3.803166764e+001 +3.803166764e+001 +2.1196e+000 -2.5783e+000 +2.0520e+000
1973 +4.989926456e-001 +4.989926456e-001 +3.801899265e+001 +3.801899265e+001 +2.1210e+000 -2.5710e+000 +2.0528e+000
2065 +4.895661469e-001 +4.895661469e-001 +3.800956615e+001 +3.800956615e+001 +2.1274e+000 -2.5651e+000 +2.0551e+000
2104 +4.779464290e-001 +4.779464290e-001 +3.799794643e+001 +3.799794643e+001 +2.1300e+000 -2.5586e+000 +2.0684e+000
2155 +4.673972530e-001 +4.673972530e-001 +3.798739725e+001 +3.798739725e+001 +2.1351e+000 -2.5532e+000 +2.0679e+000
2202 +4.513312652e-001 +4.513312652e-001 +3.797133127e+001 +3.797133127e+001 +2.1410e+000 -2.5418e+000 +2.0775e+000
2354 +4.462829752e-001 +4.462829752e-001 +3.796628298e+001 +3.796628298e+001 +2.1433e+000 -2.5386e+000 +2.0803e+000
2431 +4.361876032e-001 +4.361876032e-001 +3.795618760e+001 +3.795618760e+001 +2.1481e+000 -2.5330e+000 +2.0848e+000
2542 +4.263431468e-001 +4.263431468e-001 +3.794634315e+001 +3.794634315e+001 +2.1563e+000 -2.5276e+000 +2.0867e+000
2628 +4.130680021e-001 +4.130680021e-001 +3.793306800e+001 +3.793306800e+001 +2.1656e+000 -2.5183e+000 +2.0944e+000
2696 +4.035834682e-001 +4.035834682e-001 +3.792358347e+001 +3.792358347e+001 +2.1637e+000 -2.5141e+000 +2.1029e+000
2740 +3.921514337e-001 +3.921514337e-001 +3.791215143e+001 +3.791215143e+001 +2.1707e+000 -2.5076e+000 +2.1098e+000
2760 +3.886436615e-001 +3.886436615e-001 +3.790864366e+001 +3.790864366e+001 +2.1711e+000 -2.5048e+000 +2.1130e+000
2777 +3.739508876e-001 +3.739508876e-001 +3.789395089e+001 +3.789395089e+001 +2.1801e+000 -2.4946e+000 +2.1181e+000
2941 +3.712380920e-001 +3.712380920e-001 +3.789123809e+001 +3.789123809e+001 +2.1784e+000 -2.4909e+000 +2.1248e+000
% function evaluation | noise-free fitness - Fopt (-6.417000000000e+001) | best noise-free fitness - Fopt | measured fitness | best measured fitness | x1 | x2...
1 +4.543593028e+003 +4.543593028e+003 +4.479423028e+003 +4.479423028e+003 -3.9957e+000 +3.7594e-002 -2.4711e+000
2 +2.934254104e+003 +2.934254104e+003 +2.870084104e+003 +2.870084104e+003 -4.7281e+000 -1.0720e+000 -3.6455e+000
16 +1.461322162e+003 +1.461322162e+003 +1.397152162e+003 +1.397152162e+003 -4.8582e+000 -2.1218e-001 -4.4750e-001
27 +9.223126930e+002 +9.223126930e+002 +8.581426930e+002 +8.581426930e+002 -2.3924e+000 +6.4751e-001 +3.5980e+000
44 +8.911650736e+001 +8.911650736e+001 +2.494650736e+001 +2.494650736e+001 -2.5567e+000 -1.1861e-001 +2.8301e+000
63 +3.692498843e+001 +3.692498843e+001 -2.724501157e+001 -2.724501157e+001 -4.9092e+000 -2.9840e-001 +3.1987e+000
95 +7.850976299e+000 +7.850976299e+000 -5.631902370e+001 -5.631902370e+001 -4.6430e+000 -5.7908e-001 +2.4158e+000
131 +6.496903956e+000 +6.496903956e+000 -5.767309604e+001 -5.767309604e+001 -4.6201e+000 -5.9779e-001 +2.4370e+000
167 +5.256020943e+000 +5.256020943e+000 -5.891397906e+001 -5.891397906e+001 -4.5654e+000 -6.3799e-001 +2.2687e+000
182 +4.489383559e+000 +4.489383559e+000 -5.968061644e+001 -5.968061644e+001 -4.5406e+000 -6.6820e-001 +2.2443e+000
184 +4.056687106e+000 +4.056687106e+000 -6.011331289e+001 -6.011331289e+001 -4.5301e+000 -6.6874e-001 +2.2932e+000
199 +3.893133615e+000 +3.893133615e+000 -6.027686638e+001 -6.027686638e+001 -4.4800e+000 -6.9703e-001 +2.2527e+000
219 +3.888452499e+000 +3.888452499e+000 -6.028154750e+001 -6.028154750e+001 -4.5057e+000 -6.8810e-001 +2.2729e+000
481 +3.797159699e+000 +3.797159699e+000 -6.037284030e+001 -6.037284030e+001 -4.4907e+000 -7.1339e-001 +2.2076e+000
1834 +3.713893785e+000 +3.713893785e+000 -6.045610621e+001 -6.045610621e+001 -4.4649e+000 -7.5092e-001 +2.1426e+000
% function evaluation | noise-free fitness - Fopt (-9.852000000000e+002) | best noise-free fitness - Fopt | measured fitness | best measured fitness | x1 | x2...
1 +2.005297585e+003 +2.005297585e+003 +1.020097585e+003 +1.020097585e+003 -3.7082e+000 +2.0026e+000 -3.1870e+000
2 +1.535599456e+003 +1.535599456e+003 +5.503994564e+002 +5.503994564e+002 -2.7267e+000 +1.1088e+000 -3.3854e+000
5 +1.128820575e+003 +1.128820575e+003 +1.436205754e+002 +1.436205754e+002 -3.4628e+000 +1.9850e+000 -2.4698e+000
9 +3.741988397e+002 +3.741988397e+002 -6.110011603e+002 -6.110011603e+002 -3.1894e+000 +2.1661e+000 -1.3286e+000
24 +6.179389395e+001 +6.179389395e+001 -9.234061061e+002 -9.234061061e+002 -2.1072e+000 +2.7925e+000 +3.4480e-001
46 +1.634714231e+001 +1.634714231e+001 -9.688528577e+002 -9.688528577e+002 -1.4027e+000 +2.4935e+000 -4.2329e-001
82 +1.446265624e+001 +1.446265624e+001 -9.707373438e+002 -9.707373438e+002 -2.0162e+000 +2.2311e+000 -2.5766e-001
115 +1.272003619e+001 +1.272003619e+001 -9.724799638e+002 -9.724799638e+002 -1.8027e+000 +2.1711e+000 -3.0537e-001
116 +8.372196452e+000 +8.372196452e+000 -9.768278035e+002 -9.768278035e+002 -1.7310e+000 +1.9141e+000 -3.5770e-001
163 +4.230711388e+000 +4.230711388e+000 -9.809692886e+002 -9.809692886e+002 -1.7321e+000 +2.0955e+000 -4.9661e-001
165 +3.808076932e+000 +3.808076932e+000 -9.813919231e+002 -9.813919231e+002 -1.7122e+000 +2.0473e+000 -7.2140e-001
171 +3.527124404e+000 +3.527124404e+000 -9.816728756e+002 -9.816728756e+002 -1.7270e+000 +2.1005e+000 -6.1273e-001
179 +2.957926631e+000 +2.957926631e+000 -9.822420734e+002 -9.822420734e+002 -1.7476e+000 +2.0625e+000 -5.4924e-001
181 +2.474764442e+000 +2.474764442e+000 -9.827252356e+002 -9.827252356e+002 -1.6405e+000 +2.0749e+000 -6.2819e-001
194 +2.399818286e+000 +2.399818286e+000 -9.828001817e+002 -9.828001817e+002 -1.7304e+000 +2.0413e+000 -5.7411e-001
204 +2.302111946e+000 +2.302111946e+000 -9.828978881e+002 -9.828978881e+002 -1.6724e+000 +2.0547e+000 -5.7591e-001
215 +2.112478303e+000 +2.112478303e+000 -9.830875217e+002 -9.830875217e+002 -1.6276e+000 +2.0554e+000 -5.6487e-001
231 +1.986119632e+000 +1.986119632e+000 -9.832138804e+002 -9.832138804e+002 -1.6408e+000 +2.0437e+000 -5.7992e-001
241 +1.883226888e+000 +1.883226888e+000 -9.833167731e+002 -9.833167731e+002 -1.6577e+000 +2.0224e+000 -5.8187e-001
243 +1.840314879e+000 +1.840314879e+000 -9.833596851e+002 -9.833596851e+002 -1.6671e+000 +1.9880e+000 -5.7446e-001
244 +1.797211816e+000 +1.797211816e+000 -9.834027882e+002 -9.834027882e+002 -1.6622e+000 +1.9946e+000 -5.8062e-001
262 +1.777213806e+000 +1.777213806e+000 -9.834227862e+002 -9.834227862e+002 -1.6713e+000 +1.9804e+000 -5.8941e-001
263 +1.734692441e+000 +1.734692441e+000 -9.834653076e+002 -9.834653076e+002 -1.6251e+000 +2.0118e+000 -5.7794e-001
272 +1.663927907e+000 +1.663927907e+000 -9.835360721e+002 -9.835360721e+002 -1.6222e+000 +2.0028e+000 -5.8888e-001
277 +1.644403814e+000 +1.644403814e+000 -9.835555962e+002 -9.835555962e+002 -1.6045e+000 +2.0205e+000 -5.8804e-001
288 +1.489265895e+000 +1.489265895e+000 -9.837107341e+002 -9.837107341e+002 -1.5544e+000 +2.0214e+000 -6.1630e-001
317 +1.458649947e+000 +1.458649947e+000 -9.837413501e+002 -9.837413501e+002 -1.5123e+000 +2.0169e+000 -6.0934e-001
328 +1.252551499e+000 +1.252551499e+000 -9.839474485e+002 -9.839474485e+002 -1.4280e+000 +2.0776e+000 -6.1537e-001
407 +1.230036707e+000 +1.230036707e+000 -9.839699633e+002 -9.839699633e+002 -1.4539e+000 +2.0834e+000 -5.9913e-001
444 +1.189713961e+000 +1.189713961e+000 -9.840102860e+002 -9.840102860e+002 -1.4356e+000 +2.0898e+000 -6.0043e-001
474 +1.152300165e+000 +1.152300165e+000 -9.840476998e+002 -9.840476998e+002 -1.4099e+000 +2.0963e+000 -5.7842e-001
500 +1.135661047e+000 +1.135661047e+000 -9.840643390e+002 -9.840643390e+002 -1.4068e+000 +2.0982e+000 -5.9305e-001
528 +1.121491830e+000 +1.121491830e+000 -9.840785082e+002 -9.840785082e+002 -1.4058e+000 +2.1023e+000 -5.8891e-001
631 +1.093686337e+000 +1.093686337e+000 -9.841063137e+002 -9.841063137e+002 -1.3926e+000 +2.1116e+000 -5.7928e-001
677 +1.069789360e+000 +1.069789360e+000 -9.841302106e+002 -9.841302106e+002 -1.3891e+000 +2.1217e+000 -5.8771e-001
706 +1.041507221e+000 +1.041507221e+000 -9.841584928e+002 -9.841584928e+002 -1.3797e+000 +2.1377e+000 -5.8183e-001
762 +9.957824256e-001 +9.957824256e-001 -9.842042176e+002 -9.842042176e+002 -1.3569e+000 +2.1575e+000 -5.8104e-001
826 +9.717822047e-001 +9.717822047e-001 -9.842282178e+002 -9.842282178e+002 -1.3460e+000 +2.1505e+000 -5.7260e-001
859 +9.526065858e-001 +9.526065858e-001 -9.842473934e+002 -9.842473934e+002 -1.3451e+000 +2.1605e+000 -5.6769e-001
890 +9.304060470e-001 +9.304060470e-001 -9.842695940e+002 -9.842695940e+002 -1.3343e+000 +2.1706e+000 -5.5619e-001
964 +9.119976743e-001 +9.119976743e-001 -9.842880023e+002 -9.842880023e+002 -1.3255e+000 +2.1743e+000 -5.5580e-001
1084 +8.909835735e-001 +8.909835735e-001 -9.843090164e+002 -9.843090164e+002 -1.3214e+000 +2.1864e+000 -5.5698e-001
1121 +8.649081184e-001 +8.649081184e-001 -9.843350919e+002 -9.843350919e+002 -1.3097e+000 +2.1915e+000 -5.5441e-001
1177 +8.501096360e-001 +8.501096360e-001 -9.843498904e+002 -9.843498904e+002 -1.2929e+000 +2.1972e+000 -5.5808e-001
1203 +8.261642325e-001 +8.261642325e-001 -9.843738358e+002 -9.843738358e+002 -1.2946e+000 +2.2072e+000 -5.4845e-001
1261 +8.122575135e-001 +8.122575135e-001 -9.843877425e+002 -9.843877425e+002 -1.2891e+000 +2.2127e+000 -5.4327e-001
1366 +7.715624554e-001 +7.715624554e-001 -9.844284375e+002 -9.844284375e+002 -1.2733e+000 +2.2311e+000 -5.3567e-001
1425 +7.497995745e-001 +7.497995745e-001 -9.844502004e+002 -9.844502004e+002 -1.2570e+000 +2.2362e+000 -5.3289e-001
1454 +7.222675825e-001 +7.222675825e-001 -9.844777324e+002 -9.844777324e+002 -1.2449e+000 +2.2556e+000 -5.3335e-001
1557 +7.073901521e-001 +7.073901521e-001 -9.844926098e+002 -9.844926098e+002 -1.2394e+000 +2.2554e+000 -5.2475e-001
1627 +6.832392370e-001 +6.832392370e-001 -9.845167608e+002 -9.845167608e+002 -1.2354e+000 +2.2674e+000 -5.1776e-001
1673 +6.737310205e-001 +6.737310205e-001 -9.845262690e+002 -9.845262690e+002 -1.2305e+000 +2.2723e+000 -5.1654e-001
1702 +6.604961079e-001 +6.604961079e-001 -9.845395039e+002 -9.845395039e+002 -1.2243e+000 +2.2768e+000 -5.0400e-001
1729 +6.424622747e-001 +6.424622747e-001 -9.845575377e+002 -9.845575377e+002 -1.2191e+000 +2.2943e+000 -4.9175e-001
1826 +6.263985354e-001 +6.263985354e-001 -9.845736015e+002 -9.845736015e+002 -1.2098e+000 +2.2927e+000 -4.9408e-001
1868 +6.165786573e-001 +6.165786573e-001 -9.845834213e+002 -9.845834213e+002 -1.2095e+000 +2.3019e+000 -4.9247e-001
1945 +6.008298472e-001 +6.008298472e-001 -9.845991702e+002 -9.845991702e+002 -1.2017e+000 +2.3058e+000 -4.8797e-001
1965 +5.777375107e-001 +5.777375107e-001 -9.846222625e+002 -9.846222625e+002 -1.1908e+000 +2.3182e+000 -4.8456e-001
2031 +5.742775744e-001 +5.742775744e-001 -9.846257224e+002 -9.846257224e+002 -1.1888e+000 +2.3193e+000 -4.8330e-001
2134 +5.611772652e-001 +5.611772652e-001 -9.846388227e+002 -9.846388227e+002 -1.1810e+000 +2.3281e+000 -4.8053e-001
2179 +5.444110490e-001 +5.444110490e-001 -9.846555890e+002 -9.846555890e+002 -1.1610e+000 +2.3423e+000 -4.7168e-001
2237 +5.366674896e-001 +5.366674896e-001 -9.846633325e+002 -9.846633325e+002 -1.1716e+000 +2.3382e+000 -4.6824e-001
2331 +5.244625027e-001 +5.244625027e-001 -9.846755375e+002 -9.846755375e+002 -1.1679e+000 +2.3449e+000 -4.6214e-001
2406 +5.127663368e-001 +5.127663368e-001 -9.846872337e+002 -9.846872337e+002 -1.1598e+000 +2.3543e+000 -4.6078e-001
2440 +4.982948519e-001 +4.982948519e-001 -9.847017051e+002 -9.847017051e+002 -1.1578e+000 +2.3663e+000 -4.4580e-001
2571 +4.849217814e-001 +4.849217814e-001 -9.847150782e+002 -9.847150782e+002 -1.1507e+000 +2.3675e+000 -4.4547e-001
2642 +4.750958373e-001 +4.750958373e-001 -9.847249042e+002 -9.847249042e+002 -1.1469e+000 +2.3761e+000 -4.3994e-001
2705 +4.664233504e-001 +4.664233504e-001 -9.847335766e+002 -9.847335766e+002 -1.1424e+000 +2.3822e+000 -4.3613e-001
2791 +4.566991874e-001 +4.566991874e-001 -9.847433008e+002 -9.847433008e+002 -1.1359e+000 +2.3834e+000 -4.3276e-001
2886 +4.459464031e-001 +4.459464031e-001 -9.847540536e+002 -9.847540536e+002 -1.1342e+000 +2.3913e+000 -4.2441e-001
2943 +4.339503409e-001 +4.339503409e-001 -9.847660497e+002 -9.847660497e+002 -1.1283e+000 +2.3982e+000 -4.1925e-001
% function evaluation | noise-free fitness - Fopt (1.231000000000e+001) | best noise-free fitness - Fopt | measured fitness | best measured fitness | x1 | x2...
1 +3.865311410e+003 +3.865311410e+003 +3.877621410e+003 +3.877621410e+003 -3.8583e+000 -5.6243e-002 +4.5881e+000
16 +1.548405884e+003 +1.548405884e+003 +1.560715884e+003 +1.560715884e+003 -3.3594e+000 -2.5220e+000 +5.4071e+000
49 +1.282486848e+003 +1.282486848e+003 +1.294796848e+003 +1.294796848e+003 -2.6341e+000 -2.5253e+000 +8.5157e+000
95 +4.551617095e+002 +4.551617095e+002 +4.674717095e+002 +4.674717095e+002 -3.3979e+000 -1.4743e+000 +2.0901e+000
287 +4.448180705e+002 +4.448180705e+002 +4.571280705e+002 +4.571280705e+002 -3.1961e+000 -1.4881e+000 +2.4216e+000
318 +4.192006549e+002 +4.192006549e+002 +4.315106549e+002 +4.315106549e+002 -3.1678e+000 -1.3699e+000 +2.3677e+000
330 +4.085340769e+002 +4.085340769e+002 +4.208440769e+002 +4.208440769e+002 -3.1737e+000 -1.2575e+000 +2.2126e+000
331 +3.972300925e+002 +3.972300925e+002 +4.095400925e+002 +4.095400925e+002 -3.1659e+000 -1.3481e+000 +2.1073e+000
362 +3.666426705e+002 +3.666426705e+002 +3.789526705e+002 +3.789526705e+002 -3.1924e+000 -1.2794e+000 +1.7911e+000
369 +3.348998181e+002 +3.348998181e+002 +3.472098181e+002 +3.472098181e+002 -3.1916e+000 -1.1898e+000 +9.5198e-001
403 +2.961760318e+002 +2.961760318e+002 +3.084860318e+002 +3.084860318e+002 -3.3414e+000 -1.0626e+000 +1.0933e+000
421 +2.508480511e+002 +2.508480511e+002 +2.631580511e+002 +2.631580511e+002 -3.3151e+000 -9.5749e-001 +3.9213e-001
446 +2.431371962e+002 +2.431371962e+002 +2.554471962e+002 +2.554471962e+002 -3.2708e+000 -9.3206e-001 +5.2110e-001
460 +2.163091960e+002 +2.163091960e+002 +2.286191960e+002 +2.286191960e+002 -3.1169e+000 -8.4000e-001 +1.0717e-001
487 +1.828615226e+002 +1.828615226e+002 +1.951715226e+002 +1.951715226e+002 -3.0221e+000 -6.8011e-001 -1.5937e-001
513 +1.624918757e+002 +1.624918757e+002 +1.748018757e+002 +1.748018757e+002 -3.0814e+000 -6.3050e-001 -5.6649e-001
540 +1.318177217e+002 +1.318177217e+002 +1.441277217e+002 +1.441277217e+002 -3.2759e+000 -5.2670e-001 -6.6093e-001
551 +8.913012919e+001 +8.913012919e+001 +1.014401292e+002 +1.014401292e+002 -3.8074e+000 +5.7209e-001 -1.1038e+000
561 +8.522091809e+001 +8.522091809e+001 +9.753091809e+001 +9.753091809e+001 -3.4891e+000 -1.4087e-001 -1.0130e+000
571 +8.069379992e+001 +8.069379992e+001 +9.300379992e+001 +9.300379992e+001 -3.2340e+000 -2.5611e-001 -1.0378e+000
576 +7.138250880e+001 +7.138250880e+001 +8.369250880e+001 +8.369250880e+001 -3.3540e+000 +8.6929e-002 -1.0653e+000
579 +3.303608505e+001 +3.303608505e+001 +4.534608505e+001 +4.534608505e+001 -3.2209e+000 +2.3349e-001 -1.4153e+000
584 +1.202649727e+001 +1.202649727e+001 +2.433649727e+001 +2.433649727e+001 -3.9179e+000 +8.0613e-001 -1.7749e+000
594 +8.753999759e+000 +8.753999759e+000 +2.106399976e+001 +2.106399976e+001 -3.4827e+000 +4.6325e-001 -2.0905e+000
609 +3.719087472e+000 +3.719087472e+000 +1.602908747e+001 +1.602908747e+001 -3.5714e+000 +7.3567e-001 -1.8343e+000
613 +2.560615609e+000 +2.560615609e+000 +1.487061561e+001 +1.487061561e+001 -3.5236e+000 +6.6247e-001 -1.9595e+000
674 +2.310461666e+000 +2.310461666e+000 +1.462046167e+001 +1.462046167e+001 -3.3915e+000 +6.1305e-001 -1.9548e+000
700 +1.726516099e+000 +1.726516099e+000 +1.403651610e+001 +1.403651610e+001 -3.0649e+000 +6.5390e-001 -1.9793e+000
753 +1.655745382e+000 +1.655745382e+000 +1.396574538e+001 +1.396574538e+001 -3.0517e+000 +6.3094e-001 -1.9349e+000
771 +1.593864512e+000 +1.593864512e+000 +1.390386451e+001 +1.390386451e+001 -3.0226e+000 +6.2309e-001 -1.9531e+000
786 +1.481520866e+000 +1.481520866e+000 +1.379152087e+001 +1.379152087e+001 -2.9430e+000 +6.5071e-001 -1.9465e+000
794 +1.432228686e+000 +1.432228686e+000 +1.374222869e+001 +1.374222869e+001 -2.9526e+000 +7.0829e-001 -1.9400e+000
796 +1.390659924e+000 +1.390659924e+000 +1.370065992e+001 +1.370065992e+001 -2.9274e+000 +6.6681e-001 -1.9476e+000
802 +1.367035032e+000 +1.367035032e+000 +1.367703503e+001 +1.367703503e+001 -2.9408e+000 +6.7050e-001 -1.9474e+000
815 +1.268710076e+000 +1.268710076e+000 +1.357871008e+001 +1.357871008e+001 -2.9163e+000 +7.0077e-001 -1.9500e+000
829 +1.237770917e+000 +1.237770917e+000 +1.354777092e+001 +1.354777092e+001 -2.8997e+000 +7.1945e-001 -1.9536e+000
852 +1.207942558e+000 +1.207942558e+000 +1.351794256e+001 +1.351794256e+001 -2.8859e+000 +7.1625e-001 -1.9556e+000
858 +1.182390525e+000 +1.182390525e+000 +1.349239052e+001 +1.349239052e+001 -2.8814e+000 +7.2261e-001 -1.9457e+000
875 +1.144940406e+000 +1.144940406e+000 +1.345494041e+001 +1.345494041e+001 -2.8636e+000 +7.2998e-001 -1.9441e+000
876 +1.115555935e+000 +1.115555935e+000 +1.342555593e+001 +1.342555593e+001 -2.8486e+000 +7.4440e-001 -1.9493e+000
896 +1.048374109e+000 +1.048374109e+000 +1.335837411e+001 +1.335837411e+001 -2.8261e+000 +7.7669e-001 -1.9242e+000
925 +1.027486863e+000 +1.027486863e+000 +1.333748686e+001 +1.333748686e+001 -2.8193e+000 +7.7650e-001 -1.9324e+000
953 +9.815799991e-001 +9.815799991e-001 +1.329158000e+001 +1.329158000e+001 -2.8028e+000 +7.8759e-001 -1.9228e+000
989 +9.663220679e-001 +9.663220679e-001 +1.327632207e+001 +1.327632207e+001 -2.7910e+000 +8.0013e-001 -1.9294e+000
1023 +9.539908935e-001 +9.539908935e-001 +1.326399089e+001 +1.326399089e+001 -2.7912e+000 +7.9624e-001 -1.9229e+000
1089 +9.321257537e-001 +9.321257537e-001 +1.324212575e+001 +1.324212575e+001 -2.7820e+000 +8.0359e-001 -1.9212e+000
1137 +8.965105578e-001 +8.965105578e-001 +1.320651056e+001 +1.320651056e+001 -2.7610e+000 +8.2039e-001 -1.9223e+000
1156 +8.825332544e-001 +8.825332544e-001 +1.319253325e+001 +1.319253325e+001 -2.7623e+000 +8.2132e-001 -1.9133e+000
1174 +8.501112920e-001 +8.501112920e-001 +1.316011129e+001 +1.316011129e+001 -2.7474e+000 +8.2943e-001 -1.9075e+000
1230 +8.268217357e-001 +8.268217357e-001 +1.313682174e+001 +1.313682174e+001 -2.7348e+000 +8.4211e-001 -1.9083e+000
1286 +8.101078006e-001 +8.101078006e-001 +1.312010780e+001 +1.312010780e+001 -2.7260e+000 +8.5259e-001 -1.9063e+000
1322 +7.706454346e-001 +7.706454346e-001 +1.308064543e+001 +1.308064543e+001 -2.6987e+000 +8.8205e-001 -1.8987e+000
1357 +7.453908231e-001 +7.453908231e-001 +1.305539082e+001 +1.305539082e+001 -2.7025e+000 +8.7599e-001 -1.8902e+000
1370 +7.369587250e-001 +7.369587250e-001 +1.304695873e+001 +1.304695873e+001 -2.7048e+000 +8.7937e-001 -1.8785e+000
1442 +7.218536443e-001 +7.218536443e-001 +1.303185364e+001 +1.303185364e+001 -2.6958e+000 +8.8176e-001 -1.8761e+000
1479 +7.008080815e-001 +7.008080815e-001 +1.301080808e+001 +1.301080808e+001 -2.6852e+000 +8.9488e-001 -1.8782e+000
1544 +6.913391844e-001 +6.913391844e-001 +1.300133918e+001 +1.300133918e+001 -2.6843e+000 +8.9666e-001 -1.8719e+000
1593 +6.739886076e-001 +6.739886076e-001 +1.298398861e+001 +1.298398861e+001 -2.6717e+000 +9.0517e-001 -1.8704e+000
1655 +6.570041031e-001 +6.570041031e-001 +1.296700410e+001 +1.296700410e+001 -2.6668e+000 +9.2112e-001 -1.8642e+000
1681 +6.436369740e-001 +6.436369740e-001 +1.295363697e+001 +1.295363697e+001 -2.6558e+000 +9.4359e-001 -1.8506e+000
1712 +6.262921817e-001 +6.262921817e-001 +1.293629218e+001 +1.293629218e+001 -2.6562e+000 +9.3930e-001 -1.8471e+000
1715 +6.135625613e-001 +6.135625613e-001 +1.292356256e+001 +1.292356256e+001 -2.6484e+000 +9.3367e-001 -1.8513e+000
1761 +6.012843853e-001 +6.012843853e-001 +1.291128439e+001 +1.291128439e+001 -2.6481e+000 +9.4019e-001 -1.8416e+000
1889 +5.865420992e-001 +5.865420992e-001 +1.289654210e+001 +1.289654210e+001 -2.6378e+000 +9.4925e-001 -1.8422e+000
2018 +5.738437505e-001 +5.738437505e-001 +1.288384375e+001 +1.288384375e+001 -2.6296e+000 +9.5850e-001 -1.8385e+000
2056 +5.567945721e-001 +5.567945721e-001 +1.286679457e+001 +1.286679457e+001 -2.6290e+000 +9.6626e-001 -1.8187e+000
2162 +5.455896221e-001 +5.455896221e-001 +1.285558962e+001 +1.285558962e+001 -2.6202e+000 +9.6625e-001 -1.8205e+000
2337 +5.318778099e-001 +5.318778099e-001 +1.284187781e+001 +1.284187781e+001 -2.6167e+000 +9.7487e-001 -1.8185e+000
2422 +5.229212316e-001 +5.229212316e-001 +1.283292123e+001 +1.283292123e+001 -2.6127e+000 +9.7870e-001 -1.8124e+000
2511 +5.128022574e-001 +5.128022574e-001 +1.282280226e+001 +1.282280226e+001 -2.6083e+000 +9.8567e-001 -1.8109e+000
2682 +4.995356568e-001 +4.995356568e-001 +1.280953566e+001 +1.280953566e+001 -2.6035e+000 +9.9458e-001 -1.8033e+000
2942 +4.892495993e-001 +4.892495993e-001 +1.279924960e+001 +1.279924960e+001 -2.5984e+000 +9.9807e-001 -1.7989e+000
2967 +4.766822088e-001 +4.766822088e-001 +1.278668221e+001 +1.278668221e+001 -2.5916e+000 +1.0052e+000 -1.7947e+000
% function evaluation | noise-free fitness - Fopt (-1.000000000000e+003) | best noise-free fitness - Fopt | measured fitness | best measured fitness | x1 | x2...
1 +5.149294793e+004 +5.149294793e+004 +5.049294793e+004 +5.049294793e+004 +4.6570e+000 -3.4592e+000 +1.2288e+001
4 +1.798967602e+003 +1.798967602e+003 +7.989676020e+002 +7.989676020e+002 +4.6292e-001 -2.7681e+000 +5.0106e+000
6 +6.719598087e+002 +6.719598087e+002 -3.280401913e+002 -3.280401913e+002 +1.4777e+000 -3.2924e+000 +2.5922e+000
17 +4.243040648e+002 +4.243040648e+002 -5.756959352e+002 -5.756959352e+002 -6.4990e-001 -1.7664e+000 +5.1510e+000
23 +3.583386860e+002 +3.583386860e+002 -6.416613140e+002 -6.416613140e+002 +8.7500e-001 -2.8723e+000 +2.5590e+000
25 +2.391170414e+002 +2.391170414e+002 -7.608829586e+002 -7.608829586e+002 +2.0715e-001 -3.0943e+000 +1.9383e+000
28 +1.385411674e+002 +1.385411674e+002 -8.614588326e+002 -8.614588326e+002 +1.4671e+000 -3.2335e+000 +3.3377e-001
40 +5.167698997e+001 +5.167698997e+001 -9.483230100e+002 -9.483230100e+002 +5.9533e-001 -2.8561e+000 +1.1728e+000
58 +2.924387473e+001 +2.924387473e+001 -9.707561253e+002 -9.707561253e+002 +7.4482e-001 -2.7487e+000 +9.6344e-001
82 +2.152820965e+001 +2.152820965e+001 -9.784717904e+002 -9.784717904e+002 +7.0241e-001 -2.8582e+000 +7.5157e-001
93 +1.941557599e+001 +1.941557599e+001 -9.805844240e+002 -9.805844240e+002 +1.0057e+000 -2.5534e+000 +1.0163e+000
94 +5.550824589e+000 +5.550824589e+000 -9.944491754e+002 -9.944491754e+002 +1.1284e+000 -2.5528e+000 +1.0809e+000
112 +4.115123469e+000 +4.115123469e+000 -9.958848765e+002 -9.958848765e+002 +1.0807e+000 -2.6851e+000 +1.0865e+000
130 +3.562983418e+000 +3.562983418e+000 -9.964370166e+002 -9.964370166e+002 +1.0914e+000 -2.8163e+000 +9.4453e-001
133 +6.878689350e-001 +6.878689350e-001 -9.993121311e+002 -9.993121311e+002 +1.2172e+000 -2.6785e+000 +9.5883e-001
152 +4.788413086e-001 +4.788413086e-001 -9.995211587e+002 -9.995211587e+002 +1.1380e+000 -2.6868e+000 +9.8911e-001
174 +2.450920823e-001 +2.450920823e-001 -9.997549079e+002 -9.997549079e+002 +1.1533e+000 -2.6703e+000 +9.8131e-001
185 +1.162765790e-001 +1.162765790e-001 -9.998837234e+002 -9.998837234e+002 +1.1435e+000 -2.7252e+000 +9.1535e-001
206 +7.018276351e-002 +7.018276351e-002 -9.999298172e+002 -9.999298172e+002 +1.1417e+000 -2.7376e+000 +8.7889e-001
238 +6.680395111e-002 +6.680395111e-002 -9.999331960e+002 -9.999331960e+002 +1.1505e+000 -2.7123e+000 +9.2075e-001
309 +6.543430613e-002 +6.543430613e-002 -9.999345657e+002 -9.999345657e+002 +1.1436e+000 -2.7323e+000 +8.8043e-001
333 +6.441170324e-002 +6.441170324e-002 -9.999355883e+002 -9.999355883e+002 +1.1441e+000 -2.7308e+000 +8.8401e-001
482 +6.301676836e-002 +6.301676836e-002 -9.999369832e+002 -9.999369832e+002 +1.1464e+000 -2.7280e+000 +8.8659e-001
707 +6.165495330e-002 +6.165495330e-002 -9.999383450e+002 -9.999383450e+002 +1.1476e+000 -2.7262e+000 +8.9008e-001
784 +6.005947393e-002 +6.005947393e-002 -9.999399405e+002 -9.999399405e+002 +1.1490e+000 -2.7230e+000 +8.9480e-001
829 +5.880254906e-002 +5.880254906e-002 -9.999411975e+002 -9.999411975e+002 +1.1509e+000 -2.7208e+000 +8.9809e-001
1084 +5.752928221e-002 +5.752928221e-002 -9.999424707e+002 -9.999424707e+002 +1.1513e+000 -2.7187e+000 +9.0214e-001
1296 +5.615409482e-002 +5.615409482e-002 -9.999438459e+002 -9.999438459e+002 +1.1531e+000 -2.7166e+000 +9.0570e-001
1470 +5.475855479e-002 +5.475855479e-002 -9.999452414e+002 -9.999452414e+002 +1.1542e+000 -2.7142e+000 +9.1065e-001
1629 +5.363364691e-002 +5.363364691e-002 -9.999463664e+002 -9.999463664e+002 +1.1556e+000 -2.7115e+000 +9.1327e-001
1762 +5.247205231e-002 +5.247205231e-002 -9.999475279e+002 -9.999475279e+002 +1.1568e+000 -2.7097e+000 +9.1674e-001
2180 +5.128291507e-002 +5.128291507e-002 -9.999487171e+002 -9.999487171e+002 +1.1579e+000 -2.7076e+000 +9.2088e-001
2552 +4.978746854e-002 +4.978746854e-002 -9.999502125e+002 -9.999502125e+002 +1.1594e+000 -2.7046e+000 +9.2567e-001
2655 +4.897150117e-002 +4.897150117e-002 -9.999510285e+002 -9.999510285e+002 +1.1611e+000 -2.7028e+000 +9.2758e-001
2665 +4.694411400e-002 +4.694411400e-002 -9.999530559e+002 -9.999530559e+002 +1.1628e+000 -2.6950e+000 +9.4081e-001
2717 +4.673919974e-002 +4.673919974e-002 -9.999532608e+002 -9.999532608e+002 +1.1641e+000 -2.6984e+000 +9.3599e-001
2751 +4.535005467e-002 +4.535005467e-002 -9.999546499e+002 -9.999546499e+002 +1.1642e+000 -2.6954e+000 +9.4056e-001
% function evaluation | noise-free fitness - Fopt (4.076000000000e+001) | best noise-free fitness - Fopt | measured fitness | best measured fitness | x1 | x2...
1 +2.426302242e+005 +2.426302242e+005 +2.426709842e+005 +2.426709842e+005 -3.9168e+000 -6.9144e+000 +3.2879e+000
2 +7.614303607e+004 +7.614303607e+004 +7.618379607e+004 +7.618379607e+004 -2.1736e+000 -4.7409e+000 -5.7005e+000
6 +8.399771775e+003 +8.399771775e+003 +8.440531775e+003 +8.440531775e+003 +2.9036e+000 -2.8932e+000 -2.6082e+000
19 +1.103982804e+003 +1.103982804e+003 +1.144742804e+003 +1.144742804e+003 +3.0497e+000 +9.8463e-001 -1.5643e+000
40 +2.023992514e+002 +2.023992514e+002 +2.431592514e+002 +2.431592514e+002 +1.2196e-001 -4.6502e-001 -1.9598e+000
46 +7.979431966e+001 +7.979431966e+001 +1.205543197e+002 +1.205543197e+002 +5.1685e-001 +1.8858e-001 -1.4947e+000
66 +5.286053464e+001 +5.286053464e+001 +9.362053464e+001 +9.362053464e+001 +1.9824e-001 +3.1247e-001 -1.1486e+000
68 +4.202274674e+001 +4.202274674e+001 +8.278274674e+001 +8.278274674e+001 +2.0032e-001 +5.0355e-001 +4.8391e-001
72 +3.666267106e+001 +3.666267106e+001 +7.742267106e+001 +7.742267106e+001 +1.9190e-001 -7.1698e-002 -8.3955e-001
85 +1.226979109e+001 +1.226979109e+001 +5.302979109e+001 +5.302979109e+001 +2.9732e-001 +4.6340e-001 -4.5286e-001
144 +6.892282161e+000 +6.892282161e+000 +4.765228216e+001 +4.765228216e+001 +2.4126e-001 +5.2827e-001 +3.5268e-002
152 +5.286673010e+000 +5.286673010e+000 +4.604667301e+001 +4.604667301e+001 +3.3141e-001 +3.4639e-001 -4.9584e-001
184 +4.766259039e+000 +4.766259039e+000 +4.552625904e+001 +4.552625904e+001 +2.1488e-001 +4.5642e-001 -1.2694e-001
188 +3.848307468e+000 +3.848307468e+000 +4.460830747e+001 +4.460830747e+001 +2.1609e-001 +4.5516e-001 -2.2298e-001
2029 +3.801387638e+000 +3.801387638e+000 +4.456138764e+001 +4.456138764e+001 +2.2716e-001 +4.2963e-001 -2.7014e-001
2808 +3.714377559e+000 +3.714377559e+000 +4.447437756e+001 +4.447437756e+001 +2.5217e-001 +3.8129e-001 -3.5678e-001
% function evaluation | noise-free fitness - Fopt (-2.714100000000e+002) | best noise-free fitness - Fopt | measured fitness | best measured fitness | x1 | x2...
1 +6.638742180e+003 +6.638742180e+003 +6.367332180e+003 +6.367332180e+003 -2.9236e+000 -2.5616e-001 -6.3471e+000
4 +5.587129179e+003 +5.587129179e+003 +5.315719179e+003 +5.315719179e+003 -3.1575e+000 -2.3104e+000 -4.1915e+000
7 +4.110838032e+003 +4.110838032e+003 +3.839428032e+003 +3.839428032e+003 -3.0265e+000 -1.9165e+000 -4.1149e+000
30 +3.294542959e+003 +3.294542959e+003 +3.023132959e+003 +3.023132959e+003 -1.0317e+000 +5.8285e-002 -3.1240e+000
35 +2.356530225e+003 +2.356530225e+003 +2.085120225e+003 +2.085120225e+003 -2.1532e+000 -1.0561e+000 -3.5415e+000
38 +2.961298005e+002 +2.961298005e+002 +2.471980049e+001 +2.471980049e+001 -3.7388e+000 +2.4268e-001 +1.0193e+000
47 +9.426757176e+001 +9.426757176e+001 -1.771424282e+002 -1.771424282e+002 -2.0871e+000 -1.5031e+000 +1.7101e+000
63 +5.094064687e+001 +5.094064687e+001 -2.204693531e+002 -2.204693531e+002 -2.7054e+000 -1.1180e+000 +6.3100e-001
78 +1.010133702e+001 +1.010133702e+001 -2.613086630e+002 -2.613086630e+002 -2.0542e+000 -7.9228e-001 +1.4273e+000
85 +4.852338214e+000 +4.852338214e+000 -2.665576618e+002 -2.665576618e+002 -2.6127e+000 -8.9418e-001 +1.1158e+000
86 +4.039918786e+000 +4.039918786e+000 -2.673700812e+002 -2.673700812e+002 -2.9615e+000 -8.2233e-001 +1.4091e+000
100 +3.436183513e+000 +3.436183513e+000 -2.679738165e+002 -2.679738165e+002 -2.8065e+000 -9.9363e-001 +1.1853e+000
113 +2.781817656e+000 +2.781817656e+000 -2.686281823e+002 -2.686281823e+002 -2.9403e+000 -8.7893e-001 +1.2291e+000
136 +1.963018989e+000 +1.963018989e+000 -2.694469810e+002 -2.694469810e+002 -2.2485e+000 -8.1921e-001 +1.3454e+000
146 +1.787504514e+000 +1.787504514e+000 -2.696224955e+002 -2.696224955e+002 -2.4844e+000 -8.7072e-001 +1.2371e+000
151 +1.466216057e+000 +1.466216057e+000 -2.699437839e+002 -2.699437839e+002 -2.4648e+000 -8.8551e-001 +1.2662e+000
201 +1.395454566e+000 +1.395454566e+000 -2.700145454e+002 -2.700145454e+002 -2.4508e+000 -8.8317e-001 +1.2948e+000
263 +1.369546390e+000 +1.369546390e+000 -2.700404536e+002 -2.700404536e+002 -2.4025e+000 -8.4132e-001 +1.2638e+000
313 +1.333009014e+000 +1.333009014e+000 -2.700769910e+002 -2.700769910e+002 -2.3872e+000 -8.0428e-001 +1.2969e+000
317 +1.288273862e+000 +1.288273862e+000 -2.701217261e+002 -2.701217261e+002 -2.3285e+000 -7.5550e-001 +1.2975e+000
333 +1.202499126e+000 +1.202499126e+000 -2.702075009e+002 -2.702075009e+002 -2.3581e+000 -8.3787e-001 +1.2936e+000
337 +1.198084861e+000 +1.198084861e+000 -2.702119151e+002 -2.702119151e+002 -2.3755e+000 -8.2573e-001 +1.2950e+000
361 +1.150852982e+000 +1.150852982e+000 -2.702591470e+002 -2.702591470e+002 -2.3050e+000 -8.1014e-001 +1.2965e+000
379 +1.076864461e+000 +1.076864461e+000 -2.703331355e+002 -2.703331355e+002 -2.3065e+000 -7.8488e-001 +1.2905e+000
414 +1.007074437e+000 +1.007074437e+000 -2.704029256e+002 -2.704029256e+002 -2.2816e+000 -7.6672e-001 +1.3003e+000
424 +9.794341832e-001 +9.794341832e-001 -2.704305658e+002 -2.704305658e+002 -2.2689e+000 -7.5862e-001 +1.3045e+000
441 +9.721784097e-001 +9.721784097e-001 -2.704378216e+002 -2.704378216e+002 -2.2750e+000 -7.4199e-001 +1.3128e+000
656 +9.548234080e-001 +9.548234080e-001 -2.704551766e+002 -2.704551766e+002 -2.2446e+000 -7.3237e-001 +1.3053e+000
706 +9.315296113e-001 +9.315296113e-001 -2.704784704e+002 -2.704784704e+002 -2.2406e+000 -7.3292e-001 +1.3100e+000
761 +9.113579456e-001 +9.113579456e-001 -2.704986421e+002 -2.704986421e+002 -2.2395e+000 -7.3051e-001 +1.3142e+000
778 +8.893573749e-001 +8.893573749e-001 -2.705206426e+002 -2.705206426e+002 -2.2407e+000 -7.2939e-001 +1.3203e+000
837 +8.667658982e-001 +8.667658982e-001 -2.705432341e+002 -2.705432341e+002 -2.2405e+000 -7.2673e-001 +1.3300e+000
898 +8.496231712e-001 +8.496231712e-001 -2.705603768e+002 -2.705603768e+002 -2.2313e+000 -7.1435e-001 +1.3294e+000
903 +8.316113260e-001 +8.316113260e-001 -2.705783887e+002 -2.705783887e+002 -2.2236e+000 -7.1209e-001 +1.3344e+000
942 +8.080020080e-001 +8.080020080e-001 -2.706019980e+002 -2.706019980e+002 -2.2172e+000 -7.0112e-001 +1.3395e+000
1009 +7.933839908e-001 +7.933839908e-001 -2.706166160e+002 -2.706166160e+002 -2.2135e+000 -6.9479e-001 +1.3446e+000
1088 +7.760191788e-001 +7.760191788e-001 -2.706339808e+002 -2.706339808e+002 -2.2085e+000 -6.8893e-001 +1.3541e+000
1105 +7.453294168e-001 +7.453294168e-001 -2.706646706e+002 -2.706646706e+002 -2.1833e+000 -6.7717e-001 +1.3574e+000
1156 +7.386498152e-001 +7.386498152e-001 -2.706713502e+002 -2.706713502e+002 -2.1924e+000 -6.7480e-001 +1.3611e+000
1207 +7.204024048e-001 +7.204024048e-001 -2.706895976e+002 -2.706895976e+002 -2.1843e+000 -6.6607e-001 +1.3715e+000
1232 +6.999750958e-001 +6.999750958e-001 -2.707100249e+002 -2.707100249e+002 -2.1718e+000 -6.5536e-001 +1.3645e+000
1288 +6.918250247e-001 +6.918250247e-001 -2.707181750e+002 -2.707181750e+002 -2.1708e+000 -6.4124e-001 +1.3740e+000
1326 +6.759199581e-001 +6.759199581e-001 -2.707340800e+002 -2.707340800e+002 -2.1653e+000 -6.4738e-001 +1.3750e+000
1372 +6.571987578e-001 +6.571987578e-001 -2.707528012e+002 -2.707528012e+002 -2.1507e+000 -6.3844e-001 +1.3874e+000
1412 +6.391833387e-001 +6.391833387e-001 -2.707708167e+002 -2.707708167e+002 -2.1261e+000 -6.1355e-001 +1.3832e+000
1458 +6.283562344e-001 +6.283562344e-001 -2.707816438e+002 -2.707816438e+002 -2.1415e+000 -6.2545e-001 +1.3894e+000
1467 +6.071020823e-001 +6.071020823e-001 -2.708028979e+002 -2.708028979e+002 -2.1364e+000 -6.1232e-001 +1.3949e+000
1500 +5.980152137e-001 +5.980152137e-001 -2.708119848e+002 -2.708119848e+002 -2.1288e+000 -6.0878e-001 +1.3968e+000
1526 +5.886222064e-001 +5.886222064e-001 -2.708213778e+002 -2.708213778e+002 -2.1301e+000 -6.0324e-001 +1.4034e+000
1549 +5.716690530e-001 +5.716690530e-001 -2.708383309e+002 -2.708383309e+002 -2.1185e+000 -5.9053e-001 +1.4062e+000
1559 +5.612442904e-001 +5.612442904e-001 -2.708487557e+002 -2.708487557e+002 -2.1111e+000 -5.9072e-001 +1.4123e+000
1593 +5.488131158e-001 +5.488131158e-001 -2.708611869e+002 -2.708611869e+002 -2.1126e+000 -5.8066e-001 +1.4182e+000
1669 +5.356920382e-001 +5.356920382e-001 -2.708743080e+002 -2.708743080e+002 -2.1068e+000 -5.7024e-001 +1.4261e+000
1696 +5.231755719e-001 +5.231755719e-001 -2.708868244e+002 -2.708868244e+002 -2.0977e+000 -5.6470e-001 +1.4466e+000
1715 +5.117631795e-001 +5.117631795e-001 -2.708982368e+002 -2.708982368e+002 -2.0955e+000 -5.6559e-001 +1.4337e+000
1728 +5.004543614e-001 +5.004543614e-001 -2.709095456e+002 -2.709095456e+002 -2.0917e+000 -5.5767e-001 +1.4384e+000
1796 +4.886567713e-001 +4.886567713e-001 -2.709213432e+002 -2.709213432e+002 -2.0861e+000 -5.5108e-001 +1.4432e+000
1861 +4.771923487e-001 +4.771923487e-001 -2.709328077e+002 -2.709328077e+002 -2.0807e+000 -5.4602e-001 +1.4498e+000
1898 +4.639820619e-001 +4.639820619e-001 -2.709460179e+002 -2.709460179e+002 -2.0748e+000 -5.3159e-001 +1.4572e+000
1950 +4.516369367e-001 +4.516369367e-001 -2.709583631e+002 -2.709583631e+002 -2.0697e+000 -5.3084e-001 +1.4631e+000
2015 +4.446400803e-001 +4.446400803e-001 -2.709653599e+002 -2.709653599e+002 -2.0661e+000 -5.2360e-001 +1.4648e+000
2039 +4.261391582e-001 +4.261391582e-001 -2.709838608e+002 -2.709838608e+002 -2.0568e+000 -5.1570e-001 +1.4792e+000
2089 +4.155422043e-001 +4.155422043e-001 -2.709944578e+002 -2.709944578e+002 -2.0487e+000 -5.0759e-001 +1.4789e+000
2188 +4.054671932e-001 +4.054671932e-001 -2.710045328e+002 -2.710045328e+002 -2.0478e+000 -5.0284e-001 +1.4877e+000
2239 +3.960447335e-001 +3.960447335e-001 -2.710139553e+002 -2.710139553e+002 -2.0436e+000 -4.9675e-001 +1.4934e+000
2301 +3.851559603e-001 +3.851559603e-001 -2.710248440e+002 -2.710248440e+002 -2.0359e+000 -4.8892e-001 +1.4971e+000
2341 +3.797038471e-001 +3.797038471e-001 -2.710302962e+002 -2.710302962e+002 -2.0368e+000 -4.8462e-001 +1.5039e+000
2410 +3.691089969e-001 +3.691089969e-001 -2.710408910e+002 -2.710408910e+002 -2.0211e+000 -4.6955e-001 +1.5079e+000
2470 +3.627621850e-001 +3.627621850e-001 -2.710472378e+002 -2.710472378e+002 -2.0252e+000 -4.6934e-001 +1.5282e+000
2491 +3.544171187e-001 +3.544171187e-001 -2.710555829e+002 -2.710555829e+002 -2.0248e+000 -4.6483e-001 +1.5239e+000
2507 +3.443407179e-001 +3.443407179e-001 -2.710656593e+002 -2.710656593e+002 -2.0185e+000 -4.6116e-001 +1.5250e+000
2580 +3.363128238e-001 +3.363128238e-001 -2.710736872e+002 -2.710736872e+002 -2.0149e+000 -4.5515e-001 +1.5311e+000
2689 +3.311085925e-001 +3.311085925e-001 -2.710788914e+002 -2.710788914e+002 -2.0121e+000 -4.4938e-001 +1.5354e+000
2778 +3.233324053e-001 +3.233324053e-001 -2.710866676e+002 -2.710866676e+002 -2.0090e+000 -4.4533e-001 +1.5453e+000
2884 +3.159626798e-001 +3.159626798e-001 -2.710940373e+002 -2.710940373e+002 -2.0036e+000 -4.4219e-001 +1.5473e+000
% function evaluation | noise-free fitness - Fopt (1.031600000000e+002) | best noise-free fitness - Fopt | measured fitness | best measured fitness | x1 | x2...
1 +7.343820804e+003 +7.343820804e+003 +7.446980804e+003 +7.446980804e+003 -3.5513e+000 +5.5425e-001 -8.2615e+000
3 +1.206299897e+003 +1.206299897e+003 +1.309459897e+003 +1.309459897e+003 -3.1115e+000 -2.6658e-001 -9.5724e-001
5 +1.001909650e+003 +1.001909650e+003 +1.105069650e+003 +1.105069650e+003 -2.7796e+000 +8.7759e-001 -3.4869e+000
14 +5.696529464e+002 +5.696529464e+002 +6.728129464e+002 +6.728129464e+002 -3.0527e+000 +7.9983e-001 -1.6349e+000
16 +3.020074900e+002 +3.020074900e+002 +4.051674900e+002 +4.051674900e+002 -2.5319e+000 +3.2487e-001 -2.0985e+000
19 +2.871731937e+002 +2.871731937e+002 +3.903331937e+002 +3.903331937e+002 -2.6399e+000 +5.7276e-001 -1.9800e+000
26 +1.477809342e+002 +1.477809342e+002 +2.509409342e+002 +2.509409342e+002 -2.4559e+000 +5.2895e-001 -2.7080e-002
39 +1.193691994e+002 +1.193691994e+002 +2.225291994e+002 +2.225291994e+002 -2.3861e+000 +1.8700e-001 -9.4405e-001
42 +7.050976312e+001 +7.050976312e+001 +1.736697631e+002 +1.736697631e+002 -2.3787e+000 +4.6633e-001 -1.1256e+000
46 +4.181431724e+001 +4.181431724e+001 +1.449743172e+002 +1.449743172e+002 -1.8117e+000 +1.1389e-001 -3.4414e-001
50 +1.496017471e+001 +1.496017471e+001 +1.181201747e+002 +1.181201747e+002 -1.8071e+000 +3.0755e-001 -1.1896e+000
55 +4.971274531e+000 +4.971274531e+000 +1.081312745e+002 +1.081312745e+002 -2.0172e+000 +5.5932e-001 -7.9013e-001
78 +2.939418510e+000 +2.939418510e+000 +1.060994185e+002 +1.060994185e+002 -1.6866e+000 +4.6627e-001 -8.2727e-001
102 +2.152467393e+000 +2.152467393e+000 +1.053124674e+002 +1.053124674e+002 -1.5135e+000 +3.5141e-001 -8.8925e-001
143 +1.684658793e+000 +1.684658793e+000 +1.048446588e+002 +1.048446588e+002 -1.2305e+000 +4.1183e-001 -9.1546e-001
179 +1.621759938e+000 +1.621759938e+000 +1.047817599e+002 +1.047817599e+002 -1.2296e+000 +3.7054e-001 -8.7251e-001
209 +1.497365763e+000 +1.497365763e+000 +1.046573658e+002 +1.046573658e+002 -1.1791e+000 +3.8714e-001 -8.8586e-001
232 +1.474890351e+000 +1.474890351e+000 +1.046348904e+002 +1.046348904e+002 -1.1942e+000 +4.0059e-001 -8.7935e-001
252 +1.431645189e+000 +1.431645189e+000 +1.045916452e+002 +1.045916452e+002 -1.1702e+000 +4.0700e-001 -8.7535e-001
258 +1.361024901e+000 +1.361024901e+000 +1.045210249e+002 +1.045210249e+002 -1.0704e+000 +4.3819e-001 -8.6310e-001
271 +1.331259567e+000 +1.331259567e+000 +1.044912596e+002 +1.044912596e+002 -1.1264e+000 +4.2636e-001 -8.7539e-001
272 +1.309103692e+000 +1.309103692e+000 +1.044691037e+002 +1.044691037e+002 -1.1202e+000 +4.3053e-001 -8.7887e-001
275 +1.258061675e+000 +1.258061675e+000 +1.044180617e+002 +1.044180617e+002 -1.1020e+000 +4.4797e-001 -8.6928e-001
286 +1.158200438e+000 +1.158200438e+000 +1.043182004e+002 +1.043182004e+002 -1.0382e+000 +5.2513e-001 -8.7485e-001
287 +1.111032880e+000 +1.111032880e+000 +1.042710329e+002 +1.042710329e+002 -1.0366e+000 +4.9029e-001 -8.8247e-001
297 +1.044211604e+000 +1.044211604e+000 +1.042042116e+002 +1.042042116e+002 -9.9509e-001 +5.1491e-001 -8.7538e-001
410 +1.008155631e+000 +1.008155631e+000 +1.041681556e+002 +1.041681556e+002 -1.0001e+000 +5.3141e-001 -8.7119e-001
458 +9.815342572e-001 +9.815342572e-001 +1.041415343e+002 +1.041415343e+002 -9.9019e-001 +5.3257e-001 -8.6698e-001
478 +9.637729591e-001 +9.637729591e-001 +1.041237730e+002 +1.041237730e+002 -9.7908e-001 +5.3867e-001 -8.6515e-001
483 +9.377234932e-001 +9.377234932e-001 +1.040977235e+002 +1.040977235e+002 -9.7932e-001 +5.5735e-001 -8.3627e-001
496 +9.026361039e-001 +9.026361039e-001 +1.040626361e+002 +1.040626361e+002 -9.5903e-001 +5.6101e-001 -8.5529e-001
559 +8.860639502e-001 +8.860639502e-001 +1.040460640e+002 +1.040460640e+002 -9.6032e-001 +5.6825e-001 -8.4672e-001
603 +8.699554235e-001 +8.699554235e-001 +1.040299554e+002 +1.040299554e+002 -9.5169e-001 +5.7020e-001 -8.4595e-001
698 +8.446011341e-001 +8.446011341e-001 +1.040046011e+002 +1.040046011e+002 -9.4536e-001 +5.8192e-001 -8.3639e-001
755 +8.241685117e-001 +8.241685117e-001 +1.039841685e+002 +1.039841685e+002 -9.3594e-001 +5.8613e-001 -8.3081e-001
815 +8.099288457e-001 +8.099288457e-001 +1.039699288e+002 +1.039699288e+002 -9.2674e-001 +5.9190e-001 -8.3367e-001
858 +7.812811770e-001 +7.812811770e-001 +1.039412812e+002 +1.039412812e+002 -9.0874e-001 +6.0331e-001 -8.2393e-001
890 +7.752485277e-001 +7.752485277e-001 +1.039352485e+002 +1.039352485e+002 -9.0602e-001 +6.0871e-001 -8.2892e-001
945 +7.383100142e-001 +7.383100142e-001 +1.038983100e+002 +1.038983100e+002 -9.0062e-001 +6.2119e-001 -8.1079e-001
1009 +7.229623149e-001 +7.229623149e-001 +1.038829623e+002 +1.038829623e+002 -8.9164e-001 +6.2821e-001 -8.1362e-001
1040 +6.849493197e-001 +6.849493197e-001 +1.038449493e+002 +1.038449493e+002 -8.7415e-001 +6.4965e-001 -8.0636e-001
1126 +6.742606191e-001 +6.742606191e-001 +1.038342606e+002 +1.038342606e+002 -8.6447e-001 +6.5195e-001 -8.0049e-001
1240 +6.598455694e-001 +6.598455694e-001 +1.038198456e+002 +1.038198456e+002 -8.6670e-001 +6.5570e-001 -7.9065e-001
1292 +6.449827400e-001 +6.449827400e-001 +1.038049827e+002 +1.038049827e+002 -8.6154e-001 +6.6285e-001 -7.8847e-001
1363 +6.300409177e-001 +6.300409177e-001 +1.037900409e+002 +1.037900409e+002 -8.5510e-001 +6.7311e-001 -7.8747e-001
1384 +6.150457682e-001 +6.150457682e-001 +1.037750458e+002 +1.037750458e+002 -8.4025e-001 +6.8057e-001 -7.8250e-001
1422 +5.940197910e-001 +5.940197910e-001 +1.037540198e+002 +1.037540198e+002 -8.4122e-001 +6.8805e-001 -7.7096e-001
1434 +5.887440946e-001 +5.887440946e-001 +1.037487441e+002 +1.037487441e+002 -8.3884e-001 +6.9252e-001 -7.7212e-001
1458 +5.626919716e-001 +5.626919716e-001 +1.037226920e+002 +1.037226920e+002 -8.2852e-001 +7.0542e-001 -7.5535e-001
1561 +5.609396202e-001 +5.609396202e-001 +1.037209396e+002 +1.037209396e+002 -8.2278e-001 +7.0555e-001 -7.6275e-001
1606 +5.480470749e-001 +5.480470749e-001 +1.037080471e+002 +1.037080471e+002 -8.1481e-001 +7.1839e-001 -7.6013e-001
1663 +5.353377343e-001 +5.353377343e-001 +1.036953377e+002 +1.036953377e+002 -8.1435e-001 +7.1817e-001 -7.4634e-001
1745 +5.246847885e-001 +5.246847885e-001 +1.036846848e+002 +1.036846848e+002 -8.1212e-001 +7.2729e-001 -7.4580e-001
1827 +5.052178315e-001 +5.052178315e-001 +1.036652178e+002 +1.036652178e+002 -7.8618e-001 +7.4420e-001 -7.3819e-001
1855 +4.972998363e-001 +4.972998363e-001 +1.036572998e+002 +1.036572998e+002 -8.0035e-001 +7.4129e-001 -7.3318e-001
1878 +4.834214169e-001 +4.834214169e-001 +1.036434214e+002 +1.036434214e+002 -7.9238e-001 +7.4803e-001 -7.2945e-001
1925 +4.774071179e-001 +4.774071179e-001 +1.036374071e+002 +1.036374071e+002 -7.8820e-001 +7.5385e-001 -7.2795e-001
1999 +4.664695481e-001 +4.664695481e-001 +1.036264695e+002 +1.036264695e+002 -7.8536e-001 +7.5677e-001 -7.1688e-001
2255 +4.561703190e-001 +4.561703190e-001 +1.036161703e+002 +1.036161703e+002 -7.7708e-001 +7.6323e-001 -7.1593e-001
2282 +4.373244241e-001 +4.373244241e-001 +1.035973244e+002 +1.035973244e+002 -7.7160e-001 +7.7591e-001 -7.0667e-001
2327 +4.362401813e-001 +4.362401813e-001 +1.035962402e+002 +1.035962402e+002 -7.7034e-001 +7.8019e-001 -7.0562e-001
2375 +4.258949591e-001 +4.258949591e-001 +1.035858950e+002 +1.035858950e+002 -7.6718e-001 +7.8253e-001 -6.9942e-001
2496 +4.128161248e-001 +4.128161248e-001 +1.035728161e+002 +1.035728161e+002 -7.6062e-001 +7.9252e-001 -6.9245e-001
2567 +4.058416643e-001 +4.058416643e-001 +1.035658417e+002 +1.035658417e+002 -7.5356e-001 +7.9415e-001 -6.8847e-001
2634 +3.978991912e-001 +3.978991912e-001 +1.035578992e+002 +1.035578992e+002 -7.5212e-001 +7.9996e-001 -6.8517e-001
2791 +3.885866582e-001 +3.885866582e-001 +1.035485867e+002 +1.035485867e+002 -7.5026e-001 +8.0563e-001 -6.7389e-001
2888 +3.790185716e-001 +3.790185716e-001 +1.035390186e+002 +1.035390186e+002 -7.4442e-001 +8.1348e-001 -6.7273e-001
2915 +3.699995379e-001 +3.699995379e-001 +1.035299995e+002 +1.035299995e+002 -7.4014e-001 +8.1678e-001 -6.6538e-001
% function evaluation | noise-free fitness - Fopt (3.235000000000e+001) | best noise-free fitness - Fopt | measured fitness | best measured fitness | x1 | x2...
1 +5.517691491e+003 +5.517691491e+003 +5.550041491e+003 +5.550041491e+003 -9.7320e-001 +1.9606e+000 +7.2140e+000
8 +1.918503334e+002 +1.918503334e+002 +2.242003334e+002 +2.242003334e+002 +6.0694e-001 -2.2750e-002 +3.7848e+000
91 +1.720843495e+002 +1.720843495e+002 +2.044343495e+002 +2.044343495e+002 +1.6691e+000 -2.8019e+000 +9.5063e-001
105 +1.251079682e+002 +1.251079682e+002 +1.574579682e+002 +1.574579682e+002 +1.6851e+000 -2.9273e+000 +1.0405e-001
118 +5.785093409e+001 +5.785093409e+001 +9.020093409e+001 +9.020093409e+001 +1.5382e+000 -2.2325e+000 -6.6747e-002
121 +8.596707963e+000 +8.596707963e+000 +4.094670796e+001 +4.094670796e+001 +1.6793e+000 -1.6287e+000 -6.3481e-001
134 +4.436095213e+000 +4.436095213e+000 +3.678609521e+001 +3.678609521e+001 +2.2096e+000 -1.4360e+000 -5.9937e-001
160 +4.334210491e+000 +4.334210491e+000 +3.668421049e+001 +3.668421049e+001 +1.6709e+000 -1.9927e+000 -7.9869e-001
178 +2.468088559e+000 +2.468088559e+000 +3.481808856e+001 +3.481808856e+001 +1.5721e+000 -1.8307e+000 -8.6243e-001
179 +1.966801014e+000 +1.966801014e+000 +3.431680101e+001 +3.431680101e+001 +1.9696e+000 -1.8276e+000 -7.5888e-001
207 +1.518193723e+000 +1.518193723e+000 +3.386819372e+001 +3.386819372e+001 +1.9650e+000 -1.8056e+000 -8.3618e-001
228 +1.335246214e+000 +1.335246214e+000 +3.368524621e+001 +3.368524621e+001 +2.1297e+000 -1.6677e+000 -8.3281e-001
280 +1.206312058e+000 +1.206312058e+000 +3.355631206e+001 +3.355631206e+001 +2.0874e+000 -1.7037e+000 -7.8573e-001
309 +9.816704782e-001 +9.816704782e-001 +3.333167048e+001 +3.333167048e+001 +2.1635e+000 -1.6655e+000 -7.9223e-001
361 +9.022239344e-001 +9.022239344e-001 +3.325222393e+001 +3.325222393e+001 +2.2213e+000 -1.5963e+000 -7.2760e-001
381 +8.231218044e-001 +8.231218044e-001 +3.317312180e+001 +3.317312180e+001 +2.3141e+000 -1.5184e+000 -7.5184e-001
413 +7.782858692e-001 +7.782858692e-001 +3.312828587e+001 +3.312828587e+001 +2.2464e+000 -1.5892e+000 -7.5837e-001
415 +7.731303010e-001 +7.731303010e-001 +3.312313030e+001 +3.312313030e+001 +2.2445e+000 -1.5898e+000 -7.5224e-001
437 +7.533811884e-001 +7.533811884e-001 +3.310338119e+001 +3.310338119e+001 +2.2555e+000 -1.5780e+000 -7.5191e-001
485 +7.375649365e-001 +7.375649365e-001 +3.308756494e+001 +3.308756494e+001 +2.2637e+000 -1.5769e+000 -7.4432e-001
511 +7.220847351e-001 +7.220847351e-001 +3.307208474e+001 +3.307208474e+001 +2.2655e+000 -1.5693e+000 -7.3782e-001
555 +7.023942506e-001 +7.023942506e-001 +3.305239425e+001 +3.305239425e+001 +2.2825e+000 -1.5603e+000 -7.3514e-001
604 +6.897500629e-001 +6.897500629e-001 +3.303975006e+001 +3.303975006e+001 +2.2825e+000 -1.5548e+000 -7.3410e-001
691 +6.720496100e-001 +6.720496100e-001 +3.302204961e+001 +3.302204961e+001 +2.2868e+000 -1.5451e+000 -7.2846e-001
740 +6.583546572e-001 +6.583546572e-001 +3.300835466e+001 +3.300835466e+001 +2.2928e+000 -1.5380e+000 -7.2499e-001
817 +6.436278788e-001 +6.436278788e-001 +3.299362788e+001 +3.299362788e+001 +2.3136e+000 -1.5177e+000 -7.2378e-001
972 +6.263729582e-001 +6.263729582e-001 +3.297637296e+001 +3.297637296e+001 +2.3099e+000 -1.5181e+000 -7.1703e-001
1010 +6.151099175e-001 +6.151099175e-001 +3.296510992e+001 +3.296510992e+001 +2.3120e+000 -1.5102e+000 -6.9066e-001
1046 +5.921989060e-001 +5.921989060e-001 +3.294219891e+001 +3.294219891e+001 +2.3186e+000 -1.5034e+000 -6.9150e-001
1077 +5.872643041e-001 +5.872643041e-001 +3.293726430e+001 +3.293726430e+001 +2.3201e+000 -1.5028e+000 -6.9569e-001
1111 +5.666265050e-001 +5.666265050e-001 +3.291662651e+001 +3.291662651e+001 +2.3364e+000 -1.4957e+000 -6.9083e-001
1243 +5.623177107e-001 +5.623177107e-001 +3.291231771e+001 +3.291231771e+001 +2.3361e+000 -1.4938e+000 -6.9074e-001
1281 +5.446018760e-001 +5.446018760e-001 +3.289460188e+001 +3.289460188e+001 +2.3417e+000 -1.4847e+000 -6.8360e-001
1346 +5.270235852e-001 +5.270235852e-001 +3.287702359e+001 +3.287702359e+001 +2.3552e+000 -1.4695e+000 -6.8060e-001
1368 +5.246492174e-001 +5.246492174e-001 +3.287464922e+001 +3.287464922e+001 +2.3490e+000 -1.4737e+000 -6.7410e-001
1488 +5.126495303e-001 +5.126495303e-001 +3.286264953e+001 +3.286264953e+001 +2.3529e+000 -1.4625e+000 -6.6784e-001
1591 +5.002681231e-001 +5.002681231e-001 +3.285026812e+001 +3.285026812e+001 +2.3642e+000 -1.4511e+000 -6.6707e-001
1631 +4.897079162e-001 +4.897079162e-001 +3.283970792e+001 +3.283970792e+001 +2.3667e+000 -1.4527e+000 -6.6278e-001
1688 +4.785083699e-001 +4.785083699e-001 +3.282850837e+001 +3.282850837e+001 +2.3703e+000 -1.4454e+000 -6.5694e-001
2030 +4.671422826e-001 +4.671422826e-001 +3.281714228e+001 +3.281714228e+001 +2.3793e+000 -1.4387e+000 -6.5259e-001
2144 +4.545936044e-001 +4.545936044e-001 +3.280459360e+001 +3.280459360e+001 +2.3802e+000 -1.4341e+000 -6.4144e-001
2168 +4.459705665e-001 +4.459705665e-001 +3.279597057e+001 +3.279597057e+001 +2.3831e+000 -1.4252e+000 -6.3734e-001
2239 +4.356423687e-001 +4.356423687e-001 +3.278564237e+001 +3.278564237e+001 +2.3877e+000 -1.4216e+000 -6.3091e-001
2260 +4.264130851e-001 +4.264130851e-001 +3.277641309e+001 +3.277641309e+001 +2.3991e+000 -1.4119e+000 -6.3159e-001
2322 +4.159154590e-001 +4.159154590e-001 +3.276591546e+001 +3.276591546e+001 +2.3967e+000 -1.4085e+000 -6.2045e-001
2342 +4.072904641e-001 +4.072904641e-001 +3.275729046e+001 +3.275729046e+001 +2.4015e+000 -1.4046e+000 -6.1397e-001
2358 +3.863243197e-001 +3.863243197e-001 +3.273632432e+001 +3.273632432e+001 +2.4283e+000 -1.3812e+000 -6.0174e-001
2390 +3.791097349e-001 +3.791097349e-001 +3.272910973e+001 +3.272910973e+001 +2.4147e+000 -1.3852e+000 -6.0055e-001
2458 +3.708302270e-001 +3.708302270e-001 +3.272083023e+001 +3.272083023e+001 +2.4183e+000 -1.3802e+000 -5.9323e-001
2536 +3.605421026e-001 +3.605421026e-001 +3.271054210e+001 +3.271054210e+001 +2.4254e+000 -1.3737e+000 -5.9054e-001
2609 +3.540124451e-001 +3.540124451e-001 +3.270401245e+001 +3.270401245e+001 +2.4273e+000 -1.3686e+000 -5.8502e-001
2688 +3.435291518e-001 +3.435291518e-001 +3.269352915e+001 +3.269352915e+001 +2.4356e+000 -1.3578e+000 -5.7921e-001
2794 +3.371688864e-001 +3.371688864e-001 +3.268716889e+001 +3.268716889e+001 +2.4352e+000 -1.3571e+000 -5.7235e-001
2837 +3.268104476e-001 +3.268104476e-001 +3.267681045e+001 +3.267681045e+001 +2.4414e+000 -1.3506e+000 -5.6619e-001
2999 +3.230722809e-001 +3.230722809e-001 +3.267307228e+001 +3.267307228e+001 +2.4460e+000 -1.3452e+000 -5.6506e-001
% function evaluation | noise-free fitness - Fopt (-5.052600000000e+002) | best noise-free fitness - Fopt | measured fitness | best measured fitness | x1 | x2...
1 +1.569255367e+004 +1.569255367e+004 +1.518729367e+004 +1.518729367e+004 +2.2064e+000 +2.2552e+000 +6.0229e+000
2 +2.773900930e+002 +2.773900930e+002 -2.278699070e+002 -2.278699070e+002 -2.4658e+000 +3.4937e+000 -9.4959e-001
22 +1.884924654e+002 +1.884924654e+002 -3.167675346e+002 -3.167675346e+002 -2.5599e+000 +3.0639e+000 -4.3499e-001
42 +9.525253201e+001 +9.525253201e+001 -4.100074680e+002 -4.100074680e+002 -2.1088e+000 +2.8000e+000 -3.3652e-001
53 +6.922047128e+001 +6.922047128e+001 -4.360395287e+002 -4.360395287e+002 -1.7404e+000 +2.1923e+000 -1.2341e+000
58 +4.406999606e+001 +4.406999606e+001 -4.611900039e+002 -4.611900039e+002 -1.2798e+000 +2.0050e+000 -1.4508e+000
78 +3.014017505e+001 +3.014017505e+001 -4.751198249e+002 -4.751198249e+002 -1.8792e+000 +2.4217e+000 -1.3538e+000
108 +2.704889178e+001 +2.704889178e+001 -4.782111082e+002 -4.782111082e+002 -1.7617e+000 +2.4453e+000 -1.2803e+000
111 +2.558548809e+001 +2.558548809e+001 -4.796745119e+002 -4.796745119e+002 -5.9241e-001 +2.0694e+000 -1.5803e+000
114 +1.318968785e+001 +1.318968785e+001 -4.920703121e+002 -4.920703121e+002 -1.6341e+000 +2.2082e+000 -1.6875e+000
116 +1.038246018e+001 +1.038246018e+001 -4.948775398e+002 -4.948775398e+002 -1.6036e+000 +2.2598e+000 -1.6797e+000
118 +9.355378642e+000 +9.355378642e+000 -4.959046214e+002 -4.959046214e+002 -1.6745e+000 +2.3252e+000 -1.6468e+000
129 +5.427722057e+000 +5.427722057e+000 -4.998322779e+002 -4.998322779e+002 -1.7257e+000 +2.3464e+000 -1.7555e+000
143 +4.465553926e+000 +4.465553926e+000 -5.007944461e+002 -5.007944461e+002 -1.6324e+000 +2.3783e+000 -1.7506e+000
149 +3.368459426e+000 +3.368459426e+000 -5.018915406e+002 -5.018915406e+002 -2.9059e-001 +2.3034e+000 -1.7412e+000
242 +3.288902052e+000 +3.288902052e+000 -5.019710979e+002 -5.019710979e+002 -1.6548e+000 +2.3602e+000 -1.8297e+000
251 +3.228587342e+000 +3.228587342e+000 -5.020314127e+002 -5.020314127e+002 -1.6392e+000 +2.3475e+000 -1.8700e+000
286 +3.135977993e+000 +3.135977993e+000 -5.021240220e+002 -5.021240220e+002 -1.6485e+000 +2.3178e+000 -1.9132e+000
306 +3.085730469e+000 +3.085730469e+000 -5.021742695e+002 -5.021742695e+002 -1.6308e+000 +2.3031e+000 -1.9196e+000
1656 +3.019747317e+000 +3.019747317e+000 -5.022402527e+002 -5.022402527e+002 -1.5931e+000 +2.2597e+000 -1.9532e+000
2477 +2.949833383e+000 +2.949833383e+000 -5.023101666e+002 -5.023101666e+002 -1.5520e+000 +2.2101e+000 -1.9864e+000
% function evaluation | noise-free fitness - Fopt (-5.231400000000e+002) | best noise-free fitness - Fopt | measured fitness | best measured fitness | x1 | x2...
1 +9.336819993e+004 +9.336819993e+004 +9.284505993e+004 +9.284505993e+004 +1.2970e+000 +1.9267e+000 +2.8267e+000
3 +5.920370229e+004 +5.920370229e+004 +5.868056229e+004 +5.868056229e+004 +5.8891e-001 +9.3013e-001 -2.9488e+000
6 +3.564522667e+004 +3.564522667e+004 +3.512208667e+004 +3.512208667e+004 +6.5306e-001 +9.1603e-001 +3.0755e+000
7 +2.712878606e+004 +2.712878606e+004 +2.660564606e+004 +2.660564606e+004 +1.2031e+000 +1.1900e-001 +3.9862e+000
9 +1.783731979e+003 +1.783731979e+003 +1.260591979e+003 +1.260591979e+003 -1.2953e+000 -5.0874e+000 -1.7397e+000
74 +2.909105311e+002 +2.909105311e+002 -2.322294689e+002 -2.322294689e+002 -3.8790e+000 -2.3359e+000 -2.3323e+000
90 +2.430634739e+002 +2.430634739e+002 -2.800765261e+002 -2.800765261e+002 -4.3974e+000 -1.4469e+000 +1.2633e+000
100 +4.161695234e+001 +4.161695234e+001 -4.815230477e+002 -4.815230477e+002 -4.5169e+000 -1.5976e+000 +2.5524e+000
151 +3.846147008e+001 +3.846147008e+001 -4.846785299e+002 -4.846785299e+002 -4.2484e+000 -1.9399e+000 +8.6513e-001
155 +2.796369529e+001 +2.796369529e+001 -4.951763047e+002 -4.951763047e+002 -4.3585e+000 -1.9036e+000 +2.6038e-001
166 +1.083643318e+001 +1.083643318e+001 -5.123035668e+002 -5.123035668e+002 -4.3019e+000 -2.0669e+000 +1.4844e-001
179 +1.061845533e+001 +1.061845533e+001 -5.125215447e+002 -5.125215447e+002 -4.3162e+000 -2.0543e+000 -2.7719e-002
199 +1.037341120e+001 +1.037341120e+001 -5.127665888e+002 -5.127665888e+002 -4.3050e+000 -2.0517e+000 +6.7827e-002
223 +1.012394147e+001 +1.012394147e+001 -5.130160585e+002 -5.130160585e+002 -4.3141e+000 -2.0383e+000 +2.0446e-001
229 +9.837796035e+000 +9.837796035e+000 -5.133022040e+002 -5.133022040e+002 -4.3069e+000 -2.0736e+000 +1.0961e-001
242 +9.274636780e+000 +9.274636780e+000 -5.138653632e+002 -5.138653632e+002 -4.3135e+000 -2.0553e+000 +1.0537e-001
270 +8.403436233e+000 +8.403436233e+000 -5.147365638e+002 -5.147365638e+002 -4.3255e+000 -2.0586e+000 +3.3330e-002
271 +8.143704585e+000 +8.143704585e+000 -5.149962954e+002 -5.149962954e+002 -4.3154e+000 -2.0932e+000 +1.2645e-002
278 +6.229331889e+000 +6.229331889e+000 -5.169106681e+002 -5.169106681e+002 -4.3707e+000 -2.0719e+000 +5.8911e-002
318 +6.131221490e+000 +6.131221490e+000 -5.170087785e+002 -5.170087785e+002 -4.3730e+000 -2.0911e+000 -2.5950e-002
1319 +6.025065677e+000 +6.025065677e+000 -5.171149343e+002 -5.171149343e+002 -4.3593e+000 -2.1114e+000 -1.0464e-001
2757 +5.888168862e+000 +5.888168862e+000 -5.172518311e+002 -5.172518311e+002 -4.3432e+000 -2.1535e+000 -2.5159e-001
