% function evaluation | noise-free fitness - Fopt (-5.465000000000e+002) | best noise-free fitness - Fopt | measured fitness | best measured fitness | x1 | x2...
1 +2.760037043e+005 +2.760037043e+005 +2.754572043e+005 +2.754572043e+005
2 +2.238929185e+005 +2.238929185e+005 +2.233464185e+005 +2.233464185e+005
19 +1.884947694e+005 +1.884947694e+005 +1.879482694e+005 +1.879482694e+005
236 +1.652263626e+005 +1.652263626e+005 +1.646798626e+005 +1.646798626e+005
404 +1.423570271e+005 +1.423570271e+005 +1.418105271e+005 +1.418105271e+005
433 +1.393685593e+005 +1.393685593e+005 +1.388220593e+005 +1.388220593e+005
605 +1.308009811e+005 +1.308009811e+005 +1.302544811e+005 +1.302544811e+005
611 +1.266003588e+005 +1.266003588e+005 +1.260538588e+005 +1.260538588e+005
689 +1.255205317e+005 +1.255205317e+005 +1.249740317e+005 +1.249740317e+005
774 +1.089855989e+005 +1.089855989e+005 +1.084390989e+005 +1.084390989e+005
839 +9.669533494e+004 +9.669533494e+004 +9.614883494e+004 +9.614883494e+004
979 +9.497787333e+004 +9.497787333e+004 +9.443137333e+004 +9.443137333e+004
1017 +9.055613218e+004 +9.055613218e+004 +9.000963218e+004 +9.000963218e+004
1028 +8.462892548e+004 +8.462892548e+004 +8.408242548e+004 +8.408242548e+004
1059 +7.831919011e+004 +7.831919011e+004 +7.777269011e+004 +7.777269011e+004
1183 +7.386177927e+004 +7.386177927e+004 +7.331527927e+004 +7.331527927e+004
1205 +6.868870047e+004 +6.868870047e+004 +6.814220047e+004 +6.814220047e+004
1209 +6.625738830e+004 +6.625738830e+004 +6.571088830e+004 +6.571088830e+004
1257 +4.594920358e+004 +4.594920358e+004 +4.540270358e+004 +4.540270358e+004
1448 +4.570109011e+004 +4.570109011e+004 +4.515459011e+004 +4.515459011e+004
1465 +3.336891038e+004 +3.336891038e+004 +3.282241038e+004 +3.282241038e+004
1894 +3.037312250e+004 +3.037312250e+004 +2.982662250e+004 +2.982662250e+004
1921 +2.988067723e+004 +2.988067723e+004 +2.933417723e+004 +2.933417723e+004
1951 +2.725895264e+004 +2.725895264e+004 +2.671245264e+004 +2.671245264e+004
2006 +1.912039795e+004 +1.912039795e+004 +1.857389795e+004 +1.857389795e+004
2405 +1.410124030e+004 +1.410124030e+004 +1.355474030e+004 +1.355474030e+004
2417 +1.271600481e+004 +1.271600481e+004 +1.216950481e+004 +1.216950481e+004
2604 +6.978142634e+003 +6.978142634e+003 +6.431642634e+003 +6.431642634e+003
2803 +6.797625743e+003 +6.797625743e+003 +6.251125743e+003 +6.251125743e+003
2950 +5.279669955e+003 +5.279669955e+003 +4.733169955e+003 +4.733169955e+003
3231 +2.342210014e+003 +2.342210014e+003 +1.795710014e+003 +1.795710014e+003
3560 +1.670980145e+003 +1.670980145e+003 +1.124480145e+003 +1.124480145e+003
3835 +1.631666496e+003 +1.631666496e+003 +1.085166496e+003 +1.085166496e+003
3959 +1.229986439e+003 +1.229986439e+003 +6.834864388e+002 +6.834864388e+002
4203 +1.103905148e+003 +1.103905148e+003 +5.574051480e+002 +5.574051480e+002
4225 +6.236906908e+002 +6.236906908e+002 +7.719069076e+001 +7.719069076e+001
4284 +4.769136155e+002 +4.769136155e+002 -6.958638447e+001 -6.958638447e+001
4817 +1.726772960e+002 +1.726772960e+002 -3.738227040e+002 -3.738227040e+002
5245 +1.242431186e+002 +1.242431186e+002 -4.222568814e+002 -4.222568814e+002
5257 +5.367300538e+001 +5.367300538e+001 -4.928269946e+002 -4.928269946e+002
5273 +4.882087518e+001 +4.882087518e+001 -4.976791248e+002 -4.976791248e+002
5497 +2.993253677e+001 +2.993253677e+001 -5.165674632e+002 -5.165674632e+002
5715 +9.836643961e+000 +9.836643961e+000 -5.366633560e+002 -5.366633560e+002
5721 +5.319715794e+000 +5.319715794e+000 -5.411802842e+002 -5.411802842e+002
5936 +4.273735837e+000 +4.273735837e+000 -5.422262642e+002 -5.422262642e+002
6099 +3.680883913e+000 +3.680883913e+000 -5.428191161e+002 -5.428191161e+002
6569 +3.592868788e+000 +3.592868788e+000 -5.429071312e+002 -5.429071312e+002
6822 +3.519934624e+000 +3.519934624e+000 -5.429800654e+002 -5.429800654e+002
7543 +3.451517538e+000 +3.451517538e+000 -5.430484825e+002 -5.430484825e+002
7919 +3.312592168e+000 +3.312592168e+000 -5.431874078e+002 -5.431874078e+002
12424 +3.287338387e+000 +3.287338387e+000 -5.432126616e+002 -5.432126616e+002
15266 +3.154162563e+000 +3.154162563e+000 -5.433458374e+002 -5.433458374e+002
39992 +3.082855929e+000 +3.082855929e+000 -5.434171441e+002 -5.434171441e+002
247802 +2.956899092e+000 +2.956899092e+000 -5.435431009e+002 -5.435431009e+002
851729 +2.853455633e+000 +2.853455633e+000 -5.436465444e+002 -5.436465444e+002
1245432 +2.813937092e+000 +2.813937092e+000 -5.436860629e+002 -5.436860629e+002
% function evaluation | noise-free fitness - Fopt (1.000000000000e+003) | best noise-free fitness - Fopt | measured fitness | best measured fitness | x1 | x2...
1 +3.531124415e+005 +3.531124415e+005 +3.541124415e+005 +3.541124415e+005
5 +3.042838223e+005 +3.042838223e+005 +3.052838223e+005 +3.052838223e+005
29 +2.949917899e+005 +2.949917899e+005 +2.959917899e+005 +2.959917899e+005
208 +2.431815341e+005 +2.431815341e+005 +2.441815341e+005 +2.441815341e+005
408 +2.267634930e+005 +2.267634930e+005 +2.277634930e+005 +2.277634930e+005
439 +2.020994512e+005 +2.020994512e+005 +2.030994512e+005 +2.030994512e+005
459 +1.951979643e+005 +1.951979643e+005 +1.961979643e+005 +1.961979643e+005
607 +1.721106743e+005 +1.721106743e+005 +1.731106743e+005 +1.731106743e+005
635 +1.500077970e+005 +1.500077970e+005 +1.510077970e+005 +1.510077970e+005
810 +1.408135419e+005 +1.408135419e+005 +1.418135419e+005 +1.418135419e+005
882 +1.319786905e+005 +1.319786905e+005 +1.329786905e+005 +1.329786905e+005
893 +1.309400280e+005 +1.309400280e+005 +1.319400280e+005 +1.319400280e+005
923 +1.284723164e+005 +1.284723164e+005 +1.294723164e+005 +1.294723164e+005
1004 +1.238411972e+005 +1.238411972e+005 +1.248411972e+005 +1.248411972e+005
1017 +1.202916568e+005 +1.202916568e+005 +1.212916568e+005 +1.212916568e+005
1062 +1.027600119e+005 +1.027600119e+005 +1.037600119e+005 +1.037600119e+005
1119 +9.841000765e+004 +9.841000765e+004 +9.941000765e+004 +9.941000765e+004
1213 +8.410682801e+004 +8.410682801e+004 +8.510682801e+004 +8.510682801e+004
1277 +8.165978836e+004 +8.165978836e+004 +8.265978836e+004 +8.265978836e+004
1374 +6.692915255e+004 +6.692915255e+004 +6.792915255e+004 +6.792915255e+004
1442 +5.690475532e+004 +5.690475532e+004 +5.790475532e+004 +5.790475532e+004
1601 +4.971948306e+004 +4.971948306e+004 +5.071948306e+004 +5.071948306e+004
1655 +4.560964439e+004 +4.560964439e+004 +4.660964439e+004 +4.660964439e+004
1808 +4.395733117e+004 +4.395733117e+004 +4.495733117e+004 +4.495733117e+004
1837 +4.183935200e+004 +4.183935200e+004 +4.283935200e+004 +4.283935200e+004
1890 +2.511217760e+004 +2.511217760e+004 +2.611217760e+004 +2.611217760e+004
2225 +2.391543868e+004 +2.391543868e+004 +2.491543868e+004 +2.491543868e+004
2264 +2.023751500e+004 +2.023751500e+004 +2.123751500e+004 +2.123751500e+004
2352 +1.678615530e+004 +1.678615530e+004 +1.778615530e+004 +1.778615530e+004
2403 +1.601905366e+004 +1.601905366e+004 +1.701905366e+004 +1.701905366e+004
2429 +1.371161616e+004 +1.371161616e+004 +1.471161616e+004 +1.471161616e+004
2633 +1.121625004e+004 +1.121625004e+004 +1.221625004e+004 +1.221625004e+004
2642 +9.707349048e+003 +9.707349048e+003 +1.070734905e+004 +1.070734905e+004
2851 +6.438058921e+003 +6.438058921e+003 +7.438058921e+003 +7.438058921e+003
2854 +5.877385040e+003 +5.877385040e+003 +6.877385040e+003 +6.877385040e+003
3037 +3.598370012e+003 +3.598370012e+003 +4.598370012e+003 +4.598370012e+003
3266 +3.189395448e+003 +3.189395448e+003 +4.189395448e+003 +4.189395448e+003
3394 +2.295732149e+003 +2.295732149e+003 +3.295732149e+003 +3.295732149e+003
3478 +2.108196461e+003 +2.108196461e+003 +3.108196461e+003 +3.108196461e+003
3568 +1.661349174e+003 +1.661349174e+003 +2.661349174e+003 +2.661349174e+003
3733 +1.653261948e+003 +1.653261948e+003 +2.653261948e+003 +2.653261948e+003
3850 +1.275298221e+003 +1.275298221e+003 +2.275298221e+003 +2.275298221e+003
3861 +1.037266869e+003 +1.037266869e+003 +2.037266869e+003 +2.037266869e+003
3886 +4.320194740e+002 +4.320194740e+002 +1.432019474e+003 +1.432019474e+003
4206 +3.823916443e+002 +3.823916443e+002 +1.382391644e+003 +1.382391644e+003
4215 +3.506841527e+002 +3.506841527e+002 +1.350684153e+003 +1.350684153e+003
4373 +1.804070495e+002 +1.804070495e+002 +1.180407050e+003 +1.180407050e+003
4522 +1.758281541e+002 +1.758281541e+002 +1.175828154e+003 +1.175828154e+003
4562 +3.372652200e+001 +3.372652200e+001 +1.033726522e+003 +1.033726522e+003
4644 +4.144054898e+000 +4.144054898e+000 +1.004144055e+003 +1.004144055e+003
5444 +3.855556763e+000 +3.855556763e+000 +1.003855557e+003 +1.003855557e+003
5826 +3.742043941e+000 +3.742043941e+000 +1.003742044e+003 +1.003742044e+003
5869 +3.375742049e+000 +3.375742049e+000 +1.003375742e+003 +1.003375742e+003
12156 +3.261920997e+000 +3.261920997e+000 +1.003261921e+003 +1.003261921e+003
34834 +3.170730689e+000 +3.170730689e+000 +1.003170731e+003 +1.003170731e+003
143985 +3.125319069e+000 +3.125319069e+000 +1.003125319e+003 +1.003125319e+003
1964629 +3.074957816e+000 +3.074957816e+000 +1.003074958e+003 +1.003074958e+003
% function evaluation | noise-free fitness - Fopt (2.083800000000e+002) | best noise-free fitness - Fopt | measured fitness | best measured fitness | x1 | x2...
1 +3.682724599e+005 +3.682724599e+005 +3.684808399e+005 +3.684808399e+005
5 +2.959768685e+005 +2.959768685e+005 +2.961852485e+005 +2.961852485e+005
28 +2.913335360e+005 +2.913335360e+005 +2.915419160e+005 +2.915419160e+005
85 +2.810256461e+005 +2.810256461e+005 +2.812340261e+005 +2.812340261e+005
210 +2.596408202e+005 +2.596408202e+005 +2.598492002e+005 +2.598492002e+005
320 +2.501311315e+005 +2.501311315e+005 +2.503395115e+005 +2.503395115e+005
419 +2.436323572e+005 +2.436323572e+005 +2.438407372e+005 +2.438407372e+005
426 +2.359125988e+005 +2.359125988e+005 +2.361209788e+005 +2.361209788e+005
432 +2.246951237e+005 +2.246951237e+005 +2.249035037e+005 +2.249035037e+005
486 +2.213174479e+005 +2.213174479e+005 +2.215258279e+005 +2.215258279e+005
515 +2.160638075e+005 +2.160638075e+005 +2.162721875e+005 +2.162721875e+005
602 +2.130172590e+005 +2.130172590e+005 +2.132256390e+005 +2.132256390e+005
610 +2.052815266e+005 +2.052815266e+005 +2.054899066e+005 +2.054899066e+005
611 +1.844758657e+005 +1.844758657e+005 +1.846842457e+005 +1.846842457e+005
689 +1.746860969e+005 +1.746860969e+005 +1.748944769e+005 +1.748944769e+005
797 +1.649815199e+005 +1.649815199e+005 +1.651898999e+005 +1.651898999e+005
813 +1.567710927e+005 +1.567710927e+005 +1.569794727e+005 +1.569794727e+005
892 +1.492677498e+005 +1.492677498e+005 +1.494761298e+005 +1.494761298e+005
1004 +1.249663332e+005 +1.249663332e+005 +1.251747132e+005 +1.251747132e+005
1032 +1.114815344e+005 +1.114815344e+005 +1.116899144e+005 +1.116899144e+005
1220 +8.728374267e+004 +8.728374267e+004 +8.749212267e+004 +8.749212267e+004
1308 +8.170435027e+004 +8.170435027e+004 +8.191273027e+004 +8.191273027e+004
1380 +7.971140410e+004 +7.971140410e+004 +7.991978410e+004 +7.991978410e+004
1402 +7.859943784e+004 +7.859943784e+004 +7.880781784e+004 +7.880781784e+004
1404 +7.482420942e+004 +7.482420942e+004 +7.503258942e+004 +7.503258942e+004
1420 +6.907636985e+004 +6.907636985e+004 +6.928474985e+004 +6.928474985e+004
1549 +6.421904220e+004 +6.421904220e+004 +6.442742220e+004 +6.442742220e+004
1553 +6.239883578e+004 +6.239883578e+004 +6.260721578e+004 +6.260721578e+004
1606 +5.541531844e+004 +5.541531844e+004 +5.562369844e+004 +5.562369844e+004
1651 +5.358433544e+004 +5.358433544e+004 +5.379271544e+004 +5.379271544e+004
1699 +4.488432441e+004 +4.488432441e+004 +4.509270441e+004 +4.509270441e+004
1802 +4.271596765e+004 +4.271596765e+004 +4.292434765e+004 +4.292434765e+004
1811 +3.397112788e+004 +3.397112788e+004 +3.417950788e+004 +3.417950788e+004
2009 +3.298455020e+004 +3.298455020e+004 +3.319293020e+004 +3.319293020e+004
2016 +2.336850088e+004 +2.336850088e+004 +2.357688088e+004 +2.357688088e+004
2054 +2.105728348e+004 +2.105728348e+004 +2.126566348e+004 +2.126566348e+004
2328 +1.983890234e+004 +1.983890234e+004 +2.004728234e+004 +2.004728234e+004
2407 +1.775695903e+004 +1.775695903e+004 +1.796533903e+004 +1.796533903e+004
2518 +1.284775842e+004 +1.284775842e+004 +1.305613842e+004 +1.305613842e+004
2534 +1.135145957e+004 +1.135145957e+004 +1.155983957e+004 +1.155983957e+004
2671 +1.021428381e+004 +1.021428381e+004 +1.042266381e+004 +1.042266381e+004
2893 +9.813212394e+003 +9.813212394e+003 +1.002159239e+004 +1.002159239e+004
2928 +9.736206905e+003 +9.736206905e+003 +9.944586905e+003 +9.944586905e+003
3003 +9.014583725e+003 +9.014583725e+003 +9.222963725e+003 +9.222963725e+003
3005 +7.578601932e+003 +7.578601932e+003 +7.786981932e+003 +7.786981932e+003
3029 +6.450311197e+003 +6.450311197e+003 +6.658691197e+003 +6.658691197e+003
3073 +5.599377815e+003 +5.599377815e+003 +5.807757815e+003 +5.807757815e+003
3415 +4.952013677e+003 +4.952013677e+003 +5.160393677e+003 +5.160393677e+003
3436 +4.032351316e+003 +4.032351316e+003 +4.240731316e+003 +4.240731316e+003
3458 +3.555624291e+003 +3.555624291e+003 +3.764004291e+003 +3.764004291e+003
3605 +1.624457026e+003 +1.624457026e+003 +1.832837026e+003 +1.832837026e+003
3903 +1.379614174e+003 +1.379614174e+003 +1.587994174e+003 +1.587994174e+003
4211 +9.922684998e+002 +9.922684998e+002 +1.200648500e+003 +1.200648500e+003
4227 +9.595863196e+002 +9.595863196e+002 +1.167966320e+003 +1.167966320e+003
4275 +7.052705214e+002 +7.052705214e+002 +9.136505214e+002 +9.136505214e+002
4337 +6.353905652e+002 +6.353905652e+002 +8.437705652e+002 +8.437705652e+002
4530 +6.093971183e+002 +6.093971183e+002 +8.177771183e+002 +8.177771183e+002
4558 +4.559585757e+002 +4.559585757e+002 +6.643385757e+002 +6.643385757e+002
4607 +3.623304961e+002 +3.623304961e+002 +5.707104961e+002 +5.707104961e+002
4665 +2.679304995e+002 +2.679304995e+002 +4.763104995e+002 +4.763104995e+002
4930 +1.705600541e+002 +1.705600541e+002 +3.789400541e+002 +3.789400541e+002
5003 +1.306008091e+002 +1.306008091e+002 +3.389808091e+002 +3.389808091e+002
5059 +1.274024551e+002 +1.274024551e+002 +3.357824551e+002 +3.357824551e+002
5149 +9.243516139e+001 +9.243516139e+001 +3.008151614e+002 +3.008151614e+002
5363 +7.546144172e+001 +7.546144172e+001 +2.838414417e+002 +2.838414417e+002
5373 +7.153321685e+001 +7.153321685e+001 +2.799132168e+002 +2.799132168e+002
5425 +4.736399443e+001 +4.736399443e+001 +2.557439944e+002 +2.557439944e+002
5438 +3.714579433e+001 +3.714579433e+001 +2.455257943e+002 +2.455257943e+002
5445 +2.885817309e+001 +2.885817309e+001 +2.372381731e+002 +2.372381731e+002
5543 +2.748442138e+001 +2.748442138e+001 +2.358644214e+002 +2.358644214e+002
5557 +1.972724781e+001 +1.972724781e+001 +2.281072478e+002 +2.281072478e+002
5576 +1.201770643e+001 +1.201770643e+001 +2.203977064e+002 +2.203977064e+002
5638 +6.417644536e+000 +6.417644536e+000 +2.147976445e+002 +2.147976445e+002
5653 +4.806746145e+000 +4.806746145e+000 +2.131867461e+002 +2.131867461e+002
5750 +4.494944220e+000 +4.494944220e+000 +2.128749442e+002 +2.128749442e+002
5754 +4.401031792e+000 +4.401031792e+000 +2.127810318e+002 +2.127810318e+002
5834 +4.323717594e+000 +4.323717594e+000 +2.127037176e+002 +2.127037176e+002
5889 +3.934326959e+000 +3.934326959e+000 +2.123143270e+002 +2.123143270e+002
6552 +3.857952290e+000 +3.857952290e+000 +2.122379523e+002 +2.122379523e+002
7102 +3.689986681e+000 +3.689986681e+000 +2.120699867e+002 +2.120699867e+002
7286 +3.616339311e+000 +3.616339311e+000 +2.119963393e+002 +2.119963393e+002
7790 +3.529336747e+000 +3.529336747e+000 +2.119093367e+002 +2.119093367e+002
8809 +3.361562556e+000 +3.361562556e+000 +2.117415626e+002 +2.117415626e+002
8847 +3.278636303e+000 +3.278636303e+000 +2.116586363e+002 +2.116586363e+002
13001 +3.191460697e+000 +3.191460697e+000 +2.115714607e+002 +2.115714607e+002
19726 +3.110128356e+000 +3.110128356e+000 +2.114901284e+002 +2.114901284e+002
34157 +2.953595860e+000 +2.953595860e+000 +2.113335959e+002 +2.113335959e+002
97346 +2.947020752e+000 +2.947020752e+000 +2.113270208e+002 +2.113270208e+002
215924 +2.877713187e+000 +2.877713187e+000 +2.112577132e+002 +2.112577132e+002
398564 +2.710297154e+000 +2.710297154e+000 +2.110902972e+002 +2.110902972e+002
643479 +2.652584152e+000 +2.652584152e+000 +2.110325842e+002 +2.110325842e+002
783261 +2.600859192e+000 +2.600859192e+000 +2.109808592e+002 +2.109808592e+002
853402 +2.525685185e+000 +2.525685185e+000 +2.109056852e+002 +2.109056852e+002
1160578 +2.476624458e+000 +2.476624458e+000 +2.108566245e+002 +2.108566245e+002
1632773 +2.437765841e+000 +2.437765841e+000 +2.108177658e+002 +2.108177658e+002
1698994 +2.383791208e+000 +2.383791208e+000 +2.107637912e+002 +2.107637912e+002
1701913 +2.284916152e+000 +2.284916152e+000 +2.106649162e+002 +2.106649162e+002
1806093 +2.220483739e+000 +2.220483739e+000 +2.106004837e+002 +2.106004837e+002
1821183 +2.177927363e+000 +2.177927363e+000 +2.105579274e+002 +2.105579274e+002
1955248 +2.128538358e+000 +2.128538358e+000 +2.105085384e+002 +2.105085384e+002
1956406 +2.085893591e+000 +2.085893591e+000 +2.104658936e+002 +2.104658936e+002
% function evaluation | noise-free fitness - Fopt (-1.449600000000e+002) | best noise-free fitness - Fopt | measured fitness | best measured fitness | x1 | x2...
1 +4.668274039e+005 +4.668274039e+005 +4.666824439e+005 +4.666824439e+005
2 +3.502715148e+005 +3.502715148e+005 +3.501265548e+005 +3.501265548e+005
3 +2.979705865e+005 +2.979705865e+005 +2.978256265e+005 +2.978256265e+005
70 +2.889938001e+005 +2.889938001e+005 +2.888488401e+005 +2.888488401e+005
72 +2.878353385e+005 +2.878353385e+005 +2.876903785e+005 +2.876903785e+005
104 +2.811879168e+005 +2.811879168e+005 +2.810429568e+005 +2.810429568e+005
225 +2.563430755e+005 +2.563430755e+005 +2.561981155e+005 +2.561981155e+005
229 +2.344481093e+005 +2.344481093e+005 +2.343031493e+005 +2.343031493e+005
248 +2.288066213e+005 +2.288066213e+005 +2.286616613e+005 +2.286616613e+005
418 +2.212108689e+005 +2.212108689e+005 +2.210659089e+005 +2.210659089e+005
429 +2.150598625e+005 +2.150598625e+005 +2.149149025e+005 +2.149149025e+005
451 +2.116650175e+005 +2.116650175e+005 +2.115200575e+005 +2.115200575e+005
466 +1.743448105e+005 +1.743448105e+005 +1.741998505e+005 +1.741998505e+005
613 +1.584414624e+005 +1.584414624e+005 +1.582965024e+005 +1.582965024e+005
684 +1.429706489e+005 +1.429706489e+005 +1.428256889e+005 +1.428256889e+005
807 +1.277384380e+005 +1.277384380e+005 +1.275934780e+005 +1.275934780e+005
952 +1.153659648e+005 +1.153659648e+005 +1.152210048e+005 +1.152210048e+005
1006 +1.089201781e+005 +1.089201781e+005 +1.087752181e+005 +1.087752181e+005
1019 +9.605496441e+004 +9.605496441e+004 +9.591000441e+004 +9.591000441e+004
1140 +9.380323667e+004 +9.380323667e+004 +9.365827667e+004 +9.365827667e+004
1226 +7.258150337e+004 +7.258150337e+004 +7.243654337e+004 +7.243654337e+004
1333 +7.089137280e+004 +7.089137280e+004 +7.074641280e+004 +7.074641280e+004
1381 +6.342462908e+004 +6.342462908e+004 +6.327966908e+004 +6.327966908e+004
1439 +5.646737453e+004 +5.646737453e+004 +5.632241453e+004 +5.632241453e+004
1627 +4.964274139e+004 +4.964274139e+004 +4.949778139e+004 +4.949778139e+004
1649 +4.863736375e+004 +4.863736375e+004 +4.849240375e+004 +4.849240375e+004
1805 +3.944821176e+004 +3.944821176e+004 +3.930325176e+004 +3.930325176e+004
1820 +2.991029278e+004 +2.991029278e+004 +2.976533278e+004 +2.976533278e+004
2036 +2.854999172e+004 +2.854999172e+004 +2.840503172e+004 +2.840503172e+004
2062 +2.482980946e+004 +2.482980946e+004 +2.468484946e+004 +2.468484946e+004
2108 +1.599934740e+004 +1.599934740e+004 +1.585438740e+004 +1.585438740e+004
2527 +1.573913529e+004 +1.573913529e+004 +1.559417529e+004 +1.559417529e+004
2656 +1.146712374e+004 +1.146712374e+004 +1.132216374e+004 +1.132216374e+004
2674 +9.548983008e+003 +9.548983008e+003 +9.404023008e+003 +9.404023008e+003
2680 +5.607573456e+003 +5.607573456e+003 +5.462613456e+003 +5.462613456e+003
2902 +5.352084905e+003 +5.352084905e+003 +5.207124905e+003 +5.207124905e+003
3209 +4.805639779e+003 +4.805639779e+003 +4.660679779e+003 +4.660679779e+003
3237 +4.621601410e+003 +4.621601410e+003 +4.476641410e+003 +4.476641410e+003
3260 +3.835990435e+003 +3.835990435e+003 +3.691030435e+003 +3.691030435e+003
3377 +3.308957857e+003 +3.308957857e+003 +3.163997857e+003 +3.163997857e+003
3430 +2.819033336e+003 +2.819033336e+003 +2.674073336e+003 +2.674073336e+003
3451 +2.396585785e+003 +2.396585785e+003 +2.251625785e+003 +2.251625785e+003
3698 +1.972984244e+003 +1.972984244e+003 +1.828024244e+003 +1.828024244e+003
3886 +5.233379662e+002 +5.233379662e+002 +3.783779662e+002 +3.783779662e+002
4357 +4.933302123e+002 +4.933302123e+002 +3.483702123e+002 +3.483702123e+002
4414 +3.607935827e+002 +3.607935827e+002 +2.158335827e+002 +2.158335827e+002
4571 +2.632436156e+002 +2.632436156e+002 +1.182836156e+002 +1.182836156e+002
4588 +1.956936349e+002 +1.956936349e+002 +5.073363488e+001 +5.073363488e+001
4603 +7.314113768e+001 +7.314113768e+001 -7.181886232e+001 -7.181886232e+001
4969 +4.234526850e+001 +4.234526850e+001 -1.026147315e+002 -1.026147315e+002
5011 +1.770830149e+001 +1.770830149e+001 -1.272516985e+002 -1.272516985e+002
5035 +1.400657871e+001 +1.400657871e+001 -1.309534213e+002 -1.309534213e+002
5221 +4.840003162e+000 +4.840003162e+000 -1.401199968e+002 -1.401199968e+002
5359 +4.418111411e+000 +4.418111411e+000 -1.405418886e+002 -1.405418886e+002
5544 +4.288075129e+000 +4.288075129e+000 -1.406719249e+002 -1.406719249e+002
5846 +3.952615657e+000 +3.952615657e+000 -1.410073843e+002 -1.410073843e+002
5911 +3.720062444e+000 +3.720062444e+000 -1.412399376e+002 -1.412399376e+002
6118 +3.608373872e+000 +3.608373872e+000 -1.413516261e+002 -1.413516261e+002
9171 +3.473104183e+000 +3.473104183e+000 -1.414868958e+002 -1.414868958e+002
11555 +3.163872626e+000 +3.163872626e+000 -1.417961274e+002 -1.417961274e+002
% function evaluation | noise-free fitness - Fopt (-6.300000000000e+000) | best noise-free fitness - Fopt | measured fitness | best measured fitness | x1 | x2...
1 +3.138818025e+005 +3.138818025e+005 +3.138755025e+005 +3.138755025e+005
2 +2.851838577e+005 +2.851838577e+005 +2.851775577e+005 +2.851775577e+005
19 +2.684072015e+005 +2.684072015e+005 +2.684009015e+005 +2.684009015e+005
32 +2.451070281e+005 +2.451070281e+005 +2.451007281e+005 +2.451007281e+005
210 +2.269712160e+005 +2.269712160e+005 +2.269649160e+005 +2.269649160e+005
237 +2.127910793e+005 +2.127910793e+005 +2.127847793e+005 +2.127847793e+005
440 +2.077393698e+005 +2.077393698e+005 +2.077330698e+005 +2.077330698e+005
452 +1.956676271e+005 +1.956676271e+005 +1.956613271e+005 +1.956613271e+005
467 +1.836844302e+005 +1.836844302e+005 +1.836781302e+005 +1.836781302e+005
519 +1.793053596e+005 +1.793053596e+005 +1.792990596e+005 +1.792990596e+005
613 +1.451460251e+005 +1.451460251e+005 +1.451397251e+005 +1.451397251e+005
770 +1.363544625e+005 +1.363544625e+005 +1.363481625e+005 +1.363481625e+005
802 +1.301546680e+005 +1.301546680e+005 +1.301483680e+005 +1.301483680e+005
880 +1.248130950e+005 +1.248130950e+005 +1.248067950e+005 +1.248067950e+005
1003 +1.032756625e+005 +1.032756625e+005 +1.032693625e+005 +1.032693625e+005
1006 +9.887204703e+004 +9.887204703e+004 +9.886574703e+004 +9.886574703e+004
1084 +9.351784909e+004 +9.351784909e+004 +9.351154909e+004 +9.351154909e+004
1149 +9.199979810e+004 +9.199979810e+004 +9.199349810e+004 +9.199349810e+004
1179 +8.307901204e+004 +8.307901204e+004 +8.307271204e+004 +8.307271204e+004
1270 +7.868067350e+004 +7.868067350e+004 +7.867437350e+004 +7.867437350e+004
1407 +6.565716630e+004 +6.565716630e+004 +6.565086630e+004 +6.565086630e+004
1479 +6.028397266e+004 +6.028397266e+004 +6.027767266e+004 +6.027767266e+004
1496 +5.912017193e+004 +5.912017193e+004 +5.911387193e+004 +5.911387193e+004
1622 +5.056022180e+004 +5.056022180e+004 +5.055392180e+004 +5.055392180e+004
1689 +4.692747471e+004 +4.692747471e+004 +4.692117471e+004 +4.692117471e+004
1811 +4.476432812e+004 +4.476432812e+004 +4.475802812e+004 +4.475802812e+004
1855 +4.141926701e+004 +4.141926701e+004 +4.141296701e+004 +4.141296701e+004
1930 +3.839076207e+004 +3.839076207e+004 +3.838446207e+004 +3.838446207e+004
2068 +3.076980420e+004 +3.076980420e+004 +3.076350420e+004 +3.076350420e+004
2221 +2.766187857e+004 +2.766187857e+004 +2.765557857e+004 +2.765557857e+004
2308 +2.656379266e+004 +2.656379266e+004 +2.655749266e+004 +2.655749266e+004
2385 +2.570520091e+004 +2.570520091e+004 +2.569890091e+004 +2.569890091e+004
2393 +2.240974041e+004 +2.240974041e+004 +2.240344041e+004 +2.240344041e+004
2401 +2.203417767e+004 +2.203417767e+004 +2.202787767e+004 +2.202787767e+004
2503 +1.829457461e+004 +1.829457461e+004 +1.828827461e+004 +1.828827461e+004
2610 +1.784462619e+004 +1.784462619e+004 +1.783832619e+004 +1.783832619e+004
2622 +1.769413141e+004 +1.769413141e+004 +1.768783141e+004 +1.768783141e+004
2700 +1.591405141e+004 +1.591405141e+004 +1.590775141e+004 +1.590775141e+004
2879 +1.318600965e+004 +1.318600965e+004 +1.317970965e+004 +1.317970965e+004
3001 +1.140957378e+004 +1.140957378e+004 +1.140327378e+004 +1.140327378e+004
3016 +9.804147586e+003 +9.804147586e+003 +9.797847586e+003 +9.797847586e+003
3100 +8.306423633e+003 +8.306423633e+003 +8.300123633e+003 +8.300123633e+003
3409 +7.478093265e+003 +7.478093265e+003 +7.471793265e+003 +7.471793265e+003
3432 +6.292474401e+003 +6.292474401e+003 +6.286174401e+003 +6.286174401e+003
3440 +5.555713917e+003 +5.555713917e+003 +5.549413917e+003 +5.549413917e+003
3466 +3.642167979e+003 +3.642167979e+003 +3.635867979e+003 +3.635867979e+003
3495 +3.300634620e+003 +3.300634620e+003 +3.294334620e+003 +3.294334620e+003
3777 +2.366988254e+003 +2.366988254e+003 +2.360688254e+003 +2.360688254e+003
3816 +2.138718353e+003 +2.138718353e+003 +2.132418353e+003 +2.132418353e+003
3871 +1.800584137e+003 +1.800584137e+003 +1.794284137e+003 +1.794284137e+003
3929 +1.757399256e+003 +1.757399256e+003 +1.751099256e+003 +1.751099256e+003
4014 +1.592721127e+003 +1.592721127e+003 +1.586421127e+003 +1.586421127e+003
4099 +1.434333163e+003 +1.434333163e+003 +1.428033163e+003 +1.428033163e+003
4426 +1.034905064e+003 +1.034905064e+003 +1.028605064e+003 +1.028605064e+003
4453 +6.882948580e+002 +6.882948580e+002 +6.819948580e+002 +6.819948580e+002
4478 +6.196594442e+002 +6.196594442e+002 +6.133594442e+002 +6.133594442e+002
4609 +5.265934912e+002 +5.265934912e+002 +5.202934912e+002 +5.202934912e+002
4655 +3.208612931e+002 +3.208612931e+002 +3.145612931e+002 +3.145612931e+002
4815 +1.722163497e+002 +1.722163497e+002 +1.659163497e+002 +1.659163497e+002
5343 +1.467154400e+002 +1.467154400e+002 +1.404154400e+002 +1.404154400e+002
5507 +8.485125945e+001 +8.485125945e+001 +7.855125945e+001 +7.855125945e+001
5670 +4.882519724e+001 +4.882519724e+001 +4.252519724e+001 +4.252519724e+001
5740 +1.022675804e+001 +1.022675804e+001 +3.926758041e+000 +3.926758041e+000
6211 +7.529265375e+000 +7.529265375e+000 +1.229265375e+000 +1.229265375e+000
6225 +4.391918750e+000 +4.391918750e+000 -1.908081250e+000 -1.908081250e+000
6691 +4.246588604e+000 +4.246588604e+000 -2.053411396e+000 -2.053411396e+000
7251 +4.138996173e+000 +4.138996173e+000 -2.161003827e+000 -2.161003827e+000
7265 +4.025771148e+000 +4.025771148e+000 -2.274228852e+000 -2.274228852e+000
7302 +3.933673727e+000 +3.933673727e+000 -2.366326273e+000 -2.366326273e+000
7378 +3.602134341e+000 +3.602134341e+000 -2.697865659e+000 -2.697865659e+000
9442 +3.505686577e+000 +3.505686577e+000 -2.794313423e+000 -2.794313423e+000
17419 +3.438734497e+000 +3.438734497e+000 -2.861265503e+000 -2.861265503e+000
45593 +3.288200374e+000 +3.288200374e+000 -3.011799626e+000 -3.011799626e+000
302442 +3.232450310e+000 +3.232450310e+000 -3.067549690e+000 -3.067549690e+000
471367 +3.153206942e+000 +3.153206942e+000 -3.146793058e+000 -3.146793058e+000
834699 +3.063218924e+000 +3.063218924e+000 -3.236781076e+000 -3.236781076e+000
% function evaluation | noise-free fitness - Fopt (2.796000000000e+001) | best noise-free fitness - Fopt | measured fitness | best measured fitness | x1 | x2...
1 +2.571369968e+005 +2.571369968e+005 +2.571649568e+005 +2.571649568e+005
13 +2.440253638e+005 +2.440253638e+005 +2.440533238e+005 +2.440533238e+005
42 +2.230831103e+005 +2.230831103e+005 +2.231110703e+005 +2.231110703e+005
108 +1.860478125e+005 +1.860478125e+005 +1.860757725e+005 +1.860757725e+005
235 +1.320806895e+005 +1.320806895e+005 +1.321086495e+005 +1.321086495e+005
555 +1.282231835e+005 +1.282231835e+005 +1.282511435e+005 +1.282511435e+005
607 +1.239470877e+005 +1.239470877e+005 +1.239750477e+005 +1.239750477e+005
642 +8.554921679e+004 +8.554921679e+004 +8.557717679e+004 +8.557717679e+004
812 +8.440318979e+004 +8.440318979e+004 +8.443114979e+004 +8.443114979e+004
868 +8.085918439e+004 +8.085918439e+004 +8.088714439e+004 +8.088714439e+004
1003 +7.416188449e+004 +7.416188449e+004 +7.418984449e+004 +7.418984449e+004
1005 +6.578467830e+004 +6.578467830e+004 +6.581263830e+004 +6.581263830e+004
1056 +6.366215911e+004 +6.366215911e+004 +6.369011911e+004 +6.369011911e+004
1112 +5.745085370e+004 +5.745085370e+004 +5.747881370e+004 +5.747881370e+004
1243 +5.492627472e+004 +5.492627472e+004 +5.495423472e+004 +5.495423472e+004
1251 +4.313022371e+004 +4.313022371e+004 +4.315818371e+004 +4.315818371e+004
1403 +3.786186087e+004 +3.786186087e+004 +3.788982087e+004 +3.788982087e+004
1434 +2.982568484e+004 +2.982568484e+004 +2.985364484e+004 +2.985364484e+004
1587 +2.781995600e+004 +2.781995600e+004 +2.784791600e+004 +2.784791600e+004
1614 +2.491416638e+004 +2.491416638e+004 +2.494212638e+004 +2.494212638e+004
1633 +2.307089774e+004 +2.307089774e+004 +2.309885774e+004 +2.309885774e+004
1802 +2.266722798e+004 +2.266722798e+004 +2.269518798e+004 +2.269518798e+004
1895 +2.008740652e+004 +2.008740652e+004 +2.011536652e+004 +2.011536652e+004
1896 +1.822664328e+004 +1.822664328e+004 +1.825460328e+004 +1.825460328e+004
2001 +1.590225366e+004 +1.590225366e+004 +1.593021366e+004 +1.593021366e+004
2210 +1.440999024e+004 +1.440999024e+004 +1.443795024e+004 +1.443795024e+004
2225 +1.407271676e+004 +1.407271676e+004 +1.410067676e+004 +1.410067676e+004
2267 +9.348406441e+003 +9.348406441e+003 +9.376366441e+003 +9.376366441e+003
2490 +7.720415968e+003 +7.720415968e+003 +7.748375968e+003 +7.748375968e+003
2577 +5.824700790e+003 +5.824700790e+003 +5.852660790e+003 +5.852660790e+003
2651 +5.675404974e+003 +5.675404974e+003 +5.703364974e+003 +5.703364974e+003
2924 +3.079647584e+003 +3.079647584e+003 +3.107607584e+003 +3.107607584e+003
3033 +2.203402945e+003 +2.203402945e+003 +2.231362945e+003 +2.231362945e+003
3241 +2.169971024e+003 +2.169971024e+003 +2.197931024e+003 +2.197931024e+003
3394 +2.114708867e+003 +2.114708867e+003 +2.142668867e+003 +2.142668867e+003
3554 +1.972137211e+003 +1.972137211e+003 +2.000097211e+003 +2.000097211e+003
3573 +1.152781935e+003 +1.152781935e+003 +1.180741935e+003 +1.180741935e+003
3875 +1.038646764e+003 +1.038646764e+003 +1.066606764e+003 +1.066606764e+003
3885 +1.021024579e+003 +1.021024579e+003 +1.048984579e+003 +1.048984579e+003
4022 +8.184978706e+002 +8.184978706e+002 +8.464578706e+002 +8.464578706e+002
4032 +7.961942571e+002 +7.961942571e+002 +8.241542571e+002 +8.241542571e+002
4137 +6.977555663e+002 +6.977555663e+002 +7.257155663e+002 +7.257155663e+002
4150 +5.489915048e+002 +5.489915048e+002 +5.769515048e+002 +5.769515048e+002
4475 +4.956397544e+002 +4.956397544e+002 +5.235997544e+002 +5.235997544e+002
4476 +4.879501282e+002 +4.879501282e+002 +5.159101282e+002 +5.159101282e+002
4489 +3.683153038e+002 +3.683153038e+002 +3.962753038e+002 +3.962753038e+002
4667 +2.649288865e+001 +2.649288865e+001 +5.445288865e+001 +5.445288865e+001
5647 +1.348876596e+001 +1.348876596e+001 +4.144876596e+001 +4.144876596e+001
5913 +1.172489851e+001 +1.172489851e+001 +3.968489851e+001 +3.968489851e+001
6110 +4.888567147e+000 +4.888567147e+000 +3.284856715e+001 +3.284856715e+001
6326 +4.267167922e+000 +4.267167922e+000 +3.222716792e+001 +3.222716792e+001
6401 +4.057785767e+000 +4.057785767e+000 +3.201778577e+001 +3.201778577e+001
6585 +3.959293768e+000 +3.959293768e+000 +3.191929377e+001 +3.191929377e+001
6590 +3.738207170e+000 +3.738207170e+000 +3.169820717e+001 +3.169820717e+001
6652 +3.615054416e+000 +3.615054416e+000 +3.157505442e+001 +3.157505442e+001
9181 +3.296386913e+000 +3.296386913e+000 +3.125638691e+001 +3.125638691e+001
17358 +3.143681672e+000 +3.143681672e+000 +3.110368167e+001 +3.110368167e+001
27611 +3.085713809e+000 +3.085713809e+000 +3.104571381e+001 +3.104571381e+001
100178 +2.920901528e+000 +2.920901528e+000 +3.088090153e+001 +3.088090153e+001
256856 +2.878765859e+000 +2.878765859e+000 +3.083876586e+001 +3.083876586e+001
347531 +2.793006783e+000 +2.793006783e+000 +3.075300678e+001 +3.075300678e+001
595450 +2.651506768e+000 +2.651506768e+000 +3.061150677e+001 +3.061150677e+001
1094081 +2.548046962e+000 +2.548046962e+000 +3.050804696e+001 +3.050804696e+001
1432133 +2.496821067e+000 +2.496821067e+000 +3.045682107e+001 +3.045682107e+001
1484239 +2.334741080e+000 +2.334741080e+000 +3.029474108e+001 +3.029474108e+001
% function evaluation | noise-free fitness - Fopt (-6.338000000000e+001) | best noise-free fitness - Fopt | measured fitness | best measured fitness | x1 | x2...
1 +2.632768292e+005 +2.632768292e+005 +2.632134492e+005 +2.632134492e+005
2 +2.408598019e+005 +2.408598019e+005 +2.407964219e+005 +2.407964219e+005
3 +2.284119216e+005 +2.284119216e+005 +2.283485416e+005 +2.283485416e+005
8 +2.217909083e+005 +2.217909083e+005 +2.217275283e+005 +2.217275283e+005
15 +2.115433666e+005 +2.115433666e+005 +2.114799866e+005 +2.114799866e+005
20 +1.657787401e+005 +1.657787401e+005 +1.657153601e+005 +1.657153601e+005
364 +1.610298863e+005 +1.610298863e+005 +1.609665063e+005 +1.609665063e+005
403 +1.413226001e+005 +1.413226001e+005 +1.412592201e+005 +1.412592201e+005
409 +1.382621766e+005 +1.382621766e+005 +1.381987966e+005 +1.381987966e+005
474 +1.244823508e+005 +1.244823508e+005 +1.244189708e+005 +1.244189708e+005
560 +1.210236680e+005 +1.210236680e+005 +1.209602880e+005 +1.209602880e+005
606 +9.491594002e+004 +9.491594002e+004 +9.485256002e+004 +9.485256002e+004
706 +9.277210925e+004 +9.277210925e+004 +9.270872925e+004 +9.270872925e+004
773 +8.783383052e+004 +8.783383052e+004 +8.777045052e+004 +8.777045052e+004
900 +8.168882207e+004 +8.168882207e+004 +8.162544207e+004 +8.162544207e+004
933 +7.753802690e+004 +7.753802690e+004 +7.747464690e+004 +7.747464690e+004
988 +6.081702102e+004 +6.081702102e+004 +6.075364102e+004 +6.075364102e+004
1214 +5.437384618e+004 +5.437384618e+004 +5.431046618e+004 +5.431046618e+004
1245 +4.845165177e+004 +4.845165177e+004 +4.838827177e+004 +4.838827177e+004
1268 +4.198464432e+004 +4.198464432e+004 +4.192126432e+004 +4.192126432e+004
1423 +4.068198305e+004 +4.068198305e+004 +4.061860305e+004 +4.061860305e+004
1431 +3.831216771e+004 +3.831216771e+004 +3.824878771e+004 +3.824878771e+004
1501 +3.371072023e+004 +3.371072023e+004 +3.364734023e+004 +3.364734023e+004
1639 +2.082982005e+004 +2.082982005e+004 +2.076644005e+004 +2.076644005e+004
1929 +1.969329487e+004 +1.969329487e+004 +1.962991487e+004 +1.962991487e+004
2029 +1.273096369e+004 +1.273096369e+004 +1.266758369e+004 +1.266758369e+004
2276 +1.144800732e+004 +1.144800732e+004 +1.138462732e+004 +1.138462732e+004
2427 +8.727097667e+003 +8.727097667e+003 +8.663717667e+003 +8.663717667e+003
2593 +8.543881266e+003 +8.543881266e+003 +8.480501266e+003 +8.480501266e+003
2743 +7.259565676e+003 +7.259565676e+003 +7.196185676e+003 +7.196185676e+003
2839 +5.142293246e+003 +5.142293246e+003 +5.078913246e+003 +5.078913246e+003
3001 +3.067716095e+003 +3.067716095e+003 +3.004336095e+003 +3.004336095e+003
3233 +2.865151894e+003 +2.865151894e+003 +2.801771894e+003 +2.801771894e+003
3276 +2.607428895e+003 +2.607428895e+003 +2.544048895e+003 +2.544048895e+003
3348 +1.836521519e+003 +1.836521519e+003 +1.773141519e+003 +1.773141519e+003
3471 +1.763010672e+003 +1.763010672e+003 +1.699630672e+003 +1.699630672e+003
3548 +5.081791047e+002 +5.081791047e+002 +4.447991047e+002 +4.447991047e+002
3998 +4.109773226e+002 +4.109773226e+002 +3.475973226e+002 +3.475973226e+002
4083 +3.188016964e+002 +3.188016964e+002 +2.554216964e+002 +2.554216964e+002
4333 +2.149994563e+002 +2.149994563e+002 +1.516194563e+002 +1.516194563e+002
4353 +3.093731842e+001 +3.093731842e+001 -3.244268158e+001 -3.244268158e+001
4906 +2.057277888e+001 +2.057277888e+001 -4.280722112e+001 -4.280722112e+001
5094 +1.238462424e+001 +1.238462424e+001 -5.099537576e+001 -5.099537576e+001
5233 +8.537774611e+000 +8.537774611e+000 -5.484222539e+001 -5.484222539e+001
5263 +6.731476192e+000 +6.731476192e+000 -5.664852381e+001 -5.664852381e+001
5348 +6.600558871e+000 +6.600558871e+000 -5.677944113e+001 -5.677944113e+001
5366 +4.396215973e+000 +4.396215973e+000 -5.898378403e+001 -5.898378403e+001
5427 +3.973599809e+000 +3.973599809e+000 -5.940640019e+001 -5.940640019e+001
5430 +3.725448540e+000 +3.725448540e+000 -5.965455146e+001 -5.965455146e+001
6081 +3.683705951e+000 +3.683705951e+000 -5.969629405e+001 -5.969629405e+001
6300 +3.476109958e+000 +3.476109958e+000 -5.990389004e+001 -5.990389004e+001
6960 +3.384006884e+000 +3.384006884e+000 -5.999599312e+001 -5.999599312e+001
8194 +3.303456559e+000 +3.303456559e+000 -6.007654344e+001 -6.007654344e+001
238141 +3.235307250e+000 +3.235307250e+000 -6.014469275e+001 -6.014469275e+001
1466605 +2.986827005e+000 +2.986827005e+000 -6.039317300e+001 -6.039317300e+001
% function evaluation | noise-free fitness - Fopt (-1.337200000000e+002) | best noise-free fitness - Fopt | measured fitness | best measured fitness | x1 | x2...
1 +3.907606311e+005 +3.907606311e+005 +3.906269111e+005 +3.906269111e+005
2 +3.764572966e+005 +3.764572966e+005 +3.763235766e+005 +3.763235766e+005
7 +3.524843819e+005 +3.524843819e+005 +3.523506619e+005 +3.523506619e+005
17 +3.381832705e+005 +3.381832705e+005 +3.380495505e+005 +3.380495505e+005
34 +3.176545327e+005 +3.176545327e+005 +3.175208127e+005 +3.175208127e+005
36 +2.948608700e+005 +2.948608700e+005 +2.947271500e+005 +2.947271500e+005
206 +2.394101360e+005 +2.394101360e+005 +2.392764160e+005 +2.392764160e+005
427 +2.297217047e+005 +2.297217047e+005 +2.295879847e+005 +2.295879847e+005
437 +2.263139578e+005 +2.263139578e+005 +2.261802378e+005 +2.261802378e+005
538 +2.185826251e+005 +2.185826251e+005 +2.184489051e+005 +2.184489051e+005
562 +2.135435299e+005 +2.135435299e+005 +2.134098099e+005 +2.134098099e+005
585 +2.012046514e+005 +2.012046514e+005 +2.010709314e+005 +2.010709314e+005
603 +1.984594941e+005 +1.984594941e+005 +1.983257741e+005 +1.983257741e+005
613 +1.885432917e+005 +1.885432917e+005 +1.884095717e+005 +1.884095717e+005
632 +1.825439021e+005 +1.825439021e+005 +1.824101821e+005 +1.824101821e+005
852 +1.387646538e+005 +1.387646538e+005 +1.386309338e+005 +1.386309338e+005
1054 +1.035805471e+005 +1.035805471e+005 +1.034468271e+005 +1.034468271e+005
1281 +9.865861328e+004 +9.865861328e+004 +9.852489328e+004 +9.852489328e+004
1369 +8.619799489e+004 +8.619799489e+004 +8.606427489e+004 +8.606427489e+004
1430 +6.660220215e+004 +6.660220215e+004 +6.646848215e+004 +6.646848215e+004
1660 +6.132936067e+004 +6.132936067e+004 +6.119564067e+004 +6.119564067e+004
1785 +5.344271209e+004 +5.344271209e+004 +5.330899209e+004 +5.330899209e+004
1812 +5.091699611e+004 +5.091699611e+004 +5.078327611e+004 +5.078327611e+004
1815 +4.633325953e+004 +4.633325953e+004 +4.619953953e+004 +4.619953953e+004
1842 +4.185070110e+004 +4.185070110e+004 +4.171698110e+004 +4.171698110e+004
1982 +3.676031513e+004 +3.676031513e+004 +3.662659513e+004 +3.662659513e+004
2071 +3.457281314e+004 +3.457281314e+004 +3.443909314e+004 +3.443909314e+004
2113 +3.296167577e+004 +3.296167577e+004 +3.282795577e+004 +3.282795577e+004
2224 +3.008382148e+004 +3.008382148e+004 +2.995010148e+004 +2.995010148e+004
2422 +2.743988536e+004 +2.743988536e+004 +2.730616536e+004 +2.730616536e+004
2430 +2.642141367e+004 +2.642141367e+004 +2.628769367e+004 +2.628769367e+004
2466 +2.407097643e+004 +2.407097643e+004 +2.393725643e+004 +2.393725643e+004
2560 +2.186752012e+004 +2.186752012e+004 +2.173380012e+004 +2.173380012e+004
2605 +2.077729129e+004 +2.077729129e+004 +2.064357129e+004 +2.064357129e+004
2619 +1.926671721e+004 +1.926671721e+004 +1.913299721e+004 +1.913299721e+004
2666 +1.856500038e+004 +1.856500038e+004 +1.843128038e+004 +1.843128038e+004
2744 +1.448100508e+004 +1.448100508e+004 +1.434728508e+004 +1.434728508e+004
2828 +9.111564327e+003 +9.111564327e+003 +8.977844327e+003 +8.977844327e+003
3032 +8.319547895e+003 +8.319547895e+003 +8.185827895e+003 +8.185827895e+003
3107 +7.293610854e+003 +7.293610854e+003 +7.159890854e+003 +7.159890854e+003
3217 +6.115069906e+003 +6.115069906e+003 +5.981349906e+003 +5.981349906e+003
3603 +5.640970669e+003 +5.640970669e+003 +5.507250669e+003 +5.507250669e+003
3614 +3.880391487e+003 +3.880391487e+003 +3.746671487e+003 +3.746671487e+003
3844 +3.332904399e+003 +3.332904399e+003 +3.199184399e+003 +3.199184399e+003
3946 +2.404545587e+003 +2.404545587e+003 +2.270825587e+003 +2.270825587e+003
4011 +2.174642559e+003 +2.174642559e+003 +2.040922559e+003 +2.040922559e+003
4081 +1.844861884e+003 +1.844861884e+003 +1.711141884e+003 +1.711141884e+003
4100 +1.764388924e+003 +1.764388924e+003 +1.630668924e+003 +1.630668924e+003
4209 +1.703121967e+003 +1.703121967e+003 +1.569401967e+003 +1.569401967e+003
4402 +1.674719838e+003 +1.674719838e+003 +1.540999838e+003 +1.540999838e+003
4413 +4.180129696e+002 +4.180129696e+002 +2.842929696e+002 +2.842929696e+002
4727 +3.981759228e+002 +3.981759228e+002 +2.644559228e+002 +2.644559228e+002
4904 +3.251148993e+002 +3.251148993e+002 +1.913948993e+002 +1.913948993e+002
5024 +2.461584407e+002 +2.461584407e+002 +1.124384407e+002 +1.124384407e+002
5051 +2.094362775e+002 +2.094362775e+002 +7.571627752e+001 +7.571627752e+001
5303 +2.038615270e+002 +2.038615270e+002 +7.014152705e+001 +7.014152705e+001
5305 +1.682032992e+002 +1.682032992e+002 +3.448329918e+001 +3.448329918e+001
5417 +1.301820282e+002 +1.301820282e+002 -3.537971779e+000 -3.537971779e+000
5548 +8.469674370e+001 +8.469674370e+001 -4.902325630e+001 -4.902325630e+001
5608 +7.117622155e+001 +7.117622155e+001 -6.254377845e+001 -6.254377845e+001
5631 +6.194795677e+001 +6.194795677e+001 -7.177204323e+001 -7.177204323e+001
5813 +6.162026912e+001 +6.162026912e+001 -7.209973088e+001 -7.209973088e+001
5814 +8.032081399e+000 +8.032081399e+000 -1.256879186e+002 -1.256879186e+002
5825 +4.554941312e+000 +4.554941312e+000 -1.291650587e+002 -1.291650587e+002
6006 +3.653318042e+000 +3.653318042e+000 -1.300666820e+002 -1.300666820e+002
7266 +3.571916348e+000 +3.571916348e+000 -1.301480837e+002 -1.301480837e+002
7543 +3.396955407e+000 +3.396955407e+000 -1.303230446e+002 -1.303230446e+002
8059 +3.371648854e+000 +3.371648854e+000 -1.303483511e+002 -1.303483511e+002
105754 +3.175876272e+000 +3.175876272e+000 -1.305441237e+002 -1.305441237e+002
% function evaluation | noise-free fitness - Fopt (-4.039900000000e+002) | best noise-free fitness - Fopt | measured fitness | best measured fitness | x1 | x2...
1 +4.454676671e+005 +4.454676671e+005 +4.450636771e+005 +4.450636771e+005
4 +4.045467981e+005 +4.045467981e+005 +4.041428081e+005 +4.041428081e+005
8 +3.776369720e+005 +3.776369720e+005 +3.772329820e+005 +3.772329820e+005
11 +3.569088525e+005 +3.569088525e+005 +3.565048625e+005 +3.565048625e+005
12 +3.306257415e+005 +3.306257415e+005 +3.302217515e+005 +3.302217515e+005
64 +2.700483408e+005 +2.700483408e+005 +2.696443508e+005 +2.696443508e+005
422 +2.595543072e+005 +2.595543072e+005 +2.591503172e+005 +2.591503172e+005
438 +2.506915424e+005 +2.506915424e+005 +2.502875524e+005 +2.502875524e+005
492 +2.421752160e+005 +2.421752160e+005 +2.417712260e+005 +2.417712260e+005
507 +2.166245350e+005 +2.166245350e+005 +2.162205450e+005 +2.162205450e+005
525 +2.104770240e+005 +2.104770240e+005 +2.100730340e+005 +2.100730340e+005
624 +2.018650924e+005 +2.018650924e+005 +2.014611024e+005 +2.014611024e+005
677 +1.956664188e+005 +1.956664188e+005 +1.952624288e+005 +1.952624288e+005
711 +1.904755787e+005 +1.904755787e+005 +1.900715887e+005 +1.900715887e+005
780 +1.721114647e+005 +1.721114647e+005 +1.717074747e+005 +1.717074747e+005
801 +1.467302601e+005 +1.467302601e+005 +1.463262701e+005 +1.463262701e+005
888 +1.264142732e+005 +1.264142732e+005 +1.260102832e+005 +1.260102832e+005
1002 +1.052199205e+005 +1.052199205e+005 +1.048159305e+005 +1.048159305e+005
1235 +1.018074774e+005 +1.018074774e+005 +1.014034874e+005 +1.014034874e+005
1249 +9.326724332e+004 +9.326724332e+004 +9.286325332e+004 +9.286325332e+004
1274 +8.234144999e+004 +8.234144999e+004 +8.193745999e+004 +8.193745999e+004
1413 +7.245908753e+004 +7.245908753e+004 +7.205509753e+004 +7.205509753e+004
1420 +6.812562582e+004 +6.812562582e+004 +6.772163582e+004 +6.772163582e+004
1511 +5.971936074e+004 +5.971936074e+004 +5.931537074e+004 +5.931537074e+004
1534 +5.419230849e+004 +5.419230849e+004 +5.378831849e+004 +5.378831849e+004
1613 +4.965098251e+004 +4.965098251e+004 +4.924699251e+004 +4.924699251e+004
1644 +4.773724023e+004 +4.773724023e+004 +4.733325023e+004 +4.733325023e+004
1654 +3.598777606e+004 +3.598777606e+004 +3.558378606e+004 +3.558378606e+004
1823 +3.474853507e+004 +3.474853507e+004 +3.434454507e+004 +3.434454507e+004
1829 +3.213693728e+004 +3.213693728e+004 +3.173294728e+004 +3.173294728e+004
1871 +3.137189473e+004 +3.137189473e+004 +3.096790473e+004 +3.096790473e+004
1929 +2.809940683e+004 +2.809940683e+004 +2.769541683e+004 +2.769541683e+004
2003 +1.205465546e+004 +1.205465546e+004 +1.165066546e+004 +1.165066546e+004
2427 +9.536030466e+003 +9.536030466e+003 +9.132040466e+003 +9.132040466e+003
2663 +8.954650083e+003 +8.954650083e+003 +8.550660083e+003 +8.550660083e+003
2683 +8.515076402e+003 +8.515076402e+003 +8.111086402e+003 +8.111086402e+003
2785 +7.805069049e+003 +7.805069049e+003 +7.401079049e+003 +7.401079049e+003
2834 +6.673179674e+003 +6.673179674e+003 +6.269189674e+003 +6.269189674e+003
3046 +4.185962202e+003 +4.185962202e+003 +3.781972202e+003 +3.781972202e+003
3078 +3.308037359e+003 +3.308037359e+003 +2.904047359e+003 +2.904047359e+003
3142 +3.030482880e+003 +3.030482880e+003 +2.626492880e+003 +2.626492880e+003
3171 +2.702394289e+003 +2.702394289e+003 +2.298404289e+003 +2.298404289e+003
3377 +2.417430182e+003 +2.417430182e+003 +2.013440182e+003 +2.013440182e+003
3408 +1.866300274e+003 +1.866300274e+003 +1.462310274e+003 +1.462310274e+003
3416 +1.693789239e+003 +1.693789239e+003 +1.289799239e+003 +1.289799239e+003
3435 +1.537475937e+003 +1.537475937e+003 +1.133485937e+003 +1.133485937e+003
3560 +1.398684788e+003 +1.398684788e+003 +9.946947878e+002 +9.946947878e+002
3570 +1.346171778e+003 +1.346171778e+003 +9.421817783e+002 +9.421817783e+002
3624 +7.570947971e+002 +7.570947971e+002 +3.531047971e+002 +3.531047971e+002
3945 +7.315561899e+002 +7.315561899e+002 +3.275661899e+002 +3.275661899e+002
3998 +6.448731314e+002 +6.448731314e+002 +2.408831314e+002 +2.408831314e+002
4104 +1.858991944e+002 +1.858991944e+002 -2.180908056e+002 -2.180908056e+002
4381 +1.696393295e+002 +1.696393295e+002 -2.343506705e+002 -2.343506705e+002
4444 +6.379705906e+001 +6.379705906e+001 -3.401929409e+002 -3.401929409e+002
4766 +4.504344013e+001 +4.504344013e+001 -3.589465599e+002 -3.589465599e+002
4878 +3.340208504e+001 +3.340208504e+001 -3.705879150e+002 -3.705879150e+002
4958 +2.564603373e+001 +2.564603373e+001 -3.783439663e+002 -3.783439663e+002
5027 +2.387873706e+001 +2.387873706e+001 -3.801112629e+002 -3.801112629e+002
5041 +4.515753128e+000 +4.515753128e+000 -3.994742469e+002 -3.994742469e+002
5164 +4.311644469e+000 +4.311644469e+000 -3.996783555e+002 -3.996783555e+002
5342 +3.998183605e+000 +3.998183605e+000 -3.999918164e+002 -3.999918164e+002
5807 +3.915509668e+000 +3.915509668e+000 -4.000744903e+002 -4.000744903e+002
6490 +3.676619466e+000 +3.676619466e+000 -4.003133805e+002 -4.003133805e+002
7203 +3.516432536e+000 +3.516432536e+000 -4.004735675e+002 -4.004735675e+002
7693 +3.353648963e+000 +3.353648963e+000 -4.006363510e+002 -4.006363510e+002
7989 +3.250886747e+000 +3.250886747e+000 -4.007391133e+002 -4.007391133e+002
11721 +3.218161248e+000 +3.218161248e+000 -4.007718388e+002 -4.007718388e+002
13333 +3.120293558e+000 +3.120293558e+000 -4.008697064e+002 -4.008697064e+002
24630 +3.070024107e+000 +3.070024107e+000 -4.009199759e+002 -4.009199759e+002
51432 +3.018836114e+000 +3.018836114e+000 -4.009711639e+002 -4.009711639e+002
245959 +2.892619877e+000 +2.892619877e+000 -4.010973801e+002 -4.010973801e+002
1214058 +2.829313076e+000 +2.829313076e+000 -4.011606869e+002 -4.011606869e+002
1778956 +2.769233723e+000 +2.769233723e+000 -4.012207663e+002 -4.012207663e+002
% function evaluation | noise-free fitness - Fopt (1.000000000000e+003) | best noise-free fitness - Fopt | measured fitness | best measured fitness | x1 | x2...
1 +5.782866912e+005 +5.782866912e+005 +5.792866912e+005 +5.792866912e+005
2 +5.696121521e+005 +5.696121521e+005 +5.706121521e+005 +5.706121521e+005
3 +5.565958024e+005 +5.565958024e+005 +5.575958024e+005 +5.575958024e+005
4 +4.723431234e+005 +4.723431234e+005 +4.733431234e+005 +4.733431234e+005
74 +4.494968387e+005 +4.494968387e+005 +4.504968387e+005 +4.504968387e+005
96 +4.437306077e+005 +4.437306077e+005 +4.447306077e+005 +4.447306077e+005
124 +4.005184511e+005 +4.005184511e+005 +4.015184511e+005 +4.015184511e+005
218 +3.673269471e+005 +3.673269471e+005 +3.683269471e+005 +3.683269471e+005
439 +3.580366398e+005 +3.580366398e+005 +3.590366398e+005 +3.590366398e+005
446 +3.506266398e+005 +3.506266398e+005 +3.516266398e+005 +3.516266398e+005
514 +3.239444224e+005 +3.239444224e+005 +3.249444224e+005 +3.249444224e+005
606 +3.182410925e+005 +3.182410925e+005 +3.192410925e+005 +3.192410925e+005
620 +3.053286044e+005 +3.053286044e+005 +3.063286044e+005 +3.063286044e+005
650 +2.894572302e+005 +2.894572302e+005 +2.904572302e+005 +2.904572302e+005
698 +2.775966734e+005 +2.775966734e+005 +2.785966734e+005 +2.785966734e+005
792 +2.601815677e+005 +2.601815677e+005 +2.611815677e+005 +2.611815677e+005
823 +2.469309119e+005 +2.469309119e+005 +2.479309119e+005 +2.479309119e+005
887 +2.412061102e+005 +2.412061102e+005 +2.422061102e+005 +2.422061102e+005
939 +2.272159952e+005 +2.272159952e+005 +2.282159952e+005 +2.282159952e+005
969 +1.923057901e+005 +1.923057901e+005 +1.933057901e+005 +1.933057901e+005
1114 +1.761220860e+005 +1.761220860e+005 +1.771220860e+005 +1.771220860e+005
1227 +1.712804196e+005 +1.712804196e+005 +1.722804196e+005 +1.722804196e+005
1229 +1.602415935e+005 +1.602415935e+005 +1.612415935e+005 +1.612415935e+005
1259 +1.501213054e+005 +1.501213054e+005 +1.511213054e+005 +1.511213054e+005
1271 +8.853779873e+004 +8.853779873e+004 +8.953779873e+004 +8.953779873e+004
1433 +8.409663196e+004 +8.409663196e+004 +8.509663196e+004 +8.509663196e+004
1817 +7.596480660e+004 +7.596480660e+004 +7.696480660e+004 +7.696480660e+004
1840 +7.462477054e+004 +7.462477054e+004 +7.562477054e+004 +7.562477054e+004
2011 +5.443219105e+004 +5.443219105e+004 +5.543219105e+004 +5.543219105e+004
2076 +4.653121279e+004 +4.653121279e+004 +4.753121279e+004 +4.753121279e+004
2209 +3.822601378e+004 +3.822601378e+004 +3.922601378e+004 +3.922601378e+004
2386 +3.629580657e+004 +3.629580657e+004 +3.729580657e+004 +3.729580657e+004
2409 +3.359642511e+004 +3.359642511e+004 +3.459642511e+004 +3.459642511e+004
2414 +3.303853006e+004 +3.303853006e+004 +3.403853006e+004 +3.403853006e+004
2439 +3.224229541e+004 +3.224229541e+004 +3.324229541e+004 +3.324229541e+004
2475 +3.048864436e+004 +3.048864436e+004 +3.148864436e+004 +3.148864436e+004
2517 +2.602479359e+004 +2.602479359e+004 +2.702479359e+004 +2.702479359e+004
2666 +2.295696609e+004 +2.295696609e+004 +2.395696609e+004 +2.395696609e+004
2823 +1.518086331e+004 +1.518086331e+004 +1.618086331e+004 +1.618086331e+004
3029 +1.151523108e+004 +1.151523108e+004 +1.251523108e+004 +1.251523108e+004
3160 +8.952229212e+003 +8.952229212e+003 +9.952229212e+003 +9.952229212e+003
3230 +8.625814644e+003 +8.625814644e+003 +9.625814644e+003 +9.625814644e+003
3381 +8.311268444e+003 +8.311268444e+003 +9.311268444e+003 +9.311268444e+003
3406 +5.659841863e+003 +5.659841863e+003 +6.659841863e+003 +6.659841863e+003
3414 +5.560883244e+003 +5.560883244e+003 +6.560883244e+003 +6.560883244e+003
3551 +4.654682829e+003 +4.654682829e+003 +5.654682829e+003 +5.654682829e+003
3604 +4.378662377e+003 +4.378662377e+003 +5.378662377e+003 +5.378662377e+003
3610 +3.006906993e+003 +3.006906993e+003 +4.006906993e+003 +4.006906993e+003
3671 +1.635010087e+003 +1.635010087e+003 +2.635010087e+003 +2.635010087e+003
4181 +1.615478386e+003 +1.615478386e+003 +2.615478386e+003 +2.615478386e+003
4258 +1.276323005e+003 +1.276323005e+003 +2.276323005e+003 +2.276323005e+003
4320 +1.242567256e+003 +1.242567256e+003 +2.242567256e+003 +2.242567256e+003
4447 +7.205238703e+002 +7.205238703e+002 +1.720523870e+003 +1.720523870e+003
4583 +2.507089474e+002 +2.507089474e+002 +1.250708947e+003 +1.250708947e+003
4608 +2.178804391e+002 +2.178804391e+002 +1.217880439e+003 +1.217880439e+003
4630 +1.882463547e+002 +1.882463547e+002 +1.188246355e+003 +1.188246355e+003
4774 +6.235870223e+001 +6.235870223e+001 +1.062358702e+003 +1.062358702e+003
5131 +6.561874923e+000 +6.561874923e+000 +1.006561875e+003 +1.006561875e+003
5465 +4.734548266e+000 +4.734548266e+000 +1.004734548e+003 +1.004734548e+003
5814 +4.441598266e+000 +4.441598266e+000 +1.004441598e+003 +1.004441598e+003
5993 +4.028338861e+000 +4.028338861e+000 +1.004028339e+003 +1.004028339e+003
6088 +3.648664393e+000 +3.648664393e+000 +1.003648664e+003 +1.003648664e+003
6958 +3.347767075e+000 +3.347767075e+000 +1.003347767e+003 +1.003347767e+003
8519 +3.087979953e+000 +3.087979953e+000 +1.003087980e+003 +1.003087980e+003
% function evaluation | noise-free fitness - Fopt (1.005700000000e+002) | best noise-free fitness - Fopt | measured fitness | best measured fitness | x1 | x2...
1 +3.153897955e+005 +3.153897955e+005 +3.154903655e+005 +3.154903655e+005
2 +2.294232134e+005 +2.294232134e+005 +2.295237834e+005 +2.295237834e+005
6 +2.062794063e+005 +2.062794063e+005 +2.063799763e+005 +2.063799763e+005
22 +1.929741710e+005 +1.929741710e+005 +1.930747410e+005 +1.930747410e+005
29 +1.888830644e+005 +1.888830644e+005 +1.889836344e+005 +1.889836344e+005
205 +1.719597691e+005 +1.719597691e+005 +1.720603391e+005 +1.720603391e+005
209 +1.610932305e+005 +1.610932305e+005 +1.611938005e+005 +1.611938005e+005
237 +1.560007879e+005 +1.560007879e+005 +1.561013579e+005 +1.561013579e+005
474 +1.323570017e+005 +1.323570017e+005 +1.324575717e+005 +1.324575717e+005
612 +1.170306928e+005 +1.170306928e+005 +1.171312628e+005 +1.171312628e+005
636 +1.036039531e+005 +1.036039531e+005 +1.037045231e+005 +1.037045231e+005
881 +9.790420106e+004 +9.790420106e+004 +9.800477106e+004 +9.800477106e+004
891 +9.733473792e+004 +9.733473792e+004 +9.743530792e+004 +9.743530792e+004
900 +8.552658938e+004 +8.552658938e+004 +8.562715938e+004 +8.562715938e+004
1043 +8.043261205e+004 +8.043261205e+004 +8.053318205e+004 +8.053318205e+004
1051 +7.742265507e+004 +7.742265507e+004 +7.752322507e+004 +7.752322507e+004
1132 +7.320755850e+004 +7.320755850e+004 +7.330812850e+004 +7.330812850e+004
1171 +7.059488464e+004 +7.059488464e+004 +7.069545464e+004 +7.069545464e+004
1214 +6.197041048e+004 +6.197041048e+004 +6.207098048e+004 +6.207098048e+004
1216 +5.226869047e+004 +5.226869047e+004 +5.236926047e+004 +5.236926047e+004
1420 +5.110544098e+004 +5.110544098e+004 +5.120601098e+004 +5.120601098e+004
1433 +4.796389794e+004 +4.796389794e+004 +4.806446794e+004 +4.806446794e+004
1533 +4.668019622e+004 +4.668019622e+004 +4.678076622e+004 +4.678076622e+004
1560 +4.036790211e+004 +4.036790211e+004 +4.046847211e+004 +4.046847211e+004
1636 +3.873816430e+004 +3.873816430e+004 +3.883873430e+004 +3.883873430e+004
1799 +3.670218806e+004 +3.670218806e+004 +3.680275806e+004 +3.680275806e+004
1826 +2.928679852e+004 +2.928679852e+004 +2.938736852e+004 +2.938736852e+004
1829 +2.837325262e+004 +2.837325262e+004 +2.847382262e+004 +2.847382262e+004
1915 +2.711317352e+004 +2.711317352e+004 +2.721374352e+004 +2.721374352e+004
1933 +2.256484959e+004 +2.256484959e+004 +2.266541959e+004 +2.266541959e+004
2037 +2.162738035e+004 +2.162738035e+004 +2.172795035e+004 +2.172795035e+004
2149 +1.979161737e+004 +1.979161737e+004 +1.989218737e+004 +1.989218737e+004
2235 +1.290998853e+004 +1.290998853e+004 +1.301055853e+004 +1.301055853e+004
2443 +8.777822142e+003 +8.777822142e+003 +8.878392142e+003 +8.878392142e+003
2818 +8.489231376e+003 +8.489231376e+003 +8.589801376e+003 +8.589801376e+003
2820 +7.010813416e+003 +7.010813416e+003 +7.111383416e+003 +7.111383416e+003
3029 +6.067452490e+003 +6.067452490e+003 +6.168022490e+003 +6.168022490e+003
3031 +5.250461206e+003 +5.250461206e+003 +5.351031206e+003 +5.351031206e+003
3119 +5.178760018e+003 +5.178760018e+003 +5.279330018e+003 +5.279330018e+003
3192 +3.862392317e+003 +3.862392317e+003 +3.962962317e+003 +3.962962317e+003
3243 +3.798823713e+003 +3.798823713e+003 +3.899393713e+003 +3.899393713e+003
3473 +2.899675777e+003 +2.899675777e+003 +3.000245777e+003 +3.000245777e+003
3585 +2.719334495e+003 +2.719334495e+003 +2.819904495e+003 +2.819904495e+003
3634 +2.356166500e+003 +2.356166500e+003 +2.456736500e+003 +2.456736500e+003
3685 +2.173656383e+003 +2.173656383e+003 +2.274226383e+003 +2.274226383e+003
3760 +9.762256543e+002 +9.762256543e+002 +1.076795654e+003 +1.076795654e+003
4229 +6.371030490e+002 +6.371030490e+002 +7.376730490e+002 +7.376730490e+002
4511 +6.045842652e+002 +6.045842652e+002 +7.051542652e+002 +7.051542652e+002
4542 +4.801036075e+002 +4.801036075e+002 +5.806736075e+002 +5.806736075e+002
4611 +4.481298385e+002 +4.481298385e+002 +5.486998385e+002 +5.486998385e+002
4814 +4.049506668e+002 +4.049506668e+002 +5.055206668e+002 +5.055206668e+002
4850 +3.902987267e+002 +3.902987267e+002 +4.908687267e+002 +4.908687267e+002
5018 +1.653316718e+002 +1.653316718e+002 +2.659016718e+002 +2.659016718e+002
5050 +1.578041955e+002 +1.578041955e+002 +2.583741955e+002 +2.583741955e+002
5164 +5.809144975e+001 +5.809144975e+001 +1.586614498e+002 +1.586614498e+002
5169 +3.430162831e+001 +3.430162831e+001 +1.348716283e+002 +1.348716283e+002
5428 +3.187934166e+001 +3.187934166e+001 +1.324493417e+002 +1.324493417e+002
5584 +2.884844775e+001 +2.884844775e+001 +1.294184478e+002 +1.294184478e+002
5820 +6.758919104e+000 +6.758919104e+000 +1.073289191e+002 +1.073289191e+002
6014 +4.755839324e+000 +4.755839324e+000 +1.053258393e+002 +1.053258393e+002
6067 +4.283141994e+000 +4.283141994e+000 +1.048531420e+002 +1.048531420e+002
6294 +3.952596974e+000 +3.952596974e+000 +1.045225970e+002 +1.045225970e+002
6659 +3.627203088e+000 +3.627203088e+000 +1.041972031e+002 +1.041972031e+002
7363 +3.539218426e+000 +3.539218426e+000 +1.041092184e+002 +1.041092184e+002
19038 +3.429094905e+000 +3.429094905e+000 +1.039990949e+002 +1.039990949e+002
38108 +3.360273102e+000 +3.360273102e+000 +1.039302731e+002 +1.039302731e+002
53543 +3.298998780e+000 +3.298998780e+000 +1.038689988e+002 +1.038689988e+002
492611 +3.232595558e+000 +3.232595558e+000 +1.038025956e+002 +1.038025956e+002
% function evaluation | noise-free fitness - Fopt (1.149000000000e+001) | best noise-free fitness - Fopt | measured fitness | best measured fitness | x1 | x2...
1 +5.380845241e+005 +5.380845241e+005 +5.380960141e+005 +5.380960141e+005
6 +4.742145577e+005 +4.742145577e+005 +4.742260477e+005 +4.742260477e+005
97 +4.362246086e+005 +4.362246086e+005 +4.362360986e+005 +4.362360986e+005
294 +4.156362805e+005 +4.156362805e+005 +4.156477705e+005 +4.156477705e+005
367 +3.939605178e+005 +3.939605178e+005 +3.939720078e+005 +3.939720078e+005
420 +3.866101523e+005 +3.866101523e+005 +3.866216423e+005 +3.866216423e+005
421 +3.334857768e+005 +3.334857768e+005 +3.334972668e+005 +3.334972668e+005
463 +3.300484322e+005 +3.300484322e+005 +3.300599222e+005 +3.300599222e+005
619 +3.161389591e+005 +3.161389591e+005 +3.161504491e+005 +3.161504491e+005
666 +3.048292250e+005 +3.048292250e+005 +3.048407150e+005 +3.048407150e+005
745 +2.771632766e+005 +2.771632766e+005 +2.771747666e+005 +2.771747666e+005
822 +2.658902266e+005 +2.658902266e+005 +2.659017166e+005 +2.659017166e+005
825 +2.467584477e+005 +2.467584477e+005 +2.467699377e+005 +2.467699377e+005
964 +2.348140259e+005 +2.348140259e+005 +2.348255159e+005 +2.348255159e+005
990 +2.224049540e+005 +2.224049540e+005 +2.224164440e+005 +2.224164440e+005
1004 +2.054556555e+005 +2.054556555e+005 +2.054671455e+005 +2.054671455e+005
1071 +1.991927304e+005 +1.991927304e+005 +1.992042204e+005 +1.992042204e+005
1108 +1.944985316e+005 +1.944985316e+005 +1.945100216e+005 +1.945100216e+005
1152 +1.744349518e+005 +1.744349518e+005 +1.744464418e+005 +1.744464418e+005
1163 +1.505612579e+005 +1.505612579e+005 +1.505727479e+005 +1.505727479e+005
1269 +1.398277650e+005 +1.398277650e+005 +1.398392550e+005 +1.398392550e+005
1332 +1.360076519e+005 +1.360076519e+005 +1.360191419e+005 +1.360191419e+005
1368 +1.300664361e+005 +1.300664361e+005 +1.300779261e+005 +1.300779261e+005
1432 +1.274350691e+005 +1.274350691e+005 +1.274465591e+005 +1.274465591e+005
1444 +1.198018275e+005 +1.198018275e+005 +1.198133175e+005 +1.198133175e+005
1475 +1.139611243e+005 +1.139611243e+005 +1.139726143e+005 +1.139726143e+005
1567 +9.464810061e+004 +9.464810061e+004 +9.465959061e+004 +9.465959061e+004
1664 +9.030727756e+004 +9.030727756e+004 +9.031876756e+004 +9.031876756e+004
1725 +8.534329899e+004 +8.534329899e+004 +8.535478899e+004 +8.535478899e+004
1727 +8.026423878e+004 +8.026423878e+004 +8.027572878e+004 +8.027572878e+004
1837 +7.435727349e+004 +7.435727349e+004 +7.436876349e+004 +7.436876349e+004
1872 +6.710463342e+004 +6.710463342e+004 +6.711612342e+004 +6.711612342e+004
1890 +6.270508881e+004 +6.270508881e+004 +6.271657881e+004 +6.271657881e+004
2030 +5.629101971e+004 +5.629101971e+004 +5.630250971e+004 +5.630250971e+004
2129 +5.614042719e+004 +5.614042719e+004 +5.615191719e+004 +5.615191719e+004
2145 +5.363726326e+004 +5.363726326e+004 +5.364875326e+004 +5.364875326e+004
2180 +5.073578853e+004 +5.073578853e+004 +5.074727853e+004 +5.074727853e+004
2206 +4.637376432e+004 +4.637376432e+004 +4.638525432e+004 +4.638525432e+004
2233 +3.933965083e+004 +3.933965083e+004 +3.935114083e+004 +3.935114083e+004
2236 +3.526402580e+004 +3.526402580e+004 +3.527551580e+004 +3.527551580e+004
2241 +2.965557947e+004 +2.965557947e+004 +2.966706947e+004 +2.966706947e+004
2461 +2.944284545e+004 +2.944284545e+004 +2.945433545e+004 +2.945433545e+004
2611 +2.874882582e+004 +2.874882582e+004 +2.876031582e+004 +2.876031582e+004
2627 +1.565183571e+004 +1.565183571e+004 +1.566332571e+004 +1.566332571e+004
2836 +9.642776248e+003 +9.642776248e+003 +9.654266248e+003 +9.654266248e+003
3057 +9.313370753e+003 +9.313370753e+003 +9.324860753e+003 +9.324860753e+003
3292 +5.691901186e+003 +5.691901186e+003 +5.703391186e+003 +5.703391186e+003
3539 +4.984228483e+003 +4.984228483e+003 +4.995718483e+003 +4.995718483e+003
3568 +4.881847334e+003 +4.881847334e+003 +4.893337334e+003 +4.893337334e+003
3758 +4.581917529e+003 +4.581917529e+003 +4.593407529e+003 +4.593407529e+003
3791 +4.162477735e+003 +4.162477735e+003 +4.173967735e+003 +4.173967735e+003
3843 +1.748530140e+003 +1.748530140e+003 +1.760020140e+003 +1.760020140e+003
4020 +1.569535524e+003 +1.569535524e+003 +1.581025524e+003 +1.581025524e+003
4225 +1.409427114e+003 +1.409427114e+003 +1.420917114e+003 +1.420917114e+003
4273 +1.001203688e+003 +1.001203688e+003 +1.012693688e+003 +1.012693688e+003
4407 +8.371499484e+002 +8.371499484e+002 +8.486399484e+002 +8.486399484e+002
4462 +1.858007712e+002 +1.858007712e+002 +1.972907712e+002 +1.972907712e+002
5019 +1.615428247e+002 +1.615428247e+002 +1.730328247e+002 +1.730328247e+002
5083 +2.760652250e+001 +2.760652250e+001 +3.909652250e+001 +3.909652250e+001
5594 +9.220191724e+000 +9.220191724e+000 +2.071019172e+001 +2.071019172e+001
5945 +6.863792675e+000 +6.863792675e+000 +1.835379267e+001 +1.835379267e+001
5975 +5.209822406e+000 +5.209822406e+000 +1.669982241e+001 +1.669982241e+001
6227 +4.616517307e+000 +4.616517307e+000 +1.610651731e+001 +1.610651731e+001
6275 +4.118616881e+000 +4.118616881e+000 +1.560861688e+001 +1.560861688e+001
6882 +4.054349040e+000 +4.054349040e+000 +1.554434904e+001 +1.554434904e+001
6886 +3.879817939e+000 +3.879817939e+000 +1.536981794e+001 +1.536981794e+001
7519 +3.723594816e+000 +3.723594816e+000 +1.521359482e+001 +1.521359482e+001
7558 +3.401115508e+000 +3.401115508e+000 +1.489111551e+001 +1.489111551e+001
10864 +3.363457918e+000 +3.363457918e+000 +1.485345792e+001 +1.485345792e+001
995803 +3.176918868e+000 +3.176918868e+000 +1.466691887e+001 +1.466691887e+001
1563551 +3.143877657e+000 +3.143877657e+000 +1.463387766e+001 +1.463387766e+001
% function evaluation | noise-free fitness - Fopt (7.731000000000e+001) | best noise-free fitness - Fopt | measured fitness | best measured fitness | x1 | x2...
1 +2.384909469e+005 +2.384909469e+005 +2.385682569e+005 +2.385682569e+005
10 +2.151028038e+005 +2.151028038e+005 +2.151801138e+005 +2.151801138e+005
30 +1.898441674e+005 +1.898441674e+005 +1.899214774e+005 +1.899214774e+005
205 +1.780387085e+005 +1.780387085e+005 +1.781160185e+005 +1.781160185e+005
245 +1.534834661e+005 +1.534834661e+005 +1.535607761e+005 +1.535607761e+005
459 +1.352704468e+005 +1.352704468e+005 +1.353477568e+005 +1.353477568e+005
605 +1.341311691e+005 +1.341311691e+005 +1.342084791e+005 +1.342084791e+005
610 +1.182201011e+005 +1.182201011e+005 +1.182974111e+005 +1.182974111e+005
624 +1.145161842e+005 +1.145161842e+005 +1.145934942e+005 +1.145934942e+005
670 +1.083783636e+005 +1.083783636e+005 +1.084556736e+005 +1.084556736e+005
764 +9.891131122e+004 +9.891131122e+004 +9.898862122e+004 +9.898862122e+004
814 +9.610138239e+004 +9.610138239e+004 +9.617869239e+004 +9.617869239e+004
821 +8.782301653e+004 +8.782301653e+004 +8.790032653e+004 +8.790032653e+004
1020 +8.332795215e+004 +8.332795215e+004 +8.340526215e+004 +8.340526215e+004
1058 +7.569076363e+004 +7.569076363e+004 +7.576807363e+004 +7.576807363e+004
1112 +5.884130550e+004 +5.884130550e+004 +5.891861550e+004 +5.891861550e+004
1223 +5.033332779e+004 +5.033332779e+004 +5.041063779e+004 +5.041063779e+004
1244 +4.681956394e+004 +4.681956394e+004 +4.689687394e+004 +4.689687394e+004
1359 +4.569168230e+004 +4.569168230e+004 +4.576899230e+004 +4.576899230e+004
1416 +4.037739719e+004 +4.037739719e+004 +4.045470719e+004 +4.045470719e+004
1594 +3.199554034e+004 +3.199554034e+004 +3.207285034e+004 +3.207285034e+004
1621 +2.720442623e+004 +2.720442623e+004 +2.728173623e+004 +2.728173623e+004
1963 +2.489010283e+004 +2.489010283e+004 +2.496741283e+004 +2.496741283e+004
1986 +1.931977568e+004 +1.931977568e+004 +1.939708568e+004 +1.939708568e+004
2159 +1.644447059e+004 +1.644447059e+004 +1.652178059e+004 +1.652178059e+004
2237 +1.446929467e+004 +1.446929467e+004 +1.454660467e+004 +1.454660467e+004
2334 +1.426048840e+004 +1.426048840e+004 +1.433779840e+004 +1.433779840e+004
2399 +1.311671429e+004 +1.311671429e+004 +1.319402429e+004 +1.319402429e+004
2429 +1.027479463e+004 +1.027479463e+004 +1.035210463e+004 +1.035210463e+004
2488 +9.363673694e+003 +9.363673694e+003 +9.440983694e+003 +9.440983694e+003
2601 +5.479698440e+003 +5.479698440e+003 +5.557008440e+003 +5.557008440e+003
2933 +4.643325231e+003 +4.643325231e+003 +4.720635231e+003 +4.720635231e+003
3039 +4.399276884e+003 +4.399276884e+003 +4.476586884e+003 +4.476586884e+003
3139 +3.885751497e+003 +3.885751497e+003 +3.963061497e+003 +3.963061497e+003
3159 +2.271718884e+003 +2.271718884e+003 +2.349028884e+003 +2.349028884e+003
3429 +1.986981099e+003 +1.986981099e+003 +2.064291099e+003 +2.064291099e+003
3625 +8.808618654e+002 +8.808618654e+002 +9.581718654e+002 +9.581718654e+002
3630 +8.671968391e+002 +8.671968391e+002 +9.445068391e+002 +9.445068391e+002
3820 +8.110576637e+002 +8.110576637e+002 +8.883676637e+002 +8.883676637e+002
3872 +7.309631011e+002 +7.309631011e+002 +8.082731011e+002 +8.082731011e+002
4004 +6.303607736e+002 +6.303607736e+002 +7.076707736e+002 +7.076707736e+002
4028 +9.233705921e+001 +9.233705921e+001 +1.696470592e+002 +1.696470592e+002
4818 +7.132251551e+001 +7.132251551e+001 +1.486325155e+002 +1.486325155e+002
4821 +5.752970439e+001 +5.752970439e+001 +1.348397044e+002 +1.348397044e+002
4823 +7.155857179e+000 +7.155857179e+000 +8.446585718e+001 +8.446585718e+001
5543 +3.856709969e+000 +3.856709969e+000 +8.116670997e+001 +8.116670997e+001
5829 +3.767282657e+000 +3.767282657e+000 +8.107728266e+001 +8.107728266e+001
5890 +3.517687570e+000 +3.517687570e+000 +8.082768757e+001 +8.082768757e+001
7930 +3.325132657e+000 +3.325132657e+000 +8.063513266e+001 +8.063513266e+001
10497 +3.259293199e+000 +3.259293199e+000 +8.056929320e+001 +8.056929320e+001
13212 +3.005977519e+000 +3.005977519e+000 +8.031597752e+001 +8.031597752e+001
21473 +2.946744522e+000 +2.946744522e+000 +8.025674452e+001 +8.025674452e+001
341980 +2.878567228e+000 +2.878567228e+000 +8.018856723e+001 +8.018856723e+001
366830 +2.781530987e+000 +2.781530987e+000 +8.009153099e+001 +8.009153099e+001
394618 +2.691175556e+000 +2.691175556e+000 +8.000117556e+001 +8.000117556e+001
581399 +2.491504243e+000 +2.491504243e+000 +7.980150424e+001 +7.980150424e+001
938507 +2.395401612e+000 +2.395401612e+000 +7.970540161e+001 +7.970540161e+001
% function evaluation | noise-free fitness - Fopt (3.207700000000e+002) | best noise-free fitness - Fopt | measured fitness | best measured fitness | x1 | x2...
1 +4.606721555e+005 +4.606721555e+005 +4.609929255e+005 +4.609929255e+005
5 +3.727470546e+005 +3.727470546e+005 +3.730678246e+005 +3.730678246e+005
124 +3.684526370e+005 +3.684526370e+005 +3.687734070e+005 +3.687734070e+005
234 +3.571354965e+005 +3.571354965e+005 +3.574562665e+005 +3.574562665e+005
275 +3.454475439e+005 +3.454475439e+005 +3.457683139e+005 +3.457683139e+005
346 +3.281601430e+005 +3.281601430e+005 +3.284809130e+005 +3.284809130e+005
403 +2.994553100e+005 +2.994553100e+005 +2.997760800e+005 +2.997760800e+005
416 +2.754772005e+005 +2.754772005e+005 +2.757979705e+005 +2.757979705e+005
614 +2.651549479e+005 +2.651549479e+005 +2.654757179e+005 +2.654757179e+005
636 +2.619135694e+005 +2.619135694e+005 +2.622343394e+005 +2.622343394e+005
655 +2.563294783e+005 +2.563294783e+005 +2.566502483e+005 +2.566502483e+005
803 +2.474458728e+005 +2.474458728e+005 +2.477666428e+005 +2.477666428e+005
811 +2.048427235e+005 +2.048427235e+005 +2.051634935e+005 +2.051634935e+005
965 +1.851672453e+005 +1.851672453e+005 +1.854880153e+005 +1.854880153e+005
1025 +1.612208726e+005 +1.612208726e+005 +1.615416426e+005 +1.615416426e+005
1047 +1.403289574e+005 +1.403289574e+005 +1.406497274e+005 +1.406497274e+005
1178 +1.239048852e+005 +1.239048852e+005 +1.242256552e+005 +1.242256552e+005
1248 +1.078908228e+005 +1.078908228e+005 +1.082115928e+005 +1.082115928e+005
1313 +1.043962919e+005 +1.043962919e+005 +1.047170619e+005 +1.047170619e+005
1423 +9.399906862e+004 +9.399906862e+004 +9.431983862e+004 +9.431983862e+004
1488 +8.512945604e+004 +8.512945604e+004 +8.545022604e+004 +8.545022604e+004
1500 +5.635780374e+004 +5.635780374e+004 +5.667857374e+004 +5.667857374e+004
1687 +4.916943501e+004 +4.916943501e+004 +4.949020501e+004 +4.949020501e+004
1730 +3.304929660e+004 +3.304929660e+004 +3.337006660e+004 +3.337006660e+004
2058 +2.929269264e+004 +2.929269264e+004 +2.961346264e+004 +2.961346264e+004
2079 +2.826026486e+004 +2.826026486e+004 +2.858103486e+004 +2.858103486e+004
2139 +2.812622764e+004 +2.812622764e+004 +2.844699764e+004 +2.844699764e+004
2223 +2.616401916e+004 +2.616401916e+004 +2.648478916e+004 +2.648478916e+004
2297 +2.136904786e+004 +2.136904786e+004 +2.168981786e+004 +2.168981786e+004
2412 +2.073634816e+004 +2.073634816e+004 +2.105711816e+004 +2.105711816e+004
2441 +1.618849680e+004 +1.618849680e+004 +1.650926680e+004 +1.650926680e+004
2447 +1.442400876e+004 +1.442400876e+004 +1.474477876e+004 +1.474477876e+004
2482 +1.306475121e+004 +1.306475121e+004 +1.338552121e+004 +1.338552121e+004
2607 +1.270571081e+004 +1.270571081e+004 +1.302648081e+004 +1.302648081e+004
2620 +1.213223045e+004 +1.213223045e+004 +1.245300045e+004 +1.245300045e+004
2686 +9.585287661e+003 +9.585287661e+003 +9.906057661e+003 +9.906057661e+003
2859 +7.713997019e+003 +7.713997019e+003 +8.034767019e+003 +8.034767019e+003
3073 +6.612861276e+003 +6.612861276e+003 +6.933631276e+003 +6.933631276e+003
3207 +4.493044156e+003 +4.493044156e+003 +4.813814156e+003 +4.813814156e+003
3288 +4.098068581e+003 +4.098068581e+003 +4.418838581e+003 +4.418838581e+003
3481 +3.485362324e+003 +3.485362324e+003 +3.806132324e+003 +3.806132324e+003
3577 +3.436506679e+003 +3.436506679e+003 +3.757276679e+003 +3.757276679e+003
3585 +1.378328009e+003 +1.378328009e+003 +1.699098009e+003 +1.699098009e+003
3650 +9.403250887e+002 +9.403250887e+002 +1.261095089e+003 +1.261095089e+003
3763 +8.469870157e+002 +8.469870157e+002 +1.167757016e+003 +1.167757016e+003
4190 +5.641122002e+002 +5.641122002e+002 +8.848822002e+002 +8.848822002e+002
4217 +2.984641534e+002 +2.984641534e+002 +6.192341534e+002 +6.192341534e+002
4303 +1.560722947e+002 +1.560722947e+002 +4.768422947e+002 +4.768422947e+002
4585 +1.185729661e+002 +1.185729661e+002 +4.393429661e+002 +4.393429661e+002
4666 +7.610812487e+000 +7.610812487e+000 +3.283808125e+002 +3.283808125e+002
5084 +4.235781914e+000 +4.235781914e+000 +3.250057819e+002 +3.250057819e+002
5502 +4.148465951e+000 +4.148465951e+000 +3.249184660e+002 +3.249184660e+002
5810 +3.974450326e+000 +3.974450326e+000 +3.247444503e+002 +3.247444503e+002
6002 +3.881904327e+000 +3.881904327e+000 +3.246519043e+002 +3.246519043e+002
6239 +3.782560405e+000 +3.782560405e+000 +3.245525604e+002 +3.245525604e+002
6803 +3.367585123e+000 +3.367585123e+000 +3.241375851e+002 +3.241375851e+002
186537 +3.298076604e+000 +3.298076604e+000 +3.240680766e+002 +3.240680766e+002
% function evaluation | noise-free fitness - Fopt (1.893000000000e+001) | best noise-free fitness - Fopt | measured fitness | best measured fitness | x1 | x2...
1 +4.925299401e+005 +4.925299401e+005 +4.925488701e+005 +4.925488701e+005
18 +4.258898548e+005 +4.258898548e+005 +4.259087848e+005 +4.259087848e+005
210 +4.146384092e+005 +4.146384092e+005 +4.146573392e+005 +4.146573392e+005
219 +4.035403326e+005 +4.035403326e+005 +4.035592626e+005 +4.035592626e+005
244 +3.639150911e+005 +3.639150911e+005 +3.639340211e+005 +3.639340211e+005
247 +3.325185987e+005 +3.325185987e+005 +3.325375287e+005 +3.325375287e+005
520 +3.014108500e+005 +3.014108500e+005 +3.014297800e+005 +3.014297800e+005
602 +2.738928780e+005 +2.738928780e+005 +2.739118080e+005 +2.739118080e+005
671 +2.636610231e+005 +2.636610231e+005 +2.636799531e+005 +2.636799531e+005
802 +2.352271027e+005 +2.352271027e+005 +2.352460327e+005 +2.352460327e+005
835 +2.256707942e+005 +2.256707942e+005 +2.256897242e+005 +2.256897242e+005
845 +2.217037931e+005 +2.217037931e+005 +2.217227231e+005 +2.217227231e+005
1016 +1.938380620e+005 +1.938380620e+005 +1.938569920e+005 +1.938569920e+005
1037 +1.905037149e+005 +1.905037149e+005 +1.905226449e+005 +1.905226449e+005
1199 +1.428695597e+005 +1.428695597e+005 +1.428884897e+005 +1.428884897e+005
1248 +1.400207977e+005 +1.400207977e+005 +1.400397277e+005 +1.400397277e+005
1358 +1.236127365e+005 +1.236127365e+005 +1.236316665e+005 +1.236316665e+005
1414 +1.206502698e+005 +1.206502698e+005 +1.206691998e+005 +1.206691998e+005
1420 +1.059595216e+005 +1.059595216e+005 +1.059784516e+005 +1.059784516e+005
1477 +9.483333501e+004 +9.483333501e+004 +9.485226501e+004 +9.485226501e+004
1606 +9.087579348e+004 +9.087579348e+004 +9.089472348e+004 +9.089472348e+004
1628 +8.827437957e+004 +8.827437957e+004 +8.829330957e+004 +8.829330957e+004
1639 +8.340310704e+004 +8.340310704e+004 +8.342203704e+004 +8.342203704e+004
1805 +8.246516882e+004 +8.246516882e+004 +8.248409882e+004 +8.248409882e+004
1824 +7.286117468e+004 +7.286117468e+004 +7.288010468e+004 +7.288010468e+004
1825 +6.736167346e+004 +6.736167346e+004 +6.738060346e+004 +6.738060346e+004
2013 +5.671121432e+004 +5.671121432e+004 +5.673014432e+004 +5.673014432e+004
2077 +5.352511680e+004 +5.352511680e+004 +5.354404680e+004 +5.354404680e+004
2104 +4.755032629e+004 +4.755032629e+004 +4.756925629e+004 +4.756925629e+004
2208 +3.881753719e+004 +3.881753719e+004 +3.883646719e+004 +3.883646719e+004
2212 +3.615306520e+004 +3.615306520e+004 +3.617199520e+004 +3.617199520e+004
2242 +2.996171823e+004 +2.996171823e+004 +2.998064823e+004 +2.998064823e+004
2524 +2.814820954e+004 +2.814820954e+004 +2.816713954e+004 +2.816713954e+004
2617 +2.107938015e+004 +2.107938015e+004 +2.109831015e+004 +2.109831015e+004
2632 +1.864260436e+004 +1.864260436e+004 +1.866153436e+004 +1.866153436e+004
2655 +1.539114645e+004 +1.539114645e+004 +1.541007645e+004 +1.541007645e+004
2895 +1.423008247e+004 +1.423008247e+004 +1.424901247e+004 +1.424901247e+004
3021 +1.228043146e+004 +1.228043146e+004 +1.229936146e+004 +1.229936146e+004
3096 +6.948426936e+003 +6.948426936e+003 +6.967356936e+003 +6.967356936e+003
3213 +5.828276563e+003 +5.828276563e+003 +5.847206563e+003 +5.847206563e+003
3446 +3.731072968e+003 +3.731072968e+003 +3.750002968e+003 +3.750002968e+003
3651 +3.711012442e+003 +3.711012442e+003 +3.729942442e+003 +3.729942442e+003
3681 +1.290267389e+003 +1.290267389e+003 +1.309197389e+003 +1.309197389e+003
4068 +1.285725892e+003 +1.285725892e+003 +1.304655892e+003 +1.304655892e+003
4303 +8.235723019e+002 +8.235723019e+002 +8.425023019e+002 +8.425023019e+002
4316 +3.121170168e+002 +3.121170168e+002 +3.310470168e+002 +3.310470168e+002
4662 +2.667438083e+002 +2.667438083e+002 +2.856738083e+002 +2.856738083e+002
4693 +1.584721255e+002 +1.584721255e+002 +1.774021255e+002 +1.774021255e+002
4851 +1.308239456e+002 +1.308239456e+002 +1.497539456e+002 +1.497539456e+002
4860 +8.381993074e+000 +8.381993074e+000 +2.731199307e+001 +2.731199307e+001
5209 +6.769001147e+000 +6.769001147e+000 +2.569900115e+001 +2.569900115e+001
5271 +4.156720375e+000 +4.156720375e+000 +2.308672037e+001 +2.308672037e+001
5514 +3.438321462e+000 +3.438321462e+000 +2.236832146e+001 +2.236832146e+001
12579 +3.384479414e+000 +3.384479414e+000 +2.231447941e+001 +2.231447941e+001
255891 +3.293579410e+000 +3.293579410e+000 +2.222357941e+001 +2.222357941e+001
975326 +3.175838941e+000 +3.175838941e+000 +2.210583894e+001 +2.210583894e+001
