% function evaluation | noise-free fitness - Fopt (-9.210000000000e+000) | best noise-free fitness - Fopt | measured fitness | best measured fitness | x1 | x2...
1 +1.419393309e+002 +1.419393309e+002 +1.327293309e+002 +1.327293309e+002 -3.6661e+000 +6.6677e+000 +2.3632e+000 +3.4684e-001 +4.8768e+000
4 +1.287657965e+002 +1.287657965e+002 +1.195557965e+002 +1.195557965e+002 -6.1070e-001 +1.4797e+000 +4.6259e+000 +1.6746e+000 +4.7012e+000
5 +7.070011643e+001 +7.070011643e+001 +6.149011643e+001 +6.149011643e+001 -1.1425e+000 +1.8462e-002 -2.0787e-001 +8.6066e-001 -3.4047e+000
26 +2.006014590e+001 +2.006014590e+001 +1.085014590e+001 +1.085014590e+001 -2.6474e+000 +1.1541e+001 +1.0747e+000 +6.0332e+000 -2.3055e+001
53 +2.818583709e+000 +2.818583709e+000 -6.391416291e+000 -6.391416291e+000 +2.1814e+000 +8.3401e+000 +7.5143e+000 +8.7712e+000 -9.0499e+000
77 +9.004929130e-001 +9.004929130e-001 -8.309507087e+000 -8.309507087e+000 +3.0039e+001 +4.4936e+000 +7.5232e+000 +6.5973e+000 -1.6624e+001
106 +0.000000000e+000 +0.000000000e+000 -9.210000000e+000 -9.210000000e+000 +8.4680e+000 +1.7887e+001 +2.3475e+001 +9.1089e+000 -1.9192e+001
% function evaluation | noise-free fitness - Fopt (6.559900000000e+002) | best noise-free fitness - Fopt | measured fitness | best measured fitness | x1 | x2...
1 +7.726088905e+001 +7.726088905e+001 +7.332508891e+002 +7.332508891e+002 +1.1798e-001 -2.8766e+000 -9.0267e+000 +2.7859e+000 +6.1522e-001
6 +6.206335464e+001 +6.206335464e+001 +7.180533546e+002 +7.180533546e+002 -1.7012e+000 -3.1538e+000 -6.6449e+000 +2.0894e+000 -1.4288e+000
19 +3.338593250e+001 +3.338593250e+001 +6.893759325e+002 +6.893759325e+002 +2.1675e+000 -4.1548e+000 -3.4660e+000 +6.9665e-001 -1.3476e+001
26 +1.635073448e+001 +1.635073448e+001 +6.723407345e+002 +6.723407345e+002 +7.1031e+000 -1.2902e+000 -9.5703e+000 +7.7327e+000 -4.0246e+000
31 +1.046044189e+001 +1.046044189e+001 +6.664504419e+002 +6.664504419e+002 +9.9436e-001 -1.0520e+001 -2.9588e+000 +6.0104e+000 -5.7774e+000
48 +3.833026681e+000 +3.833026681e+000 +6.598230267e+002 +6.598230267e+002 +3.2354e+000 -3.8809e+000 -1.2015e+001 +4.9861e+000 -5.2618e+000
52 +0.000000000e+000 +0.000000000e+000 +6.559900000e+002 +6.559900000e+002 +1.7430e+001 -6.4708e+000 -8.9762e+000 +1.2368e+001 -3.1537e+001
% function evaluation | noise-free fitness - Fopt (6.671000000000e+001) | best noise-free fitness - Fopt | measured fitness | best measured fitness | x1 | x2...
1 +1.696130864e+002 +1.696130864e+002 +2.363230864e+002 +2.363230864e+002 +7.0422e+000 +4.0500e+001 +1.0280e+001 -3.9579e-002 -6.8236e+000
2 +7.755362137e+001 +7.755362137e+001 +1.442636214e+002 +1.442636214e+002 +1.9673e+000 +7.3201e+000 +2.3852e+000 +4.9677e-001 -1.2202e+001
4 +2.444662000e+001 +2.444662000e+001 +9.115662000e+001 +9.115662000e+001 +4.9006e+000 +3.1798e+000 -8.4409e+000 +5.5570e+000 -5.2447e+000
21 +1.930569827e+001 +1.930569827e+001 +8.601569827e+001 +8.601569827e+001 +3.8761e+000 +1.7358e-001 -8.7534e+000 +6.1042e+000 -4.8771e+000
25 +1.646056414e+001 +1.646056414e+001 +8.317056414e+001 +8.317056414e+001 -3.5379e+000 +3.4343e+000 -1.0641e+001 +6.3592e+000 -5.0370e+000
52 +1.052405350e+001 +1.052405350e+001 +7.723405350e+001 +7.723405350e+001 -5.4557e-001 -1.5868e+000 -8.7586e+000 +7.4963e+000 -6.9283e+000
78 +6.435990706e+000 +6.435990706e+000 +7.314599071e+001 +7.314599071e+001 -6.1612e-001 -3.8460e+000 -1.2004e+001 +7.2622e+000 -9.2994e+000
128 +1.855259795e+000 +1.855259795e+000 +6.856525980e+001 +6.856525980e+001 -6.3026e+000 -3.9567e+000 -8.5971e+000 +8.7091e+000 -1.1128e+001
134 +1.422242072e+000 +1.422242072e+000 +6.813224207e+001 +6.813224207e+001 -8.3836e+000 -4.2002e+000 -7.8017e+000 +9.1152e+000 -1.9621e+001
157 +0.000000000e+000 +0.000000000e+000 +6.671000000e+001 +6.671000000e+001 -1.7396e+001 -5.1910e+000 -9.6564e+000 +7.2336e+000 -1.5073e+001
% function evaluation | noise-free fitness - Fopt (9.416700000000e+002) | best noise-free fitness - Fopt | measured fitness | best measured fitness | x1 | x2...
1 +8.866618144e+001 +8.866618144e+001 +1.030336181e+003 +1.030336181e+003 -3.3256e+000 +3.9356e+000 -3.7010e+000 +2.7989e+000 -1.8791e+000
7 +4.606895947e+001 +4.606895947e+001 +9.877389595e+002 +9.877389595e+002 -1.9677e+000 +4.6771e+000 -1.5003e-002 +3.2272e+000 -7.6354e+000
27 +2.027643196e+001 +2.027643196e+001 +9.619464320e+002 +9.619464320e+002 -1.1093e+001 +3.7099e+000 +3.4860e+000 +1.3540e+001 -1.1298e+001
34 +1.419884685e+001 +1.419884685e+001 +9.558688468e+002 +9.558688468e+002 -4.1123e+000 -2.7845e+000 +2.0365e+000 +9.5445e+001 -2.5826e+001
51 +1.274550594e+001 +1.274550594e+001 +9.544155059e+002 +9.544155059e+002 -1.6133e+001 +2.1673e+000 +1.5518e+001 +3.4072e+001 -2.0731e+001
54 +9.073075882e+000 +9.073075882e+000 +9.507430759e+002 +9.507430759e+002 -6.3578e+000 +1.0217e-001 +2.2769e+001 +1.2979e+001 -1.5186e+001
73 +5.975669905e+000 +5.975669905e+000 +9.476456699e+002 +9.476456699e+002 -1.8708e-001 -4.3461e+000 +7.3990e+000 +3.2408e+001 -9.5498e+000
107 +0.000000000e+000 +0.000000000e+000 +9.416700000e+002 +9.416700000e+002 -7.0826e+000 -1.2045e+001 +2.1527e+001 +3.3474e+001 -1.3384e+001
% function evaluation | noise-free fitness - Fopt (-3.745000000000e+001) | best noise-free fitness - Fopt | measured fitness | best measured fitness | x1 | x2...
1 +1.057911894e+002 +1.057911894e+002 +6.834118936e+001 +6.834118936e+001 -5.8453e+000 -3.5280e+000 -5.6313e+000 -4.8932e+000 -4.4392e-001
3 +1.036622507e+002 +1.036622507e+002 +6.621225068e+001 +6.621225068e+001 +1.6378e+000 -3.6751e+000 -4.9843e+000 -9.3149e+000 +3.3002e-001
15 +4.512042985e+001 +4.512042985e+001 +7.670429851e+000 +7.670429851e+000 +4.6416e+000 -5.4043e+000 -1.5959e+000 -4.8378e+000 -4.5510e+000
31 +2.031952741e+001 +2.031952741e+001 -1.713047259e+001 -1.713047259e+001 -1.0559e+001 +2.3229e+000 +1.3283e+001 -6.1262e+000 -5.4799e+000
46 +9.001642704e+000 +9.001642704e+000 -2.844835730e+001 -2.844835730e+001 -2.7742e+000 +4.3097e+000 +9.7345e+000 -7.9054e+000 -1.7720e+001
52 +7.365760870e+000 +7.365760870e+000 -3.008423913e+001 -3.008423913e+001 -2.3658e+000 +8.5716e+000 +7.1621e+001 -8.8100e+000 -2.1597e+001
66 +7.005062577e+000 +7.005062577e+000 -3.044493742e+001 -3.044493742e+001 +9.1256e-001 +4.5941e+000 +5.0819e+000 -4.6095e+000 -1.7034e+001
78 +6.096310000e+000 +6.096310000e+000 -3.135369000e+001 -3.135369000e+001 -1.0963e+000 +1.0055e+001 +1.9294e+001 -5.2577e+000 -2.4261e+001
79 +6.275732458e-002 +6.275732458e-002 -3.738724268e+001 -3.738724268e+001 +4.9372e+000 +1.4393e+001 +3.4267e+001 -7.1024e+000 -3.0374e+001
104 +0.000000000e+000 +0.000000000e+000 -3.745000000e+001 -3.745000000e+001 +6.2924e+001 +7.6377e+000 +6.1704e+000 -5.7027e+000 -2.8484e+001
% function evaluation | noise-free fitness - Fopt (3.680300000000e+002) | best noise-free fitness - Fopt | measured fitness | best measured fitness | x1 | x2...
1 +1.367997750e+002 +1.367997750e+002 +5.048297750e+002 +5.048297750e+002 +4.8369e+000 -5.0166e+000 +4.9553e+000 +1.7058e+001 -4.7221e+000
3 +8.602295865e+001 +8.602295865e+001 +4.540529587e+002 +4.540529587e+002 -2.5484e+000 -3.2383e+000 +3.1508e+000 +3.5349e+000 -2.3404e+000
5 +6.230894674e+001 +6.230894674e+001 +4.303389467e+002 +4.303389467e+002 +1.4853e+000 -3.2437e+000 +2.3189e-001 +9.1728e-001 -4.5653e+000
6 +5.695977131e+001 +5.695977131e+001 +4.249897713e+002 +4.249897713e+002 -2.5334e+000 -1.6243e+000 +4.3960e+000 +4.1484e-002 -3.1770e+000
7 +2.694652819e+001 +2.694652819e+001 +3.949765282e+002 +3.949765282e+002 +2.4613e+000 -3.8594e+000 +4.9899e+000 -1.9014e+000 -1.0401e+001
32 +1.190488885e+001 +1.190488885e+001 +3.799348888e+002 +3.799348888e+002 +6.9049e+000 -9.6785e+000 +7.9206e+000 -7.5601e+000 -7.4237e+000
67 +8.703444133e+000 +8.703444133e+000 +3.767334441e+002 +3.767334441e+002 -1.5115e+000 -3.1303e+000 +1.4313e+001 -4.6639e+000 -9.3209e+000
82 +4.501048090e+000 +4.501048090e+000 +3.725310481e+002 +3.725310481e+002 -8.7703e+000 -2.4689e+000 +1.6487e+001 -5.1711e+000 -2.2537e+001
96 +2.183991011e+000 +2.183991011e+000 +3.702139910e+002 +3.702139910e+002 -1.0642e+001 -4.3486e+000 +1.1354e+001 -4.8176e+000 -7.6405e+000
100 +0.000000000e+000 +0.000000000e+000 +3.680300000e+002 +3.680300000e+002 -2.9518e+001 -1.4506e+001 +4.4912e+001 -8.1502e+000 -2.3437e+001
% function evaluation | noise-free fitness - Fopt (1.426000000000e+001) | best noise-free fitness - Fopt | measured fitness | best measured fitness | x1 | x2...
1 +1.652717297e+002 +1.652717297e+002 +1.795317297e+002 +1.795317297e+002 -2.9573e+000 +1.8725e+000 -4.6715e+000 +6.3878e+000 +7.1309e-001
2 +9.854009101e+001 +9.854009101e+001 +1.128000910e+002 +1.128000910e+002 -6.9850e-001 +6.8481e+000 +1.7117e+000 +2.4748e+000 -9.5910e-001
4 +6.147933481e+001 +6.147933481e+001 +7.573933481e+001 +7.573933481e+001 -5.9059e+000 +6.5776e+000 +6.7193e+000 +3.2341e+000 -4.5730e+000
32 +2.098539124e+001 +2.098539124e+001 +3.524539124e+001 +3.524539124e+001 -5.0943e-001 +3.8246e+000 +1.1710e+001 -2.6196e+000 -1.1749e+001
39 +2.026965733e+001 +2.026965733e+001 +3.452965733e+001 +3.452965733e+001 -2.9425e-001 +4.5880e+000 +2.8846e+000 -7.6883e+000 -4.2447e+000
51 +1.484815354e+001 +1.484815354e+001 +2.910815354e+001 +2.910815354e+001 -2.4964e+000 +3.2199e+000 +3.6762e+000 -4.1985e+001 -9.6662e+000
61 +8.639202867e+000 +8.639202867e+000 +2.289920287e+001 +2.289920287e+001 -1.0807e+000 +3.5612e+000 +7.6676e+000 -1.3506e+001 -5.9370e+000
79 +8.093605523e+000 +8.093605523e+000 +2.235360552e+001 +2.235360552e+001 -1.8011e+000 +4.2732e+000 +1.0966e+001 -1.2617e+001 -6.2265e+000
89 +4.448961283e+000 +4.448961283e+000 +1.870896128e+001 +1.870896128e+001 +9.7916e-001 +4.7592e+000 +9.7706e+000 -2.4341e+001 -1.0430e+001
101 +3.391948147e+000 +3.391948147e+000 +1.765194815e+001 +1.765194815e+001 +5.7506e+000 +3.0926e+000 +1.4945e+001 -1.6217e+001 -8.9942e+000
105 +0.000000000e+000 +0.000000000e+000 +1.426000000e+001 +1.426000000e+001 +1.0973e+001 +5.9089e+000 +1.3094e+001 -1.3994e+001 -1.2122e+001
% function evaluation | noise-free fitness - Fopt (6.240000000000e+001) | best noise-free fitness - Fopt | measured fitness | best measured fitness | x1 | x2...
1 +1.013650557e+002 +1.013650557e+002 +1.637650557e+002 +1.637650557e+002 -5.0872e+000 +9.4484e-001 +4.0800e+000 -3.5708e-001 -2.4772e+000
2 +8.456866220e+001 +8.456866220e+001 +1.469686622e+002 +1.469686622e+002 -9.4750e+000 +7.5240e-001 +3.4619e+000 +1.1924e+000 -3.5630e+000
5 +7.454829974e+001 +7.454829974e+001 +1.369482997e+002 +1.369482997e+002 +1.2061e+000 +9.6904e-001 +3.4913e+000 +1.8190e+000 -3.1154e+000
18 +4.968793105e+001 +4.968793105e+001 +1.120879310e+002 +1.120879310e+002 -4.7186e+000 -1.0700e+000 +4.2260e+000 +9.9950e+000 -5.1924e+000
34 +4.355443534e+001 +4.355443534e+001 +1.059544353e+002 +1.059544353e+002 +2.2360e+001 -8.7638e+000 +1.0332e+000 +9.2526e+000 -8.6870e+000
42 +3.172014880e+001 +3.172014880e+001 +9.412014880e+001 +9.412014880e+001 -1.9605e+000 -8.9848e-001 -1.2668e+000 +4.5616e+000 -6.5643e+000
54 +2.322249871e+001 +2.322249871e+001 +8.562249871e+001 +8.562249871e+001 +3.2413e+000 +1.5534e+000 -1.5073e-001 +1.3361e+001 -1.0930e+001
57 +1.472513222e+001 +1.472513222e+001 +7.712513222e+001 +7.712513222e+001 -3.4723e-001 +5.4381e+000 -2.0344e+000 +2.9735e+001 -9.5880e+000
72 +8.950266787e+000 +8.950266787e+000 +7.135026679e+001 +7.135026679e+001 +5.3692e+000 -3.3105e-002 -2.3620e+001 +5.6972e+000 -2.8067e+001
76 +6.191418199e+000 +6.191418199e+000 +6.859141820e+001 +6.859141820e+001 +1.5811e+001 +1.5183e+000 -3.8700e+001 +3.2381e+001 -2.3536e+001
77 +0.000000000e+000 +0.000000000e+000 +6.240000000e+001 +6.240000000e+001 +1.6308e+001 +1.3259e+001 -7.3803e+000 +1.4324e+001 -1.1223e+001
% function evaluation | noise-free fitness - Fopt (1.145900000000e+002) | best noise-free fitness - Fopt | measured fitness | best measured fitness | x1 | x2...
1 +6.638547322e+001 +6.638547322e+001 +1.809754732e+002 +1.809754732e+002 +2.4972e+000 -1.7743e+000 +3.3921e-001 +1.1531e+001 -1.3732e+000
19 +6.341167513e+001 +6.341167513e+001 +1.780016751e+002 +1.780016751e+002 +2.3100e+000 -1.7646e+000 +1.4221e+000 +7.7996e+000 -1.9960e+000
26 +4.633262321e+001 +4.633262321e+001 +1.609226232e+002 +1.609226232e+002 +1.5385e+000 -1.1883e+000 +2.0130e+000 +1.0304e+001 -3.9161e+000
62 +4.327277720e+001 +4.327277720e+001 +1.578627772e+002 +1.578627772e+002 +2.1134e+000 -3.1562e+000 -1.4010e+000 +6.5842e+000 -2.8501e+000
71 +2.746366153e+001 +2.746366153e+001 +1.420536615e+002 +1.420536615e+002 +1.0619e+000 -2.5046e+000 -1.0149e+000 +7.1298e+000 -4.5638e+000
95 +2.647723495e+001 +2.647723495e+001 +1.410672350e+002 +1.410672350e+002 +1.4786e+000 -1.2561e+001 -6.2874e+000 +5.3459e+000 -3.0001e+000
98 +2.290469316e+001 +2.290469316e+001 +1.374946932e+002 +1.374946932e+002 -3.4588e+000 -9.6167e+000 -4.6210e+000 +6.1611e+000 -2.9835e+000
102 +4.610410566e+000 +4.610410566e+000 +1.192004106e+002 +1.192004106e+002 -2.9976e+000 -2.5024e+001 -5.2607e+000 +7.3430e+000 -4.7392e+000
134 +0.000000000e+000 +0.000000000e+000 +1.145900000e+002 +1.145900000e+002 -8.2925e+000 -1.3531e+001 -1.2707e+001 +6.0003e+000 -5.7415e+000
% function evaluation | noise-free fitness - Fopt (-3.698300000000e+002) | best noise-free fitness - Fopt | measured fitness | best measured fitness | x1 | x2...
1 +1.877563191e+001 +1.877563191e+001 -3.510543681e+002 -3.510543681e+002 +1.4751e+000 +9.6854e-001 -3.3773e+000 +2.0031e+001 +9.8057e+000
7 +1.625651649e+001 +1.625651649e+001 -3.535734835e+002 -3.535734835e+002 -5.1749e+000 +4.4103e+000 -1.9085e-001 +5.4013e+000 +1.2644e+001
35 +1.254401033e+001 +1.254401033e+001 -3.572859897e+002 -3.572859897e+002 -9.1674e+000 +3.0550e+000 -2.1270e+000 +9.3355e+000 +8.3058e+000
53 +1.990246885e+000 +1.990246885e+000 -3.678397531e+002 -3.678397531e+002 -5.8462e+000 +3.8808e+000 -1.4032e+001 +1.1204e+001 +7.7839e+000
59 +1.407060700e+000 +1.407060700e+000 -3.684229393e+002 -3.684229393e+002 -1.4561e+001 +8.5869e+000 -4.5550e+000 +5.1688e+000 +1.5926e+001
63 +0.000000000e+000 +0.000000000e+000 -3.698300000e+002 -3.698300000e+002 -5.1994e+000 +5.8286e+000 -2.3717e+001 +3.1015e+001 +9.0523e+000
% function evaluation | noise-free fitness - Fopt (1.531800000000e+002) | best noise-free fitness - Fopt | measured fitness | best measured fitness | x1 | x2...
1 +3.736241053e+001 +3.736241053e+001 +1.905424105e+002 +1.905424105e+002 -2.4762e+000 -7.7719e+000 -5.7684e-001 -2.1727e+000 -5.2338e+000
28 +3.240690200e+001 +3.240690200e+001 +1.855869020e+002 +1.855869020e+002 +1.1110e+001 -4.1773e+000 -3.9815e+000 -7.0018e-002 -6.1633e+000
60 +2.719290299e+001 +2.719290299e+001 +1.803729030e+002 +1.803729030e+002 +1.1125e+001 +1.0292e+001 -7.1511e+000 -5.6855e+000 -5.2657e+000
76 +2.457790384e+001 +2.457790384e+001 +1.777579038e+002 +1.777579038e+002 +3.5919e+001 -4.3526e+000 -1.1160e+001 -8.3408e-001 -5.1650e+001
78 +1.781304285e+001 +1.781304285e+001 +1.709930429e+002 +1.709930429e+002 +2.7287e+001 -1.2141e+001 +6.3298e-001 -8.9349e+000 -6.7373e+001
86 +1.270566750e+001 +1.270566750e+001 +1.658856675e+002 +1.658856675e+002 +1.0481e+001 -4.2903e+000 -8.0425e+000 -2.9650e+000 -2.9768e+001
91 +6.154468485e+000 +6.154468485e+000 +1.593344685e+002 +1.593344685e+002 +1.5502e+001 -1.3730e+001 -1.3170e+001 -3.9056e+000 -2.8630e+001
101 +0.000000000e+000 +0.000000000e+000 +1.531800000e+002 +1.531800000e+002 +1.7048e+002 -1.1003e+001 -6.0362e+000 -1.0154e+001 -7.0445e+001
% function evaluation | noise-free fitness - Fopt (-7.088000000000e+002) | best noise-free fitness - Fopt | measured fitness | best measured fitness | x1 | x2...
1 +1.074023779e+002 +1.074023779e+002 -6.013976221e+002 -6.013976221e+002 +4.5694e-001 +2.1792e+000 +4.3126e+000 -2.7033e+000 +6.3137e-001
2 +7.824908327e+001 +7.824908327e+001 -6.305509167e+002 -6.305509167e+002 -3.8753e+000 -7.3928e-001 +1.6592e+000 +7.9094e-001 +1.4686e+000
10 +5.602211460e+001 +5.602211460e+001 -6.527778854e+002 -6.527778854e+002 -7.4485e+000 -7.2492e-001 +5.7535e-001 +2.7957e+000 +2.7968e+000
23 +5.454174911e+001 +5.454174911e+001 -6.542582509e+002 -6.542582509e+002 -3.7476e-001 +1.9456e+000 -1.6758e+000 +4.3417e+000 +3.7247e+000
28 +4.937981956e+001 +4.937981956e+001 -6.594201804e+002 -6.594201804e+002 +2.8907e+000 +3.4082e+000 +2.5755e+000 +1.6444e+000 +9.1564e+000
29 +4.792125742e+001 +4.792125742e+001 -6.608787426e+002 -6.608787426e+002 +1.9150e+000 -3.4942e-002 +6.6133e+000 -7.2196e-001 +7.6736e+000
30 +4.567734061e+001 +4.567734061e+001 -6.631226594e+002 -6.631226594e+002 +1.1312e+000 +4.4811e+000 +6.9899e+000 +9.6577e-001 +1.0245e+001
31 +3.400677666e+001 +3.400677666e+001 -6.747932233e+002 -6.747932233e+002 -1.3959e+000 +3.7001e+000 +5.6914e+000 +2.3448e+000 +1.2254e+001
36 +2.946241215e+001 +2.946241215e+001 -6.793375878e+002 -6.793375878e+002 +8.3021e-001 +2.8950e+000 +2.7303e+000 +4.5705e+000 +7.7434e+000
37 +5.752988403e+000 +5.752988403e+000 -7.030470116e+002 -7.030470116e+002 -1.6548e+001 -1.7649e+000 +1.9162e+001 +1.5249e+001 +1.0844e+001
58 +5.058972374e+000 +5.058972374e+000 -7.037410276e+002 -7.037410276e+002 -7.9544e+000 -2.1551e+000 +1.0667e+001 +9.1227e+000 +1.3666e+001
63 +4.656829227e+000 +4.656829227e+000 -7.041431708e+002 -7.041431708e+002 -3.4317e-001 -8.0104e+000 +1.4947e+001 +7.6430e+000 +7.6829e+000
87 +3.081303483e+000 +3.081303483e+000 -7.057186965e+002 -7.057186965e+002 -9.0753e+000 -3.2673e+000 +1.3580e+001 +7.7063e+000 +4.3564e+001
90 +1.488508593e+000 +1.488508593e+000 -7.073114914e+002 -7.073114914e+002 -7.1717e+000 -4.1630e+000 +2.3625e+001 +5.1316e+000 +1.0623e+001
93 +0.000000000e+000 +0.000000000e+000 -7.088000000e+002 -7.088000000e+002 -7.0971e+000 -5.4956e+000 +5.0262e+000 +7.2360e+000 +1.2034e+001
% function evaluation | noise-free fitness - Fopt (8.793000000000e+001) | best noise-free fitness - Fopt | measured fitness | best measured fitness | x1 | x2...
1 +1.716206198e+002 +1.716206198e+002 +2.595506198e+002 +2.595506198e+002 -2.1745e+000 -1.9141e+000 -1.8742e+000 -8.6112e+000 -1.5725e+000
2 +1.526452269e+002 +1.526452269e+002 +2.405752269e+002 +2.405752269e+002 +5.6551e+000 -1.3498e+000 -1.0588e+000 -4.7477e+000 -2.4075e+000
4 +1.316644793e+002 +1.316644793e+002 +2.195944793e+002 +2.195944793e+002 +2.6793e+000 -2.7885e+000 -4.1016e+000 -6.4162e-002 -3.4175e+000
7 +1.205879080e+002 +1.205879080e+002 +2.085179080e+002 +2.085179080e+002 +7.7398e-001 -2.2314e+000 -1.7034e+000 -4.4172e+000 +9.8793e-001
14 +1.180367826e+002 +1.180367826e+002 +2.059667826e+002 +2.059667826e+002 -3.7448e-001 +6.3998e-001 -1.0603e+001 +5.1020e-001 -2.9661e+000
15 +1.074327758e+002 +1.074327758e+002 +1.953627758e+002 +1.953627758e+002 +5.1557e+000 -1.0702e+000 -6.4876e+000 -6.6596e-001 -1.4776e+000
18 +5.100182193e+001 +5.100182193e+001 +1.389318219e+002 +1.389318219e+002 +4.9026e+000 -3.9857e+000 -2.3231e+000 +2.9462e-001 +7.4663e+000
27 +1.818021593e+001 +1.818021593e+001 +1.061102159e+002 +1.061102159e+002 -9.9896e-001 +1.2247e+000 -3.2710e+000 +1.2185e+001 +4.8467e+001
82 +8.261592806e-001 +8.261592806e-001 +8.875615928e+001 +8.875615928e+001 +4.1738e+000 +2.9754e+001 -1.5405e+001 +1.6243e+001 +2.0987e+001
119 +0.000000000e+000 +0.000000000e+000 +8.793000000e+001 +8.793000000e+001 +2.3978e+001 +6.0892e+001 -2.9034e+001 +1.7575e+001 +1.4108e+001
% function evaluation | noise-free fitness - Fopt (3.370000000000e+001) | best noise-free fitness - Fopt | measured fitness | best measured fitness | x1 | x2...
1 +1.216779037e+002 +1.216779037e+002 +1.553779037e+002 +1.553779037e+002 -4.5779e-001 +3.1616e+000 -3.0819e+000 +1.1838e+000 +3.6341e+000
2 +9.881827371e+001 +9.881827371e+001 +1.325182737e+002 +1.325182737e+002 +2.2163e+000 +6.2014e+000 -9.3826e+000 +3.1709e+000 +3.1316e+000
3 +9.563299228e+001 +9.563299228e+001 +1.293329923e+002 +1.293329923e+002 -5.9091e+000 +5.0412e+000 -4.6192e+000 +5.3758e+000 +4.4429e+000
4 +7.194638512e+001 +7.194638512e+001 +1.056463851e+002 +1.056463851e+002 -3.5896e+000 +1.2457e+001 -3.5706e+001 +6.6215e+000 +2.0536e+000
5 +6.132454232e+001 +6.132454232e+001 +9.502454232e+001 +9.502454232e+001 +6.9499e-002 +4.6750e+000 -3.5107e+000 +4.6563e+000 -9.6554e-002
7 +3.164322310e+001 +3.164322310e+001 +6.534322310e+001 +6.534322310e+001 -7.6807e-001 -9.4647e+000 -7.9912e+000 +8.0969e+000 -4.8311e+000
12 +3.163071094e+000 +3.163071094e+000 +3.686307109e+001 +3.686307109e+001 -1.0217e+001 +3.2213e+000 -9.5762e+000 +8.5219e+000 -1.2938e+001
59 +1.960709792e+000 +1.960709792e+000 +3.566070979e+001 +3.566070979e+001 -3.0393e+000 +5.1206e+000 -5.2237e+000 +6.5513e+000 -2.0781e+001
72 +0.000000000e+000 +0.000000000e+000 +3.370000000e+001 +3.370000000e+001 -1.1889e+001 +1.9426e+001 -7.0607e+000 +3.7473e+001 -7.9081e+000
% function evaluation | noise-free fitness - Fopt (-1.618300000000e+002) | best noise-free fitness - Fopt | measured fitness | best measured fitness | x1 | x2...
1 +1.239415242e+002 +1.239415242e+002 -3.788847585e+001 -3.788847585e+001 +3.0536e+000 -6.2785e+000 +6.4284e+000 +5.6149e+000 +8.8576e+000
3 +9.831612128e+001 +9.831612128e+001 -6.351387872e+001 -6.351387872e+001 +3.8841e+000 -2.4524e+000 +3.8713e+000 +3.5581e+000 +5.1260e+000
6 +9.311327689e+001 +9.311327689e+001 -6.871672311e+001 -6.871672311e+001 +4.2366e+000 -2.6098e+000 +4.3993e+000 +1.2340e+000 +4.4435e+000
34 +7.380439936e+001 +7.380439936e+001 -8.802560064e+001 -8.802560064e+001 +7.1741e+000 -8.1566e-002 +3.4287e+000 -3.8717e-001 +5.9801e+000
57 +5.889748622e+001 +5.889748622e+001 -1.029325138e+002 -1.029325138e+002 -4.5056e+000 -3.1896e-001 -1.8600e+000 +1.9379e+000 +5.5275e+000
68 +4.838959083e+001 +4.838959083e+001 -1.134404092e+002 -1.134404092e+002 +4.6347e+000 +3.7269e-001 -3.7403e+000 -2.7995e-001 +5.7529e+000
91 +4.532685331e+001 +4.532685331e+001 -1.165031467e+002 -1.165031467e+002 +3.3723e+000 +9.8115e-001 -9.5708e+000 +3.0068e-001 +6.2996e+000
98 +4.400715048e+001 +4.400715048e+001 -1.178228495e+002 -1.178228495e+002 +2.3479e+000 -2.4760e+000 -1.3580e+001 -8.4506e-001 +5.4982e+000
102 +2.148271865e+001 +2.148271865e+001 -1.403472813e+002 -1.403472813e+002 +3.4866e+000 +1.3625e+000 -2.9358e+000 -6.1031e+000 +6.0259e+000
126 +1.092403228e+001 +1.092403228e+001 -1.509059677e+002 -1.509059677e+002 -2.7465e+000 +3.6116e+000 -3.0389e+000 -7.9711e+000 +5.9270e+000
129 +9.069437284e+000 +9.069437284e+000 -1.527605627e+002 -1.527605627e+002 +1.0502e+000 +2.4151e+001 -7.9386e+000 -4.4631e+000 +5.0472e+000
130 +2.716395827e+000 +2.716395827e+000 -1.591136042e+002 -1.591136042e+002 -4.5406e+000 +6.7330e+000 -1.8306e+001 -4.5986e+000 +6.8545e+000
157 +0.000000000e+000 +0.000000000e+000 -1.618300000e+002 -1.618300000e+002 -2.4013e+001 +1.0526e+001 -7.6058e+000 -6.1436e+000 +5.7985e+000
