% function evaluation | noise-free fitness - Fopt (-2.098800000000e+002) | best noise-free fitness - Fopt | measured fitness | best measured fitness | x1 | x2...
1 +6.353434043e+006 +6.353434043e+006 +6.353224163e+006 +6.353224163e+006 +1.9419e+000 +2.8220e+000
4 +1.446384074e+006 +1.446384074e+006 +1.446174194e+006 +1.446174194e+006 +2.3440e+000 +1.5594e+000
6 +1.094803102e+006 +1.094803102e+006 +1.094593222e+006 +1.094593222e+006 +2.1655e+000 +1.4725e+000
8 +1.615312455e+005 +1.615312455e+005 +1.613213655e+005 +1.613213655e+005 +1.7931e+000 +8.7465e-001
13 +8.701374704e+004 +8.701374704e+004 +8.680386704e+004 +8.680386704e+004 +2.6333e-001 +7.3566e-001
30 +1.469489030e+003 +1.469489030e+003 +1.259609030e+003 +1.259609030e+003 +1.8338e+000 +4.8813e-001
39 +2.400493000e+001 +2.400493000e+001 -1.858750700e+002 -1.858750700e+002 +2.4688e+000 +4.4372e-001
104 +1.735161501e+001 +1.735161501e+001 -1.925283850e+002 -1.925283850e+002 -2.5979e+000 +4.4629e-001
118 +1.486999677e+001 +1.486999677e+001 -1.950100032e+002 -1.950100032e+002 -2.6241e+000 +4.4835e-001
161 +1.450699762e+001 +1.450699762e+001 -1.953730024e+002 -1.953730024e+002 -2.5955e+000 +4.4800e-001
162 +1.427413115e+001 +1.427413115e+001 -1.956058688e+002 -1.956058688e+002 -2.5603e+000 +4.4776e-001
163 +1.409149621e+001 +1.409149621e+001 -1.957885038e+002 -1.957885038e+002 -2.5414e+000 +4.4787e-001
195 +1.377720717e+001 +1.377720717e+001 -1.961027928e+002 -1.961027928e+002 -2.5034e+000 +4.4794e-001
198 +1.311857567e+001 +1.311857567e+001 -1.967614243e+002 -1.967614243e+002 -2.4204e+000 +4.4796e-001
212 +1.263779601e+001 +1.263779601e+001 -1.972422040e+002 -1.972422040e+002 -2.3557e+000 +4.4816e-001
213 +1.173794986e+001 +1.173794986e+001 -1.981420501e+002 -1.981420501e+002 -2.2383e+000 +4.4782e-001
221 +1.118176975e+001 +1.118176975e+001 -1.986982303e+002 -1.986982303e+002 -2.1669e+000 +4.4790e-001
222 +9.359019368e+000 +9.359019368e+000 -2.005209806e+002 -2.005209806e+002 -1.9127e+000 +4.4798e-001
236 +9.135369114e+000 +9.135369114e+000 -2.007446309e+002 -2.007446309e+002 -1.8783e+000 +4.4808e-001
244 +7.883019589e+000 +7.883019589e+000 -2.019969804e+002 -2.019969804e+002 -1.6788e+000 +4.4788e-001
252 +6.564479106e+000 +6.564479106e+000 -2.033155209e+002 -2.033155209e+002 -1.4402e+000 +4.4792e-001
253 +5.287171520e+000 +5.287171520e+000 -2.045928285e+002 -2.045928285e+002 -1.1180e+000 +4.4835e-001
256 +3.614837799e+000 +3.614837799e+000 -2.062651622e+002 -2.062651622e+002 -6.1214e-001 +4.4782e-001
263 +2.697783960e+000 +2.697783960e+000 -2.071822160e+002 -2.071822160e+002 -2.1603e-001 +4.4752e-001
264 +1.063995786e+000 +1.063995786e+000 -2.088160042e+002 -2.088160042e+002 +1.8983e-001 +4.4788e-001
275 +8.699273248e-001 +8.699273248e-001 -2.090100727e+002 -2.090100727e+002 +2.8514e-001 +4.4771e-001
279 +2.776452847e-001 +2.776452847e-001 -2.096023547e+002 -2.096023547e+002 +7.8958e-001 +4.4769e-001
282 +1.939495751e-001 +1.939495751e-001 -2.096860504e+002 -2.096860504e+002 +7.7756e-001 +4.4801e-001
296 +4.416577275e-002 +4.416577275e-002 -2.098358342e+002 -2.098358342e+002 +1.0415e+000 +4.4788e-001
304 +1.568971816e-002 +1.568971816e-002 -2.098643103e+002 -2.098643103e+002 +1.2984e+000 +4.4792e-001
307 +3.410267637e-003 +3.410267637e-003 -2.098765897e+002 -2.098765897e+002 +1.1819e+000 +4.4805e-001
316 +2.538529238e-003 +2.538529238e-003 -2.098774615e+002 -2.098774615e+002 +1.1693e+000 +4.4803e-001
321 +8.857214200e-004 +8.857214200e-004 -2.098791143e+002 -2.098791143e+002 +1.1879e+000 +4.4802e-001
341 +5.000771715e-004 +5.000771715e-004 -2.098794999e+002 -2.098794999e+002 +1.1847e+000 +4.4800e-001
342 +3.516938737e-004 +3.516938737e-004 -2.098796483e+002 -2.098796483e+002 +1.2230e+000 +4.4801e-001
352 +3.127160621e-004 +3.127160621e-004 -2.098796873e+002 -2.098796873e+002 +1.1906e+000 +4.4800e-001
365 +2.677380210e-004 +2.677380210e-004 -2.098797323e+002 -2.098797323e+002 +1.1941e+000 +4.4801e-001
366 +1.468629776e-004 +1.468629776e-004 -2.098798531e+002 -2.098798531e+002 +1.1958e+000 +4.4800e-001
377 +1.219606133e-004 +1.219606133e-004 -2.098798780e+002 -2.098798780e+002 +1.1963e+000 +4.4800e-001
383 +7.999547387e-005 +7.999547387e-005 -2.098799200e+002 -2.098799200e+002 +1.1977e+000 +4.4800e-001
384 +2.900264568e-005 +2.900264568e-005 -2.098799710e+002 -2.098799710e+002 +1.2111e+000 +4.4800e-001
385 +4.763149178e-006 +4.763149178e-006 -2.098799952e+002 -2.098799952e+002 +1.2049e+000 +4.4800e-001
407 +3.806023415e-006 +3.806023415e-006 -2.098799962e+002 -2.098799962e+002 +1.2072e+000 +4.4800e-001
411 +1.553337000e-006 +1.553337000e-006 -2.098799984e+002 -2.098799984e+002 +1.2066e+000 +4.4800e-001
412 +1.491728000e-006 +1.491728000e-006 -2.098799985e+002 -2.098799985e+002 +1.2078e+000 +4.4800e-001
416 +1.228054316e-007 +1.228054316e-007 -2.098799999e+002 -2.098799999e+002 +1.2075e+000 +4.4800e-001
426 +1.175583577e-007 +1.175583577e-007 -2.098799999e+002 -2.098799999e+002 +1.2073e+000 +4.4800e-001
435 +2.664720000e-008 +2.664720000e-008 -2.098800000e+002 -2.098800000e+002 +1.2071e+000 +4.4800e-001
446 +1.710986908e-008 +1.710986908e-008 -2.098800000e+002 -2.098800000e+002 +1.2073e+000 +4.4800e-001
457 +3.066418230e-009 +3.066418230e-009 -2.098800000e+002 -2.098800000e+002 +1.2072e+000 +4.4800e-001
749 +0.000000000e+000 +0.000000000e+000 -2.098800000e+002 -2.098800000e+002 +1.2072e+000 +4.4800e-001
% function evaluation | noise-free fitness - Fopt (-9.209000000000e+001) | best noise-free fitness - Fopt | measured fitness | best measured fitness | x1 | x2...
1 +1.302943873e+007 +1.302943873e+007 +1.302934664e+007 +1.302934664e+007 +5.4287e+000 -9.9487e-001
2 +9.386863829e+006 +9.386863829e+006 +9.386771739e+006 +9.386771739e+006 +1.3632e+001 +5.7660e+000
5 +5.187317034e+006 +5.187317034e+006 +5.187224944e+006 +5.187224944e+006 +5.6388e+000 +2.8660e-001
17 +3.133208143e+006 +3.133208143e+006 +3.133116053e+006 +3.133116053e+006 +6.5824e+000 +9.6555e-001
32 +6.223344460e+005 +6.223344460e+005 +6.222423560e+005 +6.222423560e+005 +3.2417e+001 +3.4868e+000
49 +3.091976316e+002 +3.091976316e+002 +2.171076316e+002 +2.171076316e+002 +1.6442e+001 +2.6151e+000
85 +2.640534702e+002 +2.640534702e+002 +1.719634702e+002 +1.719634702e+002 +1.5564e+001 +2.6242e+000
89 +2.305969254e+002 +2.305969254e+002 +1.385069254e+002 +1.385069254e+002 -1.2210e+001 +2.6269e+000
100 +8.664843134e+001 +8.664843134e+001 -5.441568656e+000 -5.441568656e+000 -8.3651e+000 +2.6234e+000
101 +4.556273281e-003 +4.556273281e-003 -9.208544373e+001 -9.208544373e+001 +7.8949e-001 +2.6216e+000
232 +2.098025676e-003 +2.098025676e-003 -9.208790197e+001 -9.208790197e+001 +7.0547e-001 +2.6216e+000
238 +2.659866017e-004 +2.659866017e-004 -9.208973401e+001 -9.208973401e+001 +7.4253e-001 +2.6216e+000
245 +9.521471459e-005 +9.521471459e-005 -9.208990479e+001 -9.208990479e+001 +7.2266e-001 +2.6216e+000
272 +1.224289244e-005 +1.224289244e-005 -9.208998776e+001 -9.208998776e+001 +7.2542e-001 +2.6216e+000
324 +9.385446901e-006 +9.385446901e-006 -9.208999061e+001 -9.208999061e+001 +7.2841e-001 +2.6216e+000
342 +8.793214732e-006 +8.793214732e-006 -9.208999121e+001 -9.208999121e+001 +7.2713e-001 +2.6216e+000
351 +5.459312092e-006 +5.459312092e-006 -9.208999454e+001 -9.208999454e+001 +7.2772e-001 +2.6216e+000
363 +5.369925972e-006 +5.369925972e-006 -9.208999463e+001 -9.208999463e+001 +7.2770e-001 +2.6216e+000
374 +2.796317531e-006 +2.796317531e-006 -9.208999720e+001 -9.208999720e+001 +7.2659e-001 +2.6216e+000
376 +9.071675464e-007 +9.071675464e-007 -9.208999909e+001 -9.208999909e+001 +7.2577e-001 +2.6216e+000
384 +3.699257292e-007 +3.699257292e-007 -9.208999963e+001 -9.208999963e+001 +7.2613e-001 +2.6216e+000
397 +1.754420964e-007 +1.754420964e-007 -9.208999982e+001 -9.208999982e+001 +7.2577e-001 +2.6216e+000
433 +1.172151514e-007 +1.172151514e-007 -9.208999988e+001 -9.208999988e+001 +7.2562e-001 +2.6216e+000
438 +1.386138138e-008 +1.386138138e-008 -9.208999999e+001 -9.208999999e+001 +7.2572e-001 +2.6216e+000
449 +4.707985113e-009 +4.707985113e-009 -9.209000000e+001 -9.209000000e+001 +7.2566e-001 +2.6216e+000
707 +0.000000000e+000 +0.000000000e+000 -9.209000000e+001 -9.209000000e+001 +7.2560e-001 +2.6216e+000
% function evaluation | noise-free fitness - Fopt (-8.789000000000e+001) | best noise-free fitness - Fopt | measured fitness | best measured fitness | x1 | x2...
1 +7.372375785e+007 +7.372375785e+007 +7.372366996e+007 +7.372366996e+007 +4.5894e-002 -5.0356e+000
2 +5.089827602e+006 +5.089827602e+006 +5.089739712e+006 +5.089739712e+006 +3.3539e+000 +1.3366e+000
14 +5.866071879e+005 +5.866071879e+005 +5.865192979e+005 +5.865192979e+005 +5.0057e+000 +4.4889e+000
17 +7.501545795e+004 +7.501545795e+004 +7.492756795e+004 +7.492756795e+004 +2.9284e+000 +3.3720e+000
26 +5.384638610e+004 +5.384638610e+004 +5.375849610e+004 +5.375849610e+004 +4.2844e+000 +3.8780e+000
48 +1.174024782e+004 +1.174024782e+004 +1.165235782e+004 +1.165235782e+004 +3.4329e+000 +3.7463e+000
73 +1.216035889e+003 +1.216035889e+003 +1.128145889e+003 +1.128145889e+003 +3.0024e+000 +3.6833e+000
84 +9.043316766e+000 +9.043316766e+000 -7.884668323e+001 -7.884668323e+001 +2.9545e+000 +3.6444e+000
116 +8.129454161e+000 +8.129454161e+000 -7.976054584e+001 -7.976054584e+001 +2.9572e+000 +3.6462e+000
138 +7.205723425e+000 +7.205723425e+000 -8.068427658e+001 -8.068427658e+001 +2.7249e+000 +3.6451e+000
141 +5.132585129e+000 +5.132585129e+000 -8.275741487e+001 -8.275741487e+001 +2.2483e+000 +3.6445e+000
148 +9.941640376e-001 +9.941640376e-001 -8.689583596e+001 -8.689583596e+001 +1.1787e+000 +3.6452e+000
178 +6.952290214e-001 +6.952290214e-001 -8.719477098e+001 -8.719477098e+001 +1.1159e+000 +3.6458e+000
179 +6.653393090e-001 +6.653393090e-001 -8.722466069e+001 -8.722466069e+001 +8.7384e-001 +3.6461e+000
180 +5.833506400e-001 +5.833506400e-001 -8.730664936e+001 -8.730664936e+001 +8.3548e-001 +3.6460e+000
184 +4.460990739e-001 +4.460990739e-001 -8.744390093e+001 -8.744390093e+001 +7.7898e-002 +3.6450e+000
187 +2.346969497e-001 +2.346969497e-001 -8.765530305e+001 -8.765530305e+001 -2.3819e-001 +3.6457e+000
191 +4.407282679e-003 +4.407282679e-003 -8.788559272e+001 -8.788559272e+001 +3.0936e-001 +3.6456e+000
223 +3.954679621e-003 +3.954679621e-003 -8.788604532e+001 -8.788604532e+001 +1.8319e-001 +3.6456e+000
227 +3.714631309e-003 +3.714631309e-003 -8.788628537e+001 -8.788628537e+001 +2.9934e-001 +3.6456e+000
231 +5.291899502e-004 +5.291899502e-004 -8.788947081e+001 -8.788947081e+001 +2.1916e-001 +3.6456e+000
235 +7.107006114e-005 +7.107006114e-005 -8.788992893e+001 -8.788992893e+001 +2.3165e-001 +3.6456e+000
275 +7.724389789e-006 +7.724389789e-006 -8.788999228e+001 -8.788999228e+001 +2.4223e-001 +3.6456e+000
292 +7.104380700e-006 +7.104380700e-006 -8.788999290e+001 -8.788999290e+001 +2.4187e-001 +3.6456e+000
305 +6.863499578e-006 +6.863499578e-006 -8.788999314e+001 -8.788999314e+001 +2.4153e-001 +3.6456e+000
331 +1.816068206e-006 +1.816068206e-006 -8.788999818e+001 -8.788999818e+001 +2.4064e-001 +3.6456e+000
344 +1.069030418e-006 +1.069030418e-006 -8.788999893e+001 -8.788999893e+001 +2.3991e-001 +3.6456e+000
348 +9.070731863e-007 +9.070731863e-007 -8.788999909e+001 -8.788999909e+001 +2.3962e-001 +3.6456e+000
352 +6.926043596e-007 +6.926043596e-007 -8.788999931e+001 -8.788999931e+001 +2.3951e-001 +3.6456e+000
354 +4.843866179e-007 +4.843866179e-007 -8.788999952e+001 -8.788999952e+001 +2.3970e-001 +3.6456e+000
362 +1.942031957e-007 +1.942031957e-007 -8.788999981e+001 -8.788999981e+001 +2.3915e-001 +3.6456e+000
371 +1.296708518e-007 +1.296708518e-007 -8.788999987e+001 -8.788999987e+001 +2.3946e-001 +3.6456e+000
381 +7.276420888e-008 +7.276420888e-008 -8.788999993e+001 -8.788999993e+001 +2.3892e-001 +3.6456e+000
396 +7.147622227e-008 +7.147622227e-008 -8.788999993e+001 -8.788999993e+001 +2.3892e-001 +3.6456e+000
401 +6.736472358e-008 +6.736472358e-008 -8.788999993e+001 -8.788999993e+001 +2.3901e-001 +3.6456e+000
403 +3.630516687e-008 +3.630516687e-008 -8.788999996e+001 -8.788999996e+001 +2.3903e-001 +3.6456e+000
404 +2.789292353e-008 +2.789292353e-008 -8.788999997e+001 -8.788999997e+001 +2.3903e-001 +3.6456e+000
407 +2.010128242e-008 +2.010128242e-008 -8.788999998e+001 -8.788999998e+001 +2.3907e-001 +3.6456e+000
410 +1.748374245e-008 +1.748374245e-008 -8.788999998e+001 -8.788999998e+001 +2.3912e-001 +3.6456e+000
418 +9.394824474e-009 +9.394824474e-009 -8.788999999e+001 -8.788999999e+001 +2.3910e-001 +3.6456e+000
561 +0.000000000e+000 +0.000000000e+000 -8.789000000e+001 -8.789000000e+001 +2.3920e-001 +3.6456e+000
% function evaluation | noise-free fitness - Fopt (3.201900000000e+002) | best noise-free fitness - Fopt | measured fitness | best measured fitness | x1 | x2...
1 +6.495448570e+007 +6.495448570e+007 +6.495480589e+007 +6.495480589e+007 -1.7840e+001 +5.5527e+000
2 +5.340984026e+007 +5.340984026e+007 +5.341016045e+007 +5.341016045e+007 -3.8867e+000 +4.6319e+000
5 +4.132782565e+007 +4.132782565e+007 +4.132814584e+007 +4.132814584e+007 -5.2532e+000 +3.9207e+000
6 +5.835489537e+006 +5.835489537e+006 +5.835809727e+006 +5.835809727e+006 -8.5717e+000 -7.8170e-002
9 +4.462407408e+006 +4.462407408e+006 +4.462727598e+006 +4.462727598e+006 -5.0955e+000 -4.4861e+000
15 +2.391863052e+004 +2.391863052e+004 +2.423882052e+004 +2.423882052e+004 -2.4955e+001 -2.2037e+000
30 +1.099909994e+004 +1.099909994e+004 +1.131928994e+004 +1.131928994e+004 -1.7870e+001 -2.2641e+000
34 +4.530323533e+003 +4.530323533e+003 +4.850513533e+003 +4.850513533e+003 -2.0027e+001 -2.4314e+000
51 +9.146395206e+002 +9.146395206e+002 +1.234829521e+003 +1.234829521e+003 -1.0413e+001 -2.3888e+000
55 +4.394456560e+002 +4.394456560e+002 +7.596356560e+002 +7.596356560e+002 -6.2743e+000 -2.3403e+000
71 +3.908643028e+002 +3.908643028e+002 +7.110543028e+002 +7.110543028e+002 -1.4545e+001 -2.3732e+000
80 +1.000015671e+002 +1.000015671e+002 +4.201915671e+002 +4.201915671e+002 -1.0101e+001 -2.3599e+000
84 +6.526854727e+001 +6.526854727e+001 +3.854585473e+002 +3.854585473e+002 -8.3824e+000 -2.3581e+000
92 +4.272210850e+001 +4.272210850e+001 +3.629121085e+002 +3.629121085e+002 -7.3376e+000 -2.3601e+000
115 +3.412160351e+001 +3.412160351e+001 +3.543116035e+002 +3.543116035e+002 -6.5302e+000 -2.3599e+000
126 +3.339396416e+001 +3.339396416e+001 +3.535839642e+002 +3.535839642e+002 -6.3593e+000 -2.3621e+000
150 +3.224054246e+001 +3.224054246e+001 +3.524305425e+002 +3.524305425e+002 -6.3588e+000 -2.3616e+000
180 +2.835213347e+001 +2.835213347e+001 +3.485421335e+002 +3.485421335e+002 -5.9611e+000 -2.3605e+000
190 +1.715729153e+001 +1.715729153e+001 +3.373472915e+002 +3.373472915e+002 -4.2260e+000 -2.3625e+000
196 +1.542566099e+001 +1.542566099e+001 +3.356156610e+002 +3.356156610e+002 -4.3319e+000 -2.3604e+000
204 +6.202590834e+000 +6.202590834e+000 +3.263925908e+002 +3.263925908e+002 -2.9681e+000 -2.3604e+000
214 +5.039854081e-001 +5.039854081e-001 +3.206939854e+002 +3.206939854e+002 -8.4876e-001 -2.3602e+000
222 +2.801576583e-001 +2.801576583e-001 +3.204701577e+002 +3.204701577e+002 -6.1595e-001 -2.3612e+000
231 +3.067174874e-002 +3.067174874e-002 +3.202206717e+002 +3.202206717e+002 -5.2872e-001 -2.3609e+000
244 +1.026785008e-002 +1.026785008e-002 +3.202002679e+002 +3.202002679e+002 -3.9118e-001 -2.3609e+000
259 +2.530522510e-004 +2.530522510e-004 +3.201902531e+002 +3.201902531e+002 -4.1641e-001 -2.3608e+000
285 +9.994511078e-005 +9.994511078e-005 +3.201900999e+002 +3.201900999e+002 -4.3189e-001 -2.3608e+000
341 +4.079054838e-005 +4.079054838e-005 +3.201900408e+002 +3.201900408e+002 -4.3910e-001 -2.3608e+000
353 +3.081001921e-006 +3.081001921e-006 +3.201900031e+002 +3.201900031e+002 -4.3458e-001 -2.3608e+000
408 +7.004979352e-007 +7.004979352e-007 +3.201900007e+002 +3.201900007e+002 -4.3301e-001 -2.3608e+000
420 +8.846274113e-008 +8.846274113e-008 +3.201900001e+002 +3.201900001e+002 -4.3290e-001 -2.3608e+000
440 +4.586905789e-008 +4.586905789e-008 +3.201900000e+002 +3.201900000e+002 -4.3303e-001 -2.3608e+000
475 +4.382144425e-008 +4.382144425e-008 +3.201900000e+002 +3.201900000e+002 -4.3303e-001 -2.3608e+000
477 +1.317505394e-008 +1.317505394e-008 +3.201900000e+002 +3.201900000e+002 -4.3291e-001 -2.3608e+000
481 +1.225618007e-008 +1.225618007e-008 +3.201900000e+002 +3.201900000e+002 -4.3291e-001 -2.3608e+000
487 +2.288686574e-009 +2.288686574e-009 +3.201900000e+002 +3.201900000e+002 -4.3284e-001 -2.3608e+000
648 +0.000000000e+000 +0.000000000e+000 +3.201900000e+002 +3.201900000e+002 -4.3280e-001 -2.3608e+000
% function evaluation | noise-free fitness - Fopt (-1.042400000000e+002) | best noise-free fitness - Fopt | measured fitness | best measured fitness | x1 | x2...
1 +6.956438402e+007 +6.956438402e+007 +6.956427978e+007 +6.956427978e+007 -3.8124e+000 +4.5692e+000
2 +5.431870289e+007 +5.431870289e+007 +5.431859865e+007 +5.431859865e+007 -4.2531e+000 +3.1305e+000
4 +5.991070004e+006 +5.991070004e+006 +5.990965764e+006 +5.990965764e+006 -5.5683e+000 -1.6112e+000
8 +2.033218793e+006 +2.033218793e+006 +2.033114553e+006 +2.033114553e+006 -6.8981e+000 -2.4713e+000
16 +4.968656275e+005 +4.968656275e+005 +4.967613875e+005 +4.967613875e+005 -4.9340e+000 -3.2110e+000
35 +2.171027883e+005 +2.171027883e+005 +2.169985483e+005 +2.169985483e+005 -5.1052e+000 -4.3808e+000
45 +3.110571508e+004 +3.110571508e+004 +3.100147508e+004 +3.100147508e+004 -1.2757e+001 -4.0867e+000
61 +1.268682229e+002 +1.268682229e+002 +2.262822291e+001 +2.262822291e+001 -1.0141e+001 -3.9186e+000
102 +3.851025394e+001 +3.851025394e+001 -6.572974606e+001 -6.572974606e+001 -5.8659e+000 -3.9220e+000
113 +1.114114419e+001 +1.114114419e+001 -9.309885581e+001 -9.309885581e+001 -2.7248e+000 -3.9213e+000
137 +9.198344339e+000 +9.198344339e+000 -9.504165566e+001 -9.504165566e+001 +1.9473e+000 -3.9171e+000
146 +4.927686191e-001 +4.927686191e-001 -1.037472314e+002 -1.037472314e+002 -1.4709e-001 -3.9204e+000
191 +2.301986576e-001 +2.301986576e-001 -1.040098013e+002 -1.040098013e+002 -8.0059e-002 -3.9201e+000
202 +4.682371689e-003 +4.682371689e-003 -1.042353176e+002 -1.042353176e+002 +3.9325e-001 -3.9199e+000
321 +4.286432014e-003 +4.286432014e-003 -1.042357136e+002 -1.042357136e+002 +4.6550e-001 -3.9200e+000
323 +4.050456225e-003 +4.050456225e-003 -1.042359495e+002 -1.042359495e+002 +4.6292e-001 -3.9200e+000
332 +3.970195361e-003 +3.970195361e-003 -1.042360298e+002 -1.042360298e+002 +4.6259e-001 -3.9200e+000
336 +1.118930451e-003 +1.118930451e-003 -1.042388811e+002 -1.042388811e+002 +4.2730e-001 -3.9200e+000
342 +8.804925917e-004 +8.804925917e-004 -1.042391195e+002 -1.042391195e+002 +4.2075e-001 -3.9200e+000
346 +1.634465194e-004 +1.634465194e-004 -1.042398366e+002 -1.042398366e+002 +4.0052e-001 -3.9200e+000
352 +1.267150533e-004 +1.267150533e-004 -1.042398733e+002 -1.042398733e+002 +4.0200e-001 -3.9200e+000
364 +1.251096212e-004 +1.251096212e-004 -1.042398749e+002 -1.042398749e+002 +4.0495e-001 -3.9200e+000
366 +1.695342925e-005 +1.695342925e-005 -1.042399830e+002 -1.042399830e+002 +3.9186e-001 -3.9200e+000
384 +6.482378325e-006 +6.482378325e-006 -1.042399935e+002 -1.042399935e+002 +3.9367e-001 -3.9200e+000
443 +6.433417781e-006 +6.433417781e-006 -1.042399936e+002 -1.042399936e+002 +3.9440e-001 -3.9200e+000
453 +3.457908392e-006 +3.457908392e-006 -1.042399965e+002 -1.042399965e+002 +3.9411e-001 -3.9200e+000
461 +1.344492944e-006 +1.344492944e-006 -1.042399987e+002 -1.042399987e+002 +3.9429e-001 -3.9200e+000
465 +8.756085066e-007 +8.756085066e-007 -1.042399991e+002 -1.042399991e+002 +3.9389e-001 -3.9200e+000
472 +2.424861805e-007 +2.424861805e-007 -1.042399998e+002 -1.042399998e+002 +3.9395e-001 -3.9200e+000
474 +6.186695600e-008 +6.186695600e-008 -1.042399999e+002 -1.042399999e+002 +3.9462e-001 -3.9200e+000
482 +4.005597987e-008 +4.005597987e-008 -1.042400000e+002 -1.042400000e+002 +3.9439e-001 -3.9200e+000
483 +1.167336450e-008 +1.167336450e-008 -1.042400000e+002 -1.042400000e+002 +3.9435e-001 -3.9200e+000
490 +4.705498213e-010 +4.705498213e-010 -1.042400000e+002 -1.042400000e+002 +3.9438e-001 -3.9200e+000
660 +0.000000000e+000 +0.000000000e+000 -1.042400000e+002 -1.042400000e+002 +3.9440e-001 -3.9200e+000
% function evaluation | noise-free fitness - Fopt (-1.843100000000e+002) | best noise-free fitness - Fopt | measured fitness | best measured fitness | x1 | x2...
1 +1.436954027e+005 +1.436954027e+005 +1.435110927e+005 +1.435110927e+005 +6.3512e-002 +6.2424e-001
42 +2.544416029e+004 +2.544416029e+004 +2.525985029e+004 +2.525985029e+004 +3.9912e-001 +7.4682e-002
44 +2.186898977e+003 +2.186898977e+003 +2.002588977e+003 +2.002588977e+003 +3.8531e+001 +2.5898e-001
59 +1.745753932e+003 +1.745753932e+003 +1.561443932e+003 +1.561443932e+003 +3.4136e+001 +1.9933e-001
64 +8.921341482e+002 +8.921341482e+002 +7.078241482e+002 +7.078241482e+002 -2.0224e+000 +2.5371e-001
71 +6.776021279e+002 +6.776021279e+002 +4.932921279e+002 +4.932921279e+002 -4.9507e-001 +1.9887e-001
100 +3.736238503e+002 +3.736238503e+002 +1.893138503e+002 +1.893138503e+002 -1.7844e+001 +2.2319e-001
114 +1.945002254e+002 +1.945002254e+002 +1.019022545e+001 +1.019022545e+001 +9.2495e+000 +2.3639e-001
115 +1.254472653e+002 +1.254472653e+002 -5.886273470e+001 -5.886273470e+001 +8.1441e+000 +2.3375e-001
117 +1.048098850e+002 +1.048098850e+002 -7.950011505e+001 -7.950011505e+001 -3.0384e+000 +2.3362e-001
118 +7.547058027e+001 +7.547058027e+001 -1.088394197e+002 -1.088394197e+002 -6.9041e+000 +2.2527e-001
119 +3.650743949e+001 +3.650743949e+001 -1.478025605e+002 -1.478025605e+002 -2.6463e+000 +2.2868e-001
124 +2.014940575e+000 +2.014940575e+000 -1.822950594e+002 -1.822950594e+002 +3.1844e+000 +2.2458e-001
146 +1.324349448e+000 +1.324349448e+000 -1.829856506e+002 -1.829856506e+002 +2.4584e+000 +2.2572e-001
153 +1.352786049e-001 +1.352786049e-001 -1.841747214e+002 -1.841747214e+002 +1.8445e+000 +2.2515e-001
190 +4.828337608e-002 +4.828337608e-002 -1.842617166e+002 -1.842617166e+002 +2.0579e+000 +2.2476e-001
196 +2.711520668e-002 +2.711520668e-002 -1.842828848e+002 -1.842828848e+002 +2.0016e+000 +2.2475e-001
207 +1.990601009e-003 +1.990601009e-003 -1.843080094e+002 -1.843080094e+002 +1.8866e+000 +2.2479e-001
215 +1.001716129e-003 +1.001716129e-003 -1.843089983e+002 -1.843089983e+002 +1.8623e+000 +2.2483e-001
234 +9.884001157e-004 +9.884001157e-004 -1.843090116e+002 -1.843090116e+002 +1.8128e+000 +2.2480e-001
235 +4.563636524e-004 +4.563636524e-004 -1.843095436e+002 -1.843095436e+002 +1.8622e+000 +2.2479e-001
250 +3.666922394e-004 +3.666922394e-004 -1.843096333e+002 -1.843096333e+002 +1.8533e+000 +2.2482e-001
257 +1.144003227e-004 +1.144003227e-004 -1.843098856e+002 -1.843098856e+002 +1.8370e+000 +2.2481e-001
285 +1.080349263e-004 +1.080349263e-004 -1.843098920e+002 -1.843098920e+002 +1.8530e+000 +2.2480e-001
290 +1.473905687e-005 +1.473905687e-005 -1.843099853e+002 -1.843099853e+002 +1.8458e+000 +2.2480e-001
295 +1.058626620e-005 +1.058626620e-005 -1.843099894e+002 -1.843099894e+002 +1.8455e+000 +2.2480e-001
355 +9.136662925e-006 +9.136662925e-006 -1.843099909e+002 -1.843099909e+002 +1.8440e+000 +2.2480e-001
358 +8.094462260e-006 +8.094462260e-006 -1.843099919e+002 -1.843099919e+002 +1.8446e+000 +2.2480e-001
369 +1.607358399e-006 +1.607358399e-006 -1.843099984e+002 -1.843099984e+002 +1.8444e+000 +2.2480e-001
376 +1.432552097e-006 +1.432552097e-006 -1.843099986e+002 -1.843099986e+002 +1.8443e+000 +2.2480e-001
381 +6.868716582e-007 +6.868716582e-007 -1.843099993e+002 -1.843099993e+002 +1.8440e+000 +2.2480e-001
383 +2.471701919e-007 +2.471701919e-007 -1.843099998e+002 -1.843099998e+002 +1.8430e+000 +2.2480e-001
395 +1.582669142e-007 +1.582669142e-007 -1.843099998e+002 -1.843099998e+002 +1.8431e+000 +2.2480e-001
411 +4.322092195e-008 +4.322092195e-008 -1.843100000e+002 -1.843100000e+002 +1.8432e+000 +2.2480e-001
412 +3.619959443e-009 +3.619959443e-009 -1.843100000e+002 -1.843100000e+002 +1.8432e+000 +2.2480e-001
644 +0.000000000e+000 +0.000000000e+000 -1.843100000e+002 -1.843100000e+002 +1.8432e+000 +2.2480e-001
% function evaluation | noise-free fitness - Fopt (5.684000000000e+001) | best noise-free fitness - Fopt | measured fitness | best measured fitness | x1 | x2...
1 +4.652669334e+007 +4.652669334e+007 +4.652675018e+007 +4.652675018e+007 -3.3269e+000 +4.0537e+000
3 +1.499066176e+007 +1.499066176e+007 +1.499071860e+007 +1.499071860e+007 -3.6882e+000 +1.3643e+000
9 +4.781464044e+004 +4.781464044e+004 +4.787148044e+004 +4.787148044e+004 +3.6640e+000 -2.3107e+000
31 +8.731836389e+003 +8.731836389e+003 +8.788676389e+003 +8.788676389e+003 +3.9351e+001 -2.4428e+000
63 +6.627599009e+003 +6.627599009e+003 +6.684439009e+003 +6.684439009e+003 -5.6615e+001 -2.5909e+000
75 +4.681897829e+003 +4.681897829e+003 +4.738737829e+003 +4.738737829e+003 -3.2334e+001 -2.4669e+000
79 +4.131051013e+003 +4.131051013e+003 +4.187891013e+003 +4.187891013e+003 -1.1394e+000 -2.4585e+000
82 +2.428925429e+003 +2.428925429e+003 +2.485765429e+003 +2.485765429e+003 -2.1015e+001 -2.4851e+000
97 +2.266736195e+003 +2.266736195e+003 +2.323576195e+003 +2.323576195e+003 -3.7767e+001 -2.5568e+000
102 +1.579523901e+003 +1.579523901e+003 +1.636363901e+003 +1.636363901e+003 -3.5327e+001 -2.5100e+000
107 +1.040992567e+003 +1.040992567e+003 +1.097832567e+003 +1.097832567e+003 -2.4948e+001 -2.5508e+000
108 +8.522167279e+002 +8.522167279e+002 +9.090567279e+002 +9.090567279e+002 -1.1712e+001 -2.5547e+000
112 +7.020912753e+002 +7.020912753e+002 +7.589312753e+002 +7.589312753e+002 -2.6884e+001 -2.5357e+000
149 +2.671367906e+002 +2.671367906e+002 +3.239767906e+002 +3.239767906e+002 -5.5671e+000 -2.5438e+000
157 +1.750658335e+002 +1.750658335e+002 +2.319058335e+002 +2.319058335e+002 +4.6122e+000 -2.5163e+000
162 +2.418161566e+000 +2.418161566e+000 +5.925816157e+001 +5.925816157e+001 +2.0477e+000 -2.5282e+000
194 +7.309988510e-002 +7.309988510e-002 +5.691309989e+001 +5.691309989e+001 +5.2433e-001 -2.5285e+000
262 +5.578727732e-002 +5.578727732e-002 +5.689578728e+001 +5.689578728e+001 +6.5828e-001 -2.5290e+000
291 +1.565555103e-002 +1.565555103e-002 +5.685565555e+001 +5.685565555e+001 +5.9772e-001 -2.5289e+000
301 +1.510853619e-002 +1.510853619e-002 +5.685510854e+001 +5.685510854e+001 +5.9317e-001 -2.5289e+000
314 +1.386279068e-002 +1.386279068e-002 +5.685386279e+001 +5.685386279e+001 +6.1000e-001 -2.5289e+000
315 +8.202908761e-003 +8.202908761e-003 +5.684820291e+001 +5.684820291e+001 +6.1113e-001 -2.5287e+000
321 +5.505483494e-003 +5.505483494e-003 +5.684550548e+001 +5.684550548e+001 +6.1152e-001 -2.5288e+000
323 +4.779345450e-003 +4.779345450e-003 +5.684477935e+001 +5.684477935e+001 +5.9575e-001 -2.5288e+000
331 +4.218089771e-003 +4.218089771e-003 +5.684421809e+001 +5.684421809e+001 +5.8448e-001 -2.5288e+000
335 +3.953534021e-003 +3.953534021e-003 +5.684395353e+001 +5.684395353e+001 +5.8315e-001 -2.5288e+000
341 +3.658932628e-003 +3.658932628e-003 +5.684365893e+001 +5.684365893e+001 +5.9303e-001 -2.5288e+000
342 +2.252127143e-003 +2.252127143e-003 +5.684225213e+001 +5.684225213e+001 +5.7780e-001 -2.5288e+000
354 +1.756982144e-003 +1.756982144e-003 +5.684175698e+001 +5.684175698e+001 +5.7473e-001 -2.5288e+000
362 +1.345144143e-003 +1.345144143e-003 +5.684134514e+001 +5.684134514e+001 +5.7160e-001 -2.5288e+000
365 +1.225157947e-003 +1.225157947e-003 +5.684122516e+001 +5.684122516e+001 +5.6893e-001 -2.5288e+000
372 +1.138674549e-003 +1.138674549e-003 +5.684113867e+001 +5.684113867e+001 +5.6960e-001 -2.5288e+000
375 +1.101658339e-003 +1.101658339e-003 +5.684110166e+001 +5.684110166e+001 +5.6839e-001 -2.5288e+000
384 +4.142746825e-004 +4.142746825e-004 +5.684041427e+001 +5.684041427e+001 +5.4610e-001 -2.5288e+000
391 +3.195454733e-004 +3.195454733e-004 +5.684031955e+001 +5.684031955e+001 +5.1519e-001 -2.5288e+000
408 +2.834719321e-004 +2.834719321e-004 +5.684028347e+001 +5.684028347e+001 +5.3441e-001 -2.5288e+000
414 +8.008046865e-005 +8.008046865e-005 +5.684008008e+001 +5.684008008e+001 +5.2342e-001 -2.5288e+000
425 +5.294215751e-005 +5.294215751e-005 +5.684005294e+001 +5.684005294e+001 +5.2653e-001 -2.5288e+000
433 +1.558585650e-005 +1.558585650e-005 +5.684001559e+001 +5.684001559e+001 +5.3571e-001 -2.5288e+000
437 +1.190697510e-005 +1.190697510e-005 +5.684001191e+001 +5.684001191e+001 +5.3311e-001 -2.5288e+000
465 +7.749367377e-006 +7.749367377e-006 +5.684000775e+001 +5.684000775e+001 +5.3144e-001 -2.5288e+000
479 +4.264743822e-006 +4.264743822e-006 +5.684000426e+001 +5.684000426e+001 +5.3377e-001 -2.5288e+000
493 +1.417430262e-006 +1.417430262e-006 +5.684000142e+001 +5.684000142e+001 +5.3365e-001 -2.5288e+000
500 +1.162135803e-006 +1.162135803e-006 +5.684000116e+001 +5.684000116e+001 +5.3365e-001 -2.5288e+000
504 +6.704589950e-007 +6.704589950e-007 +5.684000067e+001 +5.684000067e+001 +5.3363e-001 -2.5288e+000
512 +1.482999252e-007 +1.482999252e-007 +5.684000015e+001 +5.684000015e+001 +5.3306e-001 -2.5288e+000
572 +6.521916873e-008 +6.521916873e-008 +5.684000007e+001 +5.684000007e+001 +5.3307e-001 -2.5288e+000
577 +1.281142659e-008 +1.281142659e-008 +5.684000001e+001 +5.684000001e+001 +5.3269e-001 -2.5288e+000
583 +1.061300736e-008 +1.061300736e-008 +5.684000001e+001 +5.684000001e+001 +5.3289e-001 -2.5288e+000
595 +9.009823998e-010 +9.009823998e-010 +5.684000000e+001 +5.684000000e+001 +5.3281e-001 -2.5288e+000
811 +0.000000000e+000 +0.000000000e+000 +5.684000000e+001 +5.684000000e+001 +5.3280e-001 -2.5288e+000
% function evaluation | noise-free fitness - Fopt (-1.897300000000e+002) | best noise-free fitness - Fopt | measured fitness | best measured fitness | x1 | x2...
1 +1.449745874e+008 +1.449745874e+008 +1.449743976e+008 +1.449743976e+008 -7.1740e-001 +1.1092e+001
2 +2.609261223e+003 +2.609261223e+003 +2.419531223e+003 +2.419531223e+003 +6.9195e+000 -8.3783e-001
24 +4.864850087e+002 +4.864850087e+002 +2.967550087e+002 +2.967550087e+002 +1.2196e+000 -8.1105e-001
26 +1.572552624e+002 +1.572552624e+002 -3.247473763e+001 -3.247473763e+001 +2.5714e-001 -8.0132e-001
62 +9.831098235e+001 +9.831098235e+001 -9.141901765e+001 -9.141901765e+001 +1.1377e+001 -7.8772e-001
86 +8.632905227e+001 +8.632905227e+001 -1.034009477e+002 -1.034009477e+002 -4.6776e+000 -7.9706e-001
95 +8.194526893e+001 +8.194526893e+001 -1.077847311e+002 -1.077847311e+002 +7.6397e+000 -7.8275e-001
108 +7.314962023e+001 +7.314962023e+001 -1.165803798e+002 -1.165803798e+002 +3.8708e+000 -7.8093e-001
114 +3.761176716e+001 +3.761176716e+001 -1.521182328e+002 -1.521182328e+002 +3.4566e+000 -7.8297e-001
132 +3.156627487e+001 +3.156627487e+001 -1.581637251e+002 -1.581637251e+002 +4.0232e+000 -7.9309e-001
133 +2.542293487e+001 +2.542293487e+001 -1.643070651e+002 -1.643070651e+002 +4.3358e+000 -7.8509e-001
137 +1.043251292e+001 +1.043251292e+001 -1.792974871e+002 -1.792974871e+002 +1.5856e+000 -7.8545e-001
141 +6.867404048e+000 +6.867404048e+000 -1.828625960e+002 -1.828625960e+002 +3.2374e+000 -7.8966e-001
142 +3.339011988e+000 +3.339011988e+000 -1.863909880e+002 -1.863909880e+002 +2.7063e+000 -7.8812e-001
151 +3.135845526e+000 +3.135845526e+000 -1.865941545e+002 -1.865941545e+002 +2.0120e+000 -7.8748e-001
156 +1.386972575e+000 +1.386972575e+000 -1.883430274e+002 -1.883430274e+002 +1.6956e+000 -7.8789e-001
165 +1.117730679e+000 +1.117730679e+000 -1.886122693e+002 -1.886122693e+002 +1.8084e+000 -7.8818e-001
171 +1.095987968e+000 +1.095987968e+000 -1.886340120e+002 -1.886340120e+002 +1.6682e+000 -7.8802e-001
175 +1.978298212e-001 +1.978298212e-001 -1.895321702e+002 -1.895321702e+002 +1.3099e+000 -7.8861e-001
200 +1.584870791e-001 +1.584870791e-001 -1.895715129e+002 -1.895715129e+002 +1.2950e+000 -7.8868e-001
207 +1.444816275e-001 +1.444816275e-001 -1.895855184e+002 -1.895855184e+002 +1.2313e+000 -7.8897e-001
208 +1.795209826e-002 +1.795209826e-002 -1.897120479e+002 -1.897120479e+002 +1.0007e+000 -7.8887e-001
215 +9.910482991e-003 +9.910482991e-003 -1.897200895e+002 -1.897200895e+002 +9.6785e-001 -7.8887e-001
222 +5.404083390e-003 +5.404083390e-003 -1.897245959e+002 -1.897245959e+002 +8.4702e-001 -7.8874e-001
232 +1.151999391e-003 +1.151999391e-003 -1.897288480e+002 -1.897288480e+002 +9.2171e-001 -7.8882e-001
243 +5.618389691e-004 +5.618389691e-004 -1.897294382e+002 -1.897294382e+002 +9.1443e-001 -7.8879e-001
253 +7.792316634e-005 +7.792316634e-005 -1.897299221e+002 -1.897299221e+002 +8.8403e-001 -7.8879e-001
275 +5.876582867e-005 +5.876582867e-005 -1.897299412e+002 -1.897299412e+002 +8.8387e-001 -7.8880e-001
276 +3.274470265e-005 +3.274470265e-005 -1.897299673e+002 -1.897299673e+002 +8.8649e-001 -7.8880e-001
281 +9.184877229e-006 +9.184877229e-006 -1.897299908e+002 -1.897299908e+002 +8.9505e-001 -7.8880e-001
283 +3.515747153e-006 +3.515747153e-006 -1.897299965e+002 -1.897299965e+002 +8.9261e-001 -7.8880e-001
301 +2.944575073e-006 +2.944575073e-006 -1.897299971e+002 -1.897299971e+002 +8.9316e-001 -7.8880e-001
330 +2.319992035e-006 +2.319992035e-006 -1.897299977e+002 -1.897299977e+002 +8.9107e-001 -7.8880e-001
331 +1.988773420e-006 +1.988773420e-006 -1.897299980e+002 -1.897299980e+002 +8.9093e-001 -7.8880e-001
356 +1.663236759e-006 +1.663236759e-006 -1.897299983e+002 -1.897299983e+002 +8.9111e-001 -7.8880e-001
365 +1.094882947e-006 +1.094882947e-006 -1.897299989e+002 -1.897299989e+002 +8.9185e-001 -7.8880e-001
367 +2.831679637e-007 +2.831679637e-007 -1.897299997e+002 -1.897299997e+002 +8.9215e-001 -7.8880e-001
389 +1.731808936e-007 +1.731808936e-007 -1.897299998e+002 -1.897299998e+002 +8.9209e-001 -7.8880e-001
391 +7.496296917e-008 +7.496296917e-008 -1.897299999e+002 -1.897299999e+002 +8.9193e-001 -7.8880e-001
411 +1.824147944e-008 +1.824147944e-008 -1.897300000e+002 -1.897300000e+002 +8.9187e-001 -7.8880e-001
443 +1.289370744e-008 +1.289370744e-008 -1.897300000e+002 -1.897300000e+002 +8.9189e-001 -7.8880e-001
453 +1.171733288e-008 +1.171733288e-008 -1.897300000e+002 -1.897300000e+002 +8.9203e-001 -7.8880e-001
454 +8.132587936e-009 +8.132587936e-009 -1.897300000e+002 -1.897300000e+002 +8.9203e-001 -7.8880e-001
706 +0.000000000e+000 +0.000000000e+000 -1.897300000e+002 -1.897300000e+002 +8.9200e-001 -7.8880e-001
% function evaluation | noise-free fitness - Fopt (4.659700000000e+002) | best noise-free fitness - Fopt | measured fitness | best measured fitness | x1 | x2...
1 +4.328659168e+005 +4.328659168e+005 +4.333318868e+005 +4.333318868e+005 +1.9866e+000 -9.9302e-001
8 +4.915224921e+004 +4.915224921e+004 +4.961821921e+004 +4.961821921e+004 +1.9837e+000 -5.2141e-002
15 +1.935049989e+004 +1.935049989e+004 +1.981646989e+004 +1.981646989e+004 +2.1512e+000 -4.0596e-001
32 +1.593730377e+004 +1.593730377e+004 +1.640327377e+004 +1.640327377e+004 +1.9500e+000 -3.9599e-001
33 +6.535521497e+003 +6.535521497e+003 +7.001491497e+003 +7.001491497e+003 +1.8326e+000 -3.6130e-001
39 +6.407240935e+001 +6.407240935e+001 +5.300424094e+002 +5.300424094e+002 +1.0794e+000 -2.6619e-001
85 +4.325115420e+001 +4.325115420e+001 +5.092211542e+002 +5.092211542e+002 +3.0037e+000 -2.7764e-001
88 +3.022235620e+001 +3.022235620e+001 +4.961923562e+002 +4.961923562e+002 +1.2588e+000 -2.7774e-001
109 +1.686346363e+001 +1.686346363e+001 +4.828334636e+002 +4.828334636e+002 +2.1519e+000 -2.7417e-001
122 +1.284518782e+001 +1.284518782e+001 +4.788151878e+002 +4.788151878e+002 +1.5768e+000 -2.7254e-001
125 +8.589921615e+000 +8.589921615e+000 +4.745599216e+002 +4.745599216e+002 +1.0479e+000 -2.7379e-001
132 +8.232636075e+000 +8.232636075e+000 +4.742026361e+002 +4.742026361e+002 +6.6670e-001 -2.7463e-001
142 +8.041410334e+000 +8.041410334e+000 +4.740114103e+002 +4.740114103e+002 +8.4897e-001 -2.7318e-001
145 +7.323978014e+000 +7.323978014e+000 +4.732939780e+002 +4.732939780e+002 +5.5820e-001 -2.7433e-001
149 +5.786711634e+000 +5.786711634e+000 +4.717567116e+002 +4.717567116e+002 +9.1337e-002 -2.7214e-001
158 +4.057500962e+000 +4.057500962e+000 +4.700275010e+002 +4.700275010e+002 -2.8858e+000 -2.7541e-001
162 +3.955745899e-001 +3.955745899e-001 +4.663655746e+002 +4.663655746e+002 -1.6271e+000 -2.7411e-001
181 +6.847141726e-002 +6.847141726e-002 +4.660384714e+002 +4.660384714e+002 -2.0500e+000 -2.7383e-001
204 +3.786043347e-002 +3.786043347e-002 +4.660078604e+002 +4.660078604e+002 -1.9087e+000 -2.7381e-001
215 +3.576374936e-002 +3.576374936e-002 +4.660057637e+002 +4.660057637e+002 -2.0203e+000 -2.7375e-001
216 +1.312644474e-002 +1.312644474e-002 +4.659831264e+002 +4.659831264e+002 -1.9561e+000 -2.7350e-001
223 +8.986151298e-003 +8.986151298e-003 +4.659789862e+002 +4.659789862e+002 -1.9478e+000 -2.7352e-001
224 +3.702517815e-003 +3.702517815e-003 +4.659737025e+002 +4.659737025e+002 -1.8481e+000 -2.7360e-001
226 +8.427585510e-004 +8.427585510e-004 +4.659708428e+002 +4.659708428e+002 -1.9384e+000 -2.7361e-001
239 +5.837730723e-004 +5.837730723e-004 +4.659705838e+002 +4.659705838e+002 -1.9055e+000 -2.7363e-001
251 +3.183533849e-004 +3.183533849e-004 +4.659703184e+002 +4.659703184e+002 -1.9045e+000 -2.7362e-001
255 +3.114375629e-004 +3.114375629e-004 +4.659703114e+002 +4.659703114e+002 -1.9009e+000 -2.7361e-001
270 +4.526964744e-006 +4.526964744e-006 +4.659700045e+002 +4.659700045e+002 -1.9129e+000 -2.7360e-001
333 +4.174899573e-007 +4.174899573e-007 +4.659700004e+002 +4.659700004e+002 -1.9118e+000 -2.7360e-001
396 +3.583110129e-007 +3.583110129e-007 +4.659700004e+002 +4.659700004e+002 -1.9113e+000 -2.7360e-001
398 +6.854259027e-008 +6.854259027e-008 +4.659700001e+002 +4.659700001e+002 -1.9109e+000 -2.7360e-001
402 +5.608524134e-008 +5.608524134e-008 +4.659700001e+002 +4.659700001e+002 -1.9111e+000 -2.7360e-001
420 +3.367824775e-008 +3.367824775e-008 +4.659700000e+002 +4.659700000e+002 -1.9112e+000 -2.7360e-001
424 +9.367511211e-009 +9.367511211e-009 +4.659700000e+002 +4.659700000e+002 -1.9113e+000 -2.7360e-001
647 +0.000000000e+000 +0.000000000e+000 +4.659700000e+002 +4.659700000e+002 -1.9112e+000 -2.7360e-001
% function evaluation | noise-free fitness - Fopt (2.574000000000e+001) | best noise-free fitness - Fopt | measured fitness | best measured fitness | x1 | x2...
1 +2.279140186e+006 +2.279140186e+006 +2.279165926e+006 +2.279165926e+006 -2.3725e+001 +5.1612e-001
2 +3.655956419e+005 +3.655956419e+005 +3.656213819e+005 +3.656213819e+005 -5.7133e+000 +2.4589e+000
8 +1.721421510e+004 +1.721421510e+004 +1.723995510e+004 +1.723995510e+004 -1.8448e+001 +1.7715e+000
26 +3.648866953e+003 +3.648866953e+003 +3.674606953e+003 +3.674606953e+003 -6.2400e+000 +1.9562e+000
67 +1.942165938e+003 +1.942165938e+003 +1.967905938e+003 +1.967905938e+003 -3.9706e+001 +1.8757e+000
70 +8.644362201e+002 +8.644362201e+002 +8.901762201e+002 +8.901762201e+002 -3.1252e+001 +1.8914e+000
84 +7.383436796e+002 +7.383436796e+002 +7.640836796e+002 +7.640836796e+002 -2.7579e+001 +1.9078e+000
101 +6.038025280e+002 +6.038025280e+002 +6.295425280e+002 +6.295425280e+002 -2.5296e+001 +1.9060e+000
102 +5.559498842e+002 +5.559498842e+002 +5.816898842e+002 +5.816898842e+002 -2.5569e+001 +1.9024e+000
110 +5.125389187e+002 +5.125389187e+002 +5.382789187e+002 +5.382789187e+002 -2.4732e+001 +1.8929e+000
165 +5.003475570e+002 +5.003475570e+002 +5.260875570e+002 +5.260875570e+002 -2.4738e+001 +1.8943e+000
181 +4.894332694e+002 +4.894332694e+002 +5.151732694e+002 +5.151732694e+002 -2.4600e+001 +1.8969e+000
206 +4.754990589e+002 +4.754990589e+002 +5.012390589e+002 +5.012390589e+002 -2.3152e+001 +1.8909e+000
212 +4.470934542e+002 +4.470934542e+002 +4.728334542e+002 +4.728334542e+002 -2.2956e+001 +1.8934e+000
214 +3.466287023e+002 +3.466287023e+002 +3.723687023e+002 +3.723687023e+002 -1.9517e+001 +1.8956e+000
219 +2.532339947e+002 +2.532339947e+002 +2.789739947e+002 +2.789739947e+002 -1.5578e+001 +1.8965e+000
229 +2.088183569e+002 +2.088183569e+002 +2.345583569e+002 +2.345583569e+002 -1.3290e+001 +1.9014e+000
233 +1.300366965e+002 +1.300366965e+002 +1.557766965e+002 +1.557766965e+002 -1.0787e+001 +1.9018e+000
236 +6.983870812e+000 +6.983870812e+000 +3.272387081e+001 +3.272387081e+001 -2.2600e+000 +1.8988e+000
244 +5.807910326e+000 +5.807910326e+000 +3.154791033e+001 +3.154791033e+001 -2.9264e+000 +1.8982e+000
248 +2.845309171e+000 +2.845309171e+000 +2.858530917e+001 +2.858530917e+001 -2.0348e+000 +1.8980e+000
262 +1.983215857e+000 +1.983215857e+000 +2.772321586e+001 +2.772321586e+001 -1.7721e+000 +1.8979e+000
274 +1.721764794e+000 +1.721764794e+000 +2.746176479e+001 +2.746176479e+001 -7.3942e-001 +1.8981e+000
279 +1.080769083e+000 +1.080769083e+000 +2.682076908e+001 +2.682076908e+001 -1.4914e+000 +1.8977e+000
294 +7.493674421e-001 +7.493674421e-001 +2.648936744e+001 +2.648936744e+001 -1.4618e+000 +1.8975e+000
299 +5.265779878e-001 +5.265779878e-001 +2.626657799e+001 +2.626657799e+001 -1.2569e+000 +1.8975e+000
304 +1.253055815e-001 +1.253055815e-001 +2.586530558e+001 +2.586530558e+001 -1.1102e+000 +1.8971e+000
319 +9.173486704e-003 +9.173486704e-003 +2.574917349e+001 +2.574917349e+001 -8.9460e-001 +1.8967e+000
338 +6.673410069e-003 +6.673410069e-003 +2.574667341e+001 +2.574667341e+001 -9.6192e-001 +1.8969e+000
342 +3.387764038e-003 +3.387764038e-003 +2.574338776e+001 +2.574338776e+001 -9.4493e-001 +1.8967e+000
347 +1.078715420e-003 +1.078715420e-003 +2.574107872e+001 +2.574107872e+001 -9.6178e-001 +1.8968e+000
348 +2.186269478e-004 +2.186269478e-004 +2.574021863e+001 +2.574021863e+001 -9.6005e-001 +1.8968e+000
374 +8.197924992e-005 +8.197924992e-005 +2.574008198e+001 +2.574008198e+001 -9.5469e-001 +1.8968e+000
390 +6.782815198e-005 +6.782815198e-005 +2.574006783e+001 +2.574006783e+001 -9.5209e-001 +1.8968e+000
393 +3.942919777e-005 +3.942919777e-005 +2.574003943e+001 +2.574003943e+001 -9.5107e-001 +1.8968e+000
402 +3.253430398e-005 +3.253430398e-005 +2.574003253e+001 +2.574003253e+001 -9.5045e-001 +1.8968e+000
411 +2.820000504e-005 +2.820000504e-005 +2.574002820e+001 +2.574002820e+001 -9.5023e-001 +1.8968e+000
412 +2.519341480e-005 +2.519341480e-005 +2.574002519e+001 +2.574002519e+001 -9.4949e-001 +1.8968e+000
422 +1.520061233e-005 +1.520061233e-005 +2.574001520e+001 +2.574001520e+001 -9.4917e-001 +1.8968e+000
452 +1.312129119e-005 +1.312129119e-005 +2.574001312e+001 +2.574001312e+001 -9.4885e-001 +1.8968e+000
457 +1.100924135e-005 +1.100924135e-005 +2.574001101e+001 +2.574001101e+001 -9.4849e-001 +1.8968e+000
462 +9.927816851e-006 +9.927816851e-006 +2.574000993e+001 +2.574000993e+001 -9.4817e-001 +1.8968e+000
471 +4.790206599e-006 +4.790206599e-006 +2.574000479e+001 +2.574000479e+001 -9.4770e-001 +1.8968e+000
481 +3.689776229e-006 +3.689776229e-006 +2.574000369e+001 +2.574000369e+001 -9.4759e-001 +1.8968e+000
496 +1.004775495e-006 +1.004775495e-006 +2.574000100e+001 +2.574000100e+001 -9.4570e-001 +1.8968e+000
518 +5.612642973e-007 +5.612642973e-007 +2.574000056e+001 +2.574000056e+001 -9.4610e-001 +1.8968e+000
524 +1.093703190e-007 +1.093703190e-007 +2.574000011e+001 +2.574000011e+001 -9.4528e-001 +1.8968e+000
536 +3.286465500e-008 +3.286465500e-008 +2.574000003e+001 +2.574000003e+001 -9.4558e-001 +1.8968e+000
537 +1.732545130e-008 +1.732545130e-008 +2.574000002e+001 +2.574000002e+001 -9.4547e-001 +1.8968e+000
551 +6.791474050e-010 +6.791474050e-010 +2.574000000e+001 +2.574000000e+001 -9.4557e-001 +1.8968e+000
908 +0.000000000e+000 +0.000000000e+000 +2.574000000e+001 +2.574000000e+001 -9.4560e-001 +1.8968e+000
% function evaluation | noise-free fitness - Fopt (4.167000000000e+001) | best noise-free fitness - Fopt | measured fitness | best measured fitness | x1 | x2...
1 +2.731202548e+006 +2.731202548e+006 +2.731244218e+006 +2.731244218e+006 -3.5640e+000 +5.2203e+000
2 +3.183901263e+005 +3.183901263e+005 +3.184317963e+005 +3.184317963e+005 -1.7006e+000 +2.8396e+000
3 +1.434003080e+004 +1.434003080e+004 +1.438170080e+004 +1.438170080e+004 +4.3979e+000 +3.5599e+000
10 +2.078540615e+003 +2.078540615e+003 +2.120210615e+003 +2.120210615e+003 -1.7182e+000 +3.4000e+000
21 +5.486681245e+002 +5.486681245e+002 +5.903381245e+002 +5.903381245e+002 +2.2051e+000 +3.4188e+000
37 +6.595205402e+001 +6.595205402e+001 +1.076220540e+002 +1.076220540e+002 +2.4943e+000 +3.4336e+000
69 +5.601278766e+001 +5.601278766e+001 +9.768278766e+001 +9.768278766e+001 +9.6377e-001 +3.4347e+000
75 +8.355000956e+000 +8.355000956e+000 +5.002500096e+001 +5.002500096e+001 +4.4769e-001 +3.4424e+000
81 +4.810931241e+000 +4.810931241e+000 +4.648093124e+001 +4.648093124e+001 +1.1827e+000 +3.4424e+000
93 +4.477307779e+000 +4.477307779e+000 +4.614730778e+001 +4.614730778e+001 +1.2857e+000 +3.4425e+000
101 +1.474458170e+000 +1.474458170e+000 +4.314445817e+001 +4.314445817e+001 +2.5514e+000 +3.4433e+000
117 +2.854876821e-001 +2.854876821e-001 +4.195548768e+001 +4.195548768e+001 +2.8712e+000 +3.4425e+000
148 +2.964703391e-002 +2.964703391e-002 +4.169964703e+001 +4.169964703e+001 +3.2641e+000 +3.4423e+000
162 +1.328419836e-002 +1.328419836e-002 +4.168328420e+001 +4.168328420e+001 +3.4396e+000 +3.4425e+000
165 +1.683026284e-003 +1.683026284e-003 +4.167168303e+001 +4.167168303e+001 +3.4407e+000 +3.4424e+000
201 +3.949978625e-004 +3.949978625e-004 +4.167039500e+001 +4.167039500e+001 +3.4037e+000 +3.4424e+000
218 +1.763994536e-004 +1.763994536e-004 +4.167017640e+001 +4.167017640e+001 +3.4081e+000 +3.4424e+000
223 +1.071333816e-004 +1.071333816e-004 +4.167010713e+001 +4.167010713e+001 +3.4092e+000 +3.4424e+000
231 +8.318837001e-005 +8.318837001e-005 +4.167008319e+001 +4.167008319e+001 +3.4092e+000 +3.4424e+000
233 +4.040241009e-005 +4.040241009e-005 +4.167004040e+001 +4.167004040e+001 +3.4095e+000 +3.4424e+000
237 +8.156012356e-006 +8.156012356e-006 +4.167000816e+001 +4.167000816e+001 +3.4160e+000 +3.4424e+000
242 +5.206229012e-006 +5.206229012e-006 +4.167000521e+001 +4.167000521e+001 +3.4125e+000 +3.4424e+000
243 +2.260491748e-006 +2.260491748e-006 +4.167000226e+001 +4.167000226e+001 +3.4122e+000 +3.4424e+000
248 +1.466088364e-006 +1.466088364e-006 +4.167000147e+001 +4.167000147e+001 +3.4147e+000 +3.4424e+000
268 +5.196235975e-008 +5.196235975e-008 +4.167000005e+001 +4.167000005e+001 +3.4137e+000 +3.4424e+000
311 +9.456996963e-009 +9.456996963e-009 +4.167000001e+001 +4.167000001e+001 +3.4135e+000 +3.4424e+000
488 +0.000000000e+000 +0.000000000e+000 +4.167000000e+001 +4.167000000e+001 +3.4136e+000 +3.4424e+000
% function evaluation | noise-free fitness - Fopt (-1.909500000000e+002) | best noise-free fitness - Fopt | measured fitness | best measured fitness | x1 | x2...
1 +1.720494097e+007 +1.720494097e+007 +1.720475002e+007 +1.720475002e+007 -2.3444e+000 +1.3134e+000
2 +2.548310544e+006 +2.548310544e+006 +2.548119594e+006 +2.548119594e+006 -1.5259e+000 -1.0992e+000
7 +1.946853648e+006 +1.946853648e+006 +1.946662698e+006 +1.946662698e+006 +7.5049e+000 -1.5170e+000
17 +1.843097239e+006 +1.843097239e+006 +1.842906289e+006 +1.842906289e+006 +4.6333e+001 -1.5889e+000
19 +2.425761808e+005 +2.425761808e+005 +2.423852308e+005 +2.423852308e+005 +9.1242e+001 -3.3138e+000
21 +8.601827277e+004 +8.601827277e+004 +8.582732277e+004 +8.582732277e+004 +4.2888e+001 -3.1177e+000
28 +5.799388216e+004 +5.799388216e+004 +5.780293216e+004 +5.780293216e+004 +1.3290e+002 -3.0237e+000
34 +3.331296810e+004 +3.331296810e+004 +3.312201810e+004 +3.312201810e+004 +1.4882e+002 -2.9261e+000
59 +7.526607372e+003 +7.526607372e+003 +7.335657372e+003 +7.335657372e+003 +6.1527e+001 -2.8894e+000
66 +3.812384242e+003 +3.812384242e+003 +3.621434242e+003 +3.621434242e+003 -3.2285e+001 -2.8854e+000
73 +3.169260274e+002 +3.169260274e+002 +1.259760274e+002 +1.259760274e+002 +3.8648e+000 -2.8457e+000
74 +2.901559423e+002 +2.901559423e+002 +9.920594228e+001 +9.920594228e+001 +7.8940e+000 -2.8159e+000
84 +7.891967985e+001 +7.891967985e+001 -1.120303202e+002 -1.120303202e+002 -9.1929e+000 -2.8363e+000
99 +8.558425694e+000 +8.558425694e+000 -1.823915743e+002 -1.823915743e+002 -2.1113e-001 -2.8281e+000
152 +7.886903237e+000 +7.886903237e+000 -1.830630968e+002 -1.830630968e+002 +1.1280e-001 -2.8298e+000
168 +3.716318810e+000 +3.716318810e+000 -1.872336812e+002 -1.872336812e+002 -2.2583e+000 -2.8316e+000
185 +2.672214673e+000 +2.672214673e+000 -1.882777853e+002 -1.882777853e+002 -1.8844e+000 -2.8311e+000
190 +2.250309722e-001 +2.250309722e-001 -1.907249690e+002 -1.907249690e+002 -2.6745e+000 -2.8291e+000
192 +1.316892265e-001 +1.316892265e-001 -1.908183108e+002 -1.908183108e+002 -2.9528e+000 -2.8298e+000
201 +9.891701856e-002 +9.891701856e-002 -1.908510830e+002 -1.908510830e+002 -2.6427e+000 -2.8293e+000
202 +6.401699906e-002 +6.401699906e-002 -1.908859830e+002 -1.908859830e+002 -2.8833e+000 -2.8297e+000
210 +1.861333450e-002 +1.861333450e-002 -1.909313867e+002 -1.909313867e+002 -2.5020e+000 -2.8296e+000
224 +2.945758449e-003 +2.945758449e-003 -1.909470542e+002 -1.909470542e+002 -2.6714e+000 -2.8296e+000
268 +2.660358595e-003 +2.660358595e-003 -1.909473396e+002 -1.909473396e+002 -2.6133e+000 -2.8296e+000
313 +2.534455819e-003 +2.534455819e-003 -1.909474655e+002 -1.909474655e+002 -2.6228e+000 -2.8296e+000
319 +1.481294766e-003 +1.481294766e-003 -1.909485187e+002 -1.909485187e+002 -2.6517e+000 -2.8296e+000
334 +1.207602895e-003 +1.207602895e-003 -1.909487924e+002 -1.909487924e+002 -2.6557e+000 -2.8296e+000
350 +1.171035902e-003 +1.171035902e-003 -1.909488290e+002 -1.909488290e+002 -2.6458e+000 -2.8296e+000
368 +6.489660120e-005 +6.489660120e-005 -1.909499351e+002 -1.909499351e+002 -2.6467e+000 -2.8296e+000
387 +5.518116373e-005 +5.518116373e-005 -1.909499448e+002 -1.909499448e+002 -2.6412e+000 -2.8296e+000
389 +3.597499366e-005 +3.597499366e-005 -1.909499640e+002 -1.909499640e+002 -2.6380e+000 -2.8296e+000
401 +1.031535834e-005 +1.031535834e-005 -1.909499897e+002 -1.909499897e+002 -2.6398e+000 -2.8296e+000
409 +6.499744757e-006 +6.499744757e-006 -1.909499935e+002 -1.909499935e+002 -2.6410e+000 -2.8296e+000
420 +1.824991074e-006 +1.824991074e-006 -1.909499982e+002 -1.909499982e+002 -2.6422e+000 -2.8296e+000
434 +1.558476242e-006 +1.558476242e-006 -1.909499984e+002 -1.909499984e+002 -2.6421e+000 -2.8296e+000
435 +9.608499170e-007 +9.608499170e-007 -1.909499990e+002 -1.909499990e+002 -2.6442e+000 -2.8296e+000
443 +7.576353198e-007 +7.576353198e-007 -1.909499992e+002 -1.909499992e+002 -2.6435e+000 -2.8296e+000
453 +2.643612049e-007 +2.643612049e-007 -1.909499997e+002 -1.909499997e+002 -2.6436e+000 -2.8296e+000
461 +6.850677892e-008 +6.850677892e-008 -1.909499999e+002 -1.909499999e+002 -2.6434e+000 -2.8296e+000
478 +1.116859494e-009 +1.116859494e-009 -1.909500000e+002 -1.909500000e+002 -2.6432e+000 -2.8296e+000
632 +0.000000000e+000 +0.000000000e+000 -1.909500000e+002 -1.909500000e+002 -2.6432e+000 -2.8296e+000
% function evaluation | noise-free fitness - Fopt (1.370000000000e+000) | best noise-free fitness - Fopt | measured fitness | best measured fitness | x1 | x2...
1 +4.506797043e+007 +4.506797043e+007 +4.506797180e+007 +4.506797180e+007 +1.0004e+000 -5.1205e+000
2 +2.196897261e+007 +2.196897261e+007 +2.196897398e+007 +2.196897398e+007 +2.6320e+000 -2.7487e+000
7 +1.913382206e+007 +1.913382206e+007 +1.913382343e+007 +1.913382343e+007 +4.3701e+000 -2.3881e+000
10 +2.670469696e+006 +2.670469696e+006 +2.670471066e+006 +2.670471066e+006 +4.9460e+000 +4.9145e-001
14 +7.998591025e+005 +7.998591025e+005 +7.998604725e+005 +7.998604725e+005 -3.6530e+000 +2.9329e+000
20 +6.043952094e+005 +6.043952094e+005 +6.043965794e+005 +6.043965794e+005 -1.2158e+001 +1.1601e+000
21 +1.132664694e+005 +1.132664694e+005 +1.132678394e+005 +1.132678394e+005 -6.0188e+000 +1.6632e+000
23 +1.831432937e+004 +1.831432937e+004 +1.831569937e+004 +1.831569937e+004 -9.3098e+001 +2.0797e+000
29 +3.165734143e+002 +3.165734143e+002 +3.179434143e+002 +3.179434143e+002 -1.3488e+001 +1.9907e+000
109 +2.504084103e+002 +2.504084103e+002 +2.517784103e+002 +2.517784103e+002 +1.6616e+000 +1.9767e+000
113 +4.602090590e+000 +4.602090590e+000 +5.972090590e+000 +5.972090590e+000 +5.5714e+000 +1.9932e+000
239 +1.664018619e+000 +1.664018619e+000 +3.034018619e+000 +3.034018619e+000 +3.7912e+000 +1.9933e+000
241 +6.283531189e-001 +6.283531189e-001 +1.998353119e+000 +1.998353119e+000 +4.1650e+000 +1.9927e+000
253 +3.833160633e-001 +3.833160633e-001 +1.753316063e+000 +1.753316063e+000 +3.7598e+000 +1.9926e+000
287 +3.565683490e-002 +3.565683490e-002 +1.405656835e+000 +1.405656835e+000 +3.5717e+000 +1.9921e+000
292 +1.875972032e-002 +1.875972032e-002 +1.388759720e+000 +1.388759720e+000 +3.7308e+000 +1.9921e+000
308 +1.553782861e-002 +1.553782861e-002 +1.385537829e+000 +1.385537829e+000 +3.7558e+000 +1.9921e+000
327 +1.418564514e-002 +1.418564514e-002 +1.384185645e+000 +1.384185645e+000 +3.7013e+000 +1.9921e+000
342 +1.392338313e-002 +1.392338313e-002 +1.383923383e+000 +1.383923383e+000 +3.7169e+000 +1.9921e+000
345 +5.414967046e-003 +5.414967046e-003 +1.375414967e+000 +1.375414967e+000 +3.6933e+000 +1.9921e+000
358 +2.879954348e-003 +2.879954348e-003 +1.372879954e+000 +1.372879954e+000 +3.7335e+000 +1.9921e+000
422 +2.799309423e-003 +2.799309423e-003 +1.372799309e+000 +1.372799309e+000 +3.7110e+000 +1.9921e+000
432 +2.626024593e-003 +2.626024593e-003 +1.372626025e+000 +1.372626025e+000 +3.7070e+000 +1.9920e+000
436 +2.459496469e-003 +2.459496469e-003 +1.372459496e+000 +1.372459496e+000 +3.7187e+000 +1.9920e+000
441 +2.073710046e-003 +2.073710046e-003 +1.372073710e+000 +1.372073710e+000 +3.7149e+000 +1.9920e+000
442 +1.328900304e-003 +1.328900304e-003 +1.371328900e+000 +1.371328900e+000 +3.7098e+000 +1.9920e+000
445 +1.227354444e-003 +1.227354444e-003 +1.371227354e+000 +1.371227354e+000 +3.7163e+000 +1.9920e+000
449 +1.445124577e-004 +1.445124577e-004 +1.370144512e+000 +1.370144512e+000 +3.7106e+000 +1.9920e+000
457 +4.143728200e-005 +4.143728200e-005 +1.370041437e+000 +1.370041437e+000 +3.7152e+000 +1.9920e+000
485 +3.846272374e-005 +3.846272374e-005 +1.370038463e+000 +1.370038463e+000 +3.7153e+000 +1.9920e+000
493 +3.072039565e-005 +3.072039565e-005 +1.370030720e+000 +1.370030720e+000 +3.7164e+000 +1.9920e+000
501 +2.880394411e-005 +2.880394411e-005 +1.370028804e+000 +1.370028804e+000 +3.7190e+000 +1.9920e+000
502 +2.522224761e-005 +2.522224761e-005 +1.370025222e+000 +1.370025222e+000 +3.7170e+000 +1.9920e+000
512 +2.128450698e-005 +2.128450698e-005 +1.370021285e+000 +1.370021285e+000 +3.7179e+000 +1.9920e+000
514 +5.445309571e-006 +5.445309571e-006 +1.370005445e+000 +1.370005445e+000 +3.7212e+000 +1.9920e+000
521 +4.929817845e-006 +4.929817845e-006 +1.370004930e+000 +1.370004930e+000 +3.7198e+000 +1.9920e+000
523 +2.988697056e-006 +2.988697056e-006 +1.370002989e+000 +1.370002989e+000 +3.7222e+000 +1.9920e+000
527 +1.026987156e-006 +1.026987156e-006 +1.370001027e+000 +1.370001027e+000 +3.7206e+000 +1.9920e+000
534 +1.776521881e-007 +1.776521881e-007 +1.370000178e+000 +1.370000178e+000 +3.7212e+000 +1.9920e+000
555 +1.736781252e-007 +1.736781252e-007 +1.370000174e+000 +1.370000174e+000 +3.7220e+000 +1.9920e+000
565 +5.164091976e-008 +5.164091976e-008 +1.370000052e+000 +1.370000052e+000 +3.7217e+000 +1.9920e+000
582 +2.866694060e-008 +2.866694060e-008 +1.370000029e+000 +1.370000029e+000 +3.7217e+000 +1.9920e+000
595 +1.854052312e-008 +1.854052312e-008 +1.370000019e+000 +1.370000019e+000 +3.7217e+000 +1.9920e+000
605 +1.387434434e-008 +1.387434434e-008 +1.370000014e+000 +1.370000014e+000 +3.7216e+000 +1.9920e+000
607 +4.750801086e-009 +4.750801086e-009 +1.370000005e+000 +1.370000005e+000 +3.7216e+000 +1.9920e+000
1019 +0.000000000e+000 +0.000000000e+000 +1.370000000e+000 +1.370000000e+000 +3.7216e+000 +1.9920e+000
% function evaluation | noise-free fitness - Fopt (-1.645800000000e+002) | best noise-free fitness - Fopt | measured fitness | best measured fitness | x1 | x2...
1 +1.331518051e+007 +1.331518051e+007 +1.331501593e+007 +1.331501593e+007 +9.4121e+000 +3.6659e+000
5 +1.608727066e+004 +1.608727066e+004 +1.592269066e+004 +1.592269066e+004 +2.8466e+001 +8.7883e-002
37 +1.583248991e+003 +1.583248991e+003 +1.418668991e+003 +1.418668991e+003 +2.3888e+001 -4.2494e-003
53 +9.820823963e+002 +9.820823963e+002 +8.175023963e+002 +8.175023963e+002 +2.3650e+001 -1.6761e-002
68 +7.954095309e+002 +7.954095309e+002 +6.308295309e+002 +6.308295309e+002 +2.4619e+001 -2.8107e-002
90 +7.815592842e+002 +7.815592842e+002 +6.169792842e+002 +6.169792842e+002 +2.4297e+001 -2.7188e-002
97 +7.178988444e+002 +7.178988444e+002 +5.533188444e+002 +5.533188444e+002 +2.4086e+001 -4.2256e-002
132 +6.959819350e+002 +6.959819350e+002 +5.314019350e+002 +5.314019350e+002 +2.4249e+001 -3.5236e-002
173 +6.898360920e+002 +6.898360920e+002 +5.252560920e+002 +5.252560920e+002 +2.4145e+001 -3.8146e-002
221 +6.729265357e+002 +6.729265357e+002 +5.083465357e+002 +5.083465357e+002 +2.4001e+001 -3.7018e-002
236 +6.563066501e+002 +6.563066501e+002 +4.917266501e+002 +4.917266501e+002 +2.3764e+001 -3.3259e-002
290 +6.444640125e+002 +6.444640125e+002 +4.798840125e+002 +4.798840125e+002 +2.3710e+001 -3.6096e-002
291 +6.288372935e+002 +6.288372935e+002 +4.642572935e+002 +4.642572935e+002 +2.3542e+001 -3.6384e-002
295 +5.427673033e+002 +5.427673033e+002 +3.781873033e+002 +3.781873033e+002 +2.2584e+001 -3.6874e-002
308 +4.988258476e+002 +4.988258476e+002 +3.342458476e+002 +3.342458476e+002 +2.2020e+001 -3.7993e-002
311 +2.943350091e+002 +2.943350091e+002 +1.297550091e+002 +1.297550091e+002 +1.7841e+001 -3.6833e-002
322 +1.642763721e+002 +1.642763721e+002 -3.036279253e-001 -3.036279253e-001 +1.1495e+001 -3.5973e-002
326 +1.567566508e+002 +1.567566508e+002 -7.823349184e+000 -7.823349184e+000 +1.1327e+001 -3.5808e-002
332 +7.692311746e+001 +7.692311746e+001 -8.765688254e+001 -8.765688254e+001 +8.5117e+000 -3.6098e-002
334 +6.774103581e+001 +6.774103581e+001 -9.683896419e+001 -9.683896419e+001 +7.3873e+000 -3.6489e-002
336 +3.963327402e+001 +3.963327402e+001 -1.249467260e+002 -1.249467260e+002 -6.2165e+000 -3.9364e-002
339 +1.328765239e+001 +1.328765239e+001 -1.512923476e+002 -1.512923476e+002 +2.8572e+000 -3.5610e-002
341 +2.364574749e+000 +2.364574749e+000 -1.622154253e+002 -1.622154253e+002 -1.2566e+000 -3.7473e-002
355 +4.501086802e-001 +4.501086802e-001 -1.641298913e+002 -1.641298913e+002 -5.8490e-001 -3.6605e-002
387 +3.722991094e-001 +3.722991094e-001 -1.642077009e+002 -1.642077009e+002 -9.9642e-001 -3.6542e-002
392 +3.319109986e-001 +3.319109986e-001 -1.642480890e+002 -1.642480890e+002 -7.3467e-001 -3.6526e-002
402 +2.534469045e-001 +2.534469045e-001 -1.643265531e+002 -1.643265531e+002 -8.2255e-001 -3.6457e-002
406 +6.590737930e-002 +6.590737930e-002 -1.645140926e+002 -1.645140926e+002 -9.6432e-001 -3.5809e-002
412 +1.134166776e-002 +1.134166776e-002 -1.645686583e+002 -1.645686583e+002 -8.1393e-001 -3.5901e-002
421 +2.859896756e-003 +2.859896756e-003 -1.645771401e+002 -1.645771401e+002 -8.3288e-001 -3.5949e-002
446 +1.822560630e-003 +1.822560630e-003 -1.645781774e+002 -1.645781774e+002 -7.9830e-001 -3.6035e-002
450 +1.654865877e-003 +1.654865877e-003 -1.645783451e+002 -1.645783451e+002 -8.4698e-001 -3.5967e-002
457 +9.839462762e-004 +9.839462762e-004 -1.645790161e+002 -1.645790161e+002 -7.9223e-001 -3.5991e-002
462 +8.281002980e-004 +8.281002980e-004 -1.645791719e+002 -1.645791719e+002 -8.1360e-001 -3.6029e-002
475 +5.970300996e-004 +5.970300996e-004 -1.645794030e+002 -1.645794030e+002 -8.0059e-001 -3.6010e-002
499 +4.558542844e-005 +4.558542844e-005 -1.645799544e+002 -1.645799544e+002 -8.2123e-001 -3.5993e-002
507 +1.627187771e-007 +1.627187771e-007 -1.645799998e+002 -1.645799998e+002 -8.2216e-001 -3.6000e-002
538 +1.188556382e-007 +1.188556382e-007 -1.645799999e+002 -1.645799999e+002 -8.2210e-001 -3.6000e-002
562 +1.946770567e-008 +1.946770567e-008 -1.645800000e+002 -1.645800000e+002 -8.2231e-001 -3.6000e-002
742 +1.485986445e-008 +1.485986445e-008 -1.645800000e+002 -1.645800000e+002 -8.2241e-001 -3.6000e-002
744 +1.159165208e-008 +1.159165208e-008 -1.645800000e+002 -1.645800000e+002 -8.2241e-001 -3.6000e-002
756 +1.068673328e-008 +1.068673328e-008 -1.645800000e+002 -1.645800000e+002 -8.2245e-001 -3.6000e-002
761 +6.937398211e-009 +6.937398211e-009 -1.645800000e+002 -1.645800000e+002 -8.2244e-001 -3.6000e-002
987 +0.000000000e+000 +0.000000000e+000 -1.645800000e+002 -1.645800000e+002 -8.2240e-001 -3.6000e-002
% function evaluation | noise-free fitness - Fopt (-1.803800000000e+002) | best noise-free fitness - Fopt | measured fitness | best measured fitness | x1 | x2...
1 +2.002313281e+008 +2.002313281e+008 +2.002311478e+008 +2.002311478e+008 +1.5351e+000 -9.3688e+000
2 +4.854718081e+004 +4.854718081e+004 +4.836680081e+004 +4.836680081e+004 -4.2674e+000 +3.6848e+000
51 +2.426824240e+003 +2.426824240e+003 +2.246444240e+003 +2.246444240e+003 -5.3289e+000 +3.4178e+000
70 +1.705292631e+000 +1.705292631e+000 -1.786747074e+002 -1.786747074e+002 -3.9851e+000 +3.4662e+000
163 +9.282897591e-001 +9.282897591e-001 -1.794517102e+002 -1.794517102e+002 -3.2225e+000 +3.4655e+000
183 +3.403004725e-001 +3.403004725e-001 -1.800396995e+002 -1.800396995e+002 -3.5477e+000 +3.4644e+000
213 +2.139763416e-001 +2.139763416e-001 -1.801660237e+002 -1.801660237e+002 -3.4681e+000 +3.4645e+000
225 +1.924418426e-001 +1.924418426e-001 -1.801875582e+002 -1.801875582e+002 -3.5139e+000 +3.4651e+000
228 +1.781491787e-001 +1.781491787e-001 -1.802018508e+002 -1.802018508e+002 -3.4520e+000 +3.4647e+000
254 +1.508109772e-003 +1.508109772e-003 -1.803784919e+002 -1.803784919e+002 -3.9239e+000 +3.4648e+000
353 +1.302408096e-003 +1.302408096e-003 -1.803786976e+002 -1.803786976e+002 -3.9269e+000 +3.4648e+000
362 +2.860239064e-004 +2.860239064e-004 -1.803797140e+002 -1.803797140e+002 -3.8977e+000 +3.4648e+000
417 +2.379824080e-004 +2.379824080e-004 -1.803797620e+002 -1.803797620e+002 -3.8921e+000 +3.4648e+000
436 +1.362585600e-004 +1.362585600e-004 -1.803798637e+002 -1.803798637e+002 -3.8813e+000 +3.4648e+000
437 +9.776109439e-005 +9.776109439e-005 -1.803799022e+002 -1.803799022e+002 -3.8847e+000 +3.4648e+000
439 +2.031104387e-005 +2.031104387e-005 -1.803799797e+002 -1.803799797e+002 -3.8948e+000 +3.4648e+000
462 +1.927149631e-005 +1.927149631e-005 -1.803799807e+002 -1.803799807e+002 -3.8922e+000 +3.4648e+000
463 +1.791820162e-005 +1.791820162e-005 -1.803799821e+002 -1.803799821e+002 -3.8919e+000 +3.4648e+000
470 +6.933175968e-006 +6.933175968e-006 -1.803799931e+002 -1.803799931e+002 -3.8942e+000 +3.4648e+000
474 +6.107892318e-006 +6.107892318e-006 -1.803799939e+002 -1.803799939e+002 -3.8927e+000 +3.4648e+000
484 +3.783360114e-007 +3.783360114e-007 -1.803799996e+002 -1.803799996e+002 -3.8922e+000 +3.4648e+000
506 +2.823219347e-008 +2.823219347e-008 -1.803800000e+002 -1.803800000e+002 -3.8928e+000 +3.4648e+000
514 +1.158329610e-008 +1.158329610e-008 -1.803800000e+002 -1.803800000e+002 -3.8929e+000 +3.4648e+000
537 +4.952596555e-009 +4.952596555e-009 -1.803800000e+002 -1.803800000e+002 -3.8929e+000 +3.4648e+000
969 +0.000000000e+000 +0.000000000e+000 -1.803800000e+002 -1.803800000e+002 -3.8928e+000 +3.4648e+000
