% function evaluation | noise-free fitness - Fopt (-2.098800000000e+002) | best noise-free fitness - Fopt | measured fitness | best measured fitness | x1 | x2...
1 +4.406441537e+007 +4.406441537e+007 +4.406420549e+007 +4.406420549e+007 +6.1354e+000 -2.0235e+000 -3.4843e+000
2 +3.611474079e+007 +3.611474079e+007 +3.611453091e+007 +3.611453091e+007 +3.4613e+000 -4.8017e-001 -2.8210e+000
4 +3.170064128e+007 +3.170064128e+007 +3.170043140e+007 +3.170043140e+007 +3.2298e+000 -7.9274e-001 -2.3726e+000
5 +2.853715210e+007 +2.853715210e+007 +2.853694222e+007 +2.853694222e+007 +3.4035e+000 -4.7899e-001 -2.0111e+000
12 +2.784404285e+007 +2.784404285e+007 +2.784383297e+007 +2.784383297e+007 +2.5398e+000 -3.9787e-001 -1.9277e+000
28 +2.622746417e+007 +2.622746417e+007 +2.622725429e+007 +2.622725429e+007 +3.0868e+000 +4.3819e-001 -1.7287e+000
29 +1.740306871e+007 +1.740306871e+007 +1.740285883e+007 +1.740285883e+007 +3.9852e+000 -2.2632e+000 -6.0786e-001
39 +1.527874695e+007 +1.527874695e+007 +1.527853707e+007 +1.527853707e+007 +2.6853e+000 +6.6036e-001 -3.4446e-001
40 +3.969264126e+005 +3.969264126e+005 +3.967165326e+005 +3.967165326e+005 +3.1871e+000 +1.3834e+000 +2.8670e+000
69 +1.932008769e+005 +1.932008769e+005 +1.929909969e+005 +1.929909969e+005 +9.9522e+000 +4.6140e+000 +3.9970e+000
72 +1.470897509e+004 +1.470897509e+004 +1.449909509e+004 +1.449909509e+004 +8.2110e+000 +2.6171e+000 +3.4530e+000
102 +2.513653176e+003 +2.513653176e+003 +2.303773176e+003 +2.303773176e+003 +5.9087e+000 +1.6243e+000 +3.5812e+000
211 +1.002265089e+003 +1.002265089e+003 +7.923850887e+002 +7.923850887e+002 -8.9129e+000 +2.3964e-001 +3.5820e+000
212 +4.028450107e+002 +4.028450107e+002 +1.929650107e+002 +1.929650107e+002 +9.9349e+000 +2.4910e-001 +3.5722e+000
229 +2.775781184e+002 +2.775781184e+002 +6.769811840e+001 +6.769811840e+001 +1.8949e+000 +2.9696e-002 +3.5639e+000
243 +7.898455993e+001 +7.898455993e+001 -1.308954401e+002 -1.308954401e+002 -2.7737e+000 +2.0198e-001 +3.5527e+000
253 +4.546965384e+001 +4.546965384e+001 -1.644103462e+002 -1.644103462e+002 -4.8160e+000 +4.5918e-001 +3.5510e+000
257 +2.609164921e+001 +2.609164921e+001 -1.837883508e+002 -1.837883508e+002 -3.6330e+000 +4.7480e-001 +3.5561e+000
277 +2.067661913e+001 +2.067661913e+001 -1.892033809e+002 -1.892033809e+002 -2.5051e+000 +4.2687e-001 +3.5568e+000
291 +2.006116825e+001 +2.006116825e+001 -1.898188317e+002 -1.898188317e+002 -2.6785e+000 +4.0166e-001 +3.5528e+000
304 +1.898625015e+001 +1.898625015e+001 -1.908937499e+002 -1.908937499e+002 -2.7980e+000 +3.9494e-001 +3.5543e+000
307 +1.833759729e+001 +1.833759729e+001 -1.915424027e+002 -1.915424027e+002 -2.8409e+000 +4.3481e-001 +3.5558e+000
310 +1.787678701e+001 +1.787678701e+001 -1.920032130e+002 -1.920032130e+002 -2.8829e+000 +4.7528e-001 +3.5540e+000
315 +1.664351662e+001 +1.664351662e+001 -1.932364834e+002 -1.932364834e+002 -2.8349e+000 +4.3530e-001 +3.5546e+000
318 +1.573627787e+001 +1.573627787e+001 -1.941437221e+002 -1.941437221e+002 -2.6990e+000 +4.2803e-001 +3.5544e+000
325 +1.547420587e+001 +1.547420587e+001 -1.944057941e+002 -1.944057941e+002 -2.6473e+000 +4.3060e-001 +3.5540e+000
328 +1.477806931e+001 +1.477806931e+001 -1.951019307e+002 -1.951019307e+002 -2.5391e+000 +4.4259e-001 +3.5552e+000
330 +7.669308119e+000 +7.669308119e+000 -2.022106919e+002 -2.022106919e+002 -1.5451e+000 +4.4692e-001 +3.5552e+000
331 +1.608791080e+000 +1.608791080e+000 -2.082712089e+002 -2.082712089e+002 +5.0889e-001 +4.5631e-001 +3.5533e+000
383 +1.042752729e+000 +1.042752729e+000 -2.088372473e+002 -2.088372473e+002 +1.1423e+000 +4.5697e-001 +3.5534e+000
395 +9.882359301e-001 +9.882359301e-001 -2.088917641e+002 -2.088917641e+002 +5.1022e-001 +4.5987e-001 +3.5537e+000
401 +9.594799099e-001 +9.594799099e-001 -2.089205201e+002 -2.089205201e+002 +5.7641e-001 +4.5660e-001 +3.5536e+000
406 +7.025629938e-001 +7.025629938e-001 -2.091774370e+002 -2.091774370e+002 +6.4378e-001 +4.5801e-001 +3.5539e+000
419 +5.695932977e-001 +5.695932977e-001 -2.093104067e+002 -2.093104067e+002 +6.4438e-001 +4.6443e-001 +3.5546e+000
422 +1.631201009e-001 +1.631201009e-001 -2.097168799e+002 -2.097168799e+002 +1.3501e+000 +4.5992e-001 +3.5544e+000
438 +1.213144976e-001 +1.213144976e-001 -2.097586855e+002 -2.097586855e+002 +9.5873e-001 +4.5138e-001 +3.5546e+000
439 +7.216713556e-002 +7.216713556e-002 -2.098078329e+002 -2.098078329e+002 +1.0363e+000 +4.5457e-001 +3.5544e+000
455 +7.044545592e-002 +7.044545592e-002 -2.098095545e+002 -2.098095545e+002 +1.0098e+000 +4.5294e-001 +3.5543e+000
463 +3.930435790e-002 +3.930435790e-002 -2.098406956e+002 -2.098406956e+002 +1.1053e+000 +4.5259e-001 +3.5543e+000
469 +2.793757403e-002 +2.793757403e-002 -2.098520624e+002 -2.098520624e+002 +1.1429e+000 +4.5257e-001 +3.5544e+000
496 +2.275581835e-002 +2.275581835e-002 -2.098572442e+002 -2.098572442e+002 +1.1091e+000 +4.5155e-001 +3.5544e+000
504 +9.393295759e-003 +9.393295759e-003 -2.098706067e+002 -2.098706067e+002 +1.2178e+000 +4.5100e-001 +3.5544e+000
511 +4.500656719e-003 +4.500656719e-003 -2.098754993e+002 -2.098754993e+002 +1.2225e+000 +4.4885e-001 +3.5543e+000
528 +8.768340273e-004 +8.768340273e-004 -2.098791232e+002 -2.098791232e+002 +1.1792e+000 +4.4821e-001 +3.5544e+000
572 +7.003550397e-004 +7.003550397e-004 -2.098792996e+002 -2.098792996e+002 +1.2103e+000 +4.4751e-001 +3.5544e+000
583 +4.321554551e-004 +4.321554551e-004 -2.098795678e+002 -2.098795678e+002 +1.2021e+000 +4.4825e-001 +3.5544e+000
621 +3.681710930e-004 +3.681710930e-004 -2.098796318e+002 -2.098796318e+002 +1.2101e+000 +4.4785e-001 +3.5544e+000
638 +2.884957282e-004 +2.884957282e-004 -2.098797115e+002 -2.098797115e+002 +1.2066e+000 +4.4822e-001 +3.5544e+000
647 +2.883869651e-004 +2.883869651e-004 -2.098797116e+002 -2.098797116e+002 +1.2061e+000 +4.4798e-001 +3.5544e+000
648 +2.780223829e-004 +2.780223829e-004 -2.098797220e+002 -2.098797220e+002 +1.2079e+000 +4.4803e-001 +3.5544e+000
659 +1.691098363e-004 +1.691098363e-004 -2.098798309e+002 -2.098798309e+002 +1.2045e+000 +4.4816e-001 +3.5544e+000
678 +1.251253304e-004 +1.251253304e-004 -2.098798749e+002 -2.098798749e+002 +1.2122e+000 +4.4787e-001 +3.5544e+000
679 +1.087648765e-004 +1.087648765e-004 -2.098798912e+002 -2.098798912e+002 +1.2083e+000 +4.4805e-001 +3.5544e+000
692 +1.009864812e-004 +1.009864812e-004 -2.098798990e+002 -2.098798990e+002 +1.2081e+000 +4.4798e-001 +3.5544e+000
693 +8.055110573e-005 +8.055110573e-005 -2.098799194e+002 -2.098799194e+002 +1.2104e+000 +4.4799e-001 +3.5544e+000
696 +7.118501060e-005 +7.118501060e-005 -2.098799288e+002 -2.098799288e+002 +1.2098e+000 +4.4822e-001 +3.5544e+000
699 +1.794983484e-005 +1.794983484e-005 -2.098799821e+002 -2.098799821e+002 +1.2037e+000 +4.4804e-001 +3.5544e+000
716 +1.334428296e-005 +1.334428296e-005 -2.098799867e+002 -2.098799867e+002 +1.2099e+000 +4.4795e-001 +3.5544e+000
723 +8.568653357e-006 +8.568653357e-006 -2.098799914e+002 -2.098799914e+002 +1.2101e+000 +4.4796e-001 +3.5544e+000
725 +8.459097103e-006 +8.459097103e-006 -2.098799915e+002 -2.098799915e+002 +1.2082e+000 +4.4802e-001 +3.5544e+000
728 +5.134086479e-006 +5.134086479e-006 -2.098799949e+002 -2.098799949e+002 +1.2077e+000 +4.4806e-001 +3.5544e+000
740 +3.182735156e-006 +3.182735156e-006 -2.098799968e+002 -2.098799968e+002 +1.2090e+000 +4.4800e-001 +3.5544e+000
743 +1.016787849e-006 +1.016787849e-006 -2.098799990e+002 -2.098799990e+002 +1.2065e+000 +4.4801e-001 +3.5544e+000
744 +8.420116728e-007 +8.420116728e-007 -2.098799992e+002 -2.098799992e+002 +1.2078e+000 +4.4801e-001 +3.5544e+000
756 +5.618824162e-008 +5.618824162e-008 -2.098799999e+002 -2.098799999e+002 +1.2072e+000 +4.4801e-001 +3.5544e+000
796 +4.766999950e-008 +4.766999950e-008 -2.098800000e+002 -2.098800000e+002 +1.2073e+000 +4.4801e-001 +3.5544e+000
799 +3.828304784e-008 +3.828304784e-008 -2.098800000e+002 -2.098800000e+002 +1.2073e+000 +4.4800e-001 +3.5544e+000
812 +6.107427453e-009 +6.107427453e-009 -2.098800000e+002 -2.098800000e+002 +1.2071e+000 +4.4800e-001 +3.5544e+000
1191 +0.000000000e+000 +0.000000000e+000 -2.098800000e+002 -2.098800000e+002 +1.2072e+000 +4.4800e-001 +3.5544e+000
% function evaluation | noise-free fitness - Fopt (-9.209000000000e+001) | best noise-free fitness - Fopt | measured fitness | best measured fitness | x1 | x2...
1 +1.804729209e+005 +1.804729209e+005 +1.803808309e+005 +1.803808309e+005 -8.9959e-001 +3.3133e+000 -3.2146e-001
3 +3.420203717e+004 +3.420203717e+004 +3.410994717e+004 +3.410994717e+004 -1.0002e+000 +3.2555e+000 -8.5177e-002
21 +2.256984335e+003 +2.256984335e+003 +2.164894335e+003 +2.164894335e+003 +5.4391e-001 +3.7312e+000 +1.1722e-001
39 +1.070505721e+003 +1.070505721e+003 +9.784157205e+002 +9.784157205e+002 +3.7279e-001 +3.4614e+000 +6.8097e-002
142 +5.981465010e+002 +5.981465010e+002 +5.060565010e+002 +5.060565010e+002 +1.0197e+000 +3.4219e+000 +8.2001e-002
154 +2.986766706e+002 +2.986766706e+002 +2.065866706e+002 +2.065866706e+002 +3.3394e+000 +3.1369e+000 +9.3920e-002
170 +2.669987085e+002 +2.669987085e+002 +1.749087085e+002 +1.749087085e+002 +1.5461e+000 +3.1133e+000 +8.5590e-002
203 +1.210676239e+002 +1.210676239e+002 +2.897762387e+001 +2.897762387e+001 -1.3151e+000 +2.8718e+000 +8.2427e-002
231 +3.052899769e+001 +3.052899769e+001 -6.156100231e+001 -6.156100231e+001 +1.0889e+000 +2.5589e+000 +9.5621e-002
244 +1.716523958e+001 +1.716523958e+001 -7.492476042e+001 -7.492476042e+001 +1.1228e+000 +2.6214e+000 +8.6602e-002
293 +5.862717312e+000 +5.862717312e+000 -8.622728269e+001 -8.622728269e+001 +1.7902e+000 +2.6444e+000 +8.8304e-002
300 +3.157369079e+000 +3.157369079e+000 -8.893263092e+001 -8.893263092e+001 +1.8132e+000 +2.5906e+000 +8.9477e-002
349 +2.028854875e+000 +2.028854875e+000 -9.006114513e+001 -9.006114513e+001 +1.7398e+000 +2.6512e+000 +9.0098e-002
383 +1.343114595e+000 +1.343114595e+000 -9.074688540e+001 -9.074688540e+001 +1.8063e+000 +2.6255e+000 +9.0463e-002
444 +1.302730191e+000 +1.302730191e+000 -9.078726981e+001 -9.078726981e+001 +1.7990e+000 +2.6238e+000 +9.0457e-002
512 +1.284232321e+000 +1.284232321e+000 -9.080576768e+001 -9.080576768e+001 +1.7963e+000 +2.6229e+000 +9.0392e-002
544 +1.231820211e+000 +1.231820211e+000 -9.085817979e+001 -9.085817979e+001 +1.7732e+000 +2.6209e+000 +9.0592e-002
561 +1.219680842e+000 +1.219680842e+000 -9.087031916e+001 -9.087031916e+001 +1.7797e+000 +2.6219e+000 +9.0475e-002
563 +9.738605158e-001 +9.738605158e-001 -9.111613948e+001 -9.111613948e+001 +1.7170e+000 +2.6230e+000 +9.0469e-002
573 +9.260392159e-001 +9.260392159e-001 -9.116396078e+001 -9.116396078e+001 +1.6859e+000 +2.6294e+000 +9.0443e-002
584 +5.458687621e-001 +5.458687621e-001 -9.154413124e+001 -9.154413124e+001 +1.5306e+000 +2.6208e+000 +9.0453e-002
590 +5.298449708e-001 +5.298449708e-001 -9.156015503e+001 -9.156015503e+001 +1.3484e+000 +2.6302e+000 +9.0422e-002
597 +4.783193903e-001 +4.783193903e-001 -9.161168061e+001 -9.161168061e+001 +1.3424e+000 +2.6271e+000 +9.0470e-002
601 +4.660854077e-001 +4.660854077e-001 -9.162391459e+001 -9.162391459e+001 +1.3518e+000 +2.6246e+000 +9.0458e-002
611 +3.551394410e-001 +3.551394410e-001 -9.173486056e+001 -9.173486056e+001 +1.2789e+000 +2.6234e+000 +9.0448e-002
627 +1.432126642e-001 +1.432126642e-001 -9.194678734e+001 -9.194678734e+001 +1.1030e+000 +2.6187e+000 +9.0439e-002
640 +6.529235162e-002 +6.529235162e-002 -9.202470765e+001 -9.202470765e+001 +8.3346e-001 +2.6140e+000 +9.0452e-002
643 +1.725617811e-002 +1.725617811e-002 -9.207274382e+001 -9.207274382e+001 +8.4778e-001 +2.6211e+000 +9.0357e-002
660 +1.443470711e-002 +1.443470711e-002 -9.207556529e+001 -9.207556529e+001 +6.9368e-001 +2.6182e+000 +9.0390e-002
664 +4.041225526e-003 +4.041225526e-003 -9.208595877e+001 -9.208595877e+001 +6.7117e-001 +2.6224e+000 +9.0378e-002
679 +9.001774813e-004 +9.001774813e-004 -9.208909982e+001 -9.208909982e+001 +7.4210e-001 +2.6223e+000 +9.0388e-002
736 +8.516469156e-004 +8.516469156e-004 -9.208914835e+001 -9.208914835e+001 +7.5075e-001 +2.6219e+000 +9.0395e-002
737 +5.771265526e-004 +5.771265526e-004 -9.208942287e+001 -9.208942287e+001 +7.3792e-001 +2.6222e+000 +9.0394e-002
738 +4.753564814e-004 +4.753564814e-004 -9.208952464e+001 -9.208952464e+001 +7.3372e-001 +2.6222e+000 +9.0395e-002
740 +2.835234866e-004 +2.835234866e-004 -9.208971648e+001 -9.208971648e+001 +7.3038e-001 +2.6220e+000 +9.0392e-002
752 +2.670289499e-004 +2.670289499e-004 -9.208973297e+001 -9.208973297e+001 +7.3321e-001 +2.6221e+000 +9.0398e-002
754 +2.281130539e-004 +2.281130539e-004 -9.208977189e+001 -9.208977189e+001 +7.3449e-001 +2.6219e+000 +9.0394e-002
768 +1.444616735e-004 +1.444616735e-004 -9.208985554e+001 -9.208985554e+001 +7.3241e-001 +2.6219e+000 +9.0396e-002
769 +2.280138560e-005 +2.280138560e-005 -9.208997720e+001 -9.208997720e+001 +7.2894e-001 +2.6215e+000 +9.0403e-002
797 +2.081614909e-005 +2.081614909e-005 -9.208997918e+001 -9.208997918e+001 +7.2562e-001 +2.6216e+000 +9.0396e-002
799 +1.478967434e-006 +1.478967434e-006 -9.208999852e+001 -9.208999852e+001 +7.2631e-001 +2.6216e+000 +9.0399e-002
839 +4.521857591e-007 +4.521857591e-007 -9.208999955e+001 -9.208999955e+001 +7.2596e-001 +2.6216e+000 +9.0400e-002
873 +1.839323431e-007 +1.839323431e-007 -9.208999982e+001 -9.208999982e+001 +7.2587e-001 +2.6216e+000 +9.0400e-002
882 +3.749065058e-009 +3.749065058e-009 -9.209000000e+001 -9.209000000e+001 +7.2563e-001 +2.6216e+000 +9.0400e-002
1360 +0.000000000e+000 +0.000000000e+000 -9.209000000e+001 -9.209000000e+001 +7.2560e-001 +2.6216e+000 +9.0400e-002
% function evaluation | noise-free fitness - Fopt (-8.789000000000e+001) | best noise-free fitness - Fopt | measured fitness | best measured fitness | x1 | x2...
1 +1.232450028e+007 +1.232450028e+007 +1.232441239e+007 +1.232441239e+007 +5.2727e-001 +2.9093e+000 -2.2763e+000
3 +7.456071952e+006 +7.456071952e+006 +7.455984062e+006 +7.455984062e+006 +3.5004e-001 +4.1918e+000 -1.5657e+000
19 +3.553316998e+006 +3.553316998e+006 +3.553229108e+006 +3.553229108e+006 +1.7031e-001 +3.8498e+000 -5.5860e-001
22 +2.727701179e+006 +2.727701179e+006 +2.727613289e+006 +2.727613289e+006 +8.0857e-001 +8.3474e+000 -2.6227e-001
24 +4.518076084e+005 +4.518076084e+005 +4.517197184e+005 +4.517197184e+005 +1.8212e-001 +2.5096e+000 +5.1623e-001
32 +2.013456634e+005 +2.013456634e+005 +2.012577734e+005 +2.012577734e+005 +8.6123e-002 +3.0130e+000 +1.7147e+000
34 +8.214899474e+004 +8.214899474e+004 +8.206110474e+004 +8.206110474e+004 +3.8969e-001 +6.3786e+000 +9.7707e-001
50 +2.013477242e+004 +2.013477242e+004 +2.004688242e+004 +2.004688242e+004 +2.9697e-001 +5.1094e+000 +1.1208e+000
59 +1.312264066e+004 +1.312264066e+004 +1.303475066e+004 +1.303475066e+004 +2.5740e+000 +3.9085e-001 +1.2981e+000
71 +5.042716573e+002 +5.042716573e+002 +4.163816573e+002 +4.163816573e+002 +1.0033e+000 +2.8742e+000 +1.2488e+000
78 +1.324773399e+002 +1.324773399e+002 +4.458733987e+001 +4.458733987e+001 +1.0780e+000 +3.9477e+000 +1.2559e+000
93 +5.603140411e+001 +5.603140411e+001 -3.185859589e+001 -3.185859589e+001 +1.2220e+000 +3.6920e+000 +1.2417e+000
127 +4.469287637e+001 +4.469287637e+001 -4.319712363e+001 -4.319712363e+001 +6.9931e-001 +3.7896e+000 +1.2544e+000
129 +3.300751920e+001 +3.300751920e+001 -5.488248080e+001 -5.488248080e+001 +4.6089e-001 +3.6695e+000 +1.2556e+000
136 +1.524927985e+001 +1.524927985e+001 -7.264072015e+001 -7.264072015e+001 +9.7703e-001 +3.5478e+000 +1.2519e+000
141 +5.765916199e+000 +5.765916199e+000 -8.212408380e+001 -8.212408380e+001 +4.7520e-001 +3.7165e+000 +1.2508e+000
152 +4.650612898e+000 +4.650612898e+000 -8.323938710e+001 -8.323938710e+001 +6.6950e-001 +3.5815e+000 +1.2486e+000
167 +3.039217308e+000 +3.039217308e+000 -8.485078269e+001 -8.485078269e+001 -6.1951e-002 +3.6141e+000 +1.2511e+000
180 +2.484760407e+000 +2.484760407e+000 -8.540523959e+001 -8.540523959e+001 +8.1083e-001 +3.6131e+000 +1.2505e+000
197 +6.262755940e-001 +6.262755940e-001 -8.726372441e+001 -8.726372441e+001 -1.1879e-001 +3.6619e+000 +1.2492e+000
211 +5.490565462e-001 +5.490565462e-001 -8.734094345e+001 -8.734094345e+001 +3.3393e-001 +3.6370e+000 +1.2503e+000
221 +3.177148636e-001 +3.177148636e-001 -8.757228514e+001 -8.757228514e+001 +6.4752e-001 +3.6498e+000 +1.2500e+000
235 +1.468511578e-001 +1.468511578e-001 -8.774314884e+001 -8.774314884e+001 +4.9686e-001 +3.6381e+000 +1.2494e+000
244 +3.483306118e-002 +3.483306118e-002 -8.785516694e+001 -8.785516694e+001 +3.9160e-001 +3.6468e+000 +1.2497e+000
325 +1.837732107e-002 +1.837732107e-002 -8.787162268e+001 -8.787162268e+001 +3.7558e-001 +3.6461e+000 +1.2496e+000
339 +3.976337204e-003 +3.976337204e-003 -8.788602366e+001 -8.788602366e+001 +3.0141e-001 +3.6461e+000 +1.2496e+000
363 +2.638706988e-003 +2.638706988e-003 -8.788736129e+001 -8.788736129e+001 +2.6753e-001 +3.6444e+000 +1.2496e+000
378 +1.064803836e-003 +1.064803836e-003 -8.788893520e+001 -8.788893520e+001 +2.7092e-001 +3.6454e+000 +1.2496e+000
383 +7.280063523e-004 +7.280063523e-004 -8.788927199e+001 -8.788927199e+001 +2.5133e-001 +3.6448e+000 +1.2496e+000
413 +6.688480626e-004 +6.688480626e-004 -8.788933115e+001 -8.788933115e+001 +2.5327e-001 +3.6452e+000 +1.2496e+000
423 +5.023556737e-004 +5.023556737e-004 -8.788949764e+001 -8.788949764e+001 +2.6091e-001 +3.6456e+000 +1.2496e+000
432 +4.282168823e-004 +4.282168823e-004 -8.788957178e+001 -8.788957178e+001 +2.5147e-001 +3.6461e+000 +1.2496e+000
438 +8.658869990e-005 +8.658869990e-005 -8.788991341e+001 -8.788991341e+001 +2.4135e-001 +3.6458e+000 +1.2496e+000
473 +4.508903781e-005 +4.508903781e-005 -8.788995491e+001 -8.788995491e+001 +2.4168e-001 +3.6457e+000 +1.2496e+000
485 +7.858039552e-006 +7.858039552e-006 -8.788999214e+001 -8.788999214e+001 +2.4034e-001 +3.6456e+000 +1.2496e+000
500 +4.068605918e-006 +4.068605918e-006 -8.788999593e+001 -8.788999593e+001 +2.3933e-001 +3.6456e+000 +1.2496e+000
556 +1.660413801e-006 +1.660413801e-006 -8.788999834e+001 -8.788999834e+001 +2.4046e-001 +3.6456e+000 +1.2496e+000
566 +4.015978874e-007 +4.015978874e-007 -8.788999960e+001 -8.788999960e+001 +2.3869e-001 +3.6456e+000 +1.2496e+000
602 +2.902483800e-007 +2.902483800e-007 -8.788999971e+001 -8.788999971e+001 +2.3919e-001 +3.6456e+000 +1.2496e+000
617 +4.961903244e-008 +4.961903244e-008 -8.788999995e+001 -8.788999995e+001 +2.3932e-001 +3.6456e+000 +1.2496e+000
633 +3.819641847e-008 +3.819641847e-008 -8.788999996e+001 -8.788999996e+001 +2.3936e-001 +3.6456e+000 +1.2496e+000
648 +2.520046394e-008 +2.520046394e-008 -8.788999997e+001 -8.788999997e+001 +2.3921e-001 +3.6456e+000 +1.2496e+000
654 +2.179568526e-008 +2.179568526e-008 -8.788999998e+001 -8.788999998e+001 +2.3934e-001 +3.6456e+000 +1.2496e+000
694 +1.034499064e-008 +1.034499064e-008 -8.788999999e+001 -8.788999999e+001 +2.3927e-001 +3.6456e+000 +1.2496e+000
711 +1.008372408e-008 +1.008372408e-008 -8.788999999e+001 -8.788999999e+001 +2.3923e-001 +3.6456e+000 +1.2496e+000
716 +6.347576686e-009 +6.347576686e-009 -8.788999999e+001 -8.788999999e+001 +2.3924e-001 +3.6456e+000 +1.2496e+000
990 +0.000000000e+000 +0.000000000e+000 -8.789000000e+001 -8.789000000e+001 +2.3920e-001 +3.6456e+000 +1.2496e+000
% function evaluation | noise-free fitness - Fopt (3.201900000000e+002) | best noise-free fitness - Fopt | measured fitness | best measured fitness | x1 | x2...
1 +8.916863703e+006 +8.916863703e+006 +8.917183893e+006 +8.917183893e+006 +1.5701e+000 -4.6197e+000 -1.6497e+000
3 +4.812841972e+006 +4.812841972e+006 +4.813162162e+006 +4.813162162e+006 +1.3580e+000 -4.3473e+000 -8.2722e-001
16 +4.558019702e+006 +4.558019702e+006 +4.558339892e+006 +4.558339892e+006 +2.2976e+000 -3.9206e+000 -7.5117e-001
20 +3.144572686e+006 +3.144572686e+006 +3.144892876e+006 +3.144892876e+006 +1.4194e+000 -3.8289e+000 -2.5596e-001
24 +2.159282405e+005 +2.159282405e+005 +2.162484305e+005 +2.162484305e+005 -1.2874e+001 -4.0829e+000 +9.4879e-001
32 +1.758279650e+004 +1.758279650e+004 +1.790298650e+004 +1.790298650e+004 +5.8511e+000 -4.8546e+000 +1.2941e+000
33 +1.517959067e+003 +1.517959067e+003 +1.838149067e+003 +1.838149067e+003 -3.9158e+000 -3.4413e+000 +1.3874e+000
65 +8.632453722e+002 +8.632453722e+002 +1.183435372e+003 +1.183435372e+003 -1.0636e+001 -1.4611e+000 +1.4107e+000
339 +8.189772896e+002 +8.189772896e+002 +1.139167290e+003 +1.139167290e+003 +2.5753e+001 -2.2134e+000 +1.4034e+000
346 +7.918952089e+002 +7.918952089e+002 +1.112085209e+003 +1.112085209e+003 +2.5496e+001 -2.2479e+000 +1.4016e+000
350 +6.176085525e+002 +6.176085525e+002 +9.377985525e+002 +9.377985525e+002 +2.3575e+001 -2.2362e+000 +1.4060e+000
353 +2.664857650e+002 +2.664857650e+002 +5.866757650e+002 +5.866757650e+002 +1.4602e+001 -2.2894e+000 +1.4042e+000
390 +1.791207529e+002 +1.791207529e+002 +4.993107529e+002 +4.993107529e+002 +1.2205e+001 -2.3531e+000 +1.4029e+000
391 +6.184444458e+001 +6.184444458e+001 +3.820344446e+002 +3.820344446e+002 +1.1451e+000 -2.1446e+000 +1.3998e+000
408 +6.065252176e+001 +6.065252176e+001 +3.808425218e+002 +3.808425218e+002 +3.8722e+000 -2.1672e+000 +1.4012e+000
416 +1.478207682e+001 +1.478207682e+001 +3.349720768e+002 +3.349720768e+002 +1.9490e+000 -2.2717e+000 +1.4033e+000
424 +7.567492011e+000 +7.567492011e+000 +3.277574920e+002 +3.277574920e+002 +1.8214e+000 -2.3695e+000 +1.4018e+000
433 +5.265616713e+000 +5.265616713e+000 +3.254556167e+002 +3.254556167e+002 -1.2791e+000 -2.3926e+000 +1.4013e+000
454 +4.993361868e+000 +4.993361868e+000 +3.251833619e+002 +3.251833619e+002 +2.2861e-001 -2.4345e+000 +1.4030e+000
476 +2.167170678e+000 +2.167170678e+000 +3.223571707e+002 +3.223571707e+002 +8.9556e-001 -2.3687e+000 +1.4028e+000
489 +1.870507159e+000 +1.870507159e+000 +3.220605072e+002 +3.220605072e+002 +6.7902e-001 -2.3609e+000 +1.4026e+000
499 +1.714257401e+000 +1.714257401e+000 +3.219042574e+002 +3.219042574e+002 +4.4511e-001 -2.3257e+000 +1.4030e+000
515 +7.040131745e-001 +7.040131745e-001 +3.208940132e+002 +3.208940132e+002 -1.4350e-001 -2.3855e+000 +1.4031e+000
526 +3.267884766e-001 +3.267884766e-001 +3.205167885e+002 +3.205167885e+002 -7.4448e-001 -2.3486e+000 +1.4029e+000
544 +3.570714029e-002 +3.570714029e-002 +3.202257071e+002 +3.202257071e+002 -2.7824e-001 -2.3597e+000 +1.4031e+000
582 +2.907939679e-002 +2.907939679e-002 +3.202190794e+002 +3.202190794e+002 -3.8838e-001 -2.3573e+000 +1.4031e+000
605 +2.883746881e-002 +2.883746881e-002 +3.202188375e+002 +3.202188375e+002 -4.8169e-001 -2.3562e+000 +1.4032e+000
637 +2.715269398e-002 +2.715269398e-002 +3.202171527e+002 +3.202171527e+002 -3.9997e-001 -2.3571e+000 +1.4031e+000
642 +2.279119023e-002 +2.279119023e-002 +3.202127912e+002 +3.202127912e+002 -4.6834e-001 -2.3571e+000 +1.4031e+000
647 +1.467397411e-002 +1.467397411e-002 +3.202046740e+002 +3.202046740e+002 -4.5191e-001 -2.3580e+000 +1.4031e+000
648 +1.335561176e-002 +1.335561176e-002 +3.202033556e+002 +3.202033556e+002 -4.9918e-001 -2.3614e+000 +1.4031e+000
664 +1.176515335e-002 +1.176515335e-002 +3.202017652e+002 +3.202017652e+002 -5.0084e-001 -2.3612e+000 +1.4031e+000
666 +6.236087113e-003 +6.236087113e-003 +3.201962361e+002 +3.201962361e+002 -4.2906e-001 -2.3611e+000 +1.4031e+000
731 +5.601055891e-003 +5.601055891e-003 +3.201956011e+002 +3.201956011e+002 -4.2295e-001 -2.3602e+000 +1.4031e+000
750 +2.961330004e-003 +2.961330004e-003 +3.201929613e+002 +3.201929613e+002 -4.2052e-001 -2.3613e+000 +1.4032e+000
759 +1.565242594e-003 +1.565242594e-003 +3.201915652e+002 +3.201915652e+002 -4.0109e-001 -2.3608e+000 +1.4032e+000
766 +1.293985930e-003 +1.293985930e-003 +3.201912940e+002 +3.201912940e+002 -4.3810e-001 -2.3598e+000 +1.4032e+000
779 +4.617410240e-004 +4.617410240e-004 +3.201904617e+002 +3.201904617e+002 -4.2410e-001 -2.3611e+000 +1.4032e+000
785 +2.630040213e-004 +2.630040213e-004 +3.201902630e+002 +3.201902630e+002 -4.1692e-001 -2.3609e+000 +1.4032e+000
789 +8.843844989e-005 +8.843844989e-005 +3.201900884e+002 +3.201900884e+002 -4.2930e-001 -2.3605e+000 +1.4032e+000
829 +4.278823712e-005 +4.278823712e-005 +3.201900428e+002 +3.201900428e+002 -4.3419e-001 -2.3606e+000 +1.4032e+000
853 +2.702706024e-005 +2.702706024e-005 +3.201900270e+002 +3.201900270e+002 -4.3632e-001 -2.3607e+000 +1.4032e+000
854 +1.110442457e-005 +1.110442457e-005 +3.201900111e+002 +3.201900111e+002 -4.2943e-001 -2.3608e+000 +1.4032e+000
863 +6.145476789e-006 +6.145476789e-006 +3.201900061e+002 +3.201900061e+002 -4.3177e-001 -2.3608e+000 +1.4032e+000
865 +1.998736138e-006 +1.998736138e-006 +3.201900020e+002 +3.201900020e+002 -4.3183e-001 -2.3608e+000 +1.4032e+000
901 +1.426186031e-006 +1.426186031e-006 +3.201900014e+002 +3.201900014e+002 -4.3277e-001 -2.3608e+000 +1.4032e+000
933 +7.773395510e-007 +7.773395510e-007 +3.201900008e+002 +3.201900008e+002 -4.3310e-001 -2.3608e+000 +1.4032e+000
947 +6.964912700e-007 +6.964912700e-007 +3.201900007e+002 +3.201900007e+002 -4.3264e-001 -2.3608e+000 +1.4032e+000
958 +3.694656243e-007 +3.694656243e-007 +3.201900004e+002 +3.201900004e+002 -4.3283e-001 -2.3608e+000 +1.4032e+000
966 +3.578482506e-007 +3.578482506e-007 +3.201900004e+002 +3.201900004e+002 -4.3293e-001 -2.3608e+000 +1.4032e+000
970 +3.221015277e-007 +3.221015277e-007 +3.201900003e+002 +3.201900003e+002 -4.3313e-001 -2.3608e+000 +1.4032e+000
976 +1.405917374e-007 +1.405917374e-007 +3.201900001e+002 +3.201900001e+002 -4.3293e-001 -2.3608e+000 +1.4032e+000
1008 +1.025460961e-007 +1.025460961e-007 +3.201900001e+002 +3.201900001e+002 -4.3288e-001 -2.3608e+000 +1.4032e+000
1009 +9.299810699e-008 +9.299810699e-008 +3.201900001e+002 +3.201900001e+002 -4.3284e-001 -2.3608e+000 +1.4032e+000
1022 +7.752754527e-008 +7.752754527e-008 +3.201900001e+002 +3.201900001e+002 -4.3288e-001 -2.3608e+000 +1.4032e+000
1041 +4.542215493e-008 +4.542215493e-008 +3.201900000e+002 +3.201900000e+002 -4.3285e-001 -2.3608e+000 +1.4032e+000
1051 +4.415170451e-008 +4.415170451e-008 +3.201900000e+002 +3.201900000e+002 -4.3273e-001 -2.3608e+000 +1.4032e+000
1055 +2.348411954e-008 +2.348411954e-008 +3.201900000e+002 +3.201900000e+002 -4.3282e-001 -2.3608e+000 +1.4032e+000
1069 +2.261856480e-008 +2.261856480e-008 +3.201900000e+002 +3.201900000e+002 -4.3288e-001 -2.3608e+000 +1.4032e+000
1070 +6.375785233e-009 +6.375785233e-009 +3.201900000e+002 +3.201900000e+002 -4.3276e-001 -2.3608e+000 +1.4032e+000
1710 +0.000000000e+000 +0.000000000e+000 +3.201900000e+002 +3.201900000e+002 -4.3280e-001 -2.3608e+000 +1.4032e+000
% function evaluation | noise-free fitness - Fopt (-1.042400000000e+002) | best noise-free fitness - Fopt | measured fitness | best measured fitness | x1 | x2...
1 +1.096805132e+007 +1.096805132e+007 +1.096794708e+007 +1.096794708e+007 -1.5523e+000 -2.8962e+000 -2.0330e+000
2 +8.547919845e+006 +8.547919845e+006 +8.547815605e+006 +8.547815605e+006 -1.3858e+000 -2.7838e+000 -1.6827e+000
5 +3.227156049e+006 +3.227156049e+006 +3.227051809e+006 +3.227051809e+006 -1.3739e+000 -2.1786e+000 -3.7492e-001
21 +1.480411514e+005 +1.480411514e+005 +1.479369114e+005 +1.479369114e+005 -1.6478e+000 -2.2942e+000 +1.7168e+000
38 +9.182594527e+004 +9.182594527e+004 +9.172170527e+004 +9.172170527e+004 -1.1910e+000 -1.9981e+000 +1.6032e+000
40 +7.234991566e+004 +7.234991566e+004 +7.224567566e+004 +7.224567566e+004 -1.0461e+000 -4.6135e+000 +1.0453e+000
42 +1.707369643e+003 +1.707369643e+003 +1.603129643e+003 +1.603129643e+003 +4.4539e-001 -3.6611e+000 +1.2758e+000
115 +6.223160227e+002 +6.223160227e+002 +5.180760227e+002 +5.180760227e+002 -1.4988e+000 -3.8981e+000 +1.3371e+000
121 +6.002570217e+002 +6.002570217e+002 +4.960170217e+002 +4.960170217e+002 +5.4391e+000 -4.2349e+000 +1.3351e+000
136 +3.162238860e+002 +3.162238860e+002 +2.119838860e+002 +2.119838860e+002 +2.0402e+000 -3.7483e+000 +1.3312e+000
154 +2.448607805e+002 +2.448607805e+002 +1.406207805e+002 +1.406207805e+002 -2.5031e+000 -4.0055e+000 +1.3289e+000
156 +1.971331349e+002 +1.971331349e+002 +9.289313494e+001 +9.289313494e+001 +5.2787e+000 -3.7290e+000 +1.3252e+000
157 +1.141410293e+002 +1.141410293e+002 +9.901029314e+000 +9.901029314e+000 +3.1441e+000 -3.9622e+000 +1.3238e+000
170 +9.286525644e+001 +9.286525644e+001 -1.137474356e+001 -1.137474356e+001 +4.2105e-001 -4.0409e+000 +1.3222e+000
185 +5.835042658e+001 +5.835042658e+001 -4.588957342e+001 -4.588957342e+001 +4.9072e+000 -3.8838e+000 +1.3075e+000
213 +4.629406506e+001 +4.629406506e+001 -5.794593494e+001 -5.794593494e+001 -6.5321e+000 -3.9725e+000 +1.3126e+000
230 +3.100505419e+001 +3.100505419e+001 -7.323494581e+001 -7.323494581e+001 +2.3217e-001 -4.0045e+000 +1.3090e+000
242 +2.781448238e+001 +2.781448238e+001 -7.642551762e+001 -7.642551762e+001 -5.0867e-001 -3.7678e+000 +1.3112e+000
256 +1.037416935e+001 +1.037416935e+001 -9.386583065e+001 -9.386583065e+001 -3.5013e-001 -3.9688e+000 +1.3108e+000
271 +6.680774754e+000 +6.680774754e+000 -9.755922525e+001 -9.755922525e+001 +2.2230e-001 -3.8368e+000 +1.3134e+000
274 +9.114635408e-001 +9.114635408e-001 -1.033285365e+002 -1.033285365e+002 +9.1374e-001 -3.9046e+000 +1.3142e+000
280 +8.476779730e-001 +8.476779730e-001 -1.033923220e+002 -1.033923220e+002 +5.4227e-001 -3.9200e+000 +1.3126e+000
340 +1.694601397e-001 +1.694601397e-001 -1.040705399e+002 -1.040705399e+002 +6.6744e-001 -3.9271e+000 +1.3138e+000
400 +1.086929910e-001 +1.086929910e-001 -1.041313070e+002 -1.041313070e+002 +6.5024e-001 -3.9178e+000 +1.3134e+000
434 +5.289111366e-002 +5.289111366e-002 -1.041871089e+002 -1.041871089e+002 +4.7687e-001 -3.9256e+000 +1.3135e+000
452 +4.435701413e-002 +4.435701413e-002 -1.041956430e+002 -1.041956430e+002 +5.6650e-001 -3.9208e+000 +1.3135e+000
464 +2.559750098e-002 +2.559750098e-002 -1.042144025e+002 -1.042144025e+002 +5.3742e-001 -3.9214e+000 +1.3135e+000
478 +7.614314932e-003 +7.614314932e-003 -1.042323857e+002 -1.042323857e+002 +4.6041e-001 -3.9196e+000 +1.3135e+000
494 +7.564463888e-003 +7.564463888e-003 -1.042324355e+002 -1.042324355e+002 +3.4793e-001 -3.9219e+000 +1.3136e+000
498 +6.866034598e-003 +6.866034598e-003 -1.042331340e+002 -1.042331340e+002 +4.1991e-001 -3.9221e+000 +1.3136e+000
501 +7.505611086e-004 +7.505611086e-004 -1.042392494e+002 -1.042392494e+002 +4.1147e-001 -3.9204e+000 +1.3136e+000
526 +4.465927021e-004 +4.465927021e-004 -1.042395534e+002 -1.042395534e+002 +4.1145e-001 -3.9201e+000 +1.3136e+000
545 +3.942184713e-004 +3.942184713e-004 -1.042396058e+002 -1.042396058e+002 +3.8771e-001 -3.9201e+000 +1.3136e+000
548 +3.691698622e-004 +3.691698622e-004 -1.042396308e+002 -1.042396308e+002 +3.9809e-001 -3.9202e+000 +1.3136e+000
556 +2.671024933e-004 +2.671024933e-004 -1.042397329e+002 -1.042397329e+002 +3.9423e-001 -3.9205e+000 +1.3136e+000
561 +1.519866461e-004 +1.519866461e-004 -1.042398480e+002 -1.042398480e+002 +3.9310e-001 -3.9202e+000 +1.3136e+000
563 +1.061271503e-004 +1.061271503e-004 -1.042398939e+002 -1.042398939e+002 +3.9488e-001 -3.9203e+000 +1.3136e+000
573 +5.304047056e-005 +5.304047056e-005 -1.042399470e+002 -1.042399470e+002 +3.9520e-001 -3.9202e+000 +1.3136e+000
587 +2.667636056e-005 +2.667636056e-005 -1.042399733e+002 -1.042399733e+002 +3.9329e-001 -3.9199e+000 +1.3136e+000
590 +1.746277543e-005 +1.746277543e-005 -1.042399825e+002 -1.042399825e+002 +3.9396e-001 -3.9201e+000 +1.3136e+000
604 +6.622184372e-006 +6.622184372e-006 -1.042399934e+002 -1.042399934e+002 +3.9485e-001 -3.9200e+000 +1.3136e+000
607 +5.313281065e-006 +5.313281065e-006 -1.042399947e+002 -1.042399947e+002 +3.9436e-001 -3.9201e+000 +1.3136e+000
639 +4.028768586e-006 +4.028768586e-006 -1.042399960e+002 -1.042399960e+002 +3.9488e-001 -3.9201e+000 +1.3136e+000
640 +2.489387271e-006 +2.489387271e-006 -1.042399975e+002 -1.042399975e+002 +3.9418e-001 -3.9200e+000 +1.3136e+000
645 +1.324741646e-006 +1.324741646e-006 -1.042399987e+002 -1.042399987e+002 +3.9452e-001 -3.9200e+000 +1.3136e+000
674 +7.364727281e-007 +7.364727281e-007 -1.042399993e+002 -1.042399993e+002 +3.9428e-001 -3.9200e+000 +1.3136e+000
677 +5.913864385e-007 +5.913864385e-007 -1.042399994e+002 -1.042399994e+002 +3.9451e-001 -3.9200e+000 +1.3136e+000
681 +1.042829183e-007 +1.042829183e-007 -1.042399999e+002 -1.042399999e+002 +3.9471e-001 -3.9200e+000 +1.3136e+000
725 +5.519152069e-008 +5.519152069e-008 -1.042399999e+002 -1.042399999e+002 +3.9460e-001 -3.9200e+000 +1.3136e+000
728 +2.971944468e-008 +2.971944468e-008 -1.042400000e+002 -1.042400000e+002 +3.9442e-001 -3.9200e+000 +1.3136e+000
749 +1.449045328e-008 +1.449045328e-008 -1.042400000e+002 -1.042400000e+002 +3.9453e-001 -3.9200e+000 +1.3136e+000
758 +1.194337074e-008 +1.194337074e-008 -1.042400000e+002 -1.042400000e+002 +3.9449e-001 -3.9200e+000 +1.3136e+000
772 +4.195015890e-009 +4.195015890e-009 -1.042400000e+002 -1.042400000e+002 +3.9444e-001 -3.9200e+000 +1.3136e+000
1084 +0.000000000e+000 +0.000000000e+000 -1.042400000e+002 -1.042400000e+002 +3.9440e-001 -3.9200e+000 +1.3136e+000
% function evaluation | noise-free fitness - Fopt (-1.843100000000e+002) | best noise-free fitness - Fopt | measured fitness | best measured fitness | x1 | x2...
1 +1.057634212e+007 +1.057634212e+007 +1.057615781e+007 +1.057615781e+007 -2.8070e+000 +2.9428e+000 -3.5074e+000
2 +8.873484215e+006 +8.873484215e+006 +8.873299905e+006 +8.873299905e+006 -4.7795e+000 +2.4232e+000 -3.2614e+000
4 +5.572920082e+006 +5.572920082e+006 +5.572735772e+006 +5.572735772e+006 -2.9057e+000 +2.5272e+000 -2.6458e+000
21 +1.463259546e+005 +1.463259546e+005 +1.461416446e+005 +1.461416446e+005 -1.8476e+000 +2.6266e+000 -5.7742e-001
35 +4.236914147e+004 +4.236914147e+004 +4.218483147e+004 +4.218483147e+004 -2.3889e+000 +2.6431e+000 -2.8298e-002
48 +7.200313346e+003 +7.200313346e+003 +7.016003346e+003 +7.016003346e+003 -3.1868e+000 +2.5666e+000 -2.4577e-001
130 +6.037814790e+003 +6.037814790e+003 +5.853504790e+003 +5.853504790e+003 -1.6912e+000 +2.5284e+000 -2.2393e-001
137 +5.680402385e+003 +5.680402385e+003 +5.496092385e+003 +5.496092385e+003 +1.7266e-001 +2.4756e+000 -2.0870e-001
148 +5.475099366e+003 +5.475099366e+003 +5.290789366e+003 +5.290789366e+003 -1.6395e+000 +2.4467e+000 -2.1191e-001
338 +5.295023828e+003 +5.295023828e+003 +5.110713828e+003 +5.110713828e+003 -1.1661e+000 +2.4207e+000 -2.1726e-001
349 +2.190083628e+003 +2.190083628e+003 +2.005773628e+003 +2.005773628e+003 -6.4145e-001 +1.4917e+000 -2.3212e-001
370 +2.164202059e+003 +2.164202059e+003 +1.979892059e+003 +1.979892059e+003 -1.4899e+000 +1.7728e+000 -2.2072e-001
374 +1.926078907e+003 +1.926078907e+003 +1.741768907e+003 +1.741768907e+003 +4.4413e-001 +1.3870e+000 -2.3200e-001
380 +5.548899649e+002 +5.548899649e+002 +3.705799649e+002 +3.705799649e+002 -2.0604e+000 -3.3545e-001 -2.3076e-001
381 +3.938568848e+002 +3.938568848e+002 +2.095468848e+002 +2.095468848e+002 -5.5601e-001 +8.0021e-001 -2.1490e-001
407 +2.372212231e+002 +2.372212231e+002 +5.291122311e+001 +5.291122311e+001 -3.9134e+000 +4.7841e-001 -2.2723e-001
417 +2.318289790e+002 +2.318289790e+002 +4.751897904e+001 +4.751897904e+001 -3.1517e+000 -1.1526e-002 -2.2756e-001
422 +9.399063870e+001 +9.399063870e+001 -9.031936130e+001 -9.031936130e+001 -2.7002e-001 +2.3757e-001 -2.2522e-001
440 +1.595051208e+001 +1.595051208e+001 -1.683594879e+002 -1.683594879e+002 -1.5540e+000 +2.8664e-001 -2.1425e-001
465 +4.677307720e+000 +4.677307720e+000 -1.796326923e+002 -1.796326923e+002 +3.8089e+000 +2.3897e-001 -2.1610e-001
494 +3.562032210e+000 +3.562032210e+000 -1.807479678e+002 -1.807479678e+002 +2.0942e-001 +2.3540e-001 -2.1458e-001
509 +3.252492657e-001 +3.252492657e-001 -1.839847507e+002 -1.839847507e+002 +1.7174e+000 +2.0805e-001 -2.1533e-001
571 +1.490850391e-001 +1.490850391e-001 -1.841609150e+002 -1.841609150e+002 +1.9692e+000 +2.2345e-001 -2.1485e-001
596 +3.266598172e-002 +3.266598172e-002 -1.842773340e+002 -1.842773340e+002 +1.7926e+000 +2.1969e-001 -2.1522e-001
618 +2.329006797e-003 +2.329006797e-003 -1.843076710e+002 -1.843076710e+002 +1.8796e+000 +2.2406e-001 -2.1523e-001
708 +1.964044971e-003 +1.964044971e-003 -1.843080360e+002 -1.843080360e+002 +1.8571e+000 +2.2350e-001 -2.1519e-001
723 +3.099356417e-004 +3.099356417e-004 -1.843096901e+002 -1.843096901e+002 +1.8383e+000 +2.2477e-001 -2.1522e-001
774 +1.079459382e-004 +1.079459382e-004 -1.843098921e+002 -1.843098921e+002 +1.8449e+000 +2.2448e-001 -2.1520e-001
775 +7.261032820e-005 +7.261032820e-005 -1.843099274e+002 -1.843099274e+002 +1.8427e+000 +2.2455e-001 -2.1520e-001
785 +3.501850216e-005 +3.501850216e-005 -1.843099650e+002 -1.843099650e+002 +1.8431e+000 +2.2461e-001 -2.1520e-001
790 +2.725635611e-005 +2.725635611e-005 -1.843099727e+002 -1.843099727e+002 +1.8454e+000 +2.2466e-001 -2.1520e-001
800 +2.067489055e-005 +2.067489055e-005 -1.843099793e+002 -1.843099793e+002 +1.8425e+000 +2.2468e-001 -2.1520e-001
819 +1.234250644e-005 +1.234250644e-005 -1.843099877e+002 -1.843099877e+002 +1.8461e+000 +2.2487e-001 -2.1520e-001
838 +8.979212396e-007 +8.979212396e-007 -1.843099991e+002 -1.843099991e+002 +1.8434e+000 +2.2482e-001 -2.1520e-001
876 +9.045930938e-008 +9.045930938e-008 -1.843099999e+002 -1.843099999e+002 +1.8430e+000 +2.2480e-001 -2.1520e-001
1017 +6.174241207e-008 +6.174241207e-008 -1.843099999e+002 -1.843099999e+002 +1.8434e+000 +2.2480e-001 -2.1520e-001
1023 +5.830841587e-008 +5.830841587e-008 -1.843099999e+002 -1.843099999e+002 +1.8435e+000 +2.2480e-001 -2.1520e-001
1037 +1.219862611e-008 +1.219862611e-008 -1.843100000e+002 -1.843100000e+002 +1.8433e+000 +2.2480e-001 -2.1520e-001
1054 +1.000566385e-008 +1.000566385e-008 -1.843100000e+002 -1.843100000e+002 +1.8433e+000 +2.2480e-001 -2.1520e-001
1060 +4.310010127e-009 +4.310010127e-009 -1.843100000e+002 -1.843100000e+002 +1.8432e+000 +2.2480e-001 -2.1520e-001
1438 +0.000000000e+000 +0.000000000e+000 -1.843100000e+002 -1.843100000e+002 +1.8432e+000 +2.2480e-001 -2.1520e-001
% function evaluation | noise-free fitness - Fopt (5.684000000000e+001) | best noise-free fitness - Fopt | measured fitness | best measured fitness | x1 | x2...
1 +5.674519725e+007 +5.674519725e+007 +5.674525409e+007 +5.674525409e+007 -6.5933e-001 +4.7728e+000 +3.6251e+000
2 +2.607884245e+007 +2.607884245e+007 +2.607889929e+007 +2.607889929e+007 -1.7645e-001 +5.2705e+000 +1.5824e+000
19 +2.416803071e+007 +2.416803071e+007 +2.416808755e+007 +2.416808755e+007 +1.0674e+000 +4.9534e+000 +1.3794e+000
23 +2.035989351e+007 +2.035989351e+007 +2.035995035e+007 +2.035995035e+007 +1.3410e-001 +1.2002e+000 +9.3172e-001
32 +1.976580092e+007 +1.976580092e+007 +1.976585776e+007 +1.976585776e+007 +1.3580e+000 +2.9202e+000 +8.5776e-001
41 +5.939884890e+004 +5.939884890e+004 +5.945568890e+004 +5.945568890e+004 +1.2159e+000 +3.9341e+000 -3.7027e+000
89 +1.090472545e+004 +1.090472545e+004 +1.096156545e+004 +1.096156545e+004 -2.1829e+001 -1.2976e+000 -3.6809e+000
125 +9.866988395e+003 +9.866988395e+003 +9.923828395e+003 +9.923828395e+003 +4.3759e+001 -1.4730e-001 -3.6226e+000
134 +9.191849804e+003 +9.191849804e+003 +9.248689804e+003 +9.248689804e+003 -4.5846e+001 -3.4195e+000 -3.6696e+000
136 +4.442995055e+003 +4.442995055e+003 +4.499835055e+003 +4.499835055e+003 -4.1527e+000 -1.6836e+000 -3.6502e+000
141 +1.014966895e+003 +1.014966895e+003 +1.071806895e+003 +1.071806895e+003 -5.0785e+000 -1.8411e+000 -3.6056e+000
160 +3.597321184e+002 +3.597321184e+002 +4.165721184e+002 +4.165721184e+002 +2.3498e+000 -3.1725e+000 -3.5852e+000
164 +6.304073560e+001 +6.304073560e+001 +1.198807356e+002 +1.198807356e+002 +6.3753e+000 -2.4883e+000 -3.5779e+000
189 +5.484592441e+001 +5.484592441e+001 +1.116859244e+002 +1.116859244e+002 +3.1986e+000 -2.7401e+000 -3.5845e+000
206 +3.294091132e+001 +3.294091132e+001 +8.978091132e+001 +8.978091132e+001 +1.8242e+000 -2.4350e+000 -3.5874e+000
253 +1.770178036e+001 +1.770178036e+001 +7.454178036e+001 +7.454178036e+001 -5.2999e-001 -2.5961e+000 -3.5796e+000
272 +3.070020225e+000 +3.070020225e+000 +5.991002023e+001 +5.991002023e+001 -1.9042e-001 -2.5787e+000 -3.5832e+000
285 +2.472443559e+000 +2.472443559e+000 +5.931244356e+001 +5.931244356e+001 +1.9620e-002 -2.5513e+000 -3.5845e+000
286 +1.470094131e+000 +1.470094131e+000 +5.831009413e+001 +5.831009413e+001 -1.6558e-001 -2.5374e+000 -3.5842e+000
299 +7.383756247e-001 +7.383756247e-001 +5.757837562e+001 +5.757837562e+001 -1.5416e-001 -2.5396e+000 -3.5827e+000
302 +6.038316087e-001 +6.038316087e-001 +5.744383161e+001 +5.744383161e+001 -5.3879e-002 -2.5443e+000 -3.5830e+000
318 +5.858247487e-001 +5.858247487e-001 +5.742582475e+001 +5.742582475e+001 -8.8235e-002 -2.5362e+000 -3.5827e+000
319 +4.579476466e-001 +4.579476466e-001 +5.729794765e+001 +5.729794765e+001 -1.2492e-001 -2.5350e+000 -3.5829e+000
338 +2.895492481e-001 +2.895492481e-001 +5.712954925e+001 +5.712954925e+001 +1.7171e-001 -2.5411e+000 -3.5832e+000
348 +2.588926935e-001 +2.588926935e-001 +5.709889269e+001 +5.709889269e+001 +3.7943e-001 -2.5426e+000 -3.5830e+000
351 +1.441424796e-001 +1.441424796e-001 +5.698414248e+001 +5.698414248e+001 +7.6622e-001 -2.5379e+000 -3.5831e+000
363 +7.698492738e-002 +7.698492738e-002 +5.691698493e+001 +5.691698493e+001 +3.7680e-001 -2.5350e+000 -3.5831e+000
365 +5.789900426e-003 +5.789900426e-003 +5.684578990e+001 +5.684578990e+001 +6.0638e-001 -2.5291e+000 -3.5832e+000
429 +4.453382811e-003 +4.453382811e-003 +5.684445338e+001 +5.684445338e+001 +4.8120e-001 -2.5274e+000 -3.5832e+000
436 +1.514438810e-003 +1.514438810e-003 +5.684151444e+001 +5.684151444e+001 +5.0881e-001 -2.5286e+000 -3.5832e+000
454 +1.396971739e-003 +1.396971739e-003 +5.684139697e+001 +5.684139697e+001 +5.1626e-001 -2.5281e+000 -3.5832e+000
484 +1.256003781e-003 +1.256003781e-003 +5.684125600e+001 +5.684125600e+001 +5.3224e-001 -2.5294e+000 -3.5832e+000
498 +9.172195488e-004 +9.172195488e-004 +5.684091722e+001 +5.684091722e+001 +5.1643e-001 -2.5290e+000 -3.5832e+000
521 +7.923742499e-004 +7.923742499e-004 +5.684079237e+001 +5.684079237e+001 +5.2338e-001 -2.5286e+000 -3.5832e+000
525 +6.164552015e-004 +6.164552015e-004 +5.684061646e+001 +5.684061646e+001 +5.4276e-001 -2.5287e+000 -3.5832e+000
527 +5.293423288e-004 +5.293423288e-004 +5.684052934e+001 +5.684052934e+001 +5.3004e-001 -2.5290e+000 -3.5832e+000
536 +1.297451859e-004 +1.297451859e-004 +5.684012975e+001 +5.684012975e+001 +5.3795e-001 -2.5286e+000 -3.5832e+000
565 +5.618768328e-005 +5.618768328e-005 +5.684005619e+001 +5.684005619e+001 +5.3773e-001 -2.5289e+000 -3.5832e+000
578 +5.482698054e-005 +5.482698054e-005 +5.684005483e+001 +5.684005483e+001 +5.2873e-001 -2.5289e+000 -3.5832e+000
586 +4.234990423e-005 +4.234990423e-005 +5.684004235e+001 +5.684004235e+001 +5.2921e-001 -2.5289e+000 -3.5832e+000
617 +2.988817655e-005 +2.988817655e-005 +5.684002989e+001 +5.684002989e+001 +5.3073e-001 -2.5287e+000 -3.5832e+000
618 +7.650139253e-006 +7.650139253e-006 +5.684000765e+001 +5.684000765e+001 +5.3207e-001 -2.5288e+000 -3.5832e+000
634 +3.699617508e-006 +3.699617508e-006 +5.684000370e+001 +5.684000370e+001 +5.3185e-001 -2.5288e+000 -3.5832e+000
644 +3.251701301e-006 +3.251701301e-006 +5.684000325e+001 +5.684000325e+001 +5.3183e-001 -2.5288e+000 -3.5832e+000
647 +8.827043771e-007 +8.827043771e-007 +5.684000088e+001 +5.684000088e+001 +5.3297e-001 -2.5288e+000 -3.5832e+000
737 +7.607020436e-007 +7.607020436e-007 +5.684000076e+001 +5.684000076e+001 +5.3215e-001 -2.5288e+000 -3.5832e+000
762 +7.088672760e-007 +7.088672760e-007 +5.684000071e+001 +5.684000071e+001 +5.3272e-001 -2.5288e+000 -3.5832e+000
788 +5.142536068e-007 +5.142536068e-007 +5.684000051e+001 +5.684000051e+001 +5.3291e-001 -2.5288e+000 -3.5832e+000
796 +3.253088181e-007 +3.253088181e-007 +5.684000033e+001 +5.684000033e+001 +5.3299e-001 -2.5288e+000 -3.5832e+000
813 +2.537232078e-007 +2.537232078e-007 +5.684000025e+001 +5.684000025e+001 +5.3283e-001 -2.5288e+000 -3.5832e+000
836 +1.773598513e-007 +1.773598513e-007 +5.684000018e+001 +5.684000018e+001 +5.3267e-001 -2.5288e+000 -3.5832e+000
841 +1.519963746e-007 +1.519963746e-007 +5.684000015e+001 +5.684000015e+001 +5.3280e-001 -2.5288e+000 -3.5832e+000
843 +6.194887447e-008 +6.194887447e-008 +5.684000006e+001 +5.684000006e+001 +5.3279e-001 -2.5288e+000 -3.5832e+000
873 +4.462549441e-008 +4.462549441e-008 +5.684000004e+001 +5.684000004e+001 +5.3284e-001 -2.5288e+000 -3.5832e+000
885 +3.330939791e-008 +3.330939791e-008 +5.684000003e+001 +5.684000003e+001 +5.3279e-001 -2.5288e+000 -3.5832e+000
887 +2.993589732e-008 +2.993589732e-008 +5.684000003e+001 +5.684000003e+001 +5.3282e-001 -2.5288e+000 -3.5832e+000
903 +2.203287863e-008 +2.203287863e-008 +5.684000002e+001 +5.684000002e+001 +5.3281e-001 -2.5288e+000 -3.5832e+000
905 +1.673526384e-008 +1.673526384e-008 +5.684000002e+001 +5.684000002e+001 +5.3282e-001 -2.5288e+000 -3.5832e+000
906 +1.448339049e-008 +1.448339049e-008 +5.684000001e+001 +5.684000001e+001 +5.3281e-001 -2.5288e+000 -3.5832e+000
909 +1.183249765e-008 +1.183249765e-008 +5.684000001e+001 +5.684000001e+001 +5.3276e-001 -2.5288e+000 -3.5832e+000
914 +6.727923108e-009 +6.727923108e-009 +5.684000001e+001 +5.684000001e+001 +5.3277e-001 -2.5288e+000 -3.5832e+000
1481 +0.000000000e+000 +0.000000000e+000 +5.684000000e+001 +5.684000000e+001 +5.3280e-001 -2.5288e+000 -3.5832e+000
% function evaluation | noise-free fitness - Fopt (-1.897300000000e+002) | best noise-free fitness - Fopt | measured fitness | best measured fitness | x1 | x2...
1 +1.954146954e+004 +1.954146954e+004 +1.935173954e+004 +1.935173954e+004 +3.1878e+000 +8.7168e-001 -1.0008e+000
31 +1.208974180e+004 +1.208974180e+004 +1.190001180e+004 +1.190001180e+004 +4.8020e-001 +2.3492e+000 -1.1890e+000
40 +4.760783762e+003 +4.760783762e+003 +4.571053762e+003 +4.571053762e+003 +2.0103e+000 +1.2438e+000 -1.1145e+000
77 +2.466721867e+003 +2.466721867e+003 +2.276991867e+003 +2.276991867e+003 +2.1688e+000 +8.4784e-001 -1.1511e+000
93 +5.140791830e+002 +5.140791830e+002 +3.243491830e+002 +3.243491830e+002 +1.7577e+000 -4.1939e-001 -1.1176e+000
109 +2.282243854e+002 +2.282243854e+002 +3.849438543e+001 +3.849438543e+001 +1.8728e+000 -6.7233e-001 -1.1519e+000
126 +7.541398287e+001 +7.541398287e+001 -1.143160171e+002 -1.143160171e+002 +1.9614e+000 -8.3043e-001 -1.1468e+000
141 +3.863497790e+001 +3.863497790e+001 -1.510950221e+002 -1.510950221e+002 +1.7627e+000 -6.7896e-001 -1.1329e+000
149 +2.106185953e+001 +2.106185953e+001 -1.686681405e+002 -1.686681405e+002 +1.8999e+000 -8.7747e-001 -1.1410e+000
163 +1.841769558e+001 +1.841769558e+001 -1.713123044e+002 -1.713123044e+002 +1.9395e+000 -7.2771e-001 -1.1339e+000
166 +7.064856096e+000 +7.064856096e+000 -1.826651439e+002 -1.826651439e+002 +2.2669e+000 -7.6253e-001 -1.1398e+000
174 +2.608722760e+000 +2.608722760e+000 -1.871212772e+002 -1.871212772e+002 +1.8667e+000 -8.2304e-001 -1.1382e+000
197 +2.488348286e+000 +2.488348286e+000 -1.872416517e+002 -1.872416517e+002 +2.4178e+000 -8.0379e-001 -1.1380e+000
199 +1.337051517e+000 +1.337051517e+000 -1.883929485e+002 -1.883929485e+002 +1.9381e+000 -7.9323e-001 -1.1380e+000
219 +1.119371885e+000 +1.119371885e+000 -1.886106281e+002 -1.886106281e+002 +1.8985e+000 -7.9861e-001 -1.1377e+000
222 +5.668835134e-001 +5.668835134e-001 -1.891631165e+002 -1.891631165e+002 +1.6629e+000 -7.9627e-001 -1.1376e+000
229 +5.579596583e-001 +5.579596583e-001 -1.891720403e+002 -1.891720403e+002 +1.5687e+000 -7.9716e-001 -1.1375e+000
250 +4.975667610e-001 +4.975667610e-001 -1.892324332e+002 -1.892324332e+002 +1.4708e+000 -7.9918e-001 -1.1375e+000
268 +2.427920502e-001 +2.427920502e-001 -1.894872079e+002 -1.894872079e+002 +1.2968e+000 -7.9029e-001 -1.1373e+000
269 +8.065921392e-002 +8.065921392e-002 -1.896493408e+002 -1.896493408e+002 +8.9119e-001 -7.9195e-001 -1.1373e+000
272 +7.701934214e-002 +7.701934214e-002 -1.896529807e+002 -1.896529807e+002 +1.0170e+000 -7.9639e-001 -1.1375e+000
299 +6.015611798e-002 +6.015611798e-002 -1.896698439e+002 -1.896698439e+002 +8.2257e-001 -7.9674e-001 -1.1376e+000
302 +5.126688365e-003 +5.126688365e-003 -1.897248733e+002 -1.897248733e+002 +8.3082e-001 -7.8946e-001 -1.1376e+000
366 +4.203815165e-003 +4.203815165e-003 -1.897257962e+002 -1.897257962e+002 +8.8166e-001 -7.9089e-001 -1.1376e+000
367 +3.326169183e-003 +3.326169183e-003 -1.897266738e+002 -1.897266738e+002 +8.8189e-001 -7.9053e-001 -1.1376e+000
379 +2.750207831e-003 +2.750207831e-003 -1.897272498e+002 -1.897272498e+002 +8.6195e-001 -7.8980e-001 -1.1376e+000
380 +2.510576565e-003 +2.510576565e-003 -1.897274894e+002 -1.897274894e+002 +9.1690e-001 -7.8980e-001 -1.1376e+000
382 +5.788428935e-004 +5.788428935e-004 -1.897294212e+002 -1.897294212e+002 +8.9712e-001 -7.8954e-001 -1.1376e+000
384 +4.490808885e-004 +4.490808885e-004 -1.897295509e+002 -1.897295509e+002 +8.9824e-001 -7.8939e-001 -1.1376e+000
407 +3.822059824e-004 +3.822059824e-004 -1.897296178e+002 -1.897296178e+002 +8.7678e-001 -7.8844e-001 -1.1376e+000
462 +3.567528539e-004 +3.567528539e-004 -1.897296432e+002 -1.897296432e+002 +8.9103e-001 -7.8863e-001 -1.1376e+000
491 +2.577843725e-004 +2.577843725e-004 -1.897297422e+002 -1.897297422e+002 +8.9505e-001 -7.8858e-001 -1.1376e+000
524 +2.332097728e-004 +2.332097728e-004 -1.897297668e+002 -1.897297668e+002 +8.9080e-001 -7.8863e-001 -1.1376e+000
532 +3.209016339e-005 +3.209016339e-005 -1.897299679e+002 -1.897299679e+002 +8.8897e-001 -7.8891e-001 -1.1376e+000
584 +1.846227136e-005 +1.846227136e-005 -1.897299815e+002 -1.897299815e+002 +8.8994e-001 -7.8890e-001 -1.1376e+000
588 +6.925929057e-006 +6.925929057e-006 -1.897299931e+002 -1.897299931e+002 +8.9308e-001 -7.8885e-001 -1.1376e+000
605 +1.683887263e-006 +1.683887263e-006 -1.897299983e+002 -1.897299983e+002 +8.9122e-001 -7.8879e-001 -1.1376e+000
632 +5.249478363e-008 +5.249478363e-008 -1.897299999e+002 -1.897299999e+002 +8.9212e-001 -7.8880e-001 -1.1376e+000
744 +4.844540058e-008 +4.844540058e-008 -1.897300000e+002 -1.897300000e+002 +8.9193e-001 -7.8880e-001 -1.1376e+000
757 +1.094505819e-008 +1.094505819e-008 -1.897300000e+002 -1.897300000e+002 +8.9192e-001 -7.8880e-001 -1.1376e+000
775 +8.478366453e-009 +8.478366453e-009 -1.897300000e+002 -1.897300000e+002 +8.9196e-001 -7.8880e-001 -1.1376e+000
1129 +0.000000000e+000 +0.000000000e+000 -1.897300000e+002 -1.897300000e+002 +8.9200e-001 -7.8880e-001 -1.1376e+000
% function evaluation | noise-free fitness - Fopt (4.659700000000e+002) | best noise-free fitness - Fopt | measured fitness | best measured fitness | x1 | x2...
1 +4.771256098e+006 +4.771256098e+006 +4.771722068e+006 +4.771722068e+006 -2.8882e+000 +1.5750e+000 -1.4690e+000
2 +4.660207519e+006 +4.660207519e+006 +4.660673489e+006 +4.660673489e+006 -1.7768e+000 +1.5516e+000 -1.4360e+000
3 +2.346783575e+006 +2.346783575e+006 +2.347249545e+006 +2.347249545e+006 -3.6786e+000 +1.9408e+000 -6.4966e-001
4 +1.509533684e+006 +1.509533684e+006 +1.509999654e+006 +1.509999654e+006 -3.8900e+000 +8.2647e-001 -4.1001e-001
16 +5.861597419e+004 +5.861597419e+004 +5.908194419e+004 +5.908194419e+004 -3.4375e+000 +1.6025e+000 +5.1395e-001
26 +2.819971738e+003 +2.819971738e+003 +3.285941738e+003 +3.285941738e+003 -3.4665e+000 +1.4895e+000 +7.6161e-001
33 +6.761441778e+002 +6.761441778e+002 +1.142114178e+003 +1.142114178e+003 -4.4572e+000 +5.5118e-001 +7.5996e-001
71 +1.764242664e+002 +1.764242664e+002 +6.423942664e+002 +6.423942664e+002 -3.8386e+000 +4.9825e-002 +7.5739e-001
86 +5.146735518e+001 +5.146735518e+001 +5.174373552e+002 +5.174373552e+002 -3.3594e+000 -4.9035e-001 +7.5067e-001
105 +1.094961309e+001 +1.094961309e+001 +4.769196131e+002 +4.769196131e+002 -3.5753e+000 -2.3459e-001 +7.5203e-001
126 +1.562378445e+000 +1.562378445e+000 +4.675323784e+002 +4.675323784e+002 -9.6701e-001 -2.7644e-001 +7.5047e-001
252 +1.505100608e+000 +1.505100608e+000 +4.674751006e+002 +4.674751006e+002 -3.0548e+000 -2.6647e-001 +7.4964e-001
255 +1.219115039e+000 +1.219115039e+000 +4.671891150e+002 +4.671891150e+002 -2.9623e+000 -2.6774e-001 +7.4978e-001
351 +1.058449495e+000 +1.058449495e+000 +4.670284495e+002 +4.670284495e+002 -2.9274e+000 -2.7409e-001 +7.4970e-001
372 +9.933476370e-001 +9.933476370e-001 +4.669633476e+002 +4.669633476e+002 -2.9081e+000 -2.7310e-001 +7.4964e-001
377 +8.468793355e-001 +8.468793355e-001 +4.668168793e+002 +4.668168793e+002 -2.8491e+000 -2.7660e-001 +7.4966e-001
391 +7.938406866e-001 +7.938406866e-001 +4.667638407e+002 +4.667638407e+002 -2.8303e+000 -2.7431e-001 +7.4967e-001
392 +6.916015623e-001 +6.916015623e-001 +4.666616016e+002 +4.666616016e+002 -2.7855e+000 -2.7472e-001 +7.4965e-001
403 +2.094885842e-001 +2.094885842e-001 +4.661794886e+002 +4.661794886e+002 -2.1997e+000 -2.7501e-001 +7.4926e-001
404 +1.043962725e-001 +1.043962725e-001 +4.660743963e+002 +4.660743963e+002 -2.1725e+000 -2.7950e-001 +7.4963e-001
409 +9.226886257e-002 +9.226886257e-002 +4.660622689e+002 +4.660622689e+002 -1.9702e+000 -2.8292e-001 +7.4948e-001
420 +3.163232580e-003 +3.163232580e-003 +4.659731632e+002 +4.659731632e+002 -1.9136e+000 -2.7445e-001 +7.4955e-001
509 +1.196824212e-003 +1.196824212e-003 +4.659711968e+002 +4.659711968e+002 -1.9135e+000 -2.7463e-001 +7.4959e-001
511 +6.849049470e-004 +6.849049470e-004 +4.659706849e+002 +4.659706849e+002 -1.9302e+000 -2.7353e-001 +7.4958e-001
526 +6.451475119e-004 +6.451475119e-004 +4.659706451e+002 +4.659706451e+002 -1.9195e+000 -2.7393e-001 +7.4958e-001
535 +4.716564484e-004 +4.716564484e-004 +4.659704717e+002 +4.659704717e+002 -1.9297e+000 -2.7330e-001 +7.4959e-001
571 +4.391355107e-004 +4.391355107e-004 +4.659704391e+002 +4.659704391e+002 -1.9262e+000 -2.7373e-001 +7.4959e-001
578 +4.363874990e-004 +4.363874990e-004 +4.659704364e+002 +4.659704364e+002 -1.9294e+000 -2.7362e-001 +7.4959e-001
587 +4.228511501e-004 +4.228511501e-004 +4.659704229e+002 +4.659704229e+002 -1.9292e+000 -2.7362e-001 +7.4959e-001
588 +3.647773811e-004 +3.647773811e-004 +4.659703648e+002 +4.659703648e+002 -1.9276e+000 -2.7370e-001 +7.4959e-001
593 +2.850823028e-004 +2.850823028e-004 +4.659702851e+002 +4.659702851e+002 -1.8987e+000 -2.7356e-001 +7.4959e-001
603 +1.204673641e-004 +1.204673641e-004 +4.659701205e+002 +4.659701205e+002 -1.9189e+000 -2.7363e-001 +7.4959e-001
606 +1.005155456e-004 +1.005155456e-004 +4.659701005e+002 +4.659701005e+002 -1.9063e+000 -2.7357e-001 +7.4959e-001
608 +9.833644572e-005 +9.833644572e-005 +4.659700983e+002 +4.659700983e+002 -1.9168e+000 -2.7366e-001 +7.4959e-001
618 +3.320695976e-005 +3.320695976e-005 +4.659700332e+002 +4.659700332e+002 -1.9056e+000 -2.7366e-001 +7.4960e-001
636 +2.530706206e-005 +2.530706206e-005 +4.659700253e+002 +4.659700253e+002 -1.9101e+000 -2.7351e-001 +7.4960e-001
640 +2.002938544e-005 +2.002938544e-005 +4.659700200e+002 +4.659700200e+002 -1.9093e+000 -2.7361e-001 +7.4960e-001
643 +1.059832812e-005 +1.059832812e-005 +4.659700106e+002 +4.659700106e+002 -1.9115e+000 -2.7354e-001 +7.4960e-001
653 +8.381144028e-006 +8.381144028e-006 +4.659700084e+002 +4.659700084e+002 -1.9091e+000 -2.7361e-001 +7.4960e-001
660 +3.777925656e-006 +3.777925656e-006 +4.659700038e+002 +4.659700038e+002 -1.9121e+000 -2.7357e-001 +7.4960e-001
700 +3.107190423e-006 +3.107190423e-006 +4.659700031e+002 +4.659700031e+002 -1.9110e+000 -2.7356e-001 +7.4960e-001
702 +9.114217505e-007 +9.114217505e-007 +4.659700009e+002 +4.659700009e+002 -1.9117e+000 -2.7359e-001 +7.4960e-001
712 +3.704807341e-007 +3.704807341e-007 +4.659700004e+002 +4.659700004e+002 -1.9114e+000 -2.7362e-001 +7.4960e-001
749 +1.739360869e-007 +1.739360869e-007 +4.659700002e+002 +4.659700002e+002 -1.9109e+000 -2.7359e-001 +7.4960e-001
793 +4.126769682e-008 +4.126769682e-008 +4.659700000e+002 +4.659700000e+002 -1.9113e+000 -2.7360e-001 +7.4960e-001
821 +2.811970035e-008 +2.811970035e-008 +4.659700000e+002 +4.659700000e+002 -1.9113e+000 -2.7360e-001 +7.4960e-001
858 +2.480601324e-008 +2.480601324e-008 +4.659700000e+002 +4.659700000e+002 -1.9111e+000 -2.7360e-001 +7.4960e-001
881 +1.554332130e-008 +1.554332130e-008 +4.659700000e+002 +4.659700000e+002 -1.9112e+000 -2.7360e-001 +7.4960e-001
889 +1.403208216e-008 +1.403208216e-008 +4.659700000e+002 +4.659700000e+002 -1.9112e+000 -2.7360e-001 +7.4960e-001
898 +1.195638788e-008 +1.195638788e-008 +4.659700000e+002 +4.659700000e+002 -1.9112e+000 -2.7360e-001 +7.4960e-001
906 +8.510255611e-009 +8.510255611e-009 +4.659700000e+002 +4.659700000e+002 -1.9112e+000 -2.7360e-001 +7.4960e-001
1236 +0.000000000e+000 +0.000000000e+000 +4.659700000e+002 +4.659700000e+002 -1.9112e+000 -2.7360e-001 +7.4960e-001
% function evaluation | noise-free fitness - Fopt (2.574000000000e+001) | best noise-free fitness - Fopt | measured fitness | best measured fitness | x1 | x2...
1 +2.469485470e+006 +2.469485470e+006 +2.469511210e+006 +2.469511210e+006 -8.8169e-002 -3.4835e+000 -1.4017e+000
12 +2.079057413e+006 +2.079057413e+006 +2.079083153e+006 +2.079083153e+006 +3.9579e+000 +2.5391e+000 -1.2945e+000
20 +8.849312117e+003 +8.849312117e+003 +8.875052117e+003 +8.875052117e+003 +6.9237e-001 -9.9081e-001 +6.1697e-002
37 +3.374211855e+002 +3.374211855e+002 +3.631611855e+002 +3.631611855e+002 +2.0101e+000 +1.2826e+000 +2.6805e-002
80 +2.599660487e+002 +2.599660487e+002 +2.857060487e+002 +2.857060487e+002 +1.0479e+000 +1.4070e+000 +2.4076e-002
94 +7.824458965e+001 +7.824458965e+001 +1.039845896e+002 +1.039845896e+002 +1.1691e+000 +1.9192e+000 +3.6312e-002
124 +4.310808759e+001 +4.310808759e+001 +6.884808759e+001 +6.884808759e+001 +1.1133e+000 +1.8219e+000 +3.4188e-002
130 +3.118996114e+001 +3.118996114e+001 +5.692996114e+001 +5.692996114e+001 +9.6902e-001 +1.9538e+000 +3.2591e-002
140 +3.626324026e+000 +3.626324026e+000 +2.936632403e+001 +2.936632403e+001 +1.0005e+000 +1.8944e+000 +2.8095e-002
257 +2.536993850e+000 +2.536993850e+000 +2.827699385e+001 +2.827699385e+001 +1.0662e-001 +1.9245e+000 +2.8709e-002
259 +8.534189362e-001 +8.534189362e-001 +2.659341894e+001 +2.659341894e+001 -1.4059e-001 +1.8927e+000 +2.7508e-002
324 +5.840152654e-001 +5.840152654e-001 +2.632401527e+001 +2.632401527e+001 -1.3763e-001 +1.8920e+000 +2.8114e-002
375 +5.086178325e-001 +5.086178325e-001 +2.624861783e+001 +2.624861783e+001 -5.5596e-001 +1.8855e+000 +2.7546e-002
394 +4.532090257e-001 +4.532090257e-001 +2.619320903e+001 +2.619320903e+001 -3.7948e-001 +1.8875e+000 +2.7928e-002
399 +4.165078601e-001 +4.165078601e-001 +2.615650786e+001 +2.615650786e+001 -4.3217e-001 +1.8864e+000 +2.7776e-002
408 +3.735304404e-001 +3.735304404e-001 +2.611353044e+001 +2.611353044e+001 -4.2754e-001 +1.8868e+000 +2.7976e-002
409 +3.439052545e-001 +3.439052545e-001 +2.608390525e+001 +2.608390525e+001 -4.3506e-001 +1.8878e+000 +2.8052e-002
412 +3.060577475e-001 +3.060577475e-001 +2.604605775e+001 +2.604605775e+001 -5.2470e-001 +1.8865e+000 +2.7751e-002
413 +2.568622134e-001 +2.568622134e-001 +2.599686221e+001 +2.599686221e+001 -4.4459e-001 +1.8982e+000 +2.7976e-002
432 +1.694785546e-001 +1.694785546e-001 +2.590947855e+001 +2.590947855e+001 -7.1744e-001 +1.8903e+000 +2.7709e-002
451 +1.430787545e-001 +1.430787545e-001 +2.588307875e+001 +2.588307875e+001 -5.5021e-001 +1.8959e+000 +2.8027e-002
468 +1.153317850e-001 +1.153317850e-001 +2.585533179e+001 +2.585533179e+001 -6.4567e-001 +1.8927e+000 +2.8014e-002
487 +1.113184808e-001 +1.113184808e-001 +2.585131848e+001 +2.585131848e+001 -6.3908e-001 +1.8935e+000 +2.7991e-002
491 +5.781277754e-002 +5.781277754e-002 +2.579781278e+001 +2.579781278e+001 -7.7164e-001 +1.8922e+000 +2.7959e-002
498 +2.785077234e-002 +2.785077234e-002 +2.576785077e+001 +2.576785077e+001 -7.8585e-001 +1.8950e+000 +2.7984e-002
504 +6.083229951e-003 +6.083229951e-003 +2.574608323e+001 +2.574608323e+001 -9.7642e-001 +1.8945e+000 +2.7980e-002
505 +5.882919697e-003 +5.882919697e-003 +2.574588292e+001 +2.574588292e+001 -9.0176e-001 +1.8972e+000 +2.8066e-002
523 +4.427420548e-003 +4.427420548e-003 +2.574442742e+001 +2.574442742e+001 -8.7548e-001 +1.8965e+000 +2.8014e-002
533 +4.077813900e-003 +4.077813900e-003 +2.574407781e+001 +2.574407781e+001 -8.8123e-001 +1.8968e+000 +2.7981e-002
542 +7.478718280e-004 +7.478718280e-004 +2.574074787e+001 +2.574074787e+001 -9.5352e-001 +1.8975e+000 +2.7986e-002
655 +7.365643845e-004 +7.365643845e-004 +2.574073656e+001 +2.574073656e+001 -9.4338e-001 +1.8962e+000 +2.7982e-002
659 +4.557424123e-004 +4.557424123e-004 +2.574045574e+001 +2.574045574e+001 -9.3527e-001 +1.8962e+000 +2.8001e-002
671 +3.606660315e-004 +3.606660315e-004 +2.574036067e+001 +2.574036067e+001 -9.5012e-001 +1.8969e+000 +2.7982e-002
672 +1.705809654e-004 +1.705809654e-004 +2.574017058e+001 +2.574017058e+001 -9.3395e-001 +1.8969e+000 +2.7996e-002
680 +1.004655340e-004 +1.004655340e-004 +2.574010047e+001 +2.574010047e+001 -9.4241e-001 +1.8967e+000 +2.7991e-002
695 +6.382873742e-005 +6.382873742e-005 +2.574006383e+001 +2.574006383e+001 -9.4608e-001 +1.8970e+000 +2.7997e-002
705 +5.612568474e-005 +5.612568474e-005 +2.574005613e+001 +2.574005613e+001 -9.4257e-001 +1.8968e+000 +2.8007e-002
719 +1.753676791e-005 +1.753676791e-005 +2.574001754e+001 +2.574001754e+001 -9.4307e-001 +1.8968e+000 +2.7997e-002
751 +1.085254923e-005 +1.085254923e-005 +2.574001085e+001 +2.574001085e+001 -9.4228e-001 +1.8968e+000 +2.8001e-002
758 +6.825402743e-006 +6.825402743e-006 +2.574000683e+001 +2.574000683e+001 -9.4419e-001 +1.8969e+000 +2.8000e-002
760 +3.991951125e-006 +3.991951125e-006 +2.574000399e+001 +2.574000399e+001 -9.4645e-001 +1.8969e+000 +2.8000e-002
770 +3.488998480e-006 +3.488998480e-006 +2.574000349e+001 +2.574000349e+001 -9.4409e-001 +1.8968e+000 +2.8000e-002
774 +3.272993361e-006 +3.272993361e-006 +2.574000327e+001 +2.574000327e+001 -9.4481e-001 +1.8968e+000 +2.8001e-002
782 +2.298155454e-006 +2.298155454e-006 +2.574000230e+001 +2.574000230e+001 -9.4495e-001 +1.8968e+000 +2.8000e-002
797 +2.256641977e-006 +2.256641977e-006 +2.574000226e+001 +2.574000226e+001 -9.4481e-001 +1.8968e+000 +2.8001e-002
800 +1.466863537e-006 +1.466863537e-006 +2.574000147e+001 +2.574000147e+001 -9.4466e-001 +1.8968e+000 +2.8000e-002
826 +1.245862279e-006 +1.245862279e-006 +2.574000125e+001 +2.574000125e+001 -9.4618e-001 +1.8968e+000 +2.8001e-002
833 +1.213696137e-006 +1.213696137e-006 +2.574000121e+001 +2.574000121e+001 -9.4626e-001 +1.8968e+000 +2.8000e-002
840 +7.491210532e-007 +7.491210532e-007 +2.574000075e+001 +2.574000075e+001 -9.4650e-001 +1.8968e+000 +2.8000e-002
843 +5.225469373e-007 +5.225469373e-007 +2.574000052e+001 +2.574000052e+001 -9.4599e-001 +1.8968e+000 +2.8000e-002
851 +3.351091813e-007 +3.351091813e-007 +2.574000034e+001 +2.574000034e+001 -9.4596e-001 +1.8968e+000 +2.8000e-002
857 +2.080774664e-007 +2.080774664e-007 +2.574000021e+001 +2.574000021e+001 -9.4557e-001 +1.8968e+000 +2.8000e-002
873 +1.261843678e-007 +1.261843678e-007 +2.574000013e+001 +2.574000013e+001 -9.4550e-001 +1.8968e+000 +2.8000e-002
877 +6.155947574e-008 +6.155947574e-008 +2.574000006e+001 +2.574000006e+001 -9.4560e-001 +1.8968e+000 +2.8000e-002
886 +5.053854224e-008 +5.053854224e-008 +2.574000005e+001 +2.574000005e+001 -9.4545e-001 +1.8968e+000 +2.8000e-002
888 +2.452376080e-008 +2.452376080e-008 +2.574000002e+001 +2.574000002e+001 -9.4547e-001 +1.8968e+000 +2.8000e-002
915 +1.406800720e-008 +1.406800720e-008 +2.574000001e+001 +2.574000001e+001 -9.4550e-001 +1.8968e+000 +2.8000e-002
923 +1.013048845e-008 +1.013048845e-008 +2.574000001e+001 +2.574000001e+001 -9.4553e-001 +1.8968e+000 +2.8000e-002
944 +3.498019652e-009 +3.498019652e-009 +2.574000000e+001 +2.574000000e+001 -9.4556e-001 +1.8968e+000 +2.8000e-002
1446 +0.000000000e+000 +0.000000000e+000 +2.574000000e+001 +2.574000000e+001 -9.4560e-001 +1.8968e+000 +2.8000e-002
% function evaluation | noise-free fitness - Fopt (4.167000000000e+001) | best noise-free fitness - Fopt | measured fitness | best measured fitness | x1 | x2...
1 +2.650817359e+007 +2.650817359e+007 +2.650821526e+007 +2.650821526e+007 -6.1203e+000 +4.8286e+000 +2.2168e+000
9 +1.972726244e+007 +1.972726244e+007 +1.972730411e+007 +1.972730411e+007 -4.5583e+000 +4.8049e+000 +1.4420e+000
24 +1.923225310e+007 +1.923225310e+007 +1.923229477e+007 +1.923229477e+007 -5.8486e+000 +2.2872e+000 +1.3825e+000
26 +1.212942914e+007 +1.212942914e+007 +1.212947081e+007 +1.212947081e+007 -4.7917e+000 +2.8221e+000 +5.6103e-001
31 +6.467094198e+006 +6.467094198e+006 +6.467135868e+006 +6.467135868e+006 -5.6000e+000 -5.8175e+000 -6.1868e-001
53 +4.407840147e+005 +4.407840147e+005 +4.408256847e+005 +4.408256847e+005 -6.2912e+000 -1.5454e+000 -2.4038e+000
84 +2.620628779e+005 +2.620628779e+005 +2.621045479e+005 +2.621045479e+005 -6.2390e+000 +7.1018e+000 -2.4999e+000
91 +1.197864289e+005 +1.197864289e+005 +1.198280989e+005 +1.198280989e+005 -6.1883e+000 +4.4633e+000 -2.6559e+000
92 +8.099037095e+004 +8.099037095e+004 +8.103204095e+004 +8.103204095e+004 -5.8510e+000 +4.7323e+000 -2.7217e+000
94 +4.980761172e+004 +4.980761172e+004 +4.984928172e+004 +4.984928172e+004 -5.6254e+000 +2.2578e+000 -3.2155e+000
101 +3.140952452e+004 +3.140952452e+004 +3.145119452e+004 +3.145119452e+004 -6.2193e+000 +4.4358e+000 -2.8237e+000
112 +1.116266784e+004 +1.116266784e+004 +1.120433784e+004 +1.120433784e+004 -5.9810e+000 +3.6890e+000 -2.8997e+000
124 +4.708697532e+003 +4.708697532e+003 +4.750367532e+003 +4.750367532e+003 -6.0246e+000 +3.5621e+000 -2.9236e+000
128 +1.802633950e+003 +1.802633950e+003 +1.844303950e+003 +1.844303950e+003 -5.9745e+000 +3.5969e+000 -3.0359e+000
146 +1.020614331e+003 +1.020614331e+003 +1.062284331e+003 +1.062284331e+003 -5.8354e+000 +3.5656e+000 -2.9661e+000
153 +6.855551872e+002 +6.855551872e+002 +7.272251872e+002 +7.272251872e+002 -5.7867e+000 +3.8048e+000 -2.9761e+000
154 +5.623132281e+002 +5.623132281e+002 +6.039832281e+002 +6.039832281e+002 -5.9394e+000 +3.6735e+000 -3.0181e+000
155 +2.239622008e+002 +2.239622008e+002 +2.656322008e+002 +2.656322008e+002 -5.9075e+000 +3.7086e+000 -3.0061e+000
174 +2.172379780e+002 +2.172379780e+002 +2.589079780e+002 +2.589079780e+002 -6.1038e+000 +3.7927e+000 -2.9979e+000
177 +1.854194867e+002 +1.854194867e+002 +2.270894867e+002 +2.270894867e+002 -6.0064e+000 +3.6840e+000 -3.0034e+000
193 +1.785928611e+002 +1.785928611e+002 +2.202628611e+002 +2.202628611e+002 -5.9452e+000 +3.7101e+000 -3.0012e+000
228 +1.020499271e+002 +1.020499271e+002 +1.437199271e+002 +1.437199271e+002 -5.8617e+000 +3.3395e+000 -2.9957e+000
252 +8.948298399e+001 +8.948298399e+001 +1.311529840e+002 +1.311529840e+002 -5.6489e+000 +3.5207e+000 -2.9966e+000
292 +8.829124601e+001 +8.829124601e+001 +1.299612460e+002 +1.299612460e+002 -4.5694e+000 +3.2815e+000 -2.9973e+000
316 +2.928453081e+001 +2.928453081e+001 +7.095453081e+001 +7.095453081e+001 -7.2396e-001 +3.3320e+000 -2.9977e+000
362 +2.070975731e+001 +2.070975731e+001 +6.237975731e+001 +6.237975731e+001 -6.9691e-001 +3.3783e+000 -2.9973e+000
387 +7.192481574e+000 +7.192481574e+000 +4.886248157e+001 +4.886248157e+001 +3.5234e+000 +3.5063e+000 -2.9995e+000
405 +6.927098312e+000 +6.927098312e+000 +4.859709831e+001 +4.859709831e+001 +1.4323e+000 +3.3890e+000 -2.9978e+000
407 +6.966959721e-001 +6.966959721e-001 +4.236669597e+001 +4.236669597e+001 +3.4461e+000 +3.4161e+000 -2.9976e+000
411 +2.423917222e-001 +2.423917222e-001 +4.191239172e+001 +4.191239172e+001 +3.7608e+000 +3.4315e+000 -2.9977e+000
558 +1.678595576e-001 +1.678595576e-001 +4.183785956e+001 +4.183785956e+001 +3.4570e+000 +3.4475e+000 -2.9972e+000
582 +1.101079182e-001 +1.101079182e-001 +4.178010792e+001 +4.178010792e+001 +3.7258e+000 +3.4398e+000 -2.9976e+000
588 +4.218458585e-002 +4.218458585e-002 +4.171218459e+001 +4.171218459e+001 +3.5092e+000 +3.4445e+000 -2.9978e+000
611 +3.222959497e-002 +3.222959497e-002 +4.170222959e+001 +4.170222959e+001 +3.5251e+000 +3.4443e+000 -2.9975e+000
623 +2.216632818e-002 +2.216632818e-002 +4.169216633e+001 +4.169216633e+001 +3.5617e+000 +3.4410e+000 -2.9976e+000
645 +7.069060243e-003 +7.069060243e-003 +4.167706906e+001 +4.167706906e+001 +3.4773e+000 +3.4426e+000 -2.9975e+000
668 +4.319123228e-003 +4.319123228e-003 +4.167431912e+001 +4.167431912e+001 +3.4197e+000 +3.4431e+000 -2.9975e+000
691 +3.628569648e-003 +3.628569648e-003 +4.167362857e+001 +4.167362857e+001 +3.4534e+000 +3.4426e+000 -2.9976e+000
693 +2.016886662e-003 +2.016886662e-003 +4.167201689e+001 +4.167201689e+001 +3.4056e+000 +3.4429e+000 -2.9976e+000
709 +4.750332139e-004 +4.750332139e-004 +4.167047503e+001 +4.167047503e+001 +3.4347e+000 +3.4424e+000 -2.9976e+000
739 +2.993788919e-004 +2.993788919e-004 +4.167029938e+001 +4.167029938e+001 +3.4160e+000 +3.4421e+000 -2.9976e+000
744 +1.411766634e-004 +1.411766634e-004 +4.167014118e+001 +4.167014118e+001 +3.4241e+000 +3.4424e+000 -2.9976e+000
763 +8.685197983e-005 +8.685197983e-005 +4.167008685e+001 +4.167008685e+001 +3.4227e+000 +3.4424e+000 -2.9976e+000
767 +8.248579559e-005 +8.248579559e-005 +4.167008249e+001 +4.167008249e+001 +3.4199e+000 +3.4422e+000 -2.9976e+000
778 +4.788810734e-005 +4.788810734e-005 +4.167004789e+001 +4.167004789e+001 +3.4206e+000 +3.4424e+000 -2.9976e+000
784 +3.861977038e-005 +3.861977038e-005 +4.167003862e+001 +4.167003862e+001 +3.4192e+000 +3.4424e+000 -2.9976e+000
802 +3.479862349e-005 +3.479862349e-005 +4.167003480e+001 +4.167003480e+001 +3.4195e+000 +3.4423e+000 -2.9976e+000
817 +3.388506946e-005 +3.388506946e-005 +4.167003389e+001 +4.167003389e+001 +3.4195e+000 +3.4424e+000 -2.9976e+000
826 +3.329557591e-005 +3.329557591e-005 +4.167003330e+001 +4.167003330e+001 +3.4194e+000 +3.4424e+000 -2.9976e+000
836 +3.163981852e-005 +3.163981852e-005 +4.167003164e+001 +4.167003164e+001 +3.4193e+000 +3.4424e+000 -2.9976e+000
844 +3.155691069e-005 +3.155691069e-005 +4.167003156e+001 +4.167003156e+001 +3.4194e+000 +3.4424e+000 -2.9976e+000
846 +2.960271764e-005 +2.960271764e-005 +4.167002960e+001 +4.167002960e+001 +3.4190e+000 +3.4424e+000 -2.9976e+000
951 +2.813226979e-005 +2.813226979e-005 +4.167002813e+001 +4.167002813e+001 +3.4190e+000 +3.4424e+000 -2.9976e+000
984 +2.747318418e-005 +2.747318418e-005 +4.167002747e+001 +4.167002747e+001 +3.4185e+000 +3.4424e+000 -2.9976e+000
1003 +2.680264937e-005 +2.680264937e-005 +4.167002680e+001 +4.167002680e+001 +3.4188e+000 +3.4424e+000 -2.9976e+000
1006 +2.517568259e-005 +2.517568259e-005 +4.167002518e+001 +4.167002518e+001 +3.4183e+000 +3.4424e+000 -2.9976e+000
1022 +1.542764259e-005 +1.542764259e-005 +4.167001543e+001 +4.167001543e+001 +3.4174e+000 +3.4424e+000 -2.9976e+000
1036 +2.015252996e-006 +2.015252996e-006 +4.167000202e+001 +4.167000202e+001 +3.4150e+000 +3.4424e+000 -2.9976e+000
1055 +1.795535908e-006 +1.795535908e-006 +4.167000180e+001 +4.167000180e+001 +3.4149e+000 +3.4424e+000 -2.9976e+000
1059 +5.216354779e-007 +5.216354779e-007 +4.167000052e+001 +4.167000052e+001 +3.4141e+000 +3.4424e+000 -2.9976e+000
1107 +1.652806105e-007 +1.652806105e-007 +4.167000017e+001 +4.167000017e+001 +3.4137e+000 +3.4424e+000 -2.9976e+000
1111 +1.059407921e-007 +1.059407921e-007 +4.167000011e+001 +4.167000011e+001 +3.4135e+000 +3.4424e+000 -2.9976e+000
1117 +8.659412032e-008 +8.659412032e-008 +4.167000009e+001 +4.167000009e+001 +3.4134e+000 +3.4424e+000 -2.9976e+000
1132 +6.581774414e-008 +6.581774414e-008 +4.167000007e+001 +4.167000007e+001 +3.4134e+000 +3.4424e+000 -2.9976e+000
1138 +5.527301994e-008 +5.527301994e-008 +4.167000006e+001 +4.167000006e+001 +3.4135e+000 +3.4424e+000 -2.9976e+000
1144 +3.522517034e-008 +3.522517034e-008 +4.167000004e+001 +4.167000004e+001 +3.4135e+000 +3.4424e+000 -2.9976e+000
1156 +3.200514698e-008 +3.200514698e-008 +4.167000003e+001 +4.167000003e+001 +3.4135e+000 +3.4424e+000 -2.9976e+000
1168 +3.035302143e-008 +3.035302143e-008 +4.167000003e+001 +4.167000003e+001 +3.4135e+000 +3.4424e+000 -2.9976e+000
1172 +1.889517875e-008 +1.889517875e-008 +4.167000002e+001 +4.167000002e+001 +3.4135e+000 +3.4424e+000 -2.9976e+000
1181 +1.684254869e-008 +1.684254869e-008 +4.167000002e+001 +4.167000002e+001 +3.4136e+000 +3.4424e+000 -2.9976e+000
1190 +9.501903264e-009 +9.501903264e-009 +4.167000001e+001 +4.167000001e+001 +3.4135e+000 +3.4424e+000 -2.9976e+000
1630 +0.000000000e+000 +0.000000000e+000 +4.167000000e+001 +4.167000000e+001 +3.4136e+000 +3.4424e+000 -2.9976e+000
% function evaluation | noise-free fitness - Fopt (-1.909500000000e+002) | best noise-free fitness - Fopt | measured fitness | best measured fitness | x1 | x2...
1 +4.540176786e+007 +4.540176786e+007 +4.540157691e+007 +4.540157691e+007 +3.5571e+000 -4.6415e+000 +3.8399e+000
2 +4.013905796e+007 +4.013905796e+007 +4.013886701e+007 +4.013886701e+007 +6.0720e+000 -7.1370e+000 +3.5324e+000
4 +2.619257343e+007 +2.619257343e+007 +2.619238248e+007 +2.619238248e+007 +2.8156e+000 -4.1630e+000 +2.5056e+000
17 +1.241611271e+007 +1.241611271e+007 +1.241592176e+007 +1.241592176e+007 +2.3519e+000 -3.8873e+000 +9.1657e-001
32 +7.004065504e+006 +7.004065504e+006 +7.003874554e+006 +7.003874554e+006 -2.1059e+000 -4.0431e+000 -1.6359e-001
40 +2.590751524e+006 +2.590751524e+006 +2.590560574e+006 +2.590560574e+006 +2.5234e-001 +2.4822e+000 -9.4301e-001
57 +1.836417401e+006 +1.836417401e+006 +1.836226451e+006 +1.836226451e+006 -6.1221e-001 -2.3819e+000 -1.4391e+000
63 +1.098121121e+006 +1.098121121e+006 +1.097930171e+006 +1.097930171e+006 +6.1539e+000 -4.3669e+000 -1.6530e+000
72 +6.969404532e+004 +6.969404532e+004 +6.950309532e+004 +6.950309532e+004 +4.0416e+000 -2.0084e+000 -2.4168e+000
77 +9.789916701e+002 +9.789916701e+002 +7.880416701e+002 +7.880416701e+002 -4.7671e+000 -3.1738e+000 -2.6499e+000
92 +1.871651160e+002 +1.871651160e+002 -3.784884004e+000 -3.784884004e+000 -6.4542e+000 -2.4470e+000 -2.6712e+000
117 +8.686402907e+001 +8.686402907e+001 -1.040859709e+002 -1.040859709e+002 -8.2523e+000 -2.9364e+000 -2.6706e+000
167 +6.413554563e+001 +6.413554563e+001 -1.268144544e+002 -1.268144544e+002 -8.7330e+000 -2.8627e+000 -2.6827e+000
169 +2.213906908e+001 +2.213906908e+001 -1.688109309e+002 -1.688109309e+002 -2.6795e+000 -2.9100e+000 -2.6814e+000
186 +5.549104554e+000 +5.549104554e+000 -1.854008954e+002 -1.854008954e+002 -1.2692e+000 -2.8902e+000 -2.6771e+000
201 +4.657926327e+000 +4.657926327e+000 -1.862920737e+002 -1.862920737e+002 -2.7915e+000 -2.8953e+000 -2.6786e+000
284 +3.927755604e+000 +3.927755604e+000 -1.870222444e+002 -1.870222444e+002 -3.0425e+000 -2.7835e+000 -2.6765e+000
290 +2.612248791e+000 +2.612248791e+000 -1.883377512e+002 -1.883377512e+002 -2.1067e+000 -2.8222e+000 -2.6760e+000
302 +9.839681738e-001 +9.839681738e-001 -1.899660318e+002 -1.899660318e+002 -2.8112e+000 -2.8067e+000 -2.6782e+000
342 +7.479749116e-001 +7.479749116e-001 -1.902020251e+002 -1.902020251e+002 -2.5914e+000 -2.8076e+000 -2.6771e+000
350 +3.755580899e-001 +3.755580899e-001 -1.905744419e+002 -1.905744419e+002 -2.4630e+000 -2.8118e+000 -2.6774e+000
360 +5.508958596e-002 +5.508958596e-002 -1.908949104e+002 -1.908949104e+002 -2.8409e+000 -2.8273e+000 -2.6775e+000
408 +2.518430506e-003 +2.518430506e-003 -1.909474816e+002 -1.909474816e+002 -2.6855e+000 -2.8300e+000 -2.6776e+000
418 +2.107647507e-003 +2.107647507e-003 -1.909478924e+002 -1.909478924e+002 -2.6496e+000 -2.8308e+000 -2.6776e+000
449 +1.987067553e-003 +1.987067553e-003 -1.909480129e+002 -1.909480129e+002 -2.6752e+000 -2.8296e+000 -2.6776e+000
451 +4.877621218e-004 +4.877621218e-004 -1.909495122e+002 -1.909495122e+002 -2.6226e+000 -2.8293e+000 -2.6776e+000
455 +3.601927448e-004 +3.601927448e-004 -1.909496398e+002 -1.909496398e+002 -2.6523e+000 -2.8299e+000 -2.6776e+000
463 +3.154273439e-004 +3.154273439e-004 -1.909496846e+002 -1.909496846e+002 -2.6529e+000 -2.8297e+000 -2.6776e+000
466 +2.507190113e-004 +2.507190113e-004 -1.909497493e+002 -1.909497493e+002 -2.6366e+000 -2.8296e+000 -2.6776e+000
514 +2.091809823e-004 +2.091809823e-004 -1.909497908e+002 -1.909497908e+002 -2.6466e+000 -2.8300e+000 -2.6776e+000
516 +1.929100810e-004 +1.929100810e-004 -1.909498071e+002 -1.909498071e+002 -2.6462e+000 -2.8292e+000 -2.6776e+000
524 +1.238607410e-004 +1.238607410e-004 -1.909498761e+002 -1.909498761e+002 -2.6382e+000 -2.8295e+000 -2.6776e+000
535 +1.190968507e-004 +1.190968507e-004 -1.909498809e+002 -1.909498809e+002 -2.6419e+000 -2.8293e+000 -2.6776e+000
584 +1.344143465e-005 +1.344143465e-005 -1.909499866e+002 -1.909499866e+002 -2.6419e+000 -2.8297e+000 -2.6776e+000
639 +3.147343506e-006 +3.147343506e-006 -1.909499969e+002 -1.909499969e+002 -2.6418e+000 -2.8296e+000 -2.6776e+000
663 +1.908128382e-006 +1.908128382e-006 -1.909499981e+002 -1.909499981e+002 -2.6420e+000 -2.8296e+000 -2.6776e+000
667 +1.821638051e-006 +1.821638051e-006 -1.909499982e+002 -1.909499982e+002 -2.6422e+000 -2.8296e+000 -2.6776e+000
677 +1.776830317e-006 +1.776830317e-006 -1.909499982e+002 -1.909499982e+002 -2.6422e+000 -2.8296e+000 -2.6776e+000
683 +1.062070965e-006 +1.062070965e-006 -1.909499989e+002 -1.909499989e+002 -2.6423e+000 -2.8296e+000 -2.6776e+000
697 +3.113272555e-007 +3.113272555e-007 -1.909499997e+002 -1.909499997e+002 -2.6427e+000 -2.8296e+000 -2.6776e+000
737 +1.948044144e-007 +1.948044144e-007 -1.909499998e+002 -1.909499998e+002 -2.6435e+000 -2.8296e+000 -2.6776e+000
739 +9.906668197e-008 +9.906668197e-008 -1.909499999e+002 -1.909499999e+002 -2.6429e+000 -2.8296e+000 -2.6776e+000
761 +1.256211135e-008 +1.256211135e-008 -1.909500000e+002 -1.909500000e+002 -2.6432e+000 -2.8296e+000 -2.6776e+000
803 +1.154828055e-008 +1.154828055e-008 -1.909500000e+002 -1.909500000e+002 -2.6432e+000 -2.8296e+000 -2.6776e+000
854 +7.197911600e-009 +7.197911600e-009 -1.909500000e+002 -1.909500000e+002 -2.6433e+000 -2.8296e+000 -2.6776e+000
1264 +0.000000000e+000 +0.000000000e+000 -1.909500000e+002 -1.909500000e+002 -2.6432e+000 -2.8296e+000 -2.6776e+000
% function evaluation | noise-free fitness - Fopt (1.370000000000e+000) | best noise-free fitness - Fopt | measured fitness | best measured fitness | x1 | x2...
1 +1.396063011e+007 +1.396063011e+007 +1.396063148e+007 +1.396063148e+007 +4.0233e+000 -8.8284e-001 +1.4676e-001
19 +3.397153162e+006 +3.397153162e+006 +3.397154532e+006 +3.397154532e+006 +3.7772e+000 -2.2749e+000 +2.1357e+000
31 +5.782018112e+005 +5.782018112e+005 +5.782031812e+005 +5.782031812e+005 +3.5888e+000 -3.1913e+000 +3.0773e+000
56 +3.542382678e+005 +3.542382678e+005 +3.542396378e+005 +3.542396378e+005 +4.0526e+000 -3.0589e+000 +4.4226e+000
57 +1.059008792e+005 +1.059008792e+005 +1.059022492e+005 +1.059022492e+005 +4.3010e+000 -3.3382e+000 +4.1564e+000
62 +6.403711900e+004 +6.403711900e+004 +6.403848900e+004 +6.403848900e+004 +4.2303e+000 -5.0752e+000 +4.0260e+000
106 +5.986268682e+004 +5.986268682e+004 +5.986405682e+004 +5.986405682e+004 +4.4858e+000 -3.9293e+000 +4.0490e+000
118 +3.420905719e+004 +3.420905719e+004 +3.421042719e+004 +3.421042719e+004 +4.4757e+000 -2.8104e+000 +3.7707e+000
124 +3.125380085e+004 +3.125380085e+004 +3.125517085e+004 +3.125517085e+004 +4.3014e+000 -2.9053e+000 +3.7848e+000
131 +1.995476529e+004 +1.995476529e+004 +1.995613529e+004 +1.995613529e+004 +4.2249e+000 -8.5774e-001 +3.7689e+000
184 +1.716633115e+004 +1.716633115e+004 +1.716770115e+004 +1.716770115e+004 +6.3302e+000 -2.1277e+000 +3.8902e+000
201 +1.402968901e+004 +1.402968901e+004 +1.403105901e+004 +1.403105901e+004 +7.6540e+000 -1.7489e+000 +3.8809e+000
206 +4.320469915e+003 +4.320469915e+003 +4.321839915e+003 +4.321839915e+003 +6.4205e+000 -8.1126e-002 +3.8768e+000
256 +3.691328590e+003 +3.691328590e+003 +3.692698590e+003 +3.692698590e+003 +8.0942e+000 +5.1034e-001 +3.8486e+000
283 +2.975605287e+003 +2.975605287e+003 +2.976975287e+003 +2.976975287e+003 +5.5457e+000 +6.7407e-001 +3.9110e+000
353 +2.004030683e+003 +2.004030683e+003 +2.005400683e+003 +2.005400683e+003 +5.6958e+000 +9.6083e-001 +3.9110e+000
395 +8.936098067e+001 +8.936098067e+001 +9.073098067e+001 +9.073098067e+001 +5.2286e+000 +1.9437e+000 +3.8702e+000
414 +2.469305873e+001 +2.469305873e+001 +2.606305873e+001 +2.606305873e+001 +5.2966e+000 +2.1200e+000 +3.8828e+000
467 +7.374626641e+000 +7.374626641e+000 +8.744626641e+000 +8.744626641e+000 +5.6389e+000 +2.0538e+000 +3.8795e+000
567 +5.237838569e+000 +5.237838569e+000 +6.607838569e+000 +6.607838569e+000 +4.7586e+000 +1.9239e+000 +3.8804e+000
577 +1.822407231e+000 +1.822407231e+000 +3.192407231e+000 +3.192407231e+000 +4.6869e+000 +2.0176e+000 +3.8796e+000
589 +1.432697945e+000 +1.432697945e+000 +2.802697945e+000 +2.802697945e+000 +4.4836e+000 +2.0216e+000 +3.8798e+000
624 +2.961343876e-001 +2.961343876e-001 +1.666134388e+000 +1.666134388e+000 +3.9842e+000 +1.9929e+000 +3.8796e+000
638 +2.593169132e-001 +2.593169132e-001 +1.629316913e+000 +1.629316913e+000 +4.1169e+000 +1.9947e+000 +3.8797e+000
669 +1.224371650e-001 +1.224371650e-001 +1.492437165e+000 +1.492437165e+000 +3.8828e+000 +1.9885e+000 +3.8797e+000
682 +9.672648939e-002 +9.672648939e-002 +1.466726489e+000 +1.466726489e+000 +3.8221e+000 +2.0010e+000 +3.8800e+000
686 +3.655991117e-002 +3.655991117e-002 +1.406559911e+000 +1.406559911e+000 +3.7480e+000 +1.9937e+000 +3.8802e+000
702 +1.837300583e-002 +1.837300583e-002 +1.388373006e+000 +1.388373006e+000 +3.8415e+000 +1.9908e+000 +3.8800e+000
708 +6.280494722e-003 +6.280494722e-003 +1.376280495e+000 +1.376280495e+000 +3.7531e+000 +1.9933e+000 +3.8801e+000
709 +6.139230833e-003 +6.139230833e-003 +1.376139231e+000 +1.376139231e+000 +3.7395e+000 +1.9905e+000 +3.8799e+000
720 +7.439636711e-004 +7.439636711e-004 +1.370743964e+000 +1.370743964e+000 +3.7071e+000 +1.9916e+000 +3.8800e+000
726 +1.034702481e-004 +1.034702481e-004 +1.370103470e+000 +1.370103470e+000 +3.7134e+000 +1.9922e+000 +3.8800e+000
802 +1.279276974e-005 +1.279276974e-005 +1.370012793e+000 +1.370012793e+000 +3.7197e+000 +1.9919e+000 +3.8800e+000
847 +1.243198425e-005 +1.243198425e-005 +1.370012432e+000 +1.370012432e+000 +3.7207e+000 +1.9920e+000 +3.8800e+000
860 +6.464230227e-006 +6.464230227e-006 +1.370006464e+000 +1.370006464e+000 +3.7206e+000 +1.9920e+000 +3.8800e+000
882 +5.758940441e-006 +5.758940441e-006 +1.370005759e+000 +1.370005759e+000 +3.7197e+000 +1.9920e+000 +3.8800e+000
888 +3.074852565e-006 +3.074852565e-006 +1.370003075e+000 +1.370003075e+000 +3.7200e+000 +1.9920e+000 +3.8800e+000
904 +2.297142103e-006 +2.297142103e-006 +1.370002297e+000 +1.370002297e+000 +3.7203e+000 +1.9920e+000 +3.8800e+000
906 +2.159104223e-006 +2.159104223e-006 +1.370002159e+000 +1.370002159e+000 +3.7203e+000 +1.9920e+000 +3.8800e+000
907 +1.861069799e-006 +1.861069799e-006 +1.370001861e+000 +1.370001861e+000 +3.7203e+000 +1.9920e+000 +3.8800e+000
932 +3.742980368e-007 +3.742980368e-007 +1.370000374e+000 +1.370000374e+000 +3.7219e+000 +1.9920e+000 +3.8800e+000
954 +1.906932283e-007 +1.906932283e-007 +1.370000191e+000 +1.370000191e+000 +3.7214e+000 +1.9920e+000 +3.8800e+000
987 +1.848673390e-007 +1.848673390e-007 +1.370000185e+000 +1.370000185e+000 +3.7218e+000 +1.9920e+000 +3.8800e+000
993 +1.515579096e-007 +1.515579096e-007 +1.370000152e+000 +1.370000152e+000 +3.7217e+000 +1.9920e+000 +3.8800e+000
1014 +1.288673206e-007 +1.288673206e-007 +1.370000129e+000 +1.370000129e+000 +3.7218e+000 +1.9920e+000 +3.8800e+000
1022 +9.539755408e-008 +9.539755408e-008 +1.370000095e+000 +1.370000095e+000 +3.7217e+000 +1.9920e+000 +3.8800e+000
1041 +6.885368764e-008 +6.885368764e-008 +1.370000069e+000 +1.370000069e+000 +3.7217e+000 +1.9920e+000 +3.8800e+000
1052 +5.448731777e-008 +5.448731777e-008 +1.370000054e+000 +1.370000054e+000 +3.7217e+000 +1.9920e+000 +3.8800e+000
1053 +5.278965376e-008 +5.278965376e-008 +1.370000053e+000 +1.370000053e+000 +3.7217e+000 +1.9920e+000 +3.8800e+000
1059 +5.116558754e-008 +5.116558754e-008 +1.370000051e+000 +1.370000051e+000 +3.7217e+000 +1.9920e+000 +3.8800e+000
1066 +1.182697518e-008 +1.182697518e-008 +1.370000012e+000 +1.370000012e+000 +3.7217e+000 +1.9920e+000 +3.8800e+000
1097 +8.167749588e-009 +8.167749588e-009 +1.370000008e+000 +1.370000008e+000 +3.7216e+000 +1.9920e+000 +3.8800e+000
1539 +0.000000000e+000 +0.000000000e+000 +1.370000000e+000 +1.370000000e+000 +3.7216e+000 +1.9920e+000 +3.8800e+000
% function evaluation | noise-free fitness - Fopt (-1.645800000000e+002) | best noise-free fitness - Fopt | measured fitness | best measured fitness | x1 | x2...
1 +2.568201377e+007 +2.568201377e+007 +2.568184919e+007 +2.568184919e+007 -1.5494e+000 -4.7766e+000 +2.3911e+000
3 +1.871066903e+007 +1.871066903e+007 +1.871050445e+007 +1.871050445e+007 -2.0718e+000 -4.7623e+000 +1.5772e+000
8 +1.101966048e+007 +1.101966048e+007 +1.101949590e+007 +1.101949590e+007 -1.5187e+000 -3.6892e+000 +6.7117e-001
18 +8.922890952e+006 +8.922890952e+006 +8.922726372e+006 +8.922726372e+006 -1.9100e+000 -1.8082e+000 +3.0800e-001
29 +6.637491019e+005 +6.637491019e+005 +6.635845219e+005 +6.635845219e+005 +1.6717e-001 -3.8443e+000 -3.5939e+000
62 +6.177728341e+005 +6.177728341e+005 +6.176082541e+005 +6.176082541e+005 -2.9427e+000 -4.1741e+000 -1.8857e+000
63 +5.784218608e+005 +5.784218608e+005 +5.782572808e+005 +5.782572808e+005 -7.8732e-001 -4.0736e+000 -1.9142e+000
70 +5.292796729e+004 +5.292796729e+004 +5.276338729e+004 +5.276338729e+004 +2.0509e+000 -4.9513e+000 -2.5662e+000
87 +1.709110897e+004 +1.709110897e+004 +1.692652897e+004 +1.692652897e+004 -6.9174e-002 -4.0433e+000 -2.7058e+000
123 +1.223278170e+004 +1.223278170e+004 +1.206820170e+004 +1.206820170e+004 +8.0982e-002 -3.1165e+000 -2.7959e+000
145 +8.701596446e+003 +8.701596446e+003 +8.537016446e+003 +8.537016446e+003 -2.0239e-001 -3.0263e+000 -2.7247e+000
146 +5.465649729e+003 +5.465649729e+003 +5.301069729e+003 +5.301069729e+003 +1.1029e+000 +1.5789e+000 -2.7974e+000
154 +3.167990203e+003 +3.167990203e+003 +3.003410203e+003 +3.003410203e+003 +1.6052e-001 -1.5794e+000 -2.7574e+000
176 +1.133070950e+002 +1.133070950e+002 -5.127290502e+001 -5.127290502e+001 +9.8247e-002 -3.6402e-001 -2.7384e+000
208 +9.206421059e+001 +9.206421059e+001 -7.251578941e+001 -7.251578941e+001 +1.1766e+000 +9.6927e-002 -2.7475e+000
259 +4.492485896e+001 +4.492485896e+001 -1.196551410e+002 -1.196551410e+002 -6.1415e+000 -1.5776e-001 -2.7401e+000
275 +1.923022043e+001 +1.923022043e+001 -1.453497796e+002 -1.453497796e+002 -1.6677e+000 +1.0571e-001 -2.7379e+000
297 +9.730249352e+000 +9.730249352e+000 -1.548497506e+002 -1.548497506e+002 -1.5042e+000 +2.2590e-002 -2.7362e+000
300 +5.512182287e+000 +5.512182287e+000 -1.590678177e+002 -1.590678177e+002 -1.5202e+000 -8.4676e-002 -2.7400e+000
302 +2.172596627e+000 +2.172596627e+000 -1.624074034e+002 -1.624074034e+002 -6.3770e-001 -1.1543e-002 -2.7396e+000
342 +1.264301670e+000 +1.264301670e+000 -1.633156983e+002 -1.633156983e+002 -6.6922e-001 -6.5434e-003 -2.7378e+000
351 +6.042654429e-001 +6.042654429e-001 -1.639757346e+002 -1.639757346e+002 -7.0608e-001 -1.8950e-002 -2.7378e+000
353 +2.312280089e-002 +2.312280089e-002 -1.645568772e+002 -1.645568772e+002 -7.2756e-001 -3.7223e-002 -2.7383e+000
412 +1.818301621e-002 +1.818301621e-002 -1.645618170e+002 -1.645618170e+002 -6.9599e-001 -3.6254e-002 -2.7383e+000
415 +1.311409880e-002 +1.311409880e-002 -1.645668859e+002 -1.645668859e+002 -7.5661e-001 -3.3092e-002 -2.7384e+000
420 +6.316587557e-003 +6.316587557e-003 -1.645736834e+002 -1.645736834e+002 -7.6682e-001 -3.5501e-002 -2.7384e+000
428 +5.006718469e-003 +5.006718469e-003 -1.645749933e+002 -1.645749933e+002 -7.6673e-001 -3.4884e-002 -2.7384e+000
434 +2.243418874e-003 +2.243418874e-003 -1.645777566e+002 -1.645777566e+002 -8.2950e-001 -3.5652e-002 -2.7384e+000
470 +1.332600186e-003 +1.332600186e-003 -1.645786674e+002 -1.645786674e+002 -7.9763e-001 -3.5877e-002 -2.7384e+000
473 +2.506839625e-004 +2.506839625e-004 -1.645797493e+002 -1.645797493e+002 -8.3420e-001 -3.5786e-002 -2.7384e+000
511 +1.503101180e-004 +1.503101180e-004 -1.645798497e+002 -1.645798497e+002 -8.2145e-001 -3.6011e-002 -2.7384e+000
537 +1.463798338e-004 +1.463798338e-004 -1.645798536e+002 -1.645798536e+002 -8.1852e-001 -3.5976e-002 -2.7384e+000
541 +1.327184144e-004 +1.327184144e-004 -1.645798673e+002 -1.645798673e+002 -8.2151e-001 -3.5869e-002 -2.7384e+000
543 +8.938440794e-005 +8.938440794e-005 -1.645799106e+002 -1.645799106e+002 -8.2198e-001 -3.6015e-002 -2.7384e+000
546 +8.866256965e-005 +8.866256965e-005 -1.645799113e+002 -1.645799113e+002 -8.2242e-001 -3.5945e-002 -2.7384e+000
568 +6.866438829e-005 +6.866438829e-005 -1.645799313e+002 -1.645799313e+002 -8.2450e-001 -3.5814e-002 -2.7384e+000
575 +4.309666014e-005 +4.309666014e-005 -1.645799569e+002 -1.645799569e+002 -8.2300e-001 -3.5823e-002 -2.7384e+000
577 +2.830093635e-005 +2.830093635e-005 -1.645799717e+002 -1.645799717e+002 -8.2286e-001 -3.6072e-002 -2.7384e+000
587 +2.087854620e-005 +2.087854620e-005 -1.645799791e+002 -1.645799791e+002 -8.2322e-001 -3.6104e-002 -2.7384e+000
589 +1.652781347e-005 +1.652781347e-005 -1.645799835e+002 -1.645799835e+002 -8.2194e-001 -3.6088e-002 -2.7384e+000
590 +2.720842247e-006 +2.720842247e-006 -1.645799973e+002 -1.645799973e+002 -8.2311e-001 -3.6011e-002 -2.7384e+000
646 +8.969598753e-007 +8.969598753e-007 -1.645799991e+002 -1.645799991e+002 -8.2307e-001 -3.5978e-002 -2.7384e+000
651 +8.800383569e-007 +8.800383569e-007 -1.645799991e+002 -1.645799991e+002 -8.2324e-001 -3.6008e-002 -2.7384e+000
676 +3.889279867e-007 +3.889279867e-007 -1.645799996e+002 -1.645799996e+002 -8.2233e-001 -3.5990e-002 -2.7384e+000
700 +1.455594258e-007 +1.455594258e-007 -1.645799999e+002 -1.645799999e+002 -8.2258e-001 -3.6001e-002 -2.7384e+000
725 +2.405946020e-008 +2.405946020e-008 -1.645800000e+002 -1.645800000e+002 -8.2229e-001 -3.5999e-002 -2.7384e+000
742 +9.199936812e-009 +9.199936812e-009 -1.645800000e+002 -1.645800000e+002 -8.2240e-001 -3.6003e-002 -2.7384e+000
1096 +0.000000000e+000 +0.000000000e+000 -1.645800000e+002 -1.645800000e+002 -8.2240e-001 -3.6000e-002 -2.7384e+000
% function evaluation | noise-free fitness - Fopt (-1.803800000000e+002) | best noise-free fitness - Fopt | measured fitness | best measured fitness | x1 | x2...
1 +3.383928516e+006 +3.383928516e+006 +3.383748136e+006 +3.383748136e+006 -3.5546e+000 +5.2695e+000 +8.5809e-001
9 +3.304298032e+006 +3.304298032e+006 +3.304117652e+006 +3.304117652e+006 -3.3421e+000 +5.6191e+000 +8.8779e-001
13 +3.012101375e+006 +3.012101375e+006 +3.011920995e+006 +3.011920995e+006 -3.6333e+000 +4.7757e+000 +9.9003e-001
21 +1.633927137e+006 +1.633927137e+006 +1.633746757e+006 +1.633746757e+006 -9.3927e+000 +2.3594e+000 +1.4077e+000
22 +1.456962773e+006 +1.456962773e+006 +1.456782393e+006 +1.456782393e+006 -2.5182e+000 +5.8359e+000 +1.4604e+000
23 +1.850869851e+004 +1.850869851e+004 +1.832831851e+004 +1.832831851e+004 -2.6579e+000 +4.8329e+000 +2.7366e+000
33 +1.569703056e+004 +1.569703056e+004 +1.551665056e+004 +1.551665056e+004 -7.2022e+000 +4.5062e+000 +2.7223e+000
44 +5.904133957e+003 +5.904133957e+003 +5.723753957e+003 +5.723753957e+003 -5.9317e+000 +3.1154e+000 +2.5199e+000
45 +3.746024392e+003 +3.746024392e+003 +3.565644392e+003 +3.565644392e+003 -8.7665e+000 +4.0318e+000 +2.6561e+000
110 +9.212106453e+002 +9.212106453e+002 +7.408306453e+002 +7.408306453e+002 +1.4670e+001 +3.9243e+000 +2.6241e+000
292 +8.533701217e+002 +8.533701217e+002 +6.729901217e+002 +6.729901217e+002 +2.2904e+001 +3.5001e+000 +2.6024e+000
294 +6.557163815e+002 +6.557163815e+002 +4.753363815e+002 +4.753363815e+002 +8.7287e+000 +2.8968e+000 +2.6166e+000
302 +6.311358390e+002 +6.311358390e+002 +4.507558390e+002 +4.507558390e+002 +1.5720e+001 +3.4281e+000 +2.5857e+000
303 +4.495200847e+002 +4.495200847e+002 +2.691400847e+002 +2.691400847e+002 +1.7137e+001 +3.3835e+000 +2.6113e+000
322 +4.227274689e+002 +4.227274689e+002 +2.423474689e+002 +2.423474689e+002 +1.7460e+001 +3.5621e+000 +2.6073e+000
323 +3.419641709e+002 +3.419641709e+002 +1.615841709e+002 +1.615841709e+002 +1.5669e+001 +3.4644e+000 +2.6085e+000
361 +3.036734615e+002 +3.036734615e+002 +1.232934615e+002 +1.232934615e+002 +1.5055e+001 +3.4018e+000 +2.6041e+000
383 +2.933014834e+002 +2.933014834e+002 +1.129214834e+002 +1.129214834e+002 +1.4645e+001 +3.4298e+000 +2.6026e+000
389 +2.862265659e+002 +2.862265659e+002 +1.058465659e+002 +1.058465659e+002 +1.3926e+001 +3.4269e+000 +2.6048e+000
399 +2.813880745e+002 +2.813880745e+002 +1.010080745e+002 +1.010080745e+002 +1.3761e+001 +3.4518e+000 +2.6037e+000
429 +2.752416702e+002 +2.752416702e+002 +9.486167023e+001 +9.486167023e+001 +1.2355e+001 +3.4279e+000 +2.6039e+000
446 +1.073651126e+002 +1.073651126e+002 -7.301488743e+001 -7.301488743e+001 +6.9507e+000 +3.4411e+000 +2.6034e+000
463 +2.013235019e+001 +2.013235019e+001 -1.602476498e+002 -1.602476498e+002 +2.0026e-002 +3.3907e+000 +2.6039e+000
488 +1.142289161e+001 +1.142289161e+001 -1.689571084e+002 -1.689571084e+002 -2.2932e+000 +3.3695e+000 +2.6042e+000
496 +7.197768328e+000 +7.197768328e+000 -1.731822317e+002 -1.731822317e+002 -2.8560e+000 +3.3884e+000 +2.6021e+000
500 +6.775765537e+000 +6.775765537e+000 -1.736042345e+002 -1.736042345e+002 -4.2840e+000 +3.3769e+000 +2.6029e+000
516 +5.362931929e+000 +5.362931929e+000 -1.750170681e+002 -1.750170681e+002 -3.7516e+000 +3.3845e+000 +2.6031e+000
529 +4.006901684e+000 +4.006901684e+000 -1.763730983e+002 -1.763730983e+002 -3.6628e+000 +3.4049e+000 +2.6023e+000
547 +2.692748217e+000 +2.692748217e+000 -1.776872518e+002 -1.776872518e+002 -3.9401e+000 +3.4222e+000 +2.6024e+000
550 +1.335453870e+000 +1.335453870e+000 -1.790445461e+002 -1.790445461e+002 -3.8708e+000 +3.4324e+000 +2.6028e+000
564 +9.939269808e-001 +9.939269808e-001 -1.793860730e+002 -1.793860730e+002 -3.8934e+000 +3.4369e+000 +2.6028e+000
581 +6.812599146e-001 +6.812599146e-001 -1.796987401e+002 -1.796987401e+002 -4.4796e+000 +3.4626e+000 +2.6026e+000
591 +1.973737414e-001 +1.973737414e-001 -1.801826263e+002 -1.801826263e+002 -3.9598e+000 +3.4758e+000 +2.6029e+000
614 +1.421541266e-001 +1.421541266e-001 -1.802378459e+002 -1.802378459e+002 -3.9337e+000 +3.4554e+000 +2.6029e+000
621 +9.935272938e-003 +9.935272938e-003 -1.803700647e+002 -1.803700647e+002 -3.9124e+000 +3.4627e+000 +2.6031e+000
632 +6.632151820e-003 +6.632151820e-003 -1.803733678e+002 -1.803733678e+002 -3.9181e+000 +3.4650e+000 +2.6031e+000
684 +8.512614595e-004 +8.512614595e-004 -1.803791487e+002 -1.803791487e+002 -3.8781e+000 +3.4655e+000 +2.6032e+000
716 +4.975773603e-004 +4.975773603e-004 -1.803795024e+002 -1.803795024e+002 -3.8712e+000 +3.4648e+000 +2.6032e+000
720 +1.049699888e-004 +1.049699888e-004 -1.803798950e+002 -1.803798950e+002 -3.8853e+000 +3.4648e+000 +2.6032e+000
784 +5.326031356e-005 +5.326031356e-005 -1.803799467e+002 -1.803799467e+002 -3.8972e+000 +3.4647e+000 +2.6032e+000
792 +5.182126131e-006 +5.182126131e-006 -1.803799948e+002 -1.803799948e+002 -3.8929e+000 +3.4647e+000 +2.6032e+000
887 +3.346561130e-006 +3.346561130e-006 -1.803799967e+002 -1.803799967e+002 -3.8938e+000 +3.4648e+000 +2.6032e+000
903 +3.248227671e-006 +3.248227671e-006 -1.803799968e+002 -1.803799968e+002 -3.8939e+000 +3.4648e+000 +2.6032e+000
914 +2.945832279e-006 +2.945832279e-006 -1.803799971e+002 -1.803799971e+002 -3.8925e+000 +3.4649e+000 +2.6032e+000
916 +2.497776450e-006 +2.497776450e-006 -1.803799975e+002 -1.803799975e+002 -3.8935e+000 +3.4648e+000 +2.6032e+000
919 +1.295648502e-006 +1.295648502e-006 -1.803799987e+002 -1.803799987e+002 -3.8923e+000 +3.4648e+000 +2.6032e+000
933 +1.223221005e-006 +1.223221005e-006 -1.803799988e+002 -1.803799988e+002 -3.8921e+000 +3.4648e+000 +2.6032e+000
934 +7.651169653e-007 +7.651169653e-007 -1.803799992e+002 -1.803799992e+002 -3.8934e+000 +3.4648e+000 +2.6032e+000
935 +7.286396908e-007 +7.286396908e-007 -1.803799993e+002 -1.803799993e+002 -3.8926e+000 +3.4648e+000 +2.6032e+000
936 +5.548440640e-008 +5.548440640e-008 -1.803799999e+002 -1.803799999e+002 -3.8928e+000 +3.4648e+000 +2.6032e+000
987 +9.099210274e-010 +9.099210274e-010 -1.803800000e+002 -1.803800000e+002 -3.8928e+000 +3.4648e+000 +2.6032e+000
1509 +0.000000000e+000 +0.000000000e+000 -1.803800000e+002 -1.803800000e+002 -3.8928e+000 +3.4648e+000 +2.6032e+000
