% function evaluation | noise-free fitness - Fopt (-1.000000000000e+003) | best noise-free fitness - Fopt | measured fitness | best measured fitness | x1 | x2...
1 +1.083561358e+002 +1.083561358e+002 -8.916438642e+002 -8.916438642e+002
3 +9.130604731e+001 +9.130604731e+001 -9.086939527e+002 -9.086939527e+002
36 +8.654610528e+001 +8.654610528e+001 -9.134538947e+002 -9.134538947e+002
1019 +8.498043474e+001 +8.498043474e+001 -9.150195653e+002 -9.150195653e+002
1470 +8.288877833e+001 +8.288877833e+001 -9.171112217e+002 -9.171112217e+002
1910 +7.954911387e+001 +7.954911387e+001 -9.204508861e+002 -9.204508861e+002
2239 +7.697296074e+001 +7.697296074e+001 -9.230270393e+002 -9.230270393e+002
2645 +7.373073191e+001 +7.373073191e+001 -9.262692681e+002 -9.262692681e+002
2849 +7.193755657e+001 +7.193755657e+001 -9.280624434e+002 -9.280624434e+002
2971 +6.828448710e+001 +6.828448710e+001 -9.317155129e+002 -9.317155129e+002
3155 +6.755389308e+001 +6.755389308e+001 -9.324461069e+002 -9.324461069e+002
3229 +6.172309623e+001 +6.172309623e+001 -9.382769038e+002 -9.382769038e+002
3441 +5.851562269e+001 +5.851562269e+001 -9.414843773e+002 -9.414843773e+002
3596 +5.745766698e+001 +5.745766698e+001 -9.425423330e+002 -9.425423330e+002
3624 +5.451820489e+001 +5.451820489e+001 -9.454817951e+002 -9.454817951e+002
3640 +4.817549371e+001 +4.817549371e+001 -9.518245063e+002 -9.518245063e+002
3707 +4.238560878e+001 +4.238560878e+001 -9.576143912e+002 -9.576143912e+002
4041 +3.618399872e+001 +3.618399872e+001 -9.638160013e+002 -9.638160013e+002
4042 +3.430729568e+001 +3.430729568e+001 -9.656927043e+002 -9.656927043e+002
4258 +2.911773234e+001 +2.911773234e+001 -9.708822677e+002 -9.708822677e+002
4327 +2.872595207e+001 +2.872595207e+001 -9.712740479e+002 -9.712740479e+002
4384 +2.299646269e+001 +2.299646269e+001 -9.770035373e+002 -9.770035373e+002
4804 +2.035428408e+001 +2.035428408e+001 -9.796457159e+002 -9.796457159e+002
4983 +1.594171375e+001 +1.594171375e+001 -9.840582863e+002 -9.840582863e+002
5044 +1.364021949e+001 +1.364021949e+001 -9.863597805e+002 -9.863597805e+002
5186 +1.302741823e+001 +1.302741823e+001 -9.869725818e+002 -9.869725818e+002
5381 +1.255577910e+001 +1.255577910e+001 -9.874442209e+002 -9.874442209e+002
5407 +1.120457518e+001 +1.120457518e+001 -9.887954248e+002 -9.887954248e+002
5626 +8.778671612e+000 +8.778671612e+000 -9.912213284e+002 -9.912213284e+002
6175 +8.689546308e+000 +8.689546308e+000 -9.913104537e+002 -9.913104537e+002
6264 +8.473334377e+000 +8.473334377e+000 -9.915266656e+002 -9.915266656e+002
6276 +6.261564386e+000 +6.261564386e+000 -9.937384356e+002 -9.937384356e+002
6405 +6.160650435e+000 +6.160650435e+000 -9.938393496e+002 -9.938393496e+002
6852 +5.501156907e+000 +5.501156907e+000 -9.944988431e+002 -9.944988431e+002
6934 +4.111045645e+000 +4.111045645e+000 -9.958889544e+002 -9.958889544e+002
7240 +3.664940189e+000 +3.664940189e+000 -9.963350598e+002 -9.963350598e+002
7549 +3.092134395e+000 +3.092134395e+000 -9.969078656e+002 -9.969078656e+002
7719 +2.894593743e+000 +2.894593743e+000 -9.971054063e+002 -9.971054063e+002
7792 +2.635155039e+000 +2.635155039e+000 -9.973648450e+002 -9.973648450e+002
7960 +2.452460440e+000 +2.452460440e+000 -9.975475396e+002 -9.975475396e+002
8283 +2.391151035e+000 +2.391151035e+000 -9.976088490e+002 -9.976088490e+002
8315 +2.203609857e+000 +2.203609857e+000 -9.977963901e+002 -9.977963901e+002
8476 +2.153767205e+000 +2.153767205e+000 -9.978462328e+002 -9.978462328e+002
8838 +2.126218745e+000 +2.126218745e+000 -9.978737813e+002 -9.978737813e+002
9254 +2.045261540e+000 +2.045261540e+000 -9.979547385e+002 -9.979547385e+002
9413 +2.040274843e+000 +2.040274843e+000 -9.979597252e+002 -9.979597252e+002
11263 +1.989042947e+000 +1.989042947e+000 -9.980109571e+002 -9.980109571e+002
% function evaluation | noise-free fitness - Fopt (1.000000000000e+003) | best noise-free fitness - Fopt | measured fitness | best measured fitness | x1 | x2...
1 +8.704794995e+001 +8.704794995e+001 +1.087047950e+003 +1.087047950e+003
1647 +8.490956162e+001 +8.490956162e+001 +1.084909562e+003 +1.084909562e+003
2820 +8.181475800e+001 +8.181475800e+001 +1.081814758e+003 +1.081814758e+003
3653 +8.126224159e+001 +8.126224159e+001 +1.081262242e+003 +1.081262242e+003
3834 +7.916994644e+001 +7.916994644e+001 +1.079169946e+003 +1.079169946e+003
4003 +7.757050609e+001 +7.757050609e+001 +1.077570506e+003 +1.077570506e+003
4054 +7.576525999e+001 +7.576525999e+001 +1.075765260e+003 +1.075765260e+003
4224 +7.381586478e+001 +7.381586478e+001 +1.073815865e+003 +1.073815865e+003
4481 +7.175077445e+001 +7.175077445e+001 +1.071750774e+003 +1.071750774e+003
4685 +7.069359872e+001 +7.069359872e+001 +1.070693599e+003 +1.070693599e+003
5049 +6.904594457e+001 +6.904594457e+001 +1.069045945e+003 +1.069045945e+003
5160 +6.712381457e+001 +6.712381457e+001 +1.067123815e+003 +1.067123815e+003
5488 +6.577543391e+001 +6.577543391e+001 +1.065775434e+003 +1.065775434e+003
5855 +6.446908796e+001 +6.446908796e+001 +1.064469088e+003 +1.064469088e+003
6009 +6.262216844e+001 +6.262216844e+001 +1.062622168e+003 +1.062622168e+003
6217 +6.089220624e+001 +6.089220624e+001 +1.060892206e+003 +1.060892206e+003
6266 +6.000187818e+001 +6.000187818e+001 +1.060001878e+003 +1.060001878e+003
6670 +5.883163936e+001 +5.883163936e+001 +1.058831639e+003 +1.058831639e+003
6814 +5.743309637e+001 +5.743309637e+001 +1.057433096e+003 +1.057433096e+003
7453 +5.465790485e+001 +5.465790485e+001 +1.054657905e+003 +1.054657905e+003
8240 +5.366721544e+001 +5.366721544e+001 +1.053667215e+003 +1.053667215e+003
8406 +5.248026423e+001 +5.248026423e+001 +1.052480264e+003 +1.052480264e+003
9698 +5.081169725e+001 +5.081169725e+001 +1.050811697e+003 +1.050811697e+003
% function evaluation | noise-free fitness - Fopt (-4.913000000000e+001) | best noise-free fitness - Fopt | measured fitness | best measured fitness | x1 | x2...
1 +2.414587880e+002 +2.414587880e+002 +1.923287880e+002 +1.923287880e+002
2 +1.815465161e+002 +1.815465161e+002 +1.324165161e+002 +1.324165161e+002
3 +1.575417731e+002 +1.575417731e+002 +1.084117731e+002 +1.084117731e+002
5 +1.377311824e+002 +1.377311824e+002 +8.860118236e+001 +8.860118236e+001
10 +9.780863014e+001 +9.780863014e+001 +4.867863014e+001 +4.867863014e+001
44 +9.397833386e+001 +9.397833386e+001 +4.484833386e+001 +4.484833386e+001
68 +8.673396812e+001 +8.673396812e+001 +3.760396812e+001 +3.760396812e+001
1908 +8.481624690e+001 +8.481624690e+001 +3.568624690e+001 +3.568624690e+001
2613 +8.260610675e+001 +8.260610675e+001 +3.347610675e+001 +3.347610675e+001
3404 +8.046122470e+001 +8.046122470e+001 +3.133122470e+001 +3.133122470e+001
3406 +7.676816843e+001 +7.676816843e+001 +2.763816843e+001 +2.763816843e+001
3727 +7.500337463e+001 +7.500337463e+001 +2.587337463e+001 +2.587337463e+001
3822 +7.396087399e+001 +7.396087399e+001 +2.483087399e+001 +2.483087399e+001
4106 +7.218776397e+001 +7.218776397e+001 +2.305776397e+001 +2.305776397e+001
4246 +6.848986400e+001 +6.848986400e+001 +1.935986400e+001 +1.935986400e+001
4300 +6.707069424e+001 +6.707069424e+001 +1.794069424e+001 +1.794069424e+001
4610 +6.128649687e+001 +6.128649687e+001 +1.215649687e+001 +1.215649687e+001
4617 +5.774302017e+001 +5.774302017e+001 +8.613020169e+000 +8.613020169e+000
4700 +5.536502968e+001 +5.536502968e+001 +6.235029682e+000 +6.235029682e+000
4844 +5.073092677e+001 +5.073092677e+001 +1.600926773e+000 +1.600926773e+000
4904 +4.616719074e+001 +4.616719074e+001 -2.962809261e+000 -2.962809261e+000
5121 +4.518180682e+001 +4.518180682e+001 -3.948193178e+000 -3.948193178e+000
5225 +3.856445098e+001 +3.856445098e+001 -1.056554902e+001 -1.056554902e+001
5229 +3.565034268e+001 +3.565034268e+001 -1.347965732e+001 -1.347965732e+001
5421 +2.824722149e+001 +2.824722149e+001 -2.088277851e+001 -2.088277851e+001
5489 +2.157156988e+001 +2.157156988e+001 -2.755843012e+001 -2.755843012e+001
5851 +1.836178656e+001 +1.836178656e+001 -3.076821344e+001 -3.076821344e+001
6085 +1.758979819e+001 +1.758979819e+001 -3.154020181e+001 -3.154020181e+001
6246 +1.535502430e+001 +1.535502430e+001 -3.377497570e+001 -3.377497570e+001
6262 +1.168871922e+001 +1.168871922e+001 -3.744128078e+001 -3.744128078e+001
6704 +1.071394252e+001 +1.071394252e+001 -3.841605748e+001 -3.841605748e+001
6742 +7.919809350e+000 +7.919809350e+000 -4.121019065e+001 -4.121019065e+001
6903 +6.009498395e+000 +6.009498395e+000 -4.312050161e+001 -4.312050161e+001
7273 +4.451886041e+000 +4.451886041e+000 -4.467811396e+001 -4.467811396e+001
7788 +4.134144522e+000 +4.134144522e+000 -4.499585548e+001 -4.499585548e+001
7827 +3.938319861e+000 +3.938319861e+000 -4.519168014e+001 -4.519168014e+001
7872 +2.579326054e+000 +2.579326054e+000 -4.655067395e+001 -4.655067395e+001
7980 +2.145179002e+000 +2.145179002e+000 -4.698482100e+001 -4.698482100e+001
8317 +2.094088263e+000 +2.094088263e+000 -4.703591174e+001 -4.703591174e+001
8594 +2.055152119e+000 +2.055152119e+000 -4.707484788e+001 -4.707484788e+001
8803 +2.022088362e+000 +2.022088362e+000 -4.710791164e+001 -4.710791164e+001
9004 +1.943995642e+000 +1.943995642e+000 -4.718600436e+001 -4.718600436e+001
9356 +1.878985553e+000 +1.878985553e+000 -4.725101445e+001 -4.725101445e+001
9414 +1.535321495e+000 +1.535321495e+000 -4.759467850e+001 -4.759467850e+001
9989 +1.506024467e+000 +1.506024467e+000 -4.762397553e+001 -4.762397553e+001
10232 +1.229022760e+000 +1.229022760e+000 -4.790097724e+001 -4.790097724e+001
10350 +1.119571862e+000 +1.119571862e+000 -4.801042814e+001 -4.801042814e+001
10727 +1.053999863e+000 +1.053999863e+000 -4.807600014e+001 -4.807600014e+001
11007 +9.803168433e-001 +9.803168433e-001 -4.814968316e+001 -4.814968316e+001
11022 +9.031614797e-001 +9.031614797e-001 -4.822683852e+001 -4.822683852e+001
11424 +8.834957518e-001 +8.834957518e-001 -4.824650425e+001 -4.824650425e+001
11987 +8.544395262e-001 +8.544395262e-001 -4.827556047e+001 -4.827556047e+001
12078 +8.180823701e-001 +8.180823701e-001 -4.831191763e+001 -4.831191763e+001
12186 +7.933735615e-001 +7.933735615e-001 -4.833662644e+001 -4.833662644e+001
12768 +7.610577127e-001 +7.610577127e-001 -4.836894229e+001 -4.836894229e+001
12840 +7.385330230e-001 +7.385330230e-001 -4.839146698e+001 -4.839146698e+001
13495 +7.217832648e-001 +7.217832648e-001 -4.840821674e+001 -4.840821674e+001
14288 +7.062559918e-001 +7.062559918e-001 -4.842374401e+001 -4.842374401e+001
% function evaluation | noise-free fitness - Fopt (2.977300000000e+002) | best noise-free fitness - Fopt | measured fitness | best measured fitness | x1 | x2...
1 +1.090506809e+002 +1.090506809e+002 +4.067806809e+002 +4.067806809e+002
2 +1.002261085e+002 +1.002261085e+002 +3.979561085e+002 +3.979561085e+002
11 +9.897804042e+001 +9.897804042e+001 +3.967080404e+002 +3.967080404e+002
27 +9.439517953e+001 +9.439517953e+001 +3.921251795e+002 +3.921251795e+002
33 +8.944398440e+001 +8.944398440e+001 +3.871739844e+002 +3.871739844e+002
63 +8.882113672e+001 +8.882113672e+001 +3.865511367e+002 +3.865511367e+002
124 +8.647851392e+001 +8.647851392e+001 +3.842085139e+002 +3.842085139e+002
1036 +8.428546981e+001 +8.428546981e+001 +3.820154698e+002 +3.820154698e+002
1637 +8.278682070e+001 +8.278682070e+001 +3.805168207e+002 +3.805168207e+002
2378 +8.121178512e+001 +8.121178512e+001 +3.789417851e+002 +3.789417851e+002
2556 +7.886319560e+001 +7.886319560e+001 +3.765931956e+002 +3.765931956e+002
2988 +7.708477295e+001 +7.708477295e+001 +3.748147729e+002 +3.748147729e+002
3001 +7.572544165e+001 +7.572544165e+001 +3.734554417e+002 +3.734554417e+002
3309 +7.219717087e+001 +7.219717087e+001 +3.699271709e+002 +3.699271709e+002
3517 +7.034366467e+001 +7.034366467e+001 +3.680736647e+002 +3.680736647e+002
3605 +6.852322031e+001 +6.852322031e+001 +3.662532203e+002 +3.662532203e+002
3700 +6.484746937e+001 +6.484746937e+001 +3.625774694e+002 +3.625774694e+002
4063 +6.398922997e+001 +6.398922997e+001 +3.617192300e+002 +3.617192300e+002
4106 +6.226666857e+001 +6.226666857e+001 +3.599966686e+002 +3.599966686e+002
4227 +6.102954328e+001 +6.102954328e+001 +3.587595433e+002 +3.587595433e+002
4230 +5.057513279e+001 +5.057513279e+001 +3.483051328e+002 +3.483051328e+002
4607 +4.580649268e+001 +4.580649268e+001 +3.435364927e+002 +3.435364927e+002
4630 +4.544691725e+001 +4.544691725e+001 +3.431769173e+002 +3.431769173e+002
4641 +3.772570695e+001 +3.772570695e+001 +3.354557069e+002 +3.354557069e+002
4804 +3.379888474e+001 +3.379888474e+001 +3.315288847e+002 +3.315288847e+002
4894 +3.203990264e+001 +3.203990264e+001 +3.297699026e+002 +3.297699026e+002
5092 +3.139726702e+001 +3.139726702e+001 +3.291272670e+002 +3.291272670e+002
5277 +2.461883063e+001 +2.461883063e+001 +3.223488306e+002 +3.223488306e+002
5411 +2.138401738e+001 +2.138401738e+001 +3.191140174e+002 +3.191140174e+002
5580 +2.128528185e+001 +2.128528185e+001 +3.190152819e+002 +3.190152819e+002
6067 +1.879953835e+001 +1.879953835e+001 +3.165295383e+002 +3.165295383e+002
6217 +1.669704763e+001 +1.669704763e+001 +3.144270476e+002 +3.144270476e+002
6422 +1.497141542e+001 +1.497141542e+001 +3.127014154e+002 +3.127014154e+002
6602 +1.415925004e+001 +1.415925004e+001 +3.118892500e+002 +3.118892500e+002
6609 +1.264098910e+001 +1.264098910e+001 +3.103709891e+002 +3.103709891e+002
7015 +1.215854295e+001 +1.215854295e+001 +3.098885429e+002 +3.098885429e+002
7061 +1.190538292e+001 +1.190538292e+001 +3.096353829e+002 +3.096353829e+002
7066 +1.145446429e+001 +1.145446429e+001 +3.091844643e+002 +3.091844643e+002
7160 +1.113831010e+001 +1.113831010e+001 +3.088683101e+002 +3.088683101e+002
7444 +1.028437515e+001 +1.028437515e+001 +3.080143751e+002 +3.080143751e+002
7503 +9.997491940e+000 +9.997491940e+000 +3.077274919e+002 +3.077274919e+002
7902 +9.714299569e+000 +9.714299569e+000 +3.074442996e+002 +3.074442996e+002
8013 +9.534116658e+000 +9.534116658e+000 +3.072641167e+002 +3.072641167e+002
8111 +8.699308653e+000 +8.699308653e+000 +3.064293087e+002 +3.064293087e+002
8685 +8.473968429e+000 +8.473968429e+000 +3.062039684e+002 +3.062039684e+002
8978 +8.278673062e+000 +8.278673062e+000 +3.060086731e+002 +3.060086731e+002
9236 +8.098552189e+000 +8.098552189e+000 +3.058285522e+002 +3.058285522e+002
9604 +7.812114706e+000 +7.812114706e+000 +3.055421147e+002 +3.055421147e+002
10078 +7.738642716e+000 +7.738642716e+000 +3.054686427e+002 +3.054686427e+002
11037 +7.537911638e+000 +7.537911638e+000 +3.052679116e+002 +3.052679116e+002
12447 +7.405920785e+000 +7.405920785e+000 +3.051359208e+002 +3.051359208e+002
% function evaluation | noise-free fitness - Fopt (5.157000000000e+001) | best noise-free fitness - Fopt | measured fitness | best measured fitness | x1 | x2...
1 +1.313445134e+002 +1.313445134e+002 +1.829145134e+002 +1.829145134e+002
4 +1.220823305e+002 +1.220823305e+002 +1.736523305e+002 +1.736523305e+002
6 +1.023133061e+002 +1.023133061e+002 +1.538833061e+002 +1.538833061e+002
9 +9.297168232e+001 +9.297168232e+001 +1.445416823e+002 +1.445416823e+002
41 +9.059492366e+001 +9.059492366e+001 +1.421649237e+002 +1.421649237e+002
245 +8.751310335e+001 +8.751310335e+001 +1.390831033e+002 +1.390831033e+002
288 +8.653033877e+001 +8.653033877e+001 +1.381003388e+002 +1.381003388e+002
1437 +8.508678143e+001 +8.508678143e+001 +1.366567814e+002 +1.366567814e+002
2236 +8.246368882e+001 +8.246368882e+001 +1.340336888e+002 +1.340336888e+002
2617 +8.089711128e+001 +8.089711128e+001 +1.324671113e+002 +1.324671113e+002
2967 +7.742665722e+001 +7.742665722e+001 +1.289966572e+002 +1.289966572e+002
3483 +7.451574886e+001 +7.451574886e+001 +1.260857489e+002 +1.260857489e+002
3608 +7.405953814e+001 +7.405953814e+001 +1.256295381e+002 +1.256295381e+002
3656 +7.062338331e+001 +7.062338331e+001 +1.221933833e+002 +1.221933833e+002
4020 +6.852358839e+001 +6.852358839e+001 +1.200935884e+002 +1.200935884e+002
4213 +6.321776230e+001 +6.321776230e+001 +1.147877623e+002 +1.147877623e+002
4259 +6.045962216e+001 +6.045962216e+001 +1.120296222e+002 +1.120296222e+002
4403 +5.836295617e+001 +5.836295617e+001 +1.099329562e+002 +1.099329562e+002
4469 +5.700011425e+001 +5.700011425e+001 +1.085701142e+002 +1.085701142e+002
4617 +4.886836548e+001 +4.886836548e+001 +1.004383655e+002 +1.004383655e+002
4631 +4.616336500e+001 +4.616336500e+001 +9.773336500e+001 +9.773336500e+001
4808 +4.388820323e+001 +4.388820323e+001 +9.545820323e+001 +9.545820323e+001
4831 +4.144817191e+001 +4.144817191e+001 +9.301817191e+001 +9.301817191e+001
4906 +4.025281508e+001 +4.025281508e+001 +9.182281508e+001 +9.182281508e+001
5003 +3.718254963e+001 +3.718254963e+001 +8.875254963e+001 +8.875254963e+001
5043 +3.380043385e+001 +3.380043385e+001 +8.537043385e+001 +8.537043385e+001
5044 +3.310381814e+001 +3.310381814e+001 +8.467381814e+001 +8.467381814e+001
5073 +3.113019655e+001 +3.113019655e+001 +8.270019655e+001 +8.270019655e+001
5273 +2.979543114e+001 +2.979543114e+001 +8.136543114e+001 +8.136543114e+001
5283 +2.534949104e+001 +2.534949104e+001 +7.691949104e+001 +7.691949104e+001
5409 +2.390632471e+001 +2.390632471e+001 +7.547632471e+001 +7.547632471e+001
5724 +2.212347912e+001 +2.212347912e+001 +7.369347912e+001 +7.369347912e+001
5819 +2.162964292e+001 +2.162964292e+001 +7.319964292e+001 +7.319964292e+001
5843 +1.979157632e+001 +1.979157632e+001 +7.136157632e+001 +7.136157632e+001
5990 +1.753745740e+001 +1.753745740e+001 +6.910745740e+001 +6.910745740e+001
6083 +1.477187097e+001 +1.477187097e+001 +6.634187097e+001 +6.634187097e+001
6147 +1.213078257e+001 +1.213078257e+001 +6.370078257e+001 +6.370078257e+001
6203 +1.038022608e+001 +1.038022608e+001 +6.195022608e+001 +6.195022608e+001
6484 +7.956265564e+000 +7.956265564e+000 +5.952626556e+001 +5.952626556e+001
6878 +7.723201071e+000 +7.723201071e+000 +5.929320107e+001 +5.929320107e+001
7011 +7.515352787e+000 +7.515352787e+000 +5.908535279e+001 +5.908535279e+001
7203 +7.197898880e+000 +7.197898880e+000 +5.876789888e+001 +5.876789888e+001
7215 +6.371748142e+000 +6.371748142e+000 +5.794174814e+001 +5.794174814e+001
7440 +6.051531974e+000 +6.051531974e+000 +5.762153197e+001 +5.762153197e+001
7480 +4.535996648e+000 +4.535996648e+000 +5.610599665e+001 +5.610599665e+001
7642 +3.796660882e+000 +3.796660882e+000 +5.536666088e+001 +5.536666088e+001
7985 +2.785060551e+000 +2.785060551e+000 +5.435506055e+001 +5.435506055e+001
8269 +2.450451303e+000 +2.450451303e+000 +5.402045130e+001 +5.402045130e+001
8383 +2.244352496e+000 +2.244352496e+000 +5.381435250e+001 +5.381435250e+001
8804 +2.168000301e+000 +2.168000301e+000 +5.373800030e+001 +5.373800030e+001
8823 +2.132307554e+000 +2.132307554e+000 +5.370230755e+001 +5.370230755e+001
9015 +2.051185553e+000 +2.051185553e+000 +5.362118555e+001 +5.362118555e+001
9264 +2.040286238e+000 +2.040286238e+000 +5.361028624e+001 +5.361028624e+001
9621 +1.967242095e+000 +1.967242095e+000 +5.353724209e+001 +5.353724209e+001
9965 +1.894801663e+000 +1.894801663e+000 +5.346480166e+001 +5.346480166e+001
10101 +1.724889982e+000 +1.724889982e+000 +5.329488998e+001 +5.329488998e+001
10434 +1.689745451e+000 +1.689745451e+000 +5.325974545e+001 +5.325974545e+001
10553 +1.591707470e+000 +1.591707470e+000 +5.316170747e+001 +5.316170747e+001
10613 +1.562329127e+000 +1.562329127e+000 +5.313232913e+001 +5.313232913e+001
10891 +1.529271062e+000 +1.529271062e+000 +5.309927106e+001 +5.309927106e+001
11173 +1.457979317e+000 +1.457979317e+000 +5.302797932e+001 +5.302797932e+001
11364 +1.420708101e+000 +1.420708101e+000 +5.299070810e+001 +5.299070810e+001
11465 +1.387700918e+000 +1.387700918e+000 +5.295770092e+001 +5.295770092e+001
11486 +1.365028260e+000 +1.365028260e+000 +5.293502826e+001 +5.293502826e+001
11738 +1.333304832e+000 +1.333304832e+000 +5.290330483e+001 +5.290330483e+001
11753 +1.287292866e+000 +1.287292866e+000 +5.285729287e+001 +5.285729287e+001
11888 +1.247619964e+000 +1.247619964e+000 +5.281761996e+001 +5.281761996e+001
12208 +1.107555421e+000 +1.107555421e+000 +5.267755542e+001 +5.267755542e+001
12297 +1.090594722e+000 +1.090594722e+000 +5.266059472e+001 +5.266059472e+001
12552 +1.064702690e+000 +1.064702690e+000 +5.263470269e+001 +5.263470269e+001
12756 +9.978193240e-001 +9.978193240e-001 +5.256781932e+001 +5.256781932e+001
12961 +9.380024493e-001 +9.380024493e-001 +5.250800245e+001 +5.250800245e+001
13236 +9.316425382e-001 +9.316425382e-001 +5.250164254e+001 +5.250164254e+001
13682 +8.973605021e-001 +8.973605021e-001 +5.246736050e+001 +5.246736050e+001
13709 +8.865035226e-001 +8.865035226e-001 +5.245650352e+001 +5.245650352e+001
13907 +8.653376493e-001 +8.653376493e-001 +5.243533765e+001 +5.243533765e+001
14060 +8.127166999e-001 +8.127166999e-001 +5.238271670e+001 +5.238271670e+001
14478 +7.920288131e-001 +7.920288131e-001 +5.236202881e+001 +5.236202881e+001
15092 +7.709915871e-001 +7.709915871e-001 +5.234099159e+001 +5.234099159e+001
15453 +7.485668510e-001 +7.485668510e-001 +5.231856685e+001 +5.231856685e+001
15982 +7.402593879e-001 +7.402593879e-001 +5.231025939e+001 +5.231025939e+001
16351 +7.226300262e-001 +7.226300262e-001 +5.229263003e+001 +5.229263003e+001
17959 +7.076952387e-001 +7.076952387e-001 +5.227769524e+001 +5.227769524e+001
% function evaluation | noise-free fitness - Fopt (-4.870000000000e+000) | best noise-free fitness - Fopt | measured fitness | best measured fitness | x1 | x2...
1 +1.405591826e+002 +1.405591826e+002 +1.356891826e+002 +1.356891826e+002
3 +9.834487497e+001 +9.834487497e+001 +9.347487497e+001 +9.347487497e+001
27 +9.214183721e+001 +9.214183721e+001 +8.727183721e+001 +8.727183721e+001
81 +8.987385695e+001 +8.987385695e+001 +8.500385695e+001 +8.500385695e+001
116 +8.775190190e+001 +8.775190190e+001 +8.288190190e+001 +8.288190190e+001
511 +8.664509372e+001 +8.664509372e+001 +8.177509372e+001 +8.177509372e+001
2100 +8.471375593e+001 +8.471375593e+001 +7.984375593e+001 +7.984375593e+001
2761 +8.309637924e+001 +8.309637924e+001 +7.822637924e+001 +7.822637924e+001
2962 +7.850803523e+001 +7.850803523e+001 +7.363803523e+001 +7.363803523e+001
3410 +7.736176684e+001 +7.736176684e+001 +7.249176684e+001 +7.249176684e+001
3449 +7.501632992e+001 +7.501632992e+001 +7.014632992e+001 +7.014632992e+001
3633 +7.403370943e+001 +7.403370943e+001 +6.916370943e+001 +6.916370943e+001
3820 +7.204603452e+001 +7.204603452e+001 +6.717603452e+001 +6.717603452e+001
3894 +6.688862402e+001 +6.688862402e+001 +6.201862402e+001 +6.201862402e+001
4220 +6.396579677e+001 +6.396579677e+001 +5.909579677e+001 +5.909579677e+001
4221 +6.135535198e+001 +6.135535198e+001 +5.648535198e+001 +5.648535198e+001
4406 +5.725448577e+001 +5.725448577e+001 +5.238448577e+001 +5.238448577e+001
4421 +5.453691428e+001 +5.453691428e+001 +4.966691428e+001 +4.966691428e+001
4454 +5.001538953e+001 +5.001538953e+001 +4.514538953e+001 +4.514538953e+001
4859 +4.721195266e+001 +4.721195266e+001 +4.234195266e+001 +4.234195266e+001
4916 +4.558139689e+001 +4.558139689e+001 +4.071139689e+001 +4.071139689e+001
4986 +3.661940821e+001 +3.661940821e+001 +3.174940821e+001 +3.174940821e+001
5222 +3.512746735e+001 +3.512746735e+001 +3.025746735e+001 +3.025746735e+001
5239 +2.807159742e+001 +2.807159742e+001 +2.320159742e+001 +2.320159742e+001
5420 +2.705195205e+001 +2.705195205e+001 +2.218195205e+001 +2.218195205e+001
5614 +2.522648531e+001 +2.522648531e+001 +2.035648531e+001 +2.035648531e+001
5669 +2.455859859e+001 +2.455859859e+001 +1.968859859e+001 +1.968859859e+001
5905 +2.408717892e+001 +2.408717892e+001 +1.921717892e+001 +1.921717892e+001
6065 +2.265530583e+001 +2.265530583e+001 +1.778530583e+001 +1.778530583e+001
6073 +1.956265004e+001 +1.956265004e+001 +1.469265004e+001 +1.469265004e+001
6127 +1.944414751e+001 +1.944414751e+001 +1.457414751e+001 +1.457414751e+001
6608 +1.881136733e+001 +1.881136733e+001 +1.394136733e+001 +1.394136733e+001
6649 +1.715043615e+001 +1.715043615e+001 +1.228043615e+001 +1.228043615e+001
6870 +1.683397424e+001 +1.683397424e+001 +1.196397424e+001 +1.196397424e+001
6883 +1.583200878e+001 +1.583200878e+001 +1.096200878e+001 +1.096200878e+001
7158 +1.406223498e+001 +1.406223498e+001 +9.192234975e+000 +9.192234975e+000
7213 +1.269451294e+001 +1.269451294e+001 +7.824512941e+000 +7.824512941e+000
7544 +1.233237593e+001 +1.233237593e+001 +7.462375928e+000 +7.462375928e+000
8004 +1.177953324e+001 +1.177953324e+001 +6.909533236e+000 +6.909533236e+000
8042 +1.131045182e+001 +1.131045182e+001 +6.440451821e+000 +6.440451821e+000
8323 +1.064027563e+001 +1.064027563e+001 +5.770275634e+000 +5.770275634e+000
8654 +1.033035316e+001 +1.033035316e+001 +5.460353161e+000 +5.460353161e+000
8850 +1.020162881e+001 +1.020162881e+001 +5.331628805e+000 +5.331628805e+000
9016 +9.795846602e+000 +9.795846602e+000 +4.925846602e+000 +4.925846602e+000
9488 +9.754419134e+000 +9.754419134e+000 +4.884419134e+000 +4.884419134e+000
9746 +9.343638510e+000 +9.343638510e+000 +4.473638510e+000 +4.473638510e+000
10108 +9.139531901e+000 +9.139531901e+000 +4.269531901e+000 +4.269531901e+000
10653 +9.118969026e+000 +9.118969026e+000 +4.248969026e+000 +4.248969026e+000
11810 +8.889023106e+000 +8.889023106e+000 +4.019023106e+000 +4.019023106e+000
% function evaluation | noise-free fitness - Fopt (1.511400000000e+002) | best noise-free fitness - Fopt | measured fitness | best measured fitness | x1 | x2...
1 +1.323293435e+002 +1.323293435e+002 +2.834693435e+002 +2.834693435e+002
3 +1.034998546e+002 +1.034998546e+002 +2.546398546e+002 +2.546398546e+002
10 +9.673706379e+001 +9.673706379e+001 +2.478770638e+002 +2.478770638e+002
21 +8.813358265e+001 +8.813358265e+001 +2.392735826e+002 +2.392735826e+002
236 +8.681980322e+001 +8.681980322e+001 +2.379598032e+002 +2.379598032e+002
904 +8.349325414e+001 +8.349325414e+001 +2.346332541e+002 +2.346332541e+002
1631 +8.303147483e+001 +8.303147483e+001 +2.341714748e+002 +2.341714748e+002
1844 +8.101414196e+001 +8.101414196e+001 +2.321541420e+002 +2.321541420e+002
2343 +7.917209079e+001 +7.917209079e+001 +2.303120908e+002 +2.303120908e+002
2805 +7.757300767e+001 +7.757300767e+001 +2.287130077e+002 +2.287130077e+002
3202 +7.446497635e+001 +7.446497635e+001 +2.256049764e+002 +2.256049764e+002
3404 +7.246143249e+001 +7.246143249e+001 +2.236014325e+002 +2.236014325e+002
3480 +7.227012154e+001 +7.227012154e+001 +2.234101215e+002 +2.234101215e+002
3515 +6.912299152e+001 +6.912299152e+001 +2.202629915e+002 +2.202629915e+002
3710 +6.706965820e+001 +6.706965820e+001 +2.182096582e+002 +2.182096582e+002
3854 +6.369531486e+001 +6.369531486e+001 +2.148353149e+002 +2.148353149e+002
3945 +5.939558968e+001 +5.939558968e+001 +2.105355897e+002 +2.105355897e+002
4135 +5.854382063e+001 +5.854382063e+001 +2.096838206e+002 +2.096838206e+002
4168 +5.574841711e+001 +5.574841711e+001 +2.068884171e+002 +2.068884171e+002
4190 +5.450103331e+001 +5.450103331e+001 +2.056410333e+002 +2.056410333e+002
4519 +5.254187037e+001 +5.254187037e+001 +2.036818704e+002 +2.036818704e+002
4558 +5.207459254e+001 +5.207459254e+001 +2.032145925e+002 +2.032145925e+002
4633 +4.151217808e+001 +4.151217808e+001 +1.926521781e+002 +1.926521781e+002
4831 +3.637027557e+001 +3.637027557e+001 +1.875102756e+002 +1.875102756e+002
4995 +2.875990785e+001 +2.875990785e+001 +1.798999078e+002 +1.798999078e+002
5317 +2.812617528e+001 +2.812617528e+001 +1.792661753e+002 +1.792661753e+002
5374 +2.634964001e+001 +2.634964001e+001 +1.774896400e+002 +1.774896400e+002
5456 +2.429671048e+001 +2.429671048e+001 +1.754367105e+002 +1.754367105e+002
5474 +2.380843865e+001 +2.380843865e+001 +1.749484387e+002 +1.749484387e+002
5919 +2.248506958e+001 +2.248506958e+001 +1.736250696e+002 +1.736250696e+002
5954 +1.973587582e+001 +1.973587582e+001 +1.708758758e+002 +1.708758758e+002
6209 +1.486639195e+001 +1.486639195e+001 +1.660063920e+002 +1.660063920e+002
6405 +1.411649626e+001 +1.411649626e+001 +1.652564963e+002 +1.652564963e+002
6632 +1.091156343e+001 +1.091156343e+001 +1.620515634e+002 +1.620515634e+002
7224 +9.799067007e+000 +9.799067007e+000 +1.609390670e+002 +1.609390670e+002
7401 +9.709599087e+000 +9.709599087e+000 +1.608495991e+002 +1.608495991e+002
7457 +9.471284772e+000 +9.471284772e+000 +1.606112848e+002 +1.606112848e+002
7472 +9.217472085e+000 +9.217472085e+000 +1.603574721e+002 +1.603574721e+002
7573 +8.715975270e+000 +8.715975270e+000 +1.598559753e+002 +1.598559753e+002
7608 +8.644757313e+000 +8.644757313e+000 +1.597847573e+002 +1.597847573e+002
7801 +8.174675979e+000 +8.174675979e+000 +1.593146760e+002 +1.593146760e+002
8001 +7.925916484e+000 +7.925916484e+000 +1.590659165e+002 +1.590659165e+002
8294 +7.684996312e+000 +7.684996312e+000 +1.588249963e+002 +1.588249963e+002
8468 +7.338077049e+000 +7.338077049e+000 +1.584780770e+002 +1.584780770e+002
8656 +7.000008271e+000 +7.000008271e+000 +1.581400083e+002 +1.581400083e+002
9239 +6.827723742e+000 +6.827723742e+000 +1.579677237e+002 +1.579677237e+002
9444 +6.759870720e+000 +6.759870720e+000 +1.578998707e+002 +1.578998707e+002
9632 +6.590649908e+000 +6.590649908e+000 +1.577306499e+002 +1.577306499e+002
9671 +6.355880568e+000 +6.355880568e+000 +1.574958806e+002 +1.574958806e+002
10190 +6.046374462e+000 +6.046374462e+000 +1.571863745e+002 +1.571863745e+002
10325 +5.904480054e+000 +5.904480054e+000 +1.570444801e+002 +1.570444801e+002
10687 +5.801873995e+000 +5.801873995e+000 +1.569418740e+002 +1.569418740e+002
11120 +5.700324538e+000 +5.700324538e+000 +1.568403245e+002 +1.568403245e+002
11206 +5.608335380e+000 +5.608335380e+000 +1.567483354e+002 +1.567483354e+002
11856 +5.472172120e+000 +5.472172120e+000 +1.566121721e+002 +1.566121721e+002
11973 +5.366351734e+000 +5.366351734e+000 +1.565063517e+002 +1.565063517e+002
12897 +5.246708155e+000 +5.246708155e+000 +1.563867082e+002 +1.563867082e+002
14491 +5.128343342e+000 +5.128343342e+000 +1.562683433e+002 +1.562683433e+002
% function evaluation | noise-free fitness - Fopt (-1.332700000000e+002) | best noise-free fitness - Fopt | measured fitness | best measured fitness | x1 | x2...
1 +1.588322175e+002 +1.588322175e+002 +2.556221746e+001 +2.556221746e+001
3 +1.517213070e+002 +1.517213070e+002 +1.845130705e+001 +1.845130705e+001
4 +8.959325156e+001 +8.959325156e+001 -4.367674844e+001 -4.367674844e+001
15 +8.809100328e+001 +8.809100328e+001 -4.517899672e+001 -4.517899672e+001
160 +8.644452738e+001 +8.644452738e+001 -4.682547262e+001 -4.682547262e+001
624 +8.327589210e+001 +8.327589210e+001 -4.999410790e+001 -4.999410790e+001
1173 +8.261610495e+001 +8.261610495e+001 -5.065389505e+001 -5.065389505e+001
1710 +8.100836140e+001 +8.100836140e+001 -5.226163860e+001 -5.226163860e+001
2134 +7.916559956e+001 +7.916559956e+001 -5.410440044e+001 -5.410440044e+001
2201 +7.519923372e+001 +7.519923372e+001 -5.807076628e+001 -5.807076628e+001
2324 +7.187308254e+001 +7.187308254e+001 -6.139691746e+001 -6.139691746e+001
2877 +6.880089171e+001 +6.880089171e+001 -6.446910829e+001 -6.446910829e+001
3029 +6.730746495e+001 +6.730746495e+001 -6.596253505e+001 -6.596253505e+001
3334 +6.543319453e+001 +6.543319453e+001 -6.783680547e+001 -6.783680547e+001
3358 +5.922372831e+001 +5.922372831e+001 -7.404627169e+001 -7.404627169e+001
3418 +5.825440770e+001 +5.825440770e+001 -7.501559230e+001 -7.501559230e+001
3537 +5.753940385e+001 +5.753940385e+001 -7.573059615e+001 -7.573059615e+001
3792 +5.247260633e+001 +5.247260633e+001 -8.079739367e+001 -8.079739367e+001
4001 +4.992801660e+001 +4.992801660e+001 -8.334198340e+001 -8.334198340e+001
4029 +4.709234628e+001 +4.709234628e+001 -8.617765372e+001 -8.617765372e+001
4410 +4.509803707e+001 +4.509803707e+001 -8.817196293e+001 -8.817196293e+001
4436 +4.354072361e+001 +4.354072361e+001 -8.972927639e+001 -8.972927639e+001
4473 +3.602591167e+001 +3.602591167e+001 -9.724408833e+001 -9.724408833e+001
4594 +3.277290128e+001 +3.277290128e+001 -1.004970987e+002 -1.004970987e+002
4933 +3.042356571e+001 +3.042356571e+001 -1.028464343e+002 -1.028464343e+002
4984 +3.007243602e+001 +3.007243602e+001 -1.031975640e+002 -1.031975640e+002
4989 +2.883343094e+001 +2.883343094e+001 -1.044365691e+002 -1.044365691e+002
5050 +2.692528901e+001 +2.692528901e+001 -1.063447110e+002 -1.063447110e+002
5270 +2.689825970e+001 +2.689825970e+001 -1.063717403e+002 -1.063717403e+002
5377 +2.592190374e+001 +2.592190374e+001 -1.073480963e+002 -1.073480963e+002
5433 +2.549361905e+001 +2.549361905e+001 -1.077763809e+002 -1.077763809e+002
5504 +2.505699115e+001 +2.505699115e+001 -1.082130088e+002 -1.082130088e+002
5613 +2.438878925e+001 +2.438878925e+001 -1.088812107e+002 -1.088812107e+002
5618 +2.343598730e+001 +2.343598730e+001 -1.098340127e+002 -1.098340127e+002
5695 +2.223203851e+001 +2.223203851e+001 -1.110379615e+002 -1.110379615e+002
5801 +2.145044731e+001 +2.145044731e+001 -1.118195527e+002 -1.118195527e+002
5950 +1.875477907e+001 +1.875477907e+001 -1.145152209e+002 -1.145152209e+002
6225 +1.825615249e+001 +1.825615249e+001 -1.150138475e+002 -1.150138475e+002
6242 +1.766330053e+001 +1.766330053e+001 -1.156066995e+002 -1.156066995e+002
6602 +1.641794601e+001 +1.641794601e+001 -1.168520540e+002 -1.168520540e+002
6631 +1.541958720e+001 +1.541958720e+001 -1.178504128e+002 -1.178504128e+002
7006 +1.454403462e+001 +1.454403462e+001 -1.187259654e+002 -1.187259654e+002
7370 +1.431046666e+001 +1.431046666e+001 -1.189595333e+002 -1.189595333e+002
7417 +1.372044493e+001 +1.372044493e+001 -1.195495551e+002 -1.195495551e+002
7486 +1.312590595e+001 +1.312590595e+001 -1.201440941e+002 -1.201440941e+002
7678 +1.285096575e+001 +1.285096575e+001 -1.204190343e+002 -1.204190343e+002
7724 +1.251438329e+001 +1.251438329e+001 -1.207556167e+002 -1.207556167e+002
7771 +1.225913331e+001 +1.225913331e+001 -1.210108667e+002 -1.210108667e+002
8088 +1.200905731e+001 +1.200905731e+001 -1.212609427e+002 -1.212609427e+002
8237 +1.167005976e+001 +1.167005976e+001 -1.215999402e+002 -1.215999402e+002
8315 +1.124284848e+001 +1.124284848e+001 -1.220271515e+002 -1.220271515e+002
8810 +1.085175114e+001 +1.085175114e+001 -1.224182489e+002 -1.224182489e+002
9066 +1.057990158e+001 +1.057990158e+001 -1.226900984e+002 -1.226900984e+002
9284 +1.046230198e+001 +1.046230198e+001 -1.228076980e+002 -1.228076980e+002
9635 +9.993118209e+000 +9.993118209e+000 -1.232768818e+002 -1.232768818e+002
10293 +9.754543278e+000 +9.754543278e+000 -1.235154567e+002 -1.235154567e+002
10841 +9.524283310e+000 +9.524283310e+000 -1.237457167e+002 -1.237457167e+002
11416 +9.249673652e+000 +9.249673652e+000 -1.240203263e+002 -1.240203263e+002
12610 +9.091830784e+000 +9.091830784e+000 -1.241781692e+002 -1.241781692e+002
14803 +8.909370937e+000 +8.909370937e+000 -1.243606291e+002 -1.243606291e+002
% function evaluation | noise-free fitness - Fopt (-5.488000000000e+001) | best noise-free fitness - Fopt | measured fitness | best measured fitness | x1 | x2...
1 +2.627964749e+002 +2.627964749e+002 +2.079164749e+002 +2.079164749e+002
2 +1.170714062e+002 +1.170714062e+002 +6.219140625e+001 +6.219140625e+001
6 +1.093583172e+002 +1.093583172e+002 +5.447831720e+001 +5.447831720e+001
13 +9.586127765e+001 +9.586127765e+001 +4.098127765e+001 +4.098127765e+001
31 +9.083942803e+001 +9.083942803e+001 +3.595942803e+001 +3.595942803e+001
77 +8.734839880e+001 +8.734839880e+001 +3.246839880e+001 +3.246839880e+001
135 +8.698671115e+001 +8.698671115e+001 +3.210671115e+001 +3.210671115e+001
1107 +8.493635568e+001 +8.493635568e+001 +3.005635568e+001 +3.005635568e+001
2370 +8.305932474e+001 +8.305932474e+001 +2.817932474e+001 +2.817932474e+001
2758 +8.125423789e+001 +8.125423789e+001 +2.637423789e+001 +2.637423789e+001
3078 +7.920863016e+001 +7.920863016e+001 +2.432863016e+001 +2.432863016e+001
3204 +7.690236007e+001 +7.690236007e+001 +2.202236007e+001 +2.202236007e+001
3378 +7.566889132e+001 +7.566889132e+001 +2.078889132e+001 +2.078889132e+001
3596 +7.244167390e+001 +7.244167390e+001 +1.756167390e+001 +1.756167390e+001
3839 +7.073828679e+001 +7.073828679e+001 +1.585828679e+001 +1.585828679e+001
4319 +6.677336391e+001 +6.677336391e+001 +1.189336391e+001 +1.189336391e+001
4673 +6.498358129e+001 +6.498358129e+001 +1.010358129e+001 +1.010358129e+001
4835 +6.258935936e+001 +6.258935936e+001 +7.709359363e+000 +7.709359363e+000
5018 +6.041584256e+001 +6.041584256e+001 +5.535842558e+000 +5.535842558e+000
5116 +5.791523609e+001 +5.791523609e+001 +3.035236093e+000 +3.035236093e+000
5360 +5.582008685e+001 +5.582008685e+001 +9.400868526e-001 +9.400868526e-001
5599 +5.183160258e+001 +5.183160258e+001 -3.048397416e+000 -3.048397416e+000
5865 +5.071375809e+001 +5.071375809e+001 -4.166241908e+000 -4.166241908e+000
5988 +4.878054114e+001 +4.878054114e+001 -6.099458858e+000 -6.099458858e+000
6219 +4.574711584e+001 +4.574711584e+001 -9.132884159e+000 -9.132884159e+000
6394 +4.550123151e+001 +4.550123151e+001 -9.378768495e+000 -9.378768495e+000
6430 +4.443797455e+001 +4.443797455e+001 -1.044202545e+001 -1.044202545e+001
7026 +4.316033265e+001 +4.316033265e+001 -1.171966735e+001 -1.171966735e+001
7195 +4.225740040e+001 +4.225740040e+001 -1.262259960e+001 -1.262259960e+001
7238 +4.137199064e+001 +4.137199064e+001 -1.350800936e+001 -1.350800936e+001
7420 +4.019727000e+001 +4.019727000e+001 -1.468273000e+001 -1.468273000e+001
7471 +3.945662112e+001 +3.945662112e+001 -1.542337888e+001 -1.542337888e+001
8318 +3.813399794e+001 +3.813399794e+001 -1.674600206e+001 -1.674600206e+001
8578 +3.778493859e+001 +3.778493859e+001 -1.709506141e+001 -1.709506141e+001
9019 +3.709372024e+001 +3.709372024e+001 -1.778627976e+001 -1.778627976e+001
11234 +3.628422865e+001 +3.628422865e+001 -1.859577135e+001 -1.859577135e+001
% function evaluation | noise-free fitness - Fopt (-2.253700000000e+002) | best noise-free fitness - Fopt | measured fitness | best measured fitness | x1 | x2...
1 +1.369256459e+002 +1.369256459e+002 -8.844435411e+001 -8.844435411e+001
4 +1.036112793e+002 +1.036112793e+002 -1.217587207e+002 -1.217587207e+002
5 +8.884772962e+001 +8.884772962e+001 -1.365222704e+002 -1.365222704e+002
50 +8.630998663e+001 +8.630998663e+001 -1.390600134e+002 -1.390600134e+002
461 +8.504622933e+001 +8.504622933e+001 -1.403237707e+002 -1.403237707e+002
886 +8.313142640e+001 +8.313142640e+001 -1.422385736e+002 -1.422385736e+002
1825 +7.980557404e+001 +7.980557404e+001 -1.455644260e+002 -1.455644260e+002
1964 +7.639524782e+001 +7.639524782e+001 -1.489747522e+002 -1.489747522e+002
2449 +7.555639158e+001 +7.555639158e+001 -1.498136084e+002 -1.498136084e+002
2556 +7.339050871e+001 +7.339050871e+001 -1.519794913e+002 -1.519794913e+002
2810 +7.181000663e+001 +7.181000663e+001 -1.535599934e+002 -1.535599934e+002
2938 +7.075451658e+001 +7.075451658e+001 -1.546154834e+002 -1.546154834e+002
3160 +6.633118688e+001 +6.633118688e+001 -1.590388131e+002 -1.590388131e+002
3453 +6.214757946e+001 +6.214757946e+001 -1.632224205e+002 -1.632224205e+002
3564 +5.752191314e+001 +5.752191314e+001 -1.678480869e+002 -1.678480869e+002
3861 +5.481157844e+001 +5.481157844e+001 -1.705584216e+002 -1.705584216e+002
4032 +5.290983161e+001 +5.290983161e+001 -1.724601684e+002 -1.724601684e+002
4113 +5.140489762e+001 +5.140489762e+001 -1.739651024e+002 -1.739651024e+002
4115 +4.744562845e+001 +4.744562845e+001 -1.779243715e+002 -1.779243715e+002
4324 +4.493998491e+001 +4.493998491e+001 -1.804300151e+002 -1.804300151e+002
4485 +4.036545477e+001 +4.036545477e+001 -1.850045452e+002 -1.850045452e+002
4567 +3.965408291e+001 +3.965408291e+001 -1.857159171e+002 -1.857159171e+002
4627 +3.788861566e+001 +3.788861566e+001 -1.874813843e+002 -1.874813843e+002
4851 +3.356050028e+001 +3.356050028e+001 -1.918094997e+002 -1.918094997e+002
5189 +3.249338857e+001 +3.249338857e+001 -1.928766114e+002 -1.928766114e+002
5239 +3.080008647e+001 +3.080008647e+001 -1.945699135e+002 -1.945699135e+002
5607 +2.985398823e+001 +2.985398823e+001 -1.955160118e+002 -1.955160118e+002
5799 +2.914585517e+001 +2.914585517e+001 -1.962241448e+002 -1.962241448e+002
5945 +2.872215327e+001 +2.872215327e+001 -1.966478467e+002 -1.966478467e+002
6118 +2.805621207e+001 +2.805621207e+001 -1.973137879e+002 -1.973137879e+002
6320 +2.710334703e+001 +2.710334703e+001 -1.982666530e+002 -1.982666530e+002
6583 +2.653375126e+001 +2.653375126e+001 -1.988362487e+002 -1.988362487e+002
6611 +2.568848974e+001 +2.568848974e+001 -1.996815103e+002 -1.996815103e+002
7025 +2.509368241e+001 +2.509368241e+001 -2.002763176e+002 -2.002763176e+002
7373 +2.422743662e+001 +2.422743662e+001 -2.011425634e+002 -2.011425634e+002
7563 +2.377042597e+001 +2.377042597e+001 -2.015995740e+002 -2.015995740e+002
8140 +2.336564150e+001 +2.336564150e+001 -2.020043585e+002 -2.020043585e+002
8655 +2.273806976e+001 +2.273806976e+001 -2.026319302e+002 -2.026319302e+002
9622 +2.232418422e+001 +2.232418422e+001 -2.030458158e+002 -2.030458158e+002
13052 +2.187582141e+001 +2.187582141e+001 -2.034941786e+002 -2.034941786e+002
% function evaluation | noise-free fitness - Fopt (-2.212900000000e+002) | best noise-free fitness - Fopt | measured fitness | best measured fitness | x1 | x2...
1 +1.811948752e+002 +1.811948752e+002 -4.009512480e+001 -4.009512480e+001
2 +1.258830767e+002 +1.258830767e+002 -9.540692328e+001 -9.540692328e+001
3 +8.681484668e+001 +8.681484668e+001 -1.344751533e+002 -1.344751533e+002
1814 +8.510271962e+001 +8.510271962e+001 -1.361872804e+002 -1.361872804e+002
2026 +8.317228640e+001 +8.317228640e+001 -1.381177136e+002 -1.381177136e+002
2939 +7.840426014e+001 +7.840426014e+001 -1.428857399e+002 -1.428857399e+002
3488 +7.728420139e+001 +7.728420139e+001 -1.440057986e+002 -1.440057986e+002
3760 +7.228226890e+001 +7.228226890e+001 -1.490077311e+002 -1.490077311e+002
4187 +6.765356475e+001 +6.765356475e+001 -1.536364353e+002 -1.536364353e+002
4571 +6.729216711e+001 +6.729216711e+001 -1.539978329e+002 -1.539978329e+002
4635 +6.432355592e+001 +6.432355592e+001 -1.569664441e+002 -1.569664441e+002
4790 +5.814188560e+001 +5.814188560e+001 -1.631481144e+002 -1.631481144e+002
5017 +5.613111146e+001 +5.613111146e+001 -1.651588885e+002 -1.651588885e+002
5074 +5.391307151e+001 +5.391307151e+001 -1.673769285e+002 -1.673769285e+002
5175 +5.021620248e+001 +5.021620248e+001 -1.710737975e+002 -1.710737975e+002
5372 +3.966450808e+001 +3.966450808e+001 -1.816254919e+002 -1.816254919e+002
5777 +3.477452855e+001 +3.477452855e+001 -1.865154715e+002 -1.865154715e+002
6009 +3.289231668e+001 +3.289231668e+001 -1.883976833e+002 -1.883976833e+002
6059 +3.101523789e+001 +3.101523789e+001 -1.902747621e+002 -1.902747621e+002
6206 +2.961062204e+001 +2.961062204e+001 -1.916793780e+002 -1.916793780e+002
6233 +2.777359216e+001 +2.777359216e+001 -1.935164078e+002 -1.935164078e+002
6390 +2.714775386e+001 +2.714775386e+001 -1.941422461e+002 -1.941422461e+002
6475 +2.681995021e+001 +2.681995021e+001 -1.944700498e+002 -1.944700498e+002
6601 +2.373574664e+001 +2.373574664e+001 -1.975542534e+002 -1.975542534e+002
6662 +2.030059301e+001 +2.030059301e+001 -2.009894070e+002 -2.009894070e+002
6827 +1.798973842e+001 +1.798973842e+001 -2.033002616e+002 -2.033002616e+002
7519 +1.753683664e+001 +1.753683664e+001 -2.037531634e+002 -2.037531634e+002
7613 +1.520526741e+001 +1.520526741e+001 -2.060847326e+002 -2.060847326e+002
7814 +1.494515091e+001 +1.494515091e+001 -2.063448491e+002 -2.063448491e+002
8038 +1.370554765e+001 +1.370554765e+001 -2.075844524e+002 -2.075844524e+002
8050 +1.229487447e+001 +1.229487447e+001 -2.089951255e+002 -2.089951255e+002
8403 +1.185320288e+001 +1.185320288e+001 -2.094367971e+002 -2.094367971e+002
8405 +1.168608338e+001 +1.168608338e+001 -2.096039166e+002 -2.096039166e+002
8742 +1.116744911e+001 +1.116744911e+001 -2.101225509e+002 -2.101225509e+002
8759 +1.049796779e+001 +1.049796779e+001 -2.107920322e+002 -2.107920322e+002
9203 +1.025975275e+001 +1.025975275e+001 -2.110302473e+002 -2.110302473e+002
9246 +1.007277464e+001 +1.007277464e+001 -2.112172254e+002 -2.112172254e+002
9274 +9.984382362e+000 +9.984382362e+000 -2.113056176e+002 -2.113056176e+002
9348 +9.732765670e+000 +9.732765670e+000 -2.115572343e+002 -2.115572343e+002
9639 +9.485340823e+000 +9.485340823e+000 -2.118046592e+002 -2.118046592e+002
9709 +9.198055707e+000 +9.198055707e+000 -2.120919443e+002 -2.120919443e+002
9912 +8.943875924e+000 +8.943875924e+000 -2.123461241e+002 -2.123461241e+002
10118 +8.891833018e+000 +8.891833018e+000 -2.123981670e+002 -2.123981670e+002
10349 +8.677633411e+000 +8.677633411e+000 -2.126123666e+002 -2.126123666e+002
10583 +8.384516635e+000 +8.384516635e+000 -2.129054834e+002 -2.129054834e+002
10864 +8.297256271e+000 +8.297256271e+000 -2.129927437e+002 -2.129927437e+002
11447 +8.035293032e+000 +8.035293032e+000 -2.132547070e+002 -2.132547070e+002
11921 +7.909131887e+000 +7.909131887e+000 -2.133808681e+002 -2.133808681e+002
12422 +7.745951764e+000 +7.745951764e+000 -2.135440482e+002 -2.135440482e+002
13613 +7.562957675e+000 +7.562957675e+000 -2.137270423e+002 -2.137270423e+002
15244 +7.413024217e+000 +7.413024217e+000 -2.138769758e+002 -2.138769758e+002
% function evaluation | noise-free fitness - Fopt (1.065700000000e+002) | best noise-free fitness - Fopt | measured fitness | best measured fitness | x1 | x2...
1 +9.402962333e+001 +9.402962333e+001 +2.005996233e+002 +2.005996233e+002
92 +9.214755931e+001 +9.214755931e+001 +1.987175593e+002 +1.987175593e+002
128 +9.055191078e+001 +9.055191078e+001 +1.971219108e+002 +1.971219108e+002
140 +8.688059241e+001 +8.688059241e+001 +1.934505924e+002 +1.934505924e+002
253 +8.392081735e+001 +8.392081735e+001 +1.904908174e+002 +1.904908174e+002
491 +8.299911581e+001 +8.299911581e+001 +1.895691158e+002 +1.895691158e+002
889 +7.903677079e+001 +7.903677079e+001 +1.856067708e+002 +1.856067708e+002
1274 +7.377728427e+001 +7.377728427e+001 +1.803472843e+002 +1.803472843e+002
2079 +7.168939056e+001 +7.168939056e+001 +1.782593906e+002 +1.782593906e+002
2146 +6.913436436e+001 +6.913436436e+001 +1.757043644e+002 +1.757043644e+002
2347 +6.516461197e+001 +6.516461197e+001 +1.717346120e+002 +1.717346120e+002
2403 +6.196210679e+001 +6.196210679e+001 +1.685321068e+002 +1.685321068e+002
2650 +3.985016672e+001 +3.985016672e+001 +1.464201667e+002 +1.464201667e+002
3255 +3.463163274e+001 +3.463163274e+001 +1.412016327e+002 +1.412016327e+002
3597 +3.374295999e+001 +3.374295999e+001 +1.403129600e+002 +1.403129600e+002
3637 +2.804057119e+001 +2.804057119e+001 +1.346105712e+002 +1.346105712e+002
3711 +1.493519617e+001 +1.493519617e+001 +1.215051962e+002 +1.215051962e+002
4565 +1.436201505e+001 +1.436201505e+001 +1.209320150e+002 +1.209320150e+002
4710 +1.064298464e+001 +1.064298464e+001 +1.172129846e+002 +1.172129846e+002
4925 +9.503533268e+000 +9.503533268e+000 +1.160735333e+002 +1.160735333e+002
5103 +8.669651224e+000 +8.669651224e+000 +1.152396512e+002 +1.152396512e+002
5351 +8.230674901e+000 +8.230674901e+000 +1.148006749e+002 +1.148006749e+002
5452 +7.901547818e+000 +7.901547818e+000 +1.144715478e+002 +1.144715478e+002
5590 +7.597385800e+000 +7.597385800e+000 +1.141673858e+002 +1.141673858e+002
5598 +7.159701035e+000 +7.159701035e+000 +1.137297010e+002 +1.137297010e+002
5657 +7.058611957e+000 +7.058611957e+000 +1.136286120e+002 +1.136286120e+002
5818 +6.468548513e+000 +6.468548513e+000 +1.130385485e+002 +1.130385485e+002
5927 +5.441672496e+000 +5.441672496e+000 +1.120116725e+002 +1.120116725e+002
6133 +4.942934843e+000 +4.942934843e+000 +1.115129348e+002 +1.115129348e+002
6477 +4.257897875e+000 +4.257897875e+000 +1.108278979e+002 +1.108278979e+002
6839 +3.135888535e+000 +3.135888535e+000 +1.097058885e+002 +1.097058885e+002
6908 +2.778119364e+000 +2.778119364e+000 +1.093481194e+002 +1.093481194e+002
7587 +2.676005883e+000 +2.676005883e+000 +1.092460059e+002 +1.092460059e+002
7607 +2.394813071e+000 +2.394813071e+000 +1.089648131e+002 +1.089648131e+002
7717 +2.278961832e+000 +2.278961832e+000 +1.088489618e+002 +1.088489618e+002
7926 +2.221047731e+000 +2.221047731e+000 +1.087910477e+002 +1.087910477e+002
8231 +2.079260839e+000 +2.079260839e+000 +1.086492608e+002 +1.086492608e+002
9444 +2.035072979e+000 +2.035072979e+000 +1.086050730e+002 +1.086050730e+002
10783 +1.990391328e+000 +1.990391328e+000 +1.085603913e+002 +1.085603913e+002
% function evaluation | noise-free fitness - Fopt (-1.284800000000e+002) | best noise-free fitness - Fopt | measured fitness | best measured fitness | x1 | x2...
1 +2.023234868e+002 +2.023234868e+002 +7.384348677e+001 +7.384348677e+001
2 +1.483763457e+002 +1.483763457e+002 +1.989634565e+001 +1.989634565e+001
3 +1.084409822e+002 +1.084409822e+002 -2.003901782e+001 -2.003901782e+001
11 +1.067325755e+002 +1.067325755e+002 -2.174742453e+001 -2.174742453e+001
14 +9.834366661e+001 +9.834366661e+001 -3.013633339e+001 -3.013633339e+001
18 +9.023375704e+001 +9.023375704e+001 -3.824624296e+001 -3.824624296e+001
37 +8.752410742e+001 +8.752410742e+001 -4.095589258e+001 -4.095589258e+001
455 +8.673681731e+001 +8.673681731e+001 -4.174318269e+001 -4.174318269e+001
1368 +8.164604283e+001 +8.164604283e+001 -4.683395717e+001 -4.683395717e+001
3057 +8.127335299e+001 +8.127335299e+001 -4.720664701e+001 -4.720664701e+001
3466 +7.683851993e+001 +7.683851993e+001 -5.164148007e+001 -5.164148007e+001
4261 +7.545529195e+001 +7.545529195e+001 -5.302470805e+001 -5.302470805e+001
4497 +7.370077160e+001 +7.370077160e+001 -5.477922840e+001 -5.477922840e+001
4608 +6.268549501e+001 +6.268549501e+001 -6.579450499e+001 -6.579450499e+001
5278 +6.145705821e+001 +6.145705821e+001 -6.702294179e+001 -6.702294179e+001
5404 +5.750027802e+001 +5.750027802e+001 -7.097972198e+001 -7.097972198e+001
5432 +5.585966621e+001 +5.585966621e+001 -7.262033379e+001 -7.262033379e+001
5523 +4.791581268e+001 +4.791581268e+001 -8.056418732e+001 -8.056418732e+001
5774 +3.919543267e+001 +3.919543267e+001 -8.928456733e+001 -8.928456733e+001
6098 +3.788990260e+001 +3.788990260e+001 -9.059009740e+001 -9.059009740e+001
6170 +3.366940825e+001 +3.366940825e+001 -9.481059175e+001 -9.481059175e+001
6350 +2.966776865e+001 +2.966776865e+001 -9.881223135e+001 -9.881223135e+001
6494 +2.809594976e+001 +2.809594976e+001 -1.003840502e+002 -1.003840502e+002
6652 +1.858091515e+001 +1.858091515e+001 -1.098990848e+002 -1.098990848e+002
7291 +1.737609140e+001 +1.737609140e+001 -1.111039086e+002 -1.111039086e+002
7488 +1.584918390e+001 +1.584918390e+001 -1.126308161e+002 -1.126308161e+002
7617 +1.574767432e+001 +1.574767432e+001 -1.127323257e+002 -1.127323257e+002
7635 +1.217739758e+001 +1.217739758e+001 -1.163026024e+002 -1.163026024e+002
7983 +1.160122561e+001 +1.160122561e+001 -1.168787744e+002 -1.168787744e+002
8100 +1.019710837e+001 +1.019710837e+001 -1.182828916e+002 -1.182828916e+002
8222 +8.369329402e+000 +8.369329402e+000 -1.201106706e+002 -1.201106706e+002
8847 +7.918900032e+000 +7.918900032e+000 -1.205611000e+002 -1.205611000e+002
9069 +7.532934154e+000 +7.532934154e+000 -1.209470658e+002 -1.209470658e+002
9151 +6.928808871e+000 +6.928808871e+000 -1.215511911e+002 -1.215511911e+002
9610 +6.609635463e+000 +6.609635463e+000 -1.218703645e+002 -1.218703645e+002
9695 +6.329753440e+000 +6.329753440e+000 -1.221502466e+002 -1.221502466e+002
9772 +6.240858445e+000 +6.240858445e+000 -1.222391416e+002 -1.222391416e+002
9827 +6.040350985e+000 +6.040350985e+000 -1.224396490e+002 -1.224396490e+002
9897 +5.940138448e+000 +5.940138448e+000 -1.225398616e+002 -1.225398616e+002
9898 +5.325677536e+000 +5.325677536e+000 -1.231543225e+002 -1.231543225e+002
10168 +5.219325869e+000 +5.219325869e+000 -1.232606741e+002 -1.232606741e+002
10207 +5.017990944e+000 +5.017990944e+000 -1.234620091e+002 -1.234620091e+002
10233 +4.748393190e+000 +4.748393190e+000 -1.237316068e+002 -1.237316068e+002
10257 +3.227912135e+000 +3.227912135e+000 -1.252520879e+002 -1.252520879e+002
11020 +2.875267072e+000 +2.875267072e+000 -1.256047329e+002 -1.256047329e+002
11330 +2.685198307e+000 +2.685198307e+000 -1.257948017e+002 -1.257948017e+002
11458 +2.538214938e+000 +2.538214938e+000 -1.259417851e+002 -1.259417851e+002
11568 +2.352405079e+000 +2.352405079e+000 -1.261275949e+002 -1.261275949e+002
11823 +2.288313534e+000 +2.288313534e+000 -1.261916865e+002 -1.261916865e+002
11832 +2.177784414e+000 +2.177784414e+000 -1.263022156e+002 -1.263022156e+002
12164 +2.087534841e+000 +2.087534841e+000 -1.263924652e+002 -1.263924652e+002
12766 +2.026043639e+000 +2.026043639e+000 -1.264539564e+002 -1.264539564e+002
13098 +1.977800510e+000 +1.977800510e+000 -1.265021995e+002 -1.265021995e+002
13413 +1.941871765e+000 +1.941871765e+000 -1.265381282e+002 -1.265381282e+002
14003 +1.878200500e+000 +1.878200500e+000 -1.266017995e+002 -1.266017995e+002
14111 +1.846599498e+000 +1.846599498e+000 -1.266334005e+002 -1.266334005e+002
14402 +1.817095506e+000 +1.817095506e+000 -1.266629045e+002 -1.266629045e+002
14435 +1.750114826e+000 +1.750114826e+000 -1.267298852e+002 -1.267298852e+002
14770 +1.731682341e+000 +1.731682341e+000 -1.267483177e+002 -1.267483177e+002
14801 +1.690441533e+000 +1.690441533e+000 -1.267895585e+002 -1.267895585e+002
15008 +1.569235774e+000 +1.569235774e+000 -1.269107642e+002 -1.269107642e+002
15613 +1.543232865e+000 +1.543232865e+000 -1.269367671e+002 -1.269367671e+002
15614 +1.497303473e+000 +1.497303473e+000 -1.269826965e+002 -1.269826965e+002
15714 +1.453302747e+000 +1.453302747e+000 -1.270266973e+002 -1.270266973e+002
15878 +1.416958512e+000 +1.416958512e+000 -1.270630415e+002 -1.270630415e+002
16025 +1.375260970e+000 +1.375260970e+000 -1.271047390e+002 -1.271047390e+002
16298 +1.294252747e+000 +1.294252747e+000 -1.271857473e+002 -1.271857473e+002
16391 +1.277774348e+000 +1.277774348e+000 -1.272022257e+002 -1.272022257e+002
16515 +1.239970684e+000 +1.239970684e+000 -1.272400293e+002 -1.272400293e+002
16657 +1.195509459e+000 +1.195509459e+000 -1.272844905e+002 -1.272844905e+002
17004 +1.162620704e+000 +1.162620704e+000 -1.273173793e+002 -1.273173793e+002
17130 +1.131114121e+000 +1.131114121e+000 -1.273488859e+002 -1.273488859e+002
17377 +1.112650601e+000 +1.112650601e+000 -1.273673494e+002 -1.273673494e+002
17575 +1.091768929e+000 +1.091768929e+000 -1.273882311e+002 -1.273882311e+002
17796 +1.062471314e+000 +1.062471314e+000 -1.274175287e+002 -1.274175287e+002
18018 +1.009250526e+000 +1.009250526e+000 -1.274707495e+002 -1.274707495e+002
18284 +9.990283611e-001 +9.990283611e-001 -1.274809716e+002 -1.274809716e+002
18632 +9.554852418e-001 +9.554852418e-001 -1.275245148e+002 -1.275245148e+002
18833 +9.490095353e-001 +9.490095353e-001 -1.275309905e+002 -1.275309905e+002
19292 +9.267987523e-001 +9.267987523e-001 -1.275532012e+002 -1.275532012e+002
19431 +8.959911158e-001 +8.959911158e-001 -1.275840089e+002 -1.275840089e+002
19491 +8.811876307e-001 +8.811876307e-001 -1.275988124e+002 -1.275988124e+002
20025 +8.661945178e-001 +8.661945178e-001 -1.276138055e+002 -1.276138055e+002
20350 +8.457018384e-001 +8.457018384e-001 -1.276342982e+002 -1.276342982e+002
20875 +8.309700475e-001 +8.309700475e-001 -1.276490300e+002 -1.276490300e+002
21330 +8.094104644e-001 +8.094104644e-001 -1.276705895e+002 -1.276705895e+002
21803 +7.932736957e-001 +7.932736957e-001 -1.276867263e+002 -1.276867263e+002
22625 +7.676843491e-001 +7.676843491e-001 -1.277123157e+002 -1.277123157e+002
23302 +7.579559748e-001 +7.579559748e-001 -1.277220440e+002 -1.277220440e+002
24348 +7.409136122e-001 +7.409136122e-001 -1.277390864e+002 -1.277390864e+002
26268 +7.242146365e-001 +7.242146365e-001 -1.277557854e+002 -1.277557854e+002
29241 +7.077156317e-001 +7.077156317e-001 -1.277722844e+002 -1.277722844e+002
% function evaluation | noise-free fitness - Fopt (2.358800000000e+002) | best noise-free fitness - Fopt | measured fitness | best measured fitness | x1 | x2...
1 +1.107067766e+002 +1.107067766e+002 +3.465867766e+002 +3.465867766e+002
2 +9.741151400e+001 +9.741151400e+001 +3.332915140e+002 +3.332915140e+002
19 +9.072384270e+001 +9.072384270e+001 +3.266038427e+002 +3.266038427e+002
174 +8.905985593e+001 +8.905985593e+001 +3.249398559e+002 +3.249398559e+002
300 +8.658034371e+001 +8.658034371e+001 +3.224603437e+002 +3.224603437e+002
1675 +8.480447411e+001 +8.480447411e+001 +3.206844741e+002 +3.206844741e+002
1901 +8.237387189e+001 +8.237387189e+001 +3.182538719e+002 +3.182538719e+002
3071 +7.999567931e+001 +7.999567931e+001 +3.158756793e+002 +3.158756793e+002
3421 +7.875939399e+001 +7.875939399e+001 +3.146393940e+002 +3.146393940e+002
3618 +7.689941217e+001 +7.689941217e+001 +3.127794122e+002 +3.127794122e+002
3680 +7.505832597e+001 +7.505832597e+001 +3.109383260e+002 +3.109383260e+002
3722 +7.355316588e+001 +7.355316588e+001 +3.094331659e+002 +3.094331659e+002
3826 +7.045047000e+001 +7.045047000e+001 +3.063304700e+002 +3.063304700e+002
4091 +6.843281133e+001 +6.843281133e+001 +3.043128113e+002 +3.043128113e+002
4229 +6.118788523e+001 +6.118788523e+001 +2.970678852e+002 +2.970678852e+002
4491 +5.557527046e+001 +5.557527046e+001 +2.914552705e+002 +2.914552705e+002
4644 +5.241708569e+001 +5.241708569e+001 +2.882970857e+002 +2.882970857e+002
4657 +5.051788231e+001 +5.051788231e+001 +2.863978823e+002 +2.863978823e+002
4792 +4.478293670e+001 +4.478293670e+001 +2.806629367e+002 +2.806629367e+002
4923 +4.182321673e+001 +4.182321673e+001 +2.777032167e+002 +2.777032167e+002
5108 +3.634161183e+001 +3.634161183e+001 +2.722216118e+002 +2.722216118e+002
5201 +3.072521910e+001 +3.072521910e+001 +2.666052191e+002 +2.666052191e+002
5511 +2.692545564e+001 +2.692545564e+001 +2.628054556e+002 +2.628054556e+002
5672 +2.493981359e+001 +2.493981359e+001 +2.608198136e+002 +2.608198136e+002
5685 +2.146310504e+001 +2.146310504e+001 +2.573431050e+002 +2.573431050e+002
5912 +1.670036962e+001 +1.670036962e+001 +2.525803696e+002 +2.525803696e+002
6062 +1.556469218e+001 +1.556469218e+001 +2.514446922e+002 +2.514446922e+002
6503 +1.148770406e+001 +1.148770406e+001 +2.473677041e+002 +2.473677041e+002
6906 +1.038288061e+001 +1.038288061e+001 +2.462628806e+002 +2.462628806e+002
7089 +1.008696639e+001 +1.008696639e+001 +2.459669664e+002 +2.459669664e+002
7247 +9.469891852e+000 +9.469891852e+000 +2.453498919e+002 +2.453498919e+002
7368 +9.222807555e+000 +9.222807555e+000 +2.451028076e+002 +2.451028076e+002
7506 +8.151510024e+000 +8.151510024e+000 +2.440315100e+002 +2.440315100e+002
7866 +7.826630173e+000 +7.826630173e+000 +2.437066302e+002 +2.437066302e+002
8091 +7.673075943e+000 +7.673075943e+000 +2.435530759e+002 +2.435530759e+002
8109 +7.583095524e+000 +7.583095524e+000 +2.434630955e+002 +2.434630955e+002
8405 +7.124710048e+000 +7.124710048e+000 +2.430047100e+002 +2.430047100e+002
8485 +6.950431035e+000 +6.950431035e+000 +2.428304310e+002 +2.428304310e+002
8772 +6.780920879e+000 +6.780920879e+000 +2.426609209e+002 +2.426609209e+002
9106 +6.623642181e+000 +6.623642181e+000 +2.425036422e+002 +2.425036422e+002
9233 +6.521316056e+000 +6.521316056e+000 +2.424013161e+002 +2.424013161e+002
9503 +6.436271087e+000 +6.436271087e+000 +2.423162711e+002 +2.423162711e+002
9835 +6.152096367e+000 +6.152096367e+000 +2.420320964e+002 +2.420320964e+002
10088 +6.004982529e+000 +6.004982529e+000 +2.418849825e+002 +2.418849825e+002
10242 +5.674442412e+000 +5.674442412e+000 +2.415544424e+002 +2.415544424e+002
10926 +5.616474513e+000 +5.616474513e+000 +2.414964745e+002 +2.414964745e+002
11287 +5.473214794e+000 +5.473214794e+000 +2.413532148e+002 +2.413532148e+002
11697 +5.360934413e+000 +5.360934413e+000 +2.412409344e+002 +2.412409344e+002
12241 +5.243771665e+000 +5.243771665e+000 +2.411237717e+002 +2.411237717e+002
14078 +5.126615189e+000 +5.126615189e+000 +2.410066152e+002 +2.410066152e+002
% function evaluation | noise-free fitness - Fopt (-5.310000000000e+000) | best noise-free fitness - Fopt | measured fitness | best measured fitness | x1 | x2...
1 +1.382694094e+002 +1.382694094e+002 +1.329594094e+002 +1.329594094e+002
6 +1.236222271e+002 +1.236222271e+002 +1.183122271e+002 +1.183122271e+002
8 +1.172716406e+002 +1.172716406e+002 +1.119616406e+002 +1.119616406e+002
10 +1.075089730e+002 +1.075089730e+002 +1.021989730e+002 +1.021989730e+002
17 +9.768591993e+001 +9.768591993e+001 +9.237591993e+001 +9.237591993e+001
46 +9.363264163e+001 +9.363264163e+001 +8.832264163e+001 +8.832264163e+001
67 +8.950265658e+001 +8.950265658e+001 +8.419265658e+001 +8.419265658e+001
90 +8.705041777e+001 +8.705041777e+001 +8.174041777e+001 +8.174041777e+001
1051 +8.486558455e+001 +8.486558455e+001 +7.955558455e+001 +7.955558455e+001
1412 +8.236418557e+001 +8.236418557e+001 +7.705418557e+001 +7.705418557e+001
2770 +8.078934728e+001 +8.078934728e+001 +7.547934728e+001 +7.547934728e+001
2959 +7.798866308e+001 +7.798866308e+001 +7.267866308e+001 +7.267866308e+001
3577 +7.673287227e+001 +7.673287227e+001 +7.142287227e+001 +7.142287227e+001
3749 +7.577252965e+001 +7.577252965e+001 +7.046252965e+001 +7.046252965e+001
4374 +7.307367323e+001 +7.307367323e+001 +6.776367323e+001 +6.776367323e+001
4610 +7.224280110e+001 +7.224280110e+001 +6.693280110e+001 +6.693280110e+001
4824 +7.001694663e+001 +7.001694663e+001 +6.470694663e+001 +6.470694663e+001
4904 +6.912748328e+001 +6.912748328e+001 +6.381748328e+001 +6.381748328e+001
4923 +6.749435434e+001 +6.749435434e+001 +6.218435434e+001 +6.218435434e+001
5114 +6.578171577e+001 +6.578171577e+001 +6.047171577e+001 +6.047171577e+001
5211 +6.231115780e+001 +6.231115780e+001 +5.700115780e+001 +5.700115780e+001
5591 +6.146453260e+001 +6.146453260e+001 +5.615453260e+001 +5.615453260e+001
5609 +5.889783774e+001 +5.889783774e+001 +5.358783774e+001 +5.358783774e+001
5675 +5.421137777e+001 +5.421137777e+001 +4.890137777e+001 +4.890137777e+001
5856 +5.317298219e+001 +5.317298219e+001 +4.786298219e+001 +4.786298219e+001
6104 +5.173373794e+001 +5.173373794e+001 +4.642373794e+001 +4.642373794e+001
6132 +4.879945856e+001 +4.879945856e+001 +4.348945856e+001 +4.348945856e+001
6221 +4.461142349e+001 +4.461142349e+001 +3.930142349e+001 +3.930142349e+001
6477 +4.112176941e+001 +4.112176941e+001 +3.581176941e+001 +3.581176941e+001
6782 +3.951239345e+001 +3.951239345e+001 +3.420239345e+001 +3.420239345e+001
6920 +3.830235689e+001 +3.830235689e+001 +3.299235689e+001 +3.299235689e+001
7087 +3.779777080e+001 +3.779777080e+001 +3.248777080e+001 +3.248777080e+001
7270 +3.675710985e+001 +3.675710985e+001 +3.144710985e+001 +3.144710985e+001
7277 +3.619020592e+001 +3.619020592e+001 +3.088020592e+001 +3.088020592e+001
7284 +3.427510372e+001 +3.427510372e+001 +2.896510372e+001 +2.896510372e+001
7468 +3.359042632e+001 +3.359042632e+001 +2.828042632e+001 +2.828042632e+001
7716 +3.303521438e+001 +3.303521438e+001 +2.772521438e+001 +2.772521438e+001
7846 +3.174364403e+001 +3.174364403e+001 +2.643364403e+001 +2.643364403e+001
7908 +3.022911700e+001 +3.022911700e+001 +2.491911700e+001 +2.491911700e+001
7997 +2.994340224e+001 +2.994340224e+001 +2.463340224e+001 +2.463340224e+001
8458 +2.920811959e+001 +2.920811959e+001 +2.389811959e+001 +2.389811959e+001
8638 +2.874609497e+001 +2.874609497e+001 +2.343609497e+001 +2.343609497e+001
8810 +2.724471588e+001 +2.724471588e+001 +2.193471588e+001 +2.193471588e+001
9673 +2.683681113e+001 +2.683681113e+001 +2.152681113e+001 +2.152681113e+001
10496 +2.626103131e+001 +2.626103131e+001 +2.095103131e+001 +2.095103131e+001
12044 +2.570279607e+001 +2.570279607e+001 +2.039279607e+001 +2.039279607e+001
