% function evaluation | noise-free fitness - Fopt (-5.465000000000e+002) | best noise-free fitness - Fopt | measured fitness | best measured fitness | x1 | x2...
1 +4.100303071e+004 +4.100303071e+004 +4.045653071e+004 +4.045653071e+004 +6.5448e+000 +1.2644e+000 +6.0927e+000 +6.8463e-001 +5.0754e+000
2 +1.210088829e+004 +1.210088829e+004 +1.155438829e+004 +1.155438829e+004 +5.3160e+000 +2.4475e+000 +1.0318e+000 +1.5567e+000 +3.2344e+000
10 +1.673908046e+003 +1.673908046e+003 +1.127408046e+003 +1.127408046e+003 -7.4795e-001 +2.8982e+000 +1.6694e+000 -1.2083e+000 +2.3010e-001
31 +5.182551416e+002 +5.182551416e+002 -2.824485843e+001 -2.824485843e+001 +6.5871e-001 +8.9107e-001 +1.2303e+000 +7.3162e-002 +2.8821e+000
53 +3.774266119e+000 +3.774266119e+000 -5.427257339e+002 -5.427257339e+002 +1.1834e+000 +3.0387e+000 +1.6071e+000 -1.7770e+000 +1.5188e+000
123 +3.332311404e+000 +3.332311404e+000 -5.431676886e+002 -5.431676886e+002 -2.0630e+000 +2.3899e+000 +7.2850e-001 -1.2873e+000 +2.0279e+000
153 +2.863643693e+000 +2.863643693e+000 -5.436363563e+002 -5.436363563e+002 -2.1143e+000 +1.2513e+000 +1.0768e+000 -1.4196e+000 +1.4666e+000
198 +2.816424867e+000 +2.816424867e+000 -5.436835751e+002 -5.436835751e+002 +1.5292e+000 +1.0083e+000 +1.2414e+000 -8.4373e-001 +2.5111e+000
311 +1.351550645e+000 +1.351550645e+000 -5.451484494e+002 -5.451484494e+002 +1.5403e+000 +1.0735e+000 +2.3227e+000 -5.2023e-001 +2.4760e+000
% function evaluation | noise-free fitness - Fopt (1.000000000000e+003) | best noise-free fitness - Fopt | measured fitness | best measured fitness | x1 | x2...
1 +6.337870308e+003 +6.337870308e+003 +7.337870308e+003 +7.337870308e+003 -3.9506e+000 +3.8590e-001 -2.8470e+000 -3.0002e+000 +5.2350e-001
12 +4.747885972e+003 +4.747885972e+003 +5.747885972e+003 +5.747885972e+003 -2.1747e+000 +4.2964e+000 -3.0805e+000 -8.2387e-001 -2.5311e+000
13 +2.571477542e+003 +2.571477542e+003 +3.571477542e+003 +3.571477542e+003 -1.8580e+000 +2.3340e+000 -2.1352e+000 -2.1430e+000 +1.6223e-001
26 +1.955385460e+003 +1.955385460e+003 +2.955385460e+003 +2.955385460e+003 -3.9703e+000 +1.3761e+000 -8.7814e-001 -1.5530e+000 -2.6527e-001
50 +1.198154434e+003 +1.198154434e+003 +2.198154434e+003 +2.198154434e+003 -3.0959e+000 +3.0766e+000 -2.6516e+000 -1.8933e+000 -2.3829e+000
51 +6.211287080e+002 +6.211287080e+002 +1.621128708e+003 +1.621128708e+003 -1.8152e-001 +1.6849e+000 -1.8729e+000 -2.2289e+000 -2.2521e-001
58 +3.502048859e+000 +3.502048859e+000 +1.003502049e+003 +1.003502049e+003 -2.3608e-001 +1.7522e+000 -1.7588e+000 -1.3778e+000 -1.1239e+000
130 +3.011552866e+000 +3.011552866e+000 +1.003011553e+003 +1.003011553e+003 -4.1032e-001 +2.2426e+000 -2.0647e+000 -2.0471e+000 -1.1893e+000
186 +2.908579676e+000 +2.908579676e+000 +1.002908580e+003 +1.002908580e+003 +1.0642e-001 +4.6211e-001 -2.4688e+000 -5.4882e-001 -1.6636e+000
218 +2.233982439e+000 +2.233982439e+000 +1.002233982e+003 +1.002233982e+003 -2.1456e+000 +1.2968e+000 -1.1302e+000 -2.2912e+000 -1.2408e+000
1653 +1.626417139e+000 +1.626417139e+000 +1.001626417e+003 +1.001626417e+003 +1.4965e+000 +3.5606e-001 -1.5805e+000 -2.1993e+000 -9.4756e-001
1939 +1.421393885e+000 +1.421393885e+000 +1.001421394e+003 +1.001421394e+003 +1.4866e+000 +2.9712e-001 -1.8704e+000 -2.1518e+000 -9.8019e-001
1991 +1.366613497e+000 +1.366613497e+000 +1.001366613e+003 +1.001366613e+003 +1.5884e+000 +2.4143e-001 -2.0008e+000 -2.1460e+000 -9.4755e-001
2135 +1.218665426e+000 +1.218665426e+000 +1.001218665e+003 +1.001218665e+003 +1.4862e+000 +2.5912e-001 -1.9820e+000 -2.1465e+000 -9.6479e-001
2280 +1.104300912e+000 +1.104300912e+000 +1.001104301e+003 +1.001104301e+003 +1.5067e+000 +3.0898e-001 -2.5089e+000 -1.9247e+000 -1.0098e+000
2289 +7.864553246e-001 +7.864553246e-001 +1.000786455e+003 +1.000786455e+003 +1.4495e+000 +3.0191e-001 -2.5747e+000 -1.9923e+000 -1.0013e+000
2465 +7.745670585e-001 +7.745670585e-001 +1.000774567e+003 +1.000774567e+003 +1.4842e+000 +2.4955e-001 -2.5624e+000 -1.9741e+000 -1.0040e+000
2505 +7.428830784e-001 +7.428830784e-001 +1.000742883e+003 +1.000742883e+003 +1.4857e+000 +2.9683e-001 -2.5751e+000 -1.9720e+000 -9.9593e-001
2512 +7.322529414e-001 +7.322529414e-001 +1.000732253e+003 +1.000732253e+003 +1.5424e+000 +2.9075e-001 -2.5655e+000 -1.9803e+000 -9.9734e-001
2530 +7.239782559e-001 +7.239782559e-001 +1.000723978e+003 +1.000723978e+003 +1.4906e+000 +2.8003e-001 -2.5711e+000 -1.9820e+000 -9.9446e-001
% function evaluation | noise-free fitness - Fopt (2.083800000000e+002) | best noise-free fitness - Fopt | measured fitness | best measured fitness | x1 | x2...
1 +5.750351615e+004 +5.750351615e+004 +5.771189615e+004 +5.771189615e+004 +4.1095e+000 +8.5914e+000 +4.1206e+000 +2.2739e+000 +4.7293e+000
4 +4.753750827e+004 +4.753750827e+004 +4.774588827e+004 +4.774588827e+004 +4.4516e+000 -3.1327e+000 +3.4551e+000 +6.0263e+000 +5.0986e-002
11 +2.937495917e+004 +2.937495917e+004 +2.958333917e+004 +2.958333917e+004 +3.6473e+000 -4.6289e+000 +2.4916e+000 +4.5798e+000 +1.4491e+000
15 +2.267750578e+004 +2.267750578e+004 +2.288588578e+004 +2.288588578e+004 +3.9346e+000 -4.4432e+000 +7.6041e-001 +4.3170e+000 +1.1118e+000
35 +1.862662346e+004 +1.862662346e+004 +1.883500346e+004 +1.883500346e+004 +3.7256e+000 -3.2807e+000 +1.4514e+000 +4.5273e+000 +1.8440e-001
36 +5.144464729e+003 +5.144464729e+003 +5.352844729e+003 +5.352844729e+003 +1.8729e+000 -3.0424e+000 +3.4734e+000 +5.6047e-001 +2.2003e+000
52 +2.508984425e+003 +2.508984425e+003 +2.717364425e+003 +2.717364425e+003 +3.0612e+000 -2.0188e-001 +2.0343e+000 +3.3148e+000 +6.9118e-001
79 +2.186662518e+001 +2.186662518e+001 +2.302466252e+002 +2.302466252e+002 +9.8224e-001 +2.2146e+000 +8.6367e-001 +1.4407e+000 +2.4596e+000
107 +4.386742532e+000 +4.386742532e+000 +2.127667425e+002 +2.127667425e+002 +8.3617e-001 -4.7094e-001 +1.8266e+000 +1.6846e+000 +1.1487e+000
123 +3.850419804e+000 +3.850419804e+000 +2.122304198e+002 +2.122304198e+002 +1.6600e+000 +4.4178e-002 +1.0852e+000 +1.4923e+000 +8.1681e-001
126 +3.757183844e+000 +3.757183844e+000 +2.121371838e+002 +2.121371838e+002 +1.4600e+000 +3.1589e-001 +1.7381e-002 +2.3438e+000 +1.2867e+000
137 +3.697396044e+000 +3.697396044e+000 +2.120773960e+002 +2.120773960e+002 +1.4285e+000 +8.9193e-001 +1.0330e+000 +2.2167e+000 +1.1667e+000
143 +3.513468028e+000 +3.513468028e+000 +2.118934680e+002 +2.118934680e+002 +6.7207e-001 +1.7428e-001 +2.5836e+000 +1.7432e+000 +7.8388e-001
167 +3.271961686e+000 +3.271961686e+000 +2.116519617e+002 +2.116519617e+002 +3.5725e-001 +1.3079e+000 +1.2020e+000 +2.3248e+000 +1.1690e+000
212 +2.793705620e+000 +2.793705620e+000 +2.111737056e+002 +2.111737056e+002 +1.7213e-001 +1.7912e+000 +1.1289e+000 +1.8947e+000 +1.0178e+000
232 +2.004549365e+000 +2.004549365e+000 +2.103845494e+002 +2.103845494e+002 -1.9902e+000 +1.7538e-001 +1.1528e+000 +2.3785e+000 +1.9846e+000
5069 +1.957530278e+000 +1.957530278e+000 +2.103375303e+002 +2.103375303e+002 -1.9877e+000 +2.0619e+000 +2.1088e+000 +9.6133e-001 +1.4362e+000
5081 +1.924040671e+000 +1.924040671e+000 +2.103040407e+002 +2.103040407e+002 -2.0789e+000 +2.1506e+000 +2.2165e+000 +1.1889e+000 +1.4813e+000
5238 +1.849437049e+000 +1.849437049e+000 +2.102294370e+002 +2.102294370e+002 -2.1786e+000 +2.1338e+000 +2.0648e+000 +1.2197e+000 +1.5892e+000
5260 +1.713687939e+000 +1.713687939e+000 +2.100936879e+002 +2.100936879e+002 -2.0678e+000 +2.0303e+000 +2.1087e+000 +1.2903e+000 +2.0195e+000
5455 +1.457124463e+000 +1.457124463e+000 +2.098371245e+002 +2.098371245e+002 -9.1042e-001 +2.3818e+000 +2.0311e+000 +1.1864e+000 +2.3677e+000
5531 +1.402378803e+000 +1.402378803e+000 +2.097823788e+002 +2.097823788e+002 -1.0574e+000 +2.3534e+000 +2.0691e+000 +1.3158e+000 +2.3353e+000
5598 +1.364161765e+000 +1.364161765e+000 +2.097441618e+002 +2.097441618e+002 -1.9254e+000 +2.1429e+000 +2.0477e+000 +9.6127e-001 +2.3245e+000
5636 +1.230501731e+000 +1.230501731e+000 +2.096105017e+002 +2.096105017e+002 -8.3954e-001 +2.4521e+000 +2.0536e+000 +5.6556e-001 +2.5332e+000
5876 +1.060336257e+000 +1.060336257e+000 +2.094403363e+002 +2.094403363e+002 -1.0154e+000 +2.3477e+000 +2.0921e+000 +5.9520e-001 +2.5372e+000
5958 +1.023284924e+000 +1.023284924e+000 +2.094032849e+002 +2.094032849e+002 -1.1388e+000 +2.3281e+000 +2.0580e+000 +6.3872e-001 +2.4429e+000
6018 +9.686747091e-001 +9.686747091e-001 +2.093486747e+002 +2.093486747e+002 -9.8715e-001 +2.4227e+000 +2.0389e+000 +6.4587e-001 +2.4345e+000
6039 +9.411242535e-001 +9.411242535e-001 +2.093211243e+002 +2.093211243e+002 -1.0763e+000 +2.3619e+000 +2.0932e+000 +6.2813e-001 +2.4554e+000
6051 +8.969718993e-001 +8.969718993e-001 +2.092769719e+002 +2.092769719e+002 -1.0542e+000 +2.3318e+000 +2.0776e+000 +6.3705e-001 +2.4565e+000
6059 +8.186242665e-001 +8.186242665e-001 +2.091986243e+002 +2.091986243e+002 -9.9997e-001 +2.3165e+000 +2.0834e+000 +6.1017e-001 +2.4838e+000
6062 +7.955948177e-001 +7.955948177e-001 +2.091755948e+002 +2.091755948e+002 -9.8633e-001 +2.3536e+000 +2.0645e+000 +6.0994e-001 +2.4544e+000
6066 +7.196507198e-001 +7.196507198e-001 +2.090996507e+002 +2.090996507e+002 -1.0215e+000 +2.3717e+000 +2.0607e+000 +6.1419e-001 +2.4766e+000
6080 +6.992278391e-001 +6.992278391e-001 +2.090792278e+002 +2.090792278e+002 -1.0269e+000 +2.3919e+000 +2.0457e+000 +6.0795e-001 +2.4868e+000
6109 +6.909412512e-001 +6.909412512e-001 +2.090709413e+002 +2.090709413e+002 -1.0307e+000 +2.3528e+000 +2.0524e+000 +6.0130e-001 +2.4748e+000
6274 +6.758372189e-001 +6.758372189e-001 +2.090558372e+002 +2.090558372e+002 -1.0191e+000 +2.3697e+000 +2.0335e+000 +6.0366e-001 +2.4828e+000
% function evaluation | noise-free fitness - Fopt (-1.449600000000e+002) | best noise-free fitness - Fopt | measured fitness | best measured fitness | x1 | x2...
1 +1.620079863e+005 +1.620079863e+005 +1.618630263e+005 +1.618630263e+005 -4.7628e-003 +1.5711e+001 -5.0882e+000 +1.9734e+000 -1.9558e+000
2 +1.055877050e+005 +1.055877050e+005 +1.054427450e+005 +1.054427450e+005 +3.8306e+000 +9.1978e+000 -1.7678e+000 +3.3796e+000 -2.2319e-001
3 +1.003117366e+005 +1.003117366e+005 +1.001667766e+005 +1.001667766e+005 +2.9960e+000 +3.2853e+000 -1.0925e+001 +1.2531e+000 +1.0794e+000
5 +2.068964226e+004 +2.068964226e+004 +2.054468226e+004 +2.054468226e+004 +7.2530e+000 +2.4435e+000 -3.5696e+000 -3.1061e+000 -9.0075e-001
12 +8.110618615e+003 +8.110618615e+003 +7.965658615e+003 +7.965658615e+003 +5.0216e+000 +1.7641e+000 -1.5447e+000 +2.4454e-001 -6.3350e-001
31 +6.785665103e+002 +6.785665103e+002 +5.336065103e+002 +5.336065103e+002 +2.8930e+000 -7.9230e-001 -2.6393e+000 +4.9241e-001 -1.6960e+000
77 +6.701479587e+000 +6.701479587e+000 -1.382585204e+002 -1.382585204e+002 -4.8304e-001 -2.8795e-001 -2.3291e+000 -7.8872e-002 -1.2805e+000
90 +4.579524790e+000 +4.579524790e+000 -1.403804752e+002 -1.403804752e+002 +3.1547e-001 -4.5106e-001 -2.6662e+000 -8.7035e-001 -1.1624e+000
118 +3.322628086e+000 +3.322628086e+000 -1.416373719e+002 -1.416373719e+002 +1.8103e-001 +6.8449e-001 -2.8606e+000 -8.8571e-001 -1.3093e+000
212 +3.294495349e+000 +3.294495349e+000 -1.416655047e+002 -1.416655047e+002 +2.7930e-001 -1.0186e+000 -2.2425e+000 -2.0012e+000 -2.0293e+000
226 +3.196290366e+000 +3.196290366e+000 -1.417637096e+002 -1.417637096e+002 -2.3932e+000 +5.3929e-001 -1.9141e+000 -1.3494e+000 -2.3030e+000
297 +2.918060593e+000 +2.918060593e+000 -1.420419394e+002 -1.420419394e+002 +1.4245e+000 -1.2553e+000 -1.5871e+000 -1.2249e+000 -2.3134e+000
298 +2.666035394e+000 +2.666035394e+000 -1.422939646e+002 -1.422939646e+002 +1.2419e-001 -6.4625e-001 -1.7599e+000 -6.9320e-001 -2.5122e+000
706 +2.468806085e+000 +2.468806085e+000 -1.424911939e+002 -1.424911939e+002 -1.1259e+000 -1.3938e+000 -2.3582e+000 -2.1035e+000 -1.5111e+000
708 +2.172382671e+000 +2.172382671e+000 -1.427876173e+002 -1.427876173e+002 -8.0912e-001 -2.5160e+000 -1.9987e+000 -2.2336e+000 -1.5086e+000
2011 +1.999878667e+000 +1.999878667e+000 -1.429601213e+002 -1.429601213e+002 -2.0379e+000 -2.1821e+000 -5.2333e-001 -1.7580e+000 -1.1078e+000
2031 +1.920564328e+000 +1.920564328e+000 -1.430394357e+002 -1.430394357e+002 -2.0865e+000 -2.1948e+000 -1.0252e+000 -1.6448e+000 -1.0627e+000
2189 +1.731565447e+000 +1.731565447e+000 -1.432284346e+002 -1.432284346e+002 -2.0657e+000 +4.9896e-001 -1.2361e+000 -2.3291e+000 -1.4892e+000
2624 +1.690514054e+000 +1.690514054e+000 -1.432694859e+002 -1.432694859e+002 -2.1496e+000 +6.3258e-001 -1.5780e+000 -1.7923e+000 -2.1440e+000
2958 +1.520687583e+000 +1.520687583e+000 -1.434393124e+002 -1.434393124e+002 -2.0395e+000 -2.2202e+000 -2.0550e+000 -1.6404e+000 -1.1652e+000
4048 +1.368849071e+000 +1.368849071e+000 -1.435911509e+002 -1.435911509e+002 -2.0978e+000 -2.1596e+000 -2.1375e+000 -1.1771e+000 -2.2673e+000
16076 +1.326446561e+000 +1.326446561e+000 -1.436335534e+002 -1.436335534e+002 +1.5416e+000 -2.2096e+000 -2.1087e+000 -2.0885e+000 -1.2354e+000
16229 +1.258463550e+000 +1.258463550e+000 -1.437015364e+002 -1.437015364e+002 +1.5826e+000 -2.2843e+000 -1.9900e+000 -2.2059e+000 -2.0683e+000
16313 +8.206237751e-001 +8.206237751e-001 -1.441393762e+002 -1.441393762e+002 +1.5613e+000 -2.2720e+000 -2.0513e+000 -2.0898e+000 -2.1117e+000
% function evaluation | noise-free fitness - Fopt (-6.300000000000e+000) | best noise-free fitness - Fopt | measured fitness | best measured fitness | x1 | x2...
1 +1.982067437e+005 +1.982067437e+005 +1.982004437e+005 +1.982004437e+005 +3.9419e+000 +3.1122e+000 +2.8081e+000 -6.3438e+000 -7.6936e+000
2 +8.568439488e+004 +8.568439488e+004 +8.567809488e+004 +8.567809488e+004 +2.3498e-001 +1.6205e+000 -5.5575e+000 +6.3875e+000 +2.8111e+000
4 +6.890118765e+004 +6.890118765e+004 +6.889488765e+004 +6.889488765e+004 +4.5378e+000 +2.8234e+000 -6.8093e+000 +4.3318e+000 +2.6366e+000
7 +5.785824597e+004 +5.785824597e+004 +5.785194597e+004 +5.785194597e+004 +1.8114e+000 +7.8137e+000 -4.1717e+000 +5.0131e+000 +1.0221e+000
10 +4.060125614e+004 +4.060125614e+004 +4.059495614e+004 +4.059495614e+004 +1.5295e+000 +3.4821e-001 -4.2456e+000 +4.7518e+000 +2.1338e+000
13 +1.473323853e+004 +1.473323853e+004 +1.472693853e+004 +1.472693853e+004 +4.9330e+000 +3.5178e+000 -4.2342e+000 +2.8064e-001 +5.1711e-001
29 +1.269520293e+004 +1.269520293e+004 +1.268890293e+004 +1.268890293e+004 +1.2993e+000 +4.2933e+000 -3.2183e+000 +2.2856e+000 +5.6493e-001
35 +4.615017544e+003 +4.615017544e+003 +4.608717544e+003 +4.608717544e+003 +8.9409e-001 +1.7814e+000 -2.2963e+000 +3.0085e+000 +4.1924e-001
40 +2.464418704e+003 +2.464418704e+003 +2.458118704e+003 +2.458118704e+003 +4.9793e+000 -1.7040e+000 +4.3388e-003 +2.2695e+000 -6.8481e-001
67 +1.984278731e+002 +1.984278731e+002 +1.921278731e+002 +1.921278731e+002 -1.9545e+000 +6.3314e-001 -3.3278e+000 +2.0023e+000 -1.3969e+000
102 +2.067255705e+001 +2.067255705e+001 +1.437255705e+001 +1.437255705e+001 +2.4194e+000 -2.4709e+000 -2.0879e+000 +1.2472e+000 -2.0923e+000
110 +4.206425372e+000 +4.206425372e+000 -2.093574628e+000 -2.093574628e+000 +4.6865e-001 +7.3517e-001 -8.1511e-001 +1.4925e+000 -1.6833e+000
147 +3.612555507e+000 +3.612555507e+000 -2.687444493e+000 -2.687444493e+000 +1.7996e+000 -1.4651e-001 -5.2259e-001 +1.1578e+000 -1.8060e+000
182 +2.630805688e+000 +2.630805688e+000 -3.669194312e+000 -3.669194312e+000 +3.6182e-001 +1.0634e-001 -8.1616e-002 +2.1582e+000 -1.7865e+000
456 +2.151754351e+000 +2.151754351e+000 -4.148245649e+000 -4.148245649e+000 +8.9733e-001 +2.7414e-001 -1.5289e+000 +7.4181e-001 -1.2995e+000
546 +2.068291507e+000 +2.068291507e+000 -4.231708493e+000 -4.231708493e+000 -7.2215e-002 +8.6799e-002 -1.3528e+000 +2.2976e+000 -2.0956e+000
575 +2.007389841e+000 +2.007389841e+000 -4.292610159e+000 -4.292610159e+000 +2.3026e-001 +1.3265e-001 -6.3273e-001 +2.0438e+000 -9.6187e-001
1880 +1.839001135e+000 +1.839001135e+000 -4.460998865e+000 -4.460998865e+000 +1.0911e+000 +2.8877e-001 -6.9778e-001 +1.9717e+000 -9.6868e-001
2774 +1.742667812e+000 +1.742667812e+000 -4.557332188e+000 -4.557332188e+000 +8.6440e-001 +3.1213e-001 -2.7337e+000 +1.9303e+000 -1.4259e+000
4020 +1.548485112e+000 +1.548485112e+000 -4.751514888e+000 -4.751514888e+000 +1.0528e+000 +3.0526e-001 -6.8206e-001 +2.4634e+000 -1.6297e+000
4453 +1.272556603e+000 +1.272556603e+000 -5.027443397e+000 -5.027443397e+000 +2.0813e+000 +5.6141e-001 -7.1845e-001 +8.5987e-001 -1.2928e+000
4505 +8.351286708e-001 +8.351286708e-001 -5.464871329e+000 -5.464871329e+000 +2.0858e+000 +6.0080e-001 -7.3476e-001 +9.1361e-001 -2.4362e+000
4596 +7.991320492e-001 +7.991320492e-001 -5.500867951e+000 -5.500867951e+000 +2.0960e+000 +6.2780e-001 -7.6846e-001 +9.2706e-001 -2.4241e+000
4634 +7.722629022e-001 +7.722629022e-001 -5.527737098e+000 -5.527737098e+000 +2.0740e+000 +6.0723e-001 -7.3111e-001 +9.3831e-001 -2.4131e+000
4695 +7.424889752e-001 +7.424889752e-001 -5.557511025e+000 -5.557511025e+000 +2.0643e+000 +5.8743e-001 -7.5075e-001 +9.3183e-001 -2.3951e+000
5305 +7.245486910e-001 +7.245486910e-001 -5.575451309e+000 -5.575451309e+000 +2.1105e+000 +6.1821e-001 -7.3283e-001 +9.2540e-001 -2.3972e+000
5574 +7.242275023e-001 +7.242275023e-001 -5.575772498e+000 -5.575772498e+000 +2.1210e+000 +5.9691e-001 -7.3671e-001 +9.1856e-001 -2.4074e+000
% function evaluation | noise-free fitness - Fopt (2.796000000000e+001) | best noise-free fitness - Fopt | measured fitness | best measured fitness | x1 | x2...
1 +3.261272306e+005 +3.261272306e+005 +3.261551906e+005 +3.261551906e+005 -6.0093e+000 -1.4096e+000 -1.0234e+000 +6.6491e+000 +4.0353e+000
2 +7.319881406e+004 +7.319881406e+004 +7.322677406e+004 +7.322677406e+004 -6.1200e+000 -3.3063e+000 -2.4215e+000 +1.2348e+000 +1.6480e+000
8 +6.207686538e+004 +6.207686538e+004 +6.210482538e+004 +6.210482538e+004 -4.5899e+000 -7.6401e-001 -4.1475e+000 +5.8662e-001 +1.1287e+000
12 +3.778136138e+004 +3.778136138e+004 +3.780932138e+004 +3.780932138e+004 +1.1122e+001 -6.1924e-001 -5.6097e-001 -1.7452e-001 -4.9408e-001
13 +2.996586454e+004 +2.996586454e+004 +2.999382454e+004 +2.999382454e+004 -5.6586e+000 +4.8922e+000 +4.8048e-001 +1.2960e+000 +8.4061e-002
16 +2.348898251e+004 +2.348898251e+004 +2.351694251e+004 +2.351694251e+004 -1.7378e-001 +2.8184e+000 -3.4103e+000 -5.9939e+000 +9.5306e-001
22 +2.283061003e+004 +2.283061003e+004 +2.285857003e+004 +2.285857003e+004 -2.9243e+000 -2.0041e+000 -3.6825e+000 -1.9899e+000 -2.3391e+000
36 +4.255209537e+003 +4.255209537e+003 +4.283169537e+003 +4.283169537e+003 -2.8744e+000 -2.7276e+000 -8.6435e-001 -1.1424e+000 -9.6626e-001
38 +3.611565216e+003 +3.611565216e+003 +3.639525216e+003 +3.639525216e+003 +2.6050e+000 +2.2490e-001 -8.0018e-001 -2.9594e-001 -3.3942e+000
42 +1.493836667e+003 +1.493836667e+003 +1.521796667e+003 +1.521796667e+003 -7.4697e-002 -1.9307e+000 +3.0675e-001 -1.0278e-001 -2.0358e+000
56 +5.050998847e+000 +5.050998847e+000 +3.301099885e+001 +3.301099885e+001 -7.5108e-001 -4.8721e-001 +1.0223e+000 -6.3018e-001 -1.2979e+000
76 +4.804060854e+000 +4.804060854e+000 +3.276406085e+001 +3.276406085e+001 +7.2768e-002 -5.3006e-001 +1.6333e+000 -7.4650e-001 -1.4152e+000
80 +3.297588817e+000 +3.297588817e+000 +3.125758882e+001 +3.125758882e+001 +4.0613e-001 +6.6082e-002 +4.5184e-001 -1.3702e+000 -1.2310e+000
135 +3.181605522e+000 +3.181605522e+000 +3.114160552e+001 +3.114160552e+001 -2.3285e-001 -9.7006e-002 +1.4199e+000 -8.0232e-001 -1.6448e+000
174 +3.072885489e+000 +3.072885489e+000 +3.103288549e+001 +3.103288549e+001 +5.7950e-001 -6.3124e-002 +1.0173e+000 -8.8797e-001 -1.7096e+000
274 +2.971020343e+000 +2.971020343e+000 +3.093102034e+001 +3.093102034e+001 +6.0576e-001 +1.6077e-002 +1.0020e+000 -8.5640e-001 -1.9731e+000
301 +1.841124151e+000 +1.841124151e+000 +2.980112415e+001 +2.980112415e+001 +1.5657e+000 +3.6757e-001 +1.1995e+000 -7.9933e-001 -2.4631e+000
2124 +1.718520075e+000 +1.718520075e+000 +2.967852007e+001 +2.967852007e+001 -1.1207e+000 +1.5590e+000 +2.2243e+000 -1.6090e+000 -1.1083e+000
2503 +1.690860791e+000 +1.690860791e+000 +2.965086079e+001 +2.965086079e+001 -9.7242e-001 +1.5650e+000 +2.2827e+000 -1.9370e+000 -2.1270e+000
2796 +1.447935103e+000 +1.447935103e+000 +2.940793510e+001 +2.940793510e+001 -9.5312e-001 +1.6139e+000 +2.2618e+000 -1.5919e+000 -2.2497e+000
2925 +1.307624884e+000 +1.307624884e+000 +2.926762488e+001 +2.926762488e+001 -9.9407e-001 +1.5985e+000 +2.2832e+000 -1.9822e+000 -2.1473e+000
2959 +1.285911623e+000 +1.285911623e+000 +2.924591162e+001 +2.924591162e+001 -1.0844e+000 +1.6042e+000 +2.2785e+000 -2.0172e+000 -2.0901e+000
% function evaluation | noise-free fitness - Fopt (-6.338000000000e+001) | best noise-free fitness - Fopt | measured fitness | best measured fitness | x1 | x2...
1 +7.652143454e+004 +7.652143454e+004 +7.645805454e+004 +7.645805454e+004 +2.1003e+000 +3.7012e+000 -8.6001e+000 -4.6990e+000 -1.5463e+000
2 +1.818358795e+004 +1.818358795e+004 +1.812020795e+004 +1.812020795e+004 +3.7508e+000 +2.3776e+000 -1.5815e+000 -3.9792e+000 -3.6793e+000
8 +1.427993072e+003 +1.427993072e+003 +1.364613072e+003 +1.364613072e+003 +2.7108e+000 +2.4343e+000 +1.8326e+000 -1.8258e+000 -1.3082e-001
61 +7.217503350e+001 +7.217503350e+001 +8.795033499e+000 +8.795033499e+000 -1.1328e+000 +1.1822e+000 -2.1986e-001 -5.6909e-001 -1.6018e+000
76 +3.078853910e+000 +3.078853910e+000 -6.030114609e+001 -6.030114609e+001 -1.8561e+000 +1.4246e+000 +2.0239e-001 -1.0016e+000 -9.2148e-001
154 +2.862900826e+000 +2.862900826e+000 -6.051709917e+001 -6.051709917e+001 -1.3116e+000 +2.8614e+000 +1.0248e+000 -1.4507e+000 -1.0965e+000
235 +2.739461297e+000 +2.739461297e+000 -6.064053870e+001 -6.064053870e+001 -1.4420e+000 +2.3584e+000 -6.5966e-003 -1.5581e+000 -1.9096e+000
532 +2.668149945e+000 +2.668149945e+000 -6.071185005e+001 -6.071185005e+001 -1.5532e+000 +1.3533e+000 +1.5380e+000 -1.7660e+000 -1.0316e+000
602 +2.570868230e+000 +2.570868230e+000 -6.080913177e+001 -6.080913177e+001 -1.0824e-001 +2.7591e+000 +1.2489e+000 -8.6732e-001 -2.0853e+000
708 +2.553175865e+000 +2.553175865e+000 -6.082682414e+001 -6.082682414e+001 +1.0254e+000 +2.2865e+000 +1.1347e+000 -1.5327e+000 -1.0926e+000
1363 +2.364912195e+000 +2.364912195e+000 -6.101508780e+001 -6.101508780e+001 +2.0945e+000 +1.2807e+000 +2.1748e+000 -1.0246e+000 -2.0007e+000
2307 +1.879109984e+000 +1.879109984e+000 -6.150089002e+001 -6.150089002e+001 +1.8030e+000 +1.3586e+000 +2.5377e-001 -1.0771e+000 -2.3205e+000
7032 +1.499260326e+000 +1.499260326e+000 -6.188073967e+001 -6.188073967e+001 +2.0882e+000 +2.1300e+000 +9.8141e-001 -1.9597e+000 -2.1746e+000
7531 +1.469031168e+000 +1.469031168e+000 -6.191096883e+001 -6.191096883e+001 +1.0347e+000 +2.5701e-001 +2.5101e+000 -1.9373e+000 -2.1319e+000
7906 +1.435555583e+000 +1.435555583e+000 -6.194444442e+001 -6.194444442e+001 +2.1444e-001 -2.4265e-001 +2.6568e+000 -1.9184e+000 -2.1386e+000
10715 +1.403063062e+000 +1.403063062e+000 -6.197693694e+001 -6.197693694e+001 +1.0056e+000 -3.4108e-001 +6.5714e-001 -2.0301e+000 -2.1125e+000
10802 +1.380264512e+000 +1.380264512e+000 -6.199973549e+001 -6.199973549e+001 +1.0163e+000 -2.9271e-001 +6.7800e-001 -2.0106e+000 -2.1299e+000
10975 +1.347153021e+000 +1.347153021e+000 -6.203284698e+001 -6.203284698e+001 +1.0149e+000 -3.2490e-001 +6.7219e-001 -2.0096e+000 -2.1266e+000
% function evaluation | noise-free fitness - Fopt (-1.337200000000e+002) | best noise-free fitness - Fopt | measured fitness | best measured fitness | x1 | x2...
1 +1.789923267e+006 +1.789923267e+006 +1.789789547e+006 +1.789789547e+006 +1.1683e-001 -4.5533e+000 -1.5951e+001 -9.4329e+000 -1.1968e+001
2 +1.484904703e+005 +1.484904703e+005 +1.483567503e+005 +1.483567503e+005 +3.9128e-001 +7.1821e+000 +8.3411e+000 -4.3607e+000 -1.2038e+000
3 +1.492855376e+004 +1.492855376e+004 +1.479483376e+004 +1.479483376e+004 +6.9600e-001 +4.9979e+000 +4.5817e+000 -6.6935e-001 +1.2583e+000
33 +5.998696294e+003 +5.998696294e+003 +5.864976294e+003 +5.864976294e+003 -1.9264e+000 +1.5630e+000 +3.1677e+000 -1.6474e+000 +1.6360e+000
59 +1.909525028e+003 +1.909525028e+003 +1.775805028e+003 +1.775805028e+003 +1.6720e-001 +3.2359e+000 +1.0252e+000 -1.1195e-001 +6.6684e-001
78 +5.228111718e+002 +5.228111718e+002 +3.890911718e+002 +3.890911718e+002 -2.2063e+000 +1.0555e+000 -8.5286e-001 +3.0868e+000 +4.1193e-001
103 +8.452588264e+001 +8.452588264e+001 -4.919411736e+001 -4.919411736e+001 +1.4807e+000 +2.8906e+000 +1.4409e+000 +6.2292e-001 +2.4108e+000
116 +2.690185380e+001 +2.690185380e+001 -1.068181462e+002 -1.068181462e+002 -2.7457e+000 +2.8657e+000 +1.9843e+000 +1.3680e+000 +1.9969e+000
120 +2.545980124e+001 +2.545980124e+001 -1.082601988e+002 -1.082601988e+002 -2.6973e+000 +3.2001e+000 +2.1268e+000 +4.6335e-001 +1.4262e+000
124 +5.934538731e+000 +5.934538731e+000 -1.277854613e+002 -1.277854613e+002 -2.2543e+000 +3.4016e+000 +1.5426e+000 +1.2255e+000 +9.8575e-001
135 +4.510906492e+000 +4.510906492e+000 -1.292090935e+002 -1.292090935e+002 +4.4745e-001 +2.8202e+000 +1.0318e+000 +1.2100e+000 +1.5976e+000
156 +3.996041635e+000 +3.996041635e+000 -1.297239584e+002 -1.297239584e+002 -9.0457e-001 +1.7188e+000 +6.4026e-001 +1.3432e+000 +1.0915e+000
157 +3.920134805e+000 +3.920134805e+000 -1.297998652e+002 -1.297998652e+002 +3.7136e-001 +2.3430e+000 -2.6344e-002 +8.9729e-001 +1.3392e+000
183 +3.416696574e+000 +3.416696574e+000 -1.303033034e+002 -1.303033034e+002 -1.4775e+000 +1.7744e-001 +1.4295e+000 +1.2312e+000 +2.2111e+000
251 +3.329510096e+000 +3.329510096e+000 -1.303904899e+002 -1.303904899e+002 -8.4583e-001 +1.3945e+000 +1.4683e-001 +2.1385e+000 +1.0067e+000
347 +3.161937308e+000 +3.161937308e+000 -1.305580627e+002 -1.305580627e+002 +9.5821e-001 +7.3304e-001 +1.3370e+000 +1.0663e+000 +2.3308e+000
350 +2.786834784e+000 +2.786834784e+000 -1.309331652e+002 -1.309331652e+002 -5.5086e-001 +7.8387e-001 +1.3359e+000 +1.1392e+000 +2.3368e+000
565 +1.765151293e+000 +1.765151293e+000 -1.319548487e+002 -1.319548487e+002 +1.1404e+000 -3.3285e-001 +2.7096e+000 +1.9939e+000 +1.4670e+000
1413 +1.722339997e+000 +1.722339997e+000 -1.319976600e+002 -1.319976600e+002 +9.9078e-001 +9.2894e-001 +2.3267e+000 +5.3446e-001 +2.4895e+000
3181 +1.527238144e+000 +1.527238144e+000 -1.321927619e+002 -1.321927619e+002 +8.7869e-001 +2.4926e+000 +2.0183e+000 +2.1178e+000 +1.8211e+000
% function evaluation | noise-free fitness - Fopt (-4.039900000000e+002) | best noise-free fitness - Fopt | measured fitness | best measured fitness | x1 | x2...
1 +3.145417147e+005 +3.145417147e+005 +3.141377247e+005 +3.141377247e+005 -1.2193e+000 -4.4119e+000 -1.6140e+000 +6.0224e-001 +7.8161e+000
3 +1.192644359e+005 +1.192644359e+005 +1.188604459e+005 +1.188604459e+005 -3.9790e+000 -3.8056e+000 +2.8442e-001 -2.9362e+000 +2.8336e+000
5 +3.380630244e+004 +3.380630244e+004 +3.340231244e+004 +3.340231244e+004 -1.5212e+000 -6.1377e+000 -6.0400e+000 +3.3764e+000 +3.6712e-001
24 +1.996374895e+004 +1.996374895e+004 +1.955975895e+004 +1.955975895e+004 -3.3183e+000 -3.5138e+000 -8.1289e-002 -5.0531e-001 +7.2198e-001
33 +6.562588818e+003 +6.562588818e+003 +6.158598818e+003 +6.158598818e+003 -2.6445e+000 -3.4940e+000 +4.5345e-002 +1.0024e+000 +3.5573e-001
34 +8.598704960e+002 +8.598704960e+002 +4.558804960e+002 +4.558804960e+002 -1.4925e+000 -4.0850e+000 -3.0670e-001 +3.3478e-001 -1.2437e+000
52 +5.039230716e+001 +5.039230716e+001 -3.535976928e+002 -3.535976928e+002 -2.8434e+000 -3.3738e+000 -6.2966e-001 +1.1760e+000 -2.1018e+000
54 +4.984539003e+001 +4.984539003e+001 -3.541446100e+002 -3.541446100e+002 -2.3416e+000 -2.9636e+000 -1.4914e-001 +2.1612e+000 -5.2588e-001
103 +5.081006422e+000 +5.081006422e+000 -3.989089936e+002 -3.989089936e+002 -2.3802e+000 -2.1712e+000 +7.4743e-001 +1.9488e+000 -7.8470e-001
113 +4.378029245e+000 +4.378029245e+000 -3.996119708e+002 -3.996119708e+002 -2.4571e+000 -9.9826e-002 +9.3312e-001 +1.8997e+000 -1.8330e+000
137 +2.631625213e+000 +2.631625213e+000 -4.013583748e+002 -4.013583748e+002 -1.7337e+000 -3.6759e-001 +1.8434e+000 +2.0731e+000 -6.6546e-001
252 +1.777671471e+000 +1.777671471e+000 -4.022123285e+002 -4.022123285e+002 -6.4802e-001 -2.7380e+000 +1.9032e+000 +2.0751e+000 -1.2893e+000
1094 +1.284557195e+000 +1.284557195e+000 -4.027054428e+002 -4.027054428e+002 +2.1611e+000 -1.2587e+000 +2.3389e+000 +2.0392e+000 -1.8413e+000
1390 +1.231016131e+000 +1.231016131e+000 -4.027589839e+002 -4.027589839e+002 +2.0582e+000 -1.2140e+000 +2.3630e+000 +2.0257e+000 -1.2635e+000
1441 +8.208727203e-001 +8.208727203e-001 -4.031691273e+002 -4.031691273e+002 +2.0335e+000 -1.1742e+000 +2.3415e+000 +2.0497e+000 -2.0939e+000
1957 +6.865500700e-001 +6.865500700e-001 -4.033034499e+002 -4.033034499e+002 +2.1414e+000 -1.1970e+000 +2.3312e+000 +2.0036e+000 -2.1208e+000
1976 +4.824179491e-001 +4.824179491e-001 -4.035075821e+002 -4.035075821e+002 +2.0593e+000 -1.2733e+000 +2.3199e+000 +2.0375e+000 -2.1194e+000
3372 +4.711454223e-001 +4.711454223e-001 -4.035188546e+002 -4.035188546e+002 +2.1323e+000 -1.2797e+000 +2.2967e+000 +2.0474e+000 -2.1060e+000
3387 +4.670258289e-001 +4.670258289e-001 -4.035229742e+002 -4.035229742e+002 +2.1116e+000 -1.2861e+000 +2.3017e+000 +2.0381e+000 -2.1102e+000
3436 +4.540387242e-001 +4.540387242e-001 -4.035359613e+002 -4.035359613e+002 +2.1308e+000 -1.2716e+000 +2.3073e+000 +2.0585e+000 -2.1253e+000
3459 +4.456524141e-001 +4.456524141e-001 -4.035443476e+002 -4.035443476e+002 +2.0984e+000 -1.2745e+000 +2.3054e+000 +2.0474e+000 -2.1217e+000
3668 +4.359818196e-001 +4.359818196e-001 -4.035540182e+002 -4.035540182e+002 +2.1114e+000 -1.2830e+000 +2.3142e+000 +2.0518e+000 -2.1191e+000
% function evaluation | noise-free fitness - Fopt (1.000000000000e+003) | best noise-free fitness - Fopt | measured fitness | best measured fitness | x1 | x2...
1 +2.004089166e+005 +2.004089166e+005 +2.014089166e+005 +2.014089166e+005 -3.5952e+000 -5.9748e+000 +4.1531e+000 -5.9601e+000 +3.3791e+000
2 +1.566838768e+005 +1.566838768e+005 +1.576838768e+005 +1.576838768e+005 -2.8197e+000 -1.3820e+000 -1.3010e+000 -6.8709e+000 -1.8018e-001
3 +8.219682078e+004 +8.219682078e+004 +8.319682078e+004 +8.319682078e+004 -2.3074e+000 -5.6302e-001 +3.5224e-001 -4.3491e+000 -1.1736e-001
6 +1.344617062e+004 +1.344617062e+004 +1.444617062e+004 +1.444617062e+004 -7.6195e+000 +3.6683e+000 +1.4835e+000 +8.8326e-003 +2.4582e+000
10 +1.061297711e+004 +1.061297711e+004 +1.161297711e+004 +1.161297711e+004 -4.5332e+000 +2.7540e+000 +2.2947e+000 +6.8089e-001 +3.6764e+000
45 +6.351433832e+003 +6.351433832e+003 +7.351433832e+003 +7.351433832e+003 -5.8652e+000 +9.7685e-001 -2.6412e-002 -2.1623e-001 +2.7324e+000
47 +4.816641402e+003 +4.816641402e+003 +5.816641402e+003 +5.816641402e+003 -2.9545e+000 +2.2925e+000 +3.4747e-001 +4.3347e+000 +6.5272e-001
51 +1.290664783e+003 +1.290664783e+003 +2.290664783e+003 +2.290664783e+003 -3.5757e+000 +2.2188e+000 -3.1049e+000 +1.1858e+000 +1.7149e+000
105 +4.554279362e+002 +4.554279362e+002 +1.455427936e+003 +1.455427936e+003 -3.5604e+000 +2.2725e+000 -1.3538e+000 +1.4041e+000 +2.3904e+000
167 +6.475716623e+001 +6.475716623e+001 +1.064757166e+003 +1.064757166e+003 -2.8845e+000 +3.6962e+000 -9.7286e-001 +1.5409e+000 +1.9909e+000
213 +8.271105961e+000 +8.271105961e+000 +1.008271106e+003 +1.008271106e+003 -2.5585e+000 +9.2225e-001 -3.3382e-001 +8.6878e-001 +9.2663e-001
261 +3.302429915e+000 +3.302429915e+000 +1.003302430e+003 +1.003302430e+003 -2.5380e+000 +1.3188e+000 -1.8603e+000 +1.7497e+000 +2.2073e+000
327 +2.982599499e+000 +2.982599499e+000 +1.002982599e+003 +1.002982599e+003 -1.5438e+000 +1.5479e+000 -1.3906e+000 +1.5581e+000 +2.2611e+000
388 +2.861106442e+000 +2.861106442e+000 +1.002861106e+003 +1.002861106e+003 -1.3908e+000 +6.8101e-001 -9.9946e-001 +1.8892e+000 +2.1395e+000
403 +2.804951513e+000 +2.804951513e+000 +1.002804952e+003 +1.002804952e+003 -1.5638e+000 +9.6970e-001 -1.9017e+000 +1.6885e+000 +1.8157e+000
423 +2.253814925e+000 +2.253814925e+000 +1.002253815e+003 +1.002253815e+003 -1.3476e+000 +3.4313e-001 -1.9666e+000 +2.2314e+000 +1.7070e+000
439 +1.980787224e+000 +1.980787224e+000 +1.001980787e+003 +1.001980787e+003 -1.5986e+000 +2.9047e-001 -1.9304e+000 +1.7278e+000 +1.8387e+000
1643 +1.931806088e+000 +1.931806088e+000 +1.001931806e+003 +1.001931806e+003 -7.0368e-001 +1.9253e+000 -2.0964e+000 +2.1405e+000 +1.7086e+000
1680 +1.773559445e+000 +1.773559445e+000 +1.001773559e+003 +1.001773559e+003 -1.5053e+000 +3.5296e-001 -2.0133e+000 +2.1684e+000 +1.7171e+000
1707 +1.614511849e+000 +1.614511849e+000 +1.001614512e+003 +1.001614512e+003 -1.3138e+000 +2.7746e+000 -1.9377e+000 +2.1456e+000 +1.7252e+000
1881 +1.175412652e+000 +1.175412652e+000 +1.001175413e+003 +1.001175413e+003 -6.2757e-001 +2.8643e+000 -1.9073e+000 +2.1576e+000 +1.7275e+000
% function evaluation | noise-free fitness - Fopt (1.005700000000e+002) | best noise-free fitness - Fopt | measured fitness | best measured fitness | x1 | x2...
1 +1.361020453e+005 +1.361020453e+005 +1.362026153e+005 +1.362026153e+005 -4.2034e+000 +3.0581e+000 -9.1518e-001 -1.0379e+001 +2.1124e+000
2 +4.730235370e+004 +4.730235370e+004 +4.740292370e+004 +4.740292370e+004 -2.3761e+000 +1.4066e-002 -5.5017e+000 -6.0221e+000 +7.4597e-001
30 +1.706573017e+004 +1.706573017e+004 +1.716630017e+004 +1.716630017e+004 -2.3930e+000 +3.1299e+000 -2.0447e+000 -3.6166e+000 +5.6887e-002
44 +1.573445292e+004 +1.573445292e+004 +1.583502292e+004 +1.583502292e+004 -3.1055e+000 +2.5300e+000 -1.0200e-001 -4.9769e+000 -5.3496e-001
48 +1.323098400e+004 +1.323098400e+004 +1.333155400e+004 +1.333155400e+004 -1.7759e+000 +3.3327e+000 +3.6292e+000 -3.0463e+000 +5.8854e-001
52 +8.413275688e+003 +8.413275688e+003 +8.513845688e+003 +8.513845688e+003 -1.8670e+000 +3.5740e+000 +2.7948e-002 -2.2919e+000 -5.7929e-001
83 +4.944795117e+003 +4.944795117e+003 +5.045365117e+003 +5.045365117e+003 -2.7590e+000 -1.9027e+000 -2.2520e+000 -1.8407e+000 -2.8690e-001
92 +2.214013513e+003 +2.214013513e+003 +2.314583513e+003 +2.314583513e+003 -3.3990e+000 +1.6009e+000 +1.1258e+000 -2.1436e+000 -1.6667e+000
108 +1.492433936e+002 +1.492433936e+002 +2.498133936e+002 +2.498133936e+002 -3.1016e+000 -3.6115e+000 -7.5493e-001 -1.7407e+000 -1.1763e+000
125 +4.050779460e+000 +4.050779460e+000 +1.046207795e+002 +1.046207795e+002 -2.4777e+000 -2.8104e+000 +9.4111e-001 -1.5456e+000 -2.3143e+000
281 +2.672139962e+000 +2.672139962e+000 +1.032421400e+002 +1.032421400e+002 -2.4675e+000 -1.9520e+000 +1.1297e-003 -1.1180e+000 -8.9112e-001
360 +2.596118648e+000 +2.596118648e+000 +1.031661186e+002 +1.031661186e+002 -1.6161e+000 -1.7215e+000 +1.6925e-001 -1.7838e+000 -1.0900e+000
369 +2.353772798e+000 +2.353772798e+000 +1.029237728e+002 +1.029237728e+002 -1.5406e+000 -1.6577e+000 +2.6349e-001 -2.0370e+000 -9.5809e-001
405 +2.291666908e+000 +2.291666908e+000 +1.028616669e+002 +1.028616669e+002 -1.4521e+000 -1.6445e+000 +2.7943e-001 -1.0178e+000 -1.2924e+000
417 +2.059697102e+000 +2.059697102e+000 +1.026296971e+002 +1.026296971e+002 -1.5176e+000 -1.6697e+000 +1.8629e-001 -2.1368e+000 -9.9852e-001
736 +1.781672481e+000 +1.781672481e+000 +1.023516725e+002 +1.023516725e+002 -1.5801e+000 -1.6963e+000 +1.9684e-001 -2.1659e+000 -2.0878e+000
775 +1.279458357e+000 +1.279458357e+000 +1.018494584e+002 +1.018494584e+002 -1.5627e+000 -1.6546e+000 +1.5245e-001 -2.5822e+000 -1.9962e+000
1143 +1.225537879e+000 +1.225537879e+000 +1.017955379e+002 +1.017955379e+002 -1.4819e+000 -1.6842e+000 +1.9607e-001 -2.5674e+000 -1.9935e+000
1440 +1.201766768e+000 +1.201766768e+000 +1.017717668e+002 +1.017717668e+002 -1.5002e+000 -1.6897e+000 +1.9056e-001 -2.5876e+000 -1.9879e+000
% function evaluation | noise-free fitness - Fopt (1.149000000000e+001) | best noise-free fitness - Fopt | measured fitness | best measured fitness | x1 | x2...
1 +1.862419423e+005 +1.862419423e+005 +1.862534323e+005 +1.862534323e+005 +4.3179e+000 +2.7024e+000 +2.6955e+000 -3.0945e+000 -3.8462e+000
2 +1.313371910e+005 +1.313371910e+005 +1.313486810e+005 +1.313486810e+005 +3.4583e+000 +3.0793e+000 +2.8235e+000 -3.2779e+000 -2.3517e+000
3 +7.344030810e+004 +7.344030810e+004 +7.345179810e+004 +7.345179810e+004 +3.1682e+000 +3.9496e+000 +9.6012e-001 -4.6578e+000 +4.3406e+000
5 +2.951753024e+004 +2.951753024e+004 +2.952902024e+004 +2.952902024e+004 +4.8414e+000 -9.7635e-002 +7.0823e-001 -7.9853e-001 -8.7992e-001
7 +2.552229203e+004 +2.552229203e+004 +2.553378203e+004 +2.553378203e+004 +1.9664e+000 +6.6410e+000 +3.0225e+000 -7.1012e-001 +2.3069e+000
8 +9.563281065e+003 +9.563281065e+003 +9.574771065e+003 +9.574771065e+003 -1.9253e+000 +2.7754e+000 +2.5239e+000 -8.5468e-002 +3.1903e+000
35 +1.302604259e+003 +1.302604259e+003 +1.314094259e+003 +1.314094259e+003 +7.3406e-001 +2.8723e+000 -1.8724e+000 -5.3536e-001 +1.4752e+000
51 +1.128523762e+003 +1.128523762e+003 +1.140013762e+003 +1.140013762e+003 +1.4843e+000 +5.8064e-001 +1.2683e-002 -1.4596e-002 +2.1384e+000
70 +6.299100620e+002 +6.299100620e+002 +6.414000620e+002 +6.414000620e+002 +1.9998e+000 +8.4228e-001 +8.7176e-001 +1.4583e+000 +2.0979e+000
73 +4.356898310e+000 +4.356898310e+000 +1.584689831e+001 +1.584689831e+001 -1.9009e+000 +1.6578e+000 -1.5266e+000 +1.4897e+000 +1.4567e+000
98 +3.202461630e+000 +3.202461630e+000 +1.469246163e+001 +1.469246163e+001 +1.7959e+000 +1.2683e-001 +9.3723e-004 +2.1373e+000 +1.5033e+000
204 +2.704175982e+000 +2.704175982e+000 +1.419417598e+001 +1.419417598e+001 +9.5081e-001 +3.9667e-001 -2.4845e+000 +1.9362e+000 +1.1686e+000
279 +2.278826142e+000 +2.278826142e+000 +1.376882614e+001 +1.376882614e+001 +2.0944e+000 +8.5837e-001 -1.8510e+000 +2.1936e+000 +1.3367e+000
344 +1.700888929e+000 +1.700888929e+000 +1.319088893e+001 +1.319088893e+001 +3.4034e-001 +2.5317e+000 -2.0260e+000 +2.1798e+000 +1.3762e+000
2434 +1.688756615e+000 +1.688756615e+000 +1.317875662e+001 +1.317875662e+001 +3.4214e-001 -1.1639e-001 -2.6851e+000 +8.0049e-001 +2.4587e+000
2495 +1.541757059e+000 +1.541757059e+000 +1.303175706e+001 +1.303175706e+001 +3.2159e-002 -1.7971e-002 -2.6772e+000 +4.7367e-001 +2.5252e+000
2569 +1.496847310e+000 +1.496847310e+000 +1.298684731e+001 +1.298684731e+001 -1.9509e-001 -2.5850e-002 -2.6626e+000 +4.9358e-001 +2.4964e+000
2605 +1.410402730e+000 +1.410402730e+000 +1.290040273e+001 +1.290040273e+001 +9.2064e-001 -2.6374e-001 -2.6611e+000 +5.2087e-001 +2.5061e+000
2618 +1.371093681e+000 +1.371093681e+000 +1.286109368e+001 +1.286109368e+001 +3.6531e-001 -9.8565e-002 -2.6663e+000 +4.3253e-001 +2.4964e+000
2649 +1.344115119e+000 +1.344115119e+000 +1.283411512e+001 +1.283411512e+001 +1.8919e-001 -1.1689e-001 -2.6662e+000 +4.2749e-001 +2.5347e+000
2655 +1.259348624e+000 +1.259348624e+000 +1.274934862e+001 +1.274934862e+001 +9.4425e-001 -2.0691e-001 -2.6924e+000 +4.0622e-001 +2.5071e+000
2715 +1.234535890e+000 +1.234535890e+000 +1.272453589e+001 +1.272453589e+001 +3.2024e-001 -2.0830e-001 -2.6790e+000 +4.2272e-001 +2.5269e+000
2731 +1.230231567e+000 +1.230231567e+000 +1.272023157e+001 +1.272023157e+001 +3.0824e-001 -1.8410e-001 -2.6854e+000 +4.1592e-001 +2.5365e+000
2802 +1.193199819e+000 +1.193199819e+000 +1.268319982e+001 +1.268319982e+001 +3.2518e-001 -1.8467e-001 -2.6776e+000 +4.3794e-001 +2.5216e+000
% function evaluation | noise-free fitness - Fopt (7.731000000000e+001) | best noise-free fitness - Fopt | measured fitness | best measured fitness | x1 | x2...
1 +7.884486085e+004 +7.884486085e+004 +7.892217085e+004 +7.892217085e+004 +1.8329e+000 +1.8710e-002 +2.1367e+000 -4.4662e+000 +2.6571e+000
2 +4.904017004e+004 +4.904017004e+004 +4.911748004e+004 +4.911748004e+004 +4.2910e+000 -1.0807e+000 +1.5434e+000 -3.4257e+000 +2.6058e+000
5 +3.271902100e+004 +3.271902100e+004 +3.279633100e+004 +3.279633100e+004 -5.4083e-001 -1.2387e+000 +3.2520e+000 +1.7965e+000 -1.5898e+000
9 +3.104832571e+004 +3.104832571e+004 +3.112563571e+004 +3.112563571e+004 +4.3152e+000 -2.5868e+000 -5.8353e-001 -2.5544e+000 +3.8679e-001
17 +1.855515681e+004 +1.855515681e+004 +1.863246681e+004 +1.863246681e+004 +5.2956e+000 -5.8001e-001 +2.9434e+000 -9.5689e-002 +2.8431e+000
24 +7.360388691e+003 +7.360388691e+003 +7.437698691e+003 +7.437698691e+003 +4.1687e+000 +1.1370e-001 +1.3825e+000 -2.1128e-001 +1.2852e+000
31 +7.196968753e+003 +7.196968753e+003 +7.274278753e+003 +7.274278753e+003 +2.3321e+000 -1.9476e+000 -4.2928e+000 -1.4378e+000 +2.2242e+000
41 +9.383698368e+002 +9.383698368e+002 +1.015679837e+003 +1.015679837e+003 +3.3947e+000 -2.3976e+000 +4.8938e-001 +2.9022e-001 +1.7437e+000
57 +1.180313509e+002 +1.180313509e+002 +1.953413509e+002 +1.953413509e+002 +3.0343e+000 -2.1465e+000 -1.6453e+000 +1.3723e+000 +1.5800e+000
78 +5.468626624e+000 +5.468626624e+000 +8.277862662e+001 +8.277862662e+001 -4.4182e-001 +4.7807e-001 -1.0111e+000 +4.3480e-001 +1.1798e+000
106 +2.775536824e+000 +2.775536824e+000 +8.008553682e+001 +8.008553682e+001 -2.6304e-001 -1.0690e+000 -2.3121e+000 +4.9295e-001 +1.9665e+000
599 +2.657930058e+000 +2.657930058e+000 +7.996793006e+001 +7.996793006e+001 -3.5066e-001 -1.7382e+000 -6.8625e-001 +1.9583e+000 +9.6240e-001
637 +2.562907500e+000 +2.562907500e+000 +7.987290750e+001 +7.987290750e+001 -3.8135e-001 -1.6753e+000 -7.9946e-001 +2.4083e+000 +2.0958e+000
1012 +2.183885332e+000 +2.183885332e+000 +7.949388533e+001 +7.949388533e+001 +2.3684e-002 -2.6603e+000 -1.9099e+000 +1.6917e+000 +1.5089e+000
1160 +1.905368787e+000 +1.905368787e+000 +7.921536879e+001 +7.921536879e+001 -1.8998e+000 -1.4014e+000 -2.2219e+000 +2.1503e+000 +1.2151e+000
2798 +1.729335753e+000 +1.729335753e+000 +7.903933575e+001 +7.903933575e+001 +1.4202e+000 -2.5153e-001 -6.1989e-001 +2.0813e+000 +2.0858e+000
5946 +1.474015456e+000 +1.474015456e+000 +7.878401546e+001 +7.878401546e+001 -2.1665e+000 -1.3481e+000 -2.3249e+000 +2.0653e+000 +1.4750e+000
9756 +1.424763638e+000 +1.424763638e+000 +7.873476364e+001 +7.873476364e+001 -1.0594e+000 -2.3733e+000 -2.0104e+000 +2.1663e+000 +1.5693e+000
9791 +1.396932525e+000 +1.396932525e+000 +7.870693253e+001 +7.870693253e+001 -1.0309e+000 -2.3567e+000 -1.9962e+000 +2.0651e+000 +9.0342e-001
10238 +9.837983946e-001 +9.837983946e-001 +7.829379839e+001 +7.829379839e+001 -9.5144e-001 -2.3731e+000 -1.4046e+000 +2.3083e+000 +2.0509e+000
% function evaluation | noise-free fitness - Fopt (3.207700000000e+002) | best noise-free fitness - Fopt | measured fitness | best measured fitness | x1 | x2...
1 +2.645339297e+005 +2.645339297e+005 +2.648546997e+005 +2.648546997e+005 +1.5062e+001 -1.8920e+001 -1.8820e-001 -4.4592e+000 -4.5655e+000
2 +1.358393687e+005 +1.358393687e+005 +1.361601387e+005 +1.361601387e+005 -5.1909e-002 -6.1611e+000 +6.2924e+000 -2.9201e-001 -3.8219e+000
3 +8.234130125e+004 +8.234130125e+004 +8.266207125e+004 +8.266207125e+004 +6.4552e+000 -4.0269e+000 +2.5409e+000 -2.1719e+000 -3.7118e+000
4 +9.198503317e+003 +9.198503317e+003 +9.519273317e+003 +9.519273317e+003 +7.9630e-001 -3.8665e+000 +2.4126e+000 +1.7670e+000 +1.1882e+000
8 +1.920359009e+003 +1.920359009e+003 +2.241129009e+003 +2.241129009e+003 +4.6894e+000 -1.2530e+000 +4.6296e-001 -2.6557e+000 +5.4905e-001
10 +1.775737467e+003 +1.775737467e+003 +2.096507467e+003 +2.096507467e+003 +2.1178e+000 -2.0967e+000 +3.0338e+000 -4.1755e-001 +3.1861e+000
22 +1.450295472e+003 +1.450295472e+003 +1.771065472e+003 +1.771065472e+003 +1.0989e+000 -4.3800e+000 +2.3299e+000 -2.2777e-001 +1.0097e+000
29 +1.124103081e+003 +1.124103081e+003 +1.444873081e+003 +1.444873081e+003 +2.6938e+000 -2.9686e+000 +2.4473e+000 -2.0495e+000 +1.7176e-001
34 +3.243731571e+002 +3.243731571e+002 +6.451431571e+002 +6.451431571e+002 +2.8942e+000 -4.2554e+000 +1.7285e+000 -2.2843e+000 +1.9127e+000
38 +4.680279888e+000 +4.680279888e+000 +3.254502799e+002 +3.254502799e+002 +1.5589e+000 +1.4954e-001 +4.7677e-001 -2.6333e+000 +7.2162e-001
55 +4.116783328e+000 +4.116783328e+000 +3.248867833e+002 +3.248867833e+002 +1.5671e+000 -1.1825e+000 +2.4003e+000 -1.7945e+000 +2.0285e+000
94 +3.201357030e+000 +3.201357030e+000 +3.239713570e+002 +3.239713570e+002 +4.4355e-001 -2.5996e+000 +8.3757e-001 -9.1722e-001 +1.9760e+000
135 +2.974570416e+000 +2.974570416e+000 +3.237445704e+002 +3.237445704e+002 +2.6598e-001 -2.8834e+000 +1.3694e+000 -1.1192e+000 +1.2303e+000
139 +2.534617920e+000 +2.534617920e+000 +3.233046179e+002 +3.233046179e+002 +1.6008e+000 -2.1345e+000 +5.4778e-001 -1.0369e+000 +1.5111e+000
386 +2.295539452e+000 +2.295539452e+000 +3.230655395e+002 +3.230655395e+002 -2.4440e-001 -2.5584e+000 -5.7618e-001 -1.2535e+000 +1.4753e+000
641 +1.647052832e+000 +1.647052832e+000 +3.224170528e+002 +3.224170528e+002 -1.9842e-001 -2.5175e+000 +4.8191e-001 -2.4650e+000 +2.0305e+000
1270 +1.576302879e+000 +1.576302879e+000 +3.223463029e+002 +3.223463029e+002 -9.9522e-001 -2.3865e+000 -1.9363e-002 -1.7505e+000 +2.1709e+000
1379 +1.518135144e+000 +1.518135144e+000 +3.222881351e+002 +3.222881351e+002 -1.0092e+000 -2.3728e+000 -3.6238e-003 -1.7543e+000 +2.1809e+000
1436 +1.508845672e+000 +1.508845672e+000 +3.222788457e+002 +3.222788457e+002 -1.0239e+000 -2.3753e+000 +1.7027e-003 -1.7549e+000 +2.1838e+000
% function evaluation | noise-free fitness - Fopt (1.893000000000e+001) | best noise-free fitness - Fopt | measured fitness | best measured fitness | x1 | x2...
1 +8.303340342e+004 +8.303340342e+004 +8.305233342e+004 +8.305233342e+004 +6.1956e+000 +1.6364e+000 -8.3253e-001 +4.3791e+000 -2.0153e-001
17 +5.230252094e+004 +5.230252094e+004 +5.232145094e+004 +5.232145094e+004 +5.1442e+000 +1.1757e+000 -2.3659e+000 +2.6898e+000 -9.8247e-001
26 +4.920852313e+004 +4.920852313e+004 +4.922745313e+004 +4.922745313e+004 +3.4692e+000 +1.9892e+000 -2.3363e+000 +4.3809e+000 +1.3358e+000
27 +1.455911388e+004 +1.455911388e+004 +1.457804388e+004 +1.457804388e+004 +8.0047e+000 +2.8928e+000 -5.8367e-001 -3.6835e+000 +6.1492e-001
52 +1.349951564e+004 +1.349951564e+004 +1.351844564e+004 +1.351844564e+004 +4.7486e+000 +3.7652e+000 +3.6117e-001 -2.4602e+000 -7.6269e-001
58 +5.659424746e+003 +5.659424746e+003 +5.678354746e+003 +5.678354746e+003 +6.2589e+000 +1.0358e+000 -1.0216e+000 -3.9833e-001 +1.3287e+000
74 +3.424954211e+003 +3.424954211e+003 +3.443884211e+003 +3.443884211e+003 -1.4744e+000 +2.5517e+000 -3.1040e-001 -2.9470e+000 +1.8533e+000
96 +3.375317421e+000 +3.375317421e+000 +2.230531742e+001 +2.230531742e+001 -6.3622e-001 -2.7345e+000 +3.1085e-001 -1.7588e+000 +1.8052e+000
154 +3.139060937e+000 +3.139060937e+000 +2.206906094e+001 +2.206906094e+001 -6.9915e-001 -2.0283e+000 -8.3605e-001 -8.5925e-001 +1.9933e+000
188 +2.895723776e+000 +2.895723776e+000 +2.182572378e+001 +2.182572378e+001 +3.3299e-001 -1.8590e+000 -9.9821e-001 -1.1993e+000 +2.3415e+000
237 +1.639114027e+000 +1.639114027e+000 +2.056911403e+001 +2.056911403e+001 +2.1454e+000 -2.0480e+000 -1.4874e+000 -1.4187e+000 +1.1200e+000
818 +1.544485160e+000 +1.544485160e+000 +2.047448516e+001 +2.047448516e+001 +2.1561e+000 -1.9626e+000 -6.6457e-001 -1.9757e+000 +2.1610e+000
11058 +1.362011855e+000 +1.362011855e+000 +2.029201186e+001 +2.029201186e+001 +1.0669e+000 -2.4258e+000 -4.9638e-001 -9.8369e-001 +2.3771e+000
11168 +1.334416066e+000 +1.334416066e+000 +2.026441607e+001 +2.026441607e+001 +9.7927e-001 -2.3765e+000 -5.3263e-001 -9.6744e-001 +2.3740e+000
11406 +1.281309152e+000 +1.281309152e+000 +2.021130915e+001 +2.021130915e+001 +1.0163e+000 -2.4066e+000 -5.0114e-001 -9.8378e-001 +2.3840e+000
