% function evaluation | noise-free fitness - Fopt (-5.465000000000e+002) | best noise-free fitness - Fopt | measured fitness | best measured fitness | x1 | x2...
1 +6.881385946e+005 +6.881385946e+005 +6.875920946e+005 +6.875920946e+005
7 +2.397693958e+005 +2.397693958e+005 +2.392228958e+005 +2.392228958e+005
275 +2.001812148e+005 +2.001812148e+005 +1.996347148e+005 +1.996347148e+005
401 +1.887204590e+005 +1.887204590e+005 +1.881739590e+005 +1.881739590e+005
556 +1.369551707e+005 +1.369551707e+005 +1.364086707e+005 +1.364086707e+005
811 +1.028095608e+005 +1.028095608e+005 +1.022630608e+005 +1.022630608e+005
968 +9.284889096e+004 +9.284889096e+004 +9.230239096e+004 +9.230239096e+004
1051 +6.029283444e+004 +6.029283444e+004 +5.974633444e+004 +5.974633444e+004
1128 +4.207831377e+004 +4.207831377e+004 +4.153181377e+004 +4.153181377e+004
1424 +1.587170415e+004 +1.587170415e+004 +1.532520415e+004 +1.532520415e+004
2215 +1.488207321e+004 +1.488207321e+004 +1.433557321e+004 +1.433557321e+004
2352 +1.055568035e+004 +1.055568035e+004 +1.000918035e+004 +1.000918035e+004
2452 +4.979914612e+003 +4.979914612e+003 +4.433414612e+003 +4.433414612e+003
3012 +2.218343261e+003 +2.218343261e+003 +1.671843261e+003 +1.671843261e+003
3283 +1.056358954e+003 +1.056358954e+003 +5.098589536e+002 +5.098589536e+002
3667 +3.586496503e+002 +3.586496503e+002 -1.878503497e+002 -1.878503497e+002
4281 +1.330962175e+002 +1.330962175e+002 -4.134037825e+002 -4.134037825e+002
4315 +7.436363392e+001 +7.436363392e+001 -4.721363661e+002 -4.721363661e+002
4728 +1.152056765e+001 +1.152056765e+001 -5.349794324e+002 -5.349794324e+002
4876 +4.373182731e+000 +4.373182731e+000 -5.421268173e+002 -5.421268173e+002
5213 +4.283985549e+000 +4.283985549e+000 -5.422160145e+002 -5.422160145e+002
5287 +4.255051025e+000 +4.255051025e+000 -5.422449490e+002 -5.422449490e+002
5314 +4.031690268e+000 +4.031690268e+000 -5.424683097e+002 -5.424683097e+002
5493 +3.958610918e+000 +3.958610918e+000 -5.425413891e+002 -5.425413891e+002
5660 +3.754869043e+000 +3.754869043e+000 -5.427451310e+002 -5.427451310e+002
6456 +3.517848839e+000 +3.517848839e+000 -5.429821512e+002 -5.429821512e+002
29620 +3.426263062e+000 +3.426263062e+000 -5.430737369e+002 -5.430737369e+002
300282 +3.129798935e+000 +3.129798935e+000 -5.433702011e+002 -5.433702011e+002
% function evaluation | noise-free fitness - Fopt (1.000000000000e+003) | best noise-free fitness - Fopt | measured fitness | best measured fitness | x1 | x2...
1 +1.904619859e+006 +1.904619859e+006 +1.905619859e+006 +1.905619859e+006
2 +1.097220727e+006 +1.097220727e+006 +1.098220727e+006 +1.098220727e+006
5 +7.662801598e+005 +7.662801598e+005 +7.672801598e+005 +7.672801598e+005
11 +6.024233578e+005 +6.024233578e+005 +6.034233578e+005 +6.034233578e+005
32 +5.830872756e+005 +5.830872756e+005 +5.840872756e+005 +5.840872756e+005
48 +5.532861264e+005 +5.532861264e+005 +5.542861264e+005 +5.542861264e+005
132 +4.320945150e+005 +4.320945150e+005 +4.330945150e+005 +4.330945150e+005
220 +3.012361399e+005 +3.012361399e+005 +3.022361399e+005 +3.022361399e+005
402 +2.949845557e+005 +2.949845557e+005 +2.959845557e+005 +2.959845557e+005
422 +1.840948858e+005 +1.840948858e+005 +1.850948858e+005 +1.850948858e+005
542 +1.668733502e+005 +1.668733502e+005 +1.678733502e+005 +1.678733502e+005
733 +1.535104271e+005 +1.535104271e+005 +1.545104271e+005 +1.545104271e+005
747 +1.445788186e+005 +1.445788186e+005 +1.455788186e+005 +1.455788186e+005
751 +1.285381104e+005 +1.285381104e+005 +1.295381104e+005 +1.295381104e+005
866 +1.229441920e+005 +1.229441920e+005 +1.239441920e+005 +1.239441920e+005
1006 +1.162341830e+005 +1.162341830e+005 +1.172341830e+005 +1.172341830e+005
1029 +8.233006419e+004 +8.233006419e+004 +8.333006419e+004 +8.333006419e+004
1200 +4.948201060e+004 +4.948201060e+004 +5.048201060e+004 +5.048201060e+004
1415 +2.552542947e+004 +2.552542947e+004 +2.652542947e+004 +2.652542947e+004
1626 +2.287113455e+004 +2.287113455e+004 +2.387113455e+004 +2.387113455e+004
1796 +1.787888397e+004 +1.787888397e+004 +1.887888397e+004 +1.887888397e+004
1897 +1.566724157e+004 +1.566724157e+004 +1.666724157e+004 +1.666724157e+004
2249 +1.441387827e+004 +1.441387827e+004 +1.541387827e+004 +1.541387827e+004
2389 +1.217633741e+004 +1.217633741e+004 +1.317633741e+004 +1.317633741e+004
2541 +5.964441059e+003 +5.964441059e+003 +6.964441059e+003 +6.964441059e+003
2897 +4.664999383e+003 +4.664999383e+003 +5.664999383e+003 +5.664999383e+003
3364 +1.324488047e+003 +1.324488047e+003 +2.324488047e+003 +2.324488047e+003
3453 +1.055953079e+003 +1.055953079e+003 +2.055953079e+003 +2.055953079e+003
3676 +7.727026609e+002 +7.727026609e+002 +1.772702661e+003 +1.772702661e+003
4284 +7.536569183e+002 +7.536569183e+002 +1.753656918e+003 +1.753656918e+003
4292 +2.691069867e+002 +2.691069867e+002 +1.269106987e+003 +1.269106987e+003
4540 +6.807983647e+001 +6.807983647e+001 +1.068079836e+003 +1.068079836e+003
4773 +4.565259321e+001 +4.565259321e+001 +1.045652593e+003 +1.045652593e+003
4902 +3.101250021e+001 +3.101250021e+001 +1.031012500e+003 +1.031012500e+003
4969 +1.218587955e+001 +1.218587955e+001 +1.012185880e+003 +1.012185880e+003
5163 +4.353607538e+000 +4.353607538e+000 +1.004353608e+003 +1.004353608e+003
5237 +3.952877256e+000 +3.952877256e+000 +1.003952877e+003 +1.003952877e+003
5700 +3.711978530e+000 +3.711978530e+000 +1.003711979e+003 +1.003711979e+003
6108 +3.613548415e+000 +3.613548415e+000 +1.003613548e+003 +1.003613548e+003
6607 +3.338640254e+000 +3.338640254e+000 +1.003338640e+003 +1.003338640e+003
% function evaluation | noise-free fitness - Fopt (2.083800000000e+002) | best noise-free fitness - Fopt | measured fitness | best measured fitness | x1 | x2...
1 +8.469190680e+005 +8.469190680e+005 +8.471274480e+005 +8.471274480e+005
3 +7.990612756e+005 +7.990612756e+005 +7.992696556e+005 +7.992696556e+005
4 +4.669348345e+005 +4.669348345e+005 +4.671432145e+005 +4.671432145e+005
14 +4.367233312e+005 +4.367233312e+005 +4.369317112e+005 +4.369317112e+005
66 +3.855985528e+005 +3.855985528e+005 +3.858069328e+005 +3.858069328e+005
97 +3.793673614e+005 +3.793673614e+005 +3.795757414e+005 +3.795757414e+005
249 +2.842367632e+005 +2.842367632e+005 +2.844451432e+005 +2.844451432e+005
253 +2.492904890e+005 +2.492904890e+005 +2.494988690e+005 +2.494988690e+005
336 +2.321506271e+005 +2.321506271e+005 +2.323590071e+005 +2.323590071e+005
457 +1.903316748e+005 +1.903316748e+005 +1.905400548e+005 +1.905400548e+005
540 +1.504054060e+005 +1.504054060e+005 +1.506137860e+005 +1.506137860e+005
563 +1.299211975e+005 +1.299211975e+005 +1.301295775e+005 +1.301295775e+005
1017 +1.154352520e+005 +1.154352520e+005 +1.156436320e+005 +1.156436320e+005
1111 +6.927796663e+004 +6.927796663e+004 +6.948634663e+004 +6.948634663e+004
1238 +5.851584920e+004 +5.851584920e+004 +5.872422920e+004 +5.872422920e+004
1563 +5.295011383e+004 +5.295011383e+004 +5.315849383e+004 +5.315849383e+004
1628 +5.113836338e+004 +5.113836338e+004 +5.134674338e+004 +5.134674338e+004
1648 +4.093087982e+004 +4.093087982e+004 +4.113925982e+004 +4.113925982e+004
1737 +3.959755269e+004 +3.959755269e+004 +3.980593269e+004 +3.980593269e+004
1738 +3.789225274e+004 +3.789225274e+004 +3.810063274e+004 +3.810063274e+004
1754 +3.409549737e+004 +3.409549737e+004 +3.430387737e+004 +3.430387737e+004
1763 +3.173680636e+004 +3.173680636e+004 +3.194518636e+004 +3.194518636e+004
1876 +3.159106603e+004 +3.159106603e+004 +3.179944603e+004 +3.179944603e+004
1964 +2.796951099e+004 +2.796951099e+004 +2.817789099e+004 +2.817789099e+004
2218 +2.620644324e+004 +2.620644324e+004 +2.641482324e+004 +2.641482324e+004
2318 +1.706608642e+004 +1.706608642e+004 +1.727446642e+004 +1.727446642e+004
2356 +1.550442630e+004 +1.550442630e+004 +1.571280630e+004 +1.571280630e+004
2548 +1.160448004e+004 +1.160448004e+004 +1.181286004e+004 +1.181286004e+004
2854 +8.722513716e+003 +8.722513716e+003 +8.930893716e+003 +8.930893716e+003
3022 +7.500903941e+003 +7.500903941e+003 +7.709283941e+003 +7.709283941e+003
3196 +5.960120955e+003 +5.960120955e+003 +6.168500955e+003 +6.168500955e+003
3272 +2.928970432e+003 +2.928970432e+003 +3.137350432e+003 +3.137350432e+003
3349 +1.458909610e+003 +1.458909610e+003 +1.667289610e+003 +1.667289610e+003
3920 +7.251930351e+002 +7.251930351e+002 +9.335730351e+002 +9.335730351e+002
4025 +3.155623891e+002 +3.155623891e+002 +5.239423891e+002 +5.239423891e+002
4407 +2.081650861e+002 +2.081650861e+002 +4.165450861e+002 +4.165450861e+002
5202 +1.144505206e+002 +1.144505206e+002 +3.228305206e+002 +3.228305206e+002
5270 +5.923551357e+001 +5.923551357e+001 +2.676155136e+002 +2.676155136e+002
5524 +1.375388783e+001 +1.375388783e+001 +2.221338878e+002 +2.221338878e+002
5558 +7.412988509e+000 +7.412988509e+000 +2.157929885e+002 +2.157929885e+002
5663 +4.265993764e+000 +4.265993764e+000 +2.126459938e+002 +2.126459938e+002
5789 +3.949344024e+000 +3.949344024e+000 +2.123293440e+002 +2.123293440e+002
6469 +3.683473607e+000 +3.683473607e+000 +2.120634736e+002 +2.120634736e+002
7819 +3.603707321e+000 +3.603707321e+000 +2.119837073e+002 +2.119837073e+002
10257 +3.394550435e+000 +3.394550435e+000 +2.117745504e+002 +2.117745504e+002
76040 +3.344823823e+000 +3.344823823e+000 +2.117248238e+002 +2.117248238e+002
178399 +3.306256450e+000 +3.306256450e+000 +2.116862564e+002 +2.116862564e+002
% function evaluation | noise-free fitness - Fopt (-1.449600000000e+002) | best noise-free fitness - Fopt | measured fitness | best measured fitness | x1 | x2...
1 +8.470271555e+005 +8.470271555e+005 +8.468821955e+005 +8.468821955e+005
3 +8.301753404e+005 +8.301753404e+005 +8.300303804e+005 +8.300303804e+005
7 +7.816139221e+005 +7.816139221e+005 +7.814689621e+005 +7.814689621e+005
8 +6.216213485e+005 +6.216213485e+005 +6.214763885e+005 +6.214763885e+005
11 +4.705915420e+005 +4.705915420e+005 +4.704465820e+005 +4.704465820e+005
121 +2.556455377e+005 +2.556455377e+005 +2.555005777e+005 +2.555005777e+005
407 +2.410082343e+005 +2.410082343e+005 +2.408632743e+005 +2.408632743e+005
453 +2.376259454e+005 +2.376259454e+005 +2.374809854e+005 +2.374809854e+005
454 +1.840323333e+005 +1.840323333e+005 +1.838873733e+005 +1.838873733e+005
675 +1.414765520e+005 +1.414765520e+005 +1.413315920e+005 +1.413315920e+005
873 +1.386704031e+005 +1.386704031e+005 +1.385254431e+005 +1.385254431e+005
913 +1.152144731e+005 +1.152144731e+005 +1.150695131e+005 +1.150695131e+005
948 +1.048636984e+005 +1.048636984e+005 +1.047187384e+005 +1.047187384e+005
1018 +8.057491224e+004 +8.057491224e+004 +8.042995224e+004 +8.042995224e+004
1397 +3.718337105e+004 +3.718337105e+004 +3.703841105e+004 +3.703841105e+004
1814 +3.444745640e+004 +3.444745640e+004 +3.430249640e+004 +3.430249640e+004
1923 +3.357993924e+004 +3.357993924e+004 +3.343497924e+004 +3.343497924e+004
2175 +1.998309489e+004 +1.998309489e+004 +1.983813489e+004 +1.983813489e+004
2210 +1.601435176e+004 +1.601435176e+004 +1.586939176e+004 +1.586939176e+004
2400 +1.581673427e+004 +1.581673427e+004 +1.567177427e+004 +1.567177427e+004
2588 +1.392128690e+004 +1.392128690e+004 +1.377632690e+004 +1.377632690e+004
2666 +1.135883561e+004 +1.135883561e+004 +1.121387561e+004 +1.121387561e+004
3170 +9.901390869e+003 +9.901390869e+003 +9.756430869e+003 +9.756430869e+003
3212 +9.192683445e+003 +9.192683445e+003 +9.047723445e+003 +9.047723445e+003
3218 +8.787127254e+003 +8.787127254e+003 +8.642167254e+003 +8.642167254e+003
3235 +8.207111977e+003 +8.207111977e+003 +8.062151977e+003 +8.062151977e+003
3373 +2.340896609e+003 +2.340896609e+003 +2.195936609e+003 +2.195936609e+003
4190 +1.984987043e+003 +1.984987043e+003 +1.840027043e+003 +1.840027043e+003
4361 +1.236051517e+003 +1.236051517e+003 +1.091091517e+003 +1.091091517e+003
4513 +7.565305626e+002 +7.565305626e+002 +6.115705626e+002 +6.115705626e+002
4712 +6.624334076e+002 +6.624334076e+002 +5.174734076e+002 +5.174734076e+002
4820 +5.302600097e+002 +5.302600097e+002 +3.853000097e+002 +3.853000097e+002
4845 +3.297319293e+002 +3.297319293e+002 +1.847719293e+002 +1.847719293e+002
4880 +2.475593222e+002 +2.475593222e+002 +1.025993222e+002 +1.025993222e+002
4908 +1.389779140e+002 +1.389779140e+002 -5.982086001e+000 -5.982086001e+000
5127 +4.175078021e+000 +4.175078021e+000 -1.407849220e+002 -1.407849220e+002
5505 +3.882973612e+000 +3.882973612e+000 -1.410770264e+002 -1.410770264e+002
6821 +3.710903194e+000 +3.710903194e+000 -1.412490968e+002 -1.412490968e+002
8832 +3.587392650e+000 +3.587392650e+000 -1.413726074e+002 -1.413726074e+002
9091 +3.540629589e+000 +3.540629589e+000 -1.414193704e+002 -1.414193704e+002
19860 +3.426091155e+000 +3.426091155e+000 -1.415339088e+002 -1.415339088e+002
22948 +3.311268554e+000 +3.311268554e+000 -1.416487314e+002 -1.416487314e+002
23744 +3.191094327e+000 +3.191094327e+000 -1.417689057e+002 -1.417689057e+002
% function evaluation | noise-free fitness - Fopt (-6.300000000000e+000) | best noise-free fitness - Fopt | measured fitness | best measured fitness | x1 | x2...
1 +1.119730097e+006 +1.119730097e+006 +1.119723797e+006 +1.119723797e+006
2 +9.583727695e+005 +9.583727695e+005 +9.583664695e+005 +9.583664695e+005
3 +8.892535699e+005 +8.892535699e+005 +8.892472699e+005 +8.892472699e+005
10 +7.388088478e+005 +7.388088478e+005 +7.388025478e+005 +7.388025478e+005
12 +7.183228414e+005 +7.183228414e+005 +7.183165414e+005 +7.183165414e+005
20 +6.769798778e+005 +6.769798778e+005 +6.769735778e+005 +6.769735778e+005
22 +6.412006441e+005 +6.412006441e+005 +6.411943441e+005 +6.411943441e+005
56 +3.995169279e+005 +3.995169279e+005 +3.995106279e+005 +3.995106279e+005
110 +3.877810092e+005 +3.877810092e+005 +3.877747092e+005 +3.877747092e+005
204 +2.437588561e+005 +2.437588561e+005 +2.437525561e+005 +2.437525561e+005
213 +1.721514819e+005 +1.721514819e+005 +1.721451819e+005 +1.721451819e+005
467 +1.676286387e+005 +1.676286387e+005 +1.676223387e+005 +1.676223387e+005
848 +1.183130281e+005 +1.183130281e+005 +1.183067281e+005 +1.183067281e+005
887 +1.120381548e+005 +1.120381548e+005 +1.120318548e+005 +1.120318548e+005
1202 +1.015997568e+005 +1.015997568e+005 +1.015934568e+005 +1.015934568e+005
1208 +9.865085897e+004 +9.865085897e+004 +9.864455897e+004 +9.864455897e+004
1217 +9.712667709e+004 +9.712667709e+004 +9.712037709e+004 +9.712037709e+004
1231 +6.998839876e+004 +6.998839876e+004 +6.998209876e+004 +6.998209876e+004
1274 +6.365089791e+004 +6.365089791e+004 +6.364459791e+004 +6.364459791e+004
1334 +4.916063007e+004 +4.916063007e+004 +4.915433007e+004 +4.915433007e+004
1686 +4.876110975e+004 +4.876110975e+004 +4.875480975e+004 +4.875480975e+004
1866 +3.090542368e+004 +3.090542368e+004 +3.089912368e+004 +3.089912368e+004
1957 +2.884303126e+004 +2.884303126e+004 +2.883673126e+004 +2.883673126e+004
2026 +1.836247611e+004 +1.836247611e+004 +1.835617611e+004 +1.835617611e+004
2437 +1.625196307e+004 +1.625196307e+004 +1.624566307e+004 +1.624566307e+004
2555 +1.095116390e+004 +1.095116390e+004 +1.094486390e+004 +1.094486390e+004
2637 +9.139675175e+003 +9.139675175e+003 +9.133375175e+003 +9.133375175e+003
2862 +6.551178279e+003 +6.551178279e+003 +6.544878279e+003 +6.544878279e+003
2871 +5.160540376e+003 +5.160540376e+003 +5.154240376e+003 +5.154240376e+003
2876 +4.626592333e+003 +4.626592333e+003 +4.620292333e+003 +4.620292333e+003
3314 +3.684968833e+003 +3.684968833e+003 +3.678668833e+003 +3.678668833e+003
3403 +2.448306775e+003 +2.448306775e+003 +2.442006775e+003 +2.442006775e+003
3566 +2.331103910e+003 +2.331103910e+003 +2.324803910e+003 +2.324803910e+003
3725 +2.192436819e+003 +2.192436819e+003 +2.186136819e+003 +2.186136819e+003
3759 +9.458806054e+002 +9.458806054e+002 +9.395806054e+002 +9.395806054e+002
3888 +7.429321132e+002 +7.429321132e+002 +7.366321132e+002 +7.366321132e+002
4077 +7.121491807e+002 +7.121491807e+002 +7.058491807e+002 +7.058491807e+002
4147 +1.117746722e+002 +1.117746722e+002 +1.054746722e+002 +1.054746722e+002
4671 +2.604023481e+001 +2.604023481e+001 +1.974023481e+001 +1.974023481e+001
4869 +1.272783478e+001 +1.272783478e+001 +6.427834777e+000 +6.427834777e+000
5341 +9.312364686e+000 +9.312364686e+000 +3.012364686e+000 +3.012364686e+000
5487 +4.509399901e+000 +4.509399901e+000 -1.790600099e+000 -1.790600099e+000
5549 +4.148082063e+000 +4.148082063e+000 -2.151917937e+000 -2.151917937e+000
5617 +4.031797496e+000 +4.031797496e+000 -2.268202504e+000 -2.268202504e+000
5753 +3.932321678e+000 +3.932321678e+000 -2.367678322e+000 -2.367678322e+000
6097 +3.772412772e+000 +3.772412772e+000 -2.527587228e+000 -2.527587228e+000
6279 +3.523095643e+000 +3.523095643e+000 -2.776904357e+000 -2.776904357e+000
13816 +3.449978736e+000 +3.449978736e+000 -2.850021264e+000 -2.850021264e+000
15135 +3.345560509e+000 +3.345560509e+000 -2.954439491e+000 -2.954439491e+000
26972 +3.297328984e+000 +3.297328984e+000 -3.002671016e+000 -3.002671016e+000
% function evaluation | noise-free fitness - Fopt (2.796000000000e+001) | best noise-free fitness - Fopt | measured fitness | best measured fitness | x1 | x2...
1 +9.893290911e+005 +9.893290911e+005 +9.893570511e+005 +9.893570511e+005
3 +6.909320463e+005 +6.909320463e+005 +6.909600063e+005 +6.909600063e+005
6 +6.257861555e+005 +6.257861555e+005 +6.258141155e+005 +6.258141155e+005
12 +4.610354062e+005 +4.610354062e+005 +4.610633662e+005 +4.610633662e+005
129 +4.335090000e+005 +4.335090000e+005 +4.335369600e+005 +4.335369600e+005
315 +3.274878767e+005 +3.274878767e+005 +3.275158367e+005 +3.275158367e+005
357 +3.128875155e+005 +3.128875155e+005 +3.129154755e+005 +3.129154755e+005
407 +2.640004639e+005 +2.640004639e+005 +2.640284239e+005 +2.640284239e+005
483 +1.755418047e+005 +1.755418047e+005 +1.755697647e+005 +1.755697647e+005
815 +1.568102240e+005 +1.568102240e+005 +1.568381840e+005 +1.568381840e+005
842 +1.357162428e+005 +1.357162428e+005 +1.357442028e+005 +1.357442028e+005
916 +8.339218656e+004 +8.339218656e+004 +8.342014656e+004 +8.342014656e+004
927 +7.079244808e+004 +7.079244808e+004 +7.082040808e+004 +7.082040808e+004
1251 +6.568048847e+004 +6.568048847e+004 +6.570844847e+004 +6.570844847e+004
1459 +3.999091306e+004 +3.999091306e+004 +4.001887306e+004 +4.001887306e+004
1481 +1.685974894e+004 +1.685974894e+004 +1.688770894e+004 +1.688770894e+004
2051 +1.564341445e+004 +1.564341445e+004 +1.567137445e+004 +1.567137445e+004
2231 +1.453442806e+004 +1.453442806e+004 +1.456238806e+004 +1.456238806e+004
2260 +8.496553613e+003 +8.496553613e+003 +8.524513613e+003 +8.524513613e+003
2316 +8.001412619e+003 +8.001412619e+003 +8.029372619e+003 +8.029372619e+003
2828 +6.117918736e+003 +6.117918736e+003 +6.145878736e+003 +6.145878736e+003
2904 +4.163295384e+003 +4.163295384e+003 +4.191255384e+003 +4.191255384e+003
3426 +3.061576963e+003 +3.061576963e+003 +3.089536963e+003 +3.089536963e+003
3595 +3.008486005e+003 +3.008486005e+003 +3.036446005e+003 +3.036446005e+003
3805 +1.902059983e+003 +1.902059983e+003 +1.930019983e+003 +1.930019983e+003
3867 +1.546332455e+003 +1.546332455e+003 +1.574292455e+003 +1.574292455e+003
4257 +4.892285247e+002 +4.892285247e+002 +5.171885247e+002 +5.171885247e+002
4631 +3.299052232e+002 +3.299052232e+002 +3.578652232e+002 +3.578652232e+002
4656 +1.069717659e+002 +1.069717659e+002 +1.349317659e+002 +1.349317659e+002
4693 +4.064785400e+001 +4.064785400e+001 +6.860785400e+001 +6.860785400e+001
4739 +1.693762372e+001 +1.693762372e+001 +4.489762372e+001 +4.489762372e+001
4805 +8.993276241e+000 +8.993276241e+000 +3.695327624e+001 +3.695327624e+001
4859 +4.016632989e+000 +4.016632989e+000 +3.197663299e+001 +3.197663299e+001
5154 +3.917867870e+000 +3.917867870e+000 +3.187786787e+001 +3.187786787e+001
6681 +3.825215466e+000 +3.825215466e+000 +3.178521547e+001 +3.178521547e+001
6690 +3.730782051e+000 +3.730782051e+000 +3.169078205e+001 +3.169078205e+001
7112 +3.706282207e+000 +3.706282207e+000 +3.166628221e+001 +3.166628221e+001
7943 +3.612373671e+000 +3.612373671e+000 +3.157237367e+001 +3.157237367e+001
13065 +3.512606152e+000 +3.512606152e+000 +3.147260615e+001 +3.147260615e+001
26277 +3.430981294e+000 +3.430981294e+000 +3.139098129e+001 +3.139098129e+001
108659 +3.367637748e+000 +3.367637748e+000 +3.132763775e+001 +3.132763775e+001
% function evaluation | noise-free fitness - Fopt (-6.338000000000e+001) | best noise-free fitness - Fopt | measured fitness | best measured fitness | x1 | x2...
1 +1.360332051e+006 +1.360332051e+006 +1.360268671e+006 +1.360268671e+006
2 +1.252426187e+006 +1.252426187e+006 +1.252362807e+006 +1.252362807e+006
3 +6.755646811e+005 +6.755646811e+005 +6.755013011e+005 +6.755013011e+005
10 +4.845647587e+005 +4.845647587e+005 +4.845013787e+005 +4.845013787e+005
11 +4.553764220e+005 +4.553764220e+005 +4.553130420e+005 +4.553130420e+005
26 +4.312814683e+005 +4.312814683e+005 +4.312180883e+005 +4.312180883e+005
33 +3.939095913e+005 +3.939095913e+005 +3.938462113e+005 +3.938462113e+005
41 +3.769256512e+005 +3.769256512e+005 +3.768622712e+005 +3.768622712e+005
58 +3.225177629e+005 +3.225177629e+005 +3.224543829e+005 +3.224543829e+005
145 +3.083933555e+005 +3.083933555e+005 +3.083299755e+005 +3.083299755e+005
215 +2.346763060e+005 +2.346763060e+005 +2.346129260e+005 +2.346129260e+005
332 +1.897690849e+005 +1.897690849e+005 +1.897057049e+005 +1.897057049e+005
652 +1.413094321e+005 +1.413094321e+005 +1.412460521e+005 +1.412460521e+005
863 +1.319818857e+005 +1.319818857e+005 +1.319185057e+005 +1.319185057e+005
872 +1.184540501e+005 +1.184540501e+005 +1.183906701e+005 +1.183906701e+005
934 +1.141191750e+005 +1.141191750e+005 +1.140557950e+005 +1.140557950e+005
1060 +6.742506095e+004 +6.742506095e+004 +6.736168095e+004 +6.736168095e+004
1303 +3.552834746e+004 +3.552834746e+004 +3.546496746e+004 +3.546496746e+004
2238 +3.506869855e+004 +3.506869855e+004 +3.500531855e+004 +3.500531855e+004
2282 +3.376891457e+004 +3.376891457e+004 +3.370553457e+004 +3.370553457e+004
2413 +2.491133052e+004 +2.491133052e+004 +2.484795052e+004 +2.484795052e+004
2643 +1.750810340e+004 +1.750810340e+004 +1.744472340e+004 +1.744472340e+004
2653 +1.390627791e+004 +1.390627791e+004 +1.384289791e+004 +1.384289791e+004
2994 +1.327049402e+004 +1.327049402e+004 +1.320711402e+004 +1.320711402e+004
3026 +1.217159720e+004 +1.217159720e+004 +1.210821720e+004 +1.210821720e+004
3159 +8.934384865e+003 +8.934384865e+003 +8.871004865e+003 +8.871004865e+003
3180 +7.309637791e+003 +7.309637791e+003 +7.246257791e+003 +7.246257791e+003
3233 +6.736204156e+003 +6.736204156e+003 +6.672824156e+003 +6.672824156e+003
3421 +6.535738154e+003 +6.535738154e+003 +6.472358154e+003 +6.472358154e+003
3457 +5.779826793e+003 +5.779826793e+003 +5.716446793e+003 +5.716446793e+003
3754 +2.971874337e+003 +2.971874337e+003 +2.908494337e+003 +2.908494337e+003
3943 +2.435696788e+003 +2.435696788e+003 +2.372316788e+003 +2.372316788e+003
4068 +1.863111332e+003 +1.863111332e+003 +1.799731332e+003 +1.799731332e+003
4606 +1.407865370e+003 +1.407865370e+003 +1.344485370e+003 +1.344485370e+003
4854 +5.524919036e+002 +5.524919036e+002 +4.891119036e+002 +4.891119036e+002
4938 +4.193132292e+002 +4.193132292e+002 +3.559332292e+002 +3.559332292e+002
5053 +4.001716613e+002 +4.001716613e+002 +3.367916613e+002 +3.367916613e+002
5112 +1.895607756e+002 +1.895607756e+002 +1.261807756e+002 +1.261807756e+002
5207 +5.477282383e+001 +5.477282383e+001 -8.607176170e+000 -8.607176170e+000
5227 +3.436180363e+001 +3.436180363e+001 -2.901819637e+001 -2.901819637e+001
5805 +1.146346501e+001 +1.146346501e+001 -5.191653499e+001 -5.191653499e+001
5864 +7.686957587e+000 +7.686957587e+000 -5.569304241e+001 -5.569304241e+001
5888 +4.668796123e+000 +4.668796123e+000 -5.871120388e+001 -5.871120388e+001
5898 +4.402568421e+000 +4.402568421e+000 -5.897743158e+001 -5.897743158e+001
6258 +3.968018830e+000 +3.968018830e+000 -5.941198117e+001 -5.941198117e+001
6915 +3.772083972e+000 +3.772083972e+000 -5.960791603e+001 -5.960791603e+001
7835 +3.496231230e+000 +3.496231230e+000 -5.988376877e+001 -5.988376877e+001
45255 +3.372647253e+000 +3.372647253e+000 -6.000735275e+001 -6.000735275e+001
299180 +3.269463710e+000 +3.269463710e+000 -6.011053629e+001 -6.011053629e+001
% function evaluation | noise-free fitness - Fopt (-1.337200000000e+002) | best noise-free fitness - Fopt | measured fitness | best measured fitness | x1 | x2...
1 +8.609889357e+005 +8.609889357e+005 +8.608552157e+005 +8.608552157e+005
2 +6.889308550e+005 +6.889308550e+005 +6.887971350e+005 +6.887971350e+005
8 +6.031591090e+005 +6.031591090e+005 +6.030253890e+005 +6.030253890e+005
9 +5.135838450e+005 +5.135838450e+005 +5.134501250e+005 +5.134501250e+005
12 +4.393910446e+005 +4.393910446e+005 +4.392573246e+005 +4.392573246e+005
24 +3.509733422e+005 +3.509733422e+005 +3.508396222e+005 +3.508396222e+005
207 +2.301817069e+005 +2.301817069e+005 +2.300479869e+005 +2.300479869e+005
425 +2.201332718e+005 +2.201332718e+005 +2.199995518e+005 +2.199995518e+005
480 +1.780515865e+005 +1.780515865e+005 +1.779178665e+005 +1.779178665e+005
802 +1.318887789e+005 +1.318887789e+005 +1.317550589e+005 +1.317550589e+005
1031 +1.150812496e+005 +1.150812496e+005 +1.149475296e+005 +1.149475296e+005
1047 +5.916206112e+004 +5.916206112e+004 +5.902834112e+004 +5.902834112e+004
1227 +5.337484677e+004 +5.337484677e+004 +5.324112677e+004 +5.324112677e+004
1552 +4.905455960e+004 +4.905455960e+004 +4.892083960e+004 +4.892083960e+004
1613 +4.456262683e+004 +4.456262683e+004 +4.442890683e+004 +4.442890683e+004
1819 +3.129148280e+004 +3.129148280e+004 +3.115776280e+004 +3.115776280e+004
1851 +2.191707308e+004 +2.191707308e+004 +2.178335308e+004 +2.178335308e+004
2238 +1.894304400e+004 +1.894304400e+004 +1.880932400e+004 +1.880932400e+004
2573 +1.678045193e+004 +1.678045193e+004 +1.664673193e+004 +1.664673193e+004
2718 +1.459572975e+004 +1.459572975e+004 +1.446200975e+004 +1.446200975e+004
2806 +7.799360929e+003 +7.799360929e+003 +7.665640929e+003 +7.665640929e+003
2848 +2.384303020e+003 +2.384303020e+003 +2.250583020e+003 +2.250583020e+003
3672 +1.073718882e+003 +1.073718882e+003 +9.399988822e+002 +9.399988822e+002
4005 +6.454084365e+002 +6.454084365e+002 +5.116884365e+002 +5.116884365e+002
4244 +6.076606256e+002 +6.076606256e+002 +4.739406256e+002 +4.739406256e+002
4505 +1.211720702e+001 +1.211720702e+001 -1.216027930e+002 -1.216027930e+002
5487 +1.100694822e+001 +1.100694822e+001 -1.227130518e+002 -1.227130518e+002
5549 +1.002252864e+001 +1.002252864e+001 -1.236974714e+002 -1.236974714e+002
5553 +4.140859963e+000 +4.140859963e+000 -1.295791400e+002 -1.295791400e+002
5704 +4.024669033e+000 +4.024669033e+000 -1.296953310e+002 -1.296953310e+002
6104 +3.778499861e+000 +3.778499861e+000 -1.299415001e+002 -1.299415001e+002
7318 +3.666437200e+000 +3.666437200e+000 -1.300535628e+002 -1.300535628e+002
9417 +3.608886672e+000 +3.608886672e+000 -1.301111133e+002 -1.301111133e+002
12298 +3.482066207e+000 +3.482066207e+000 -1.302379338e+002 -1.302379338e+002
58880 +3.459224236e+000 +3.459224236e+000 -1.302607758e+002 -1.302607758e+002
223754 +3.354339335e+000 +3.354339335e+000 -1.303656607e+002 -1.303656607e+002
% function evaluation | noise-free fitness - Fopt (-4.039900000000e+002) | best noise-free fitness - Fopt | measured fitness | best measured fitness | x1 | x2...
1 +6.593445651e+005 +6.593445651e+005 +6.589405751e+005 +6.589405751e+005
2 +5.896913764e+005 +5.896913764e+005 +5.892873864e+005 +5.892873864e+005
5 +3.279612291e+005 +3.279612291e+005 +3.275572391e+005 +3.275572391e+005
22 +3.009243166e+005 +3.009243166e+005 +3.005203266e+005 +3.005203266e+005
44 +1.601756867e+005 +1.601756867e+005 +1.597716967e+005 +1.597716967e+005
346 +1.275756621e+005 +1.275756621e+005 +1.271716721e+005 +1.271716721e+005
617 +1.205970242e+005 +1.205970242e+005 +1.201930342e+005 +1.201930342e+005
643 +9.617482938e+004 +9.617482938e+004 +9.577083938e+004 +9.577083938e+004
809 +6.089928726e+004 +6.089928726e+004 +6.049529726e+004 +6.049529726e+004
810 +3.666889563e+004 +3.666889563e+004 +3.626490563e+004 +3.626490563e+004
1203 +2.223232796e+004 +2.223232796e+004 +2.182833796e+004 +2.182833796e+004
1693 +1.315820818e+004 +1.315820818e+004 +1.275421818e+004 +1.275421818e+004
1955 +8.489201275e+003 +8.489201275e+003 +8.085211275e+003 +8.085211275e+003
2048 +5.553891373e+003 +5.553891373e+003 +5.149901373e+003 +5.149901373e+003
2604 +4.978143137e+003 +4.978143137e+003 +4.574153137e+003 +4.574153137e+003
2649 +3.199994910e+003 +3.199994910e+003 +2.796004910e+003 +2.796004910e+003
2828 +2.743970239e+003 +2.743970239e+003 +2.339980239e+003 +2.339980239e+003
3163 +1.717212530e+003 +1.717212530e+003 +1.313222530e+003 +1.313222530e+003
3454 +7.600669430e+002 +7.600669430e+002 +3.560769430e+002 +3.560769430e+002
3556 +3.908253827e+002 +3.908253827e+002 -1.316461732e+001 -1.316461732e+001
3876 +3.039414189e+002 +3.039414189e+002 -1.000485811e+002 -1.000485811e+002
3905 +9.235366704e+000 +9.235366704e+000 -3.947546333e+002 -3.947546333e+002
4254 +6.984092066e+000 +6.984092066e+000 -3.970059079e+002 -3.970059079e+002
4422 +5.410936100e+000 +5.410936100e+000 -3.985790639e+002 -3.985790639e+002
4520 +3.907445109e+000 +3.907445109e+000 -4.000825549e+002 -4.000825549e+002
4622 +3.868216192e+000 +3.868216192e+000 -4.001217838e+002 -4.001217838e+002
4745 +3.560346455e+000 +3.560346455e+000 -4.004296535e+002 -4.004296535e+002
7740 +3.521145887e+000 +3.521145887e+000 -4.004688541e+002 -4.004688541e+002
23245 +3.395780914e+000 +3.395780914e+000 -4.005942191e+002 -4.005942191e+002
30312 +3.387728608e+000 +3.387728608e+000 -4.006022714e+002 -4.006022714e+002
% function evaluation | noise-free fitness - Fopt (1.000000000000e+003) | best noise-free fitness - Fopt | measured fitness | best measured fitness | x1 | x2...
1 +5.612646238e+005 +5.612646238e+005 +5.622646238e+005 +5.622646238e+005
7 +4.649677411e+005 +4.649677411e+005 +4.659677411e+005 +4.659677411e+005
24 +3.704089743e+005 +3.704089743e+005 +3.714089743e+005 +3.714089743e+005
50 +3.220205868e+005 +3.220205868e+005 +3.230205868e+005 +3.230205868e+005
215 +2.692893450e+005 +2.692893450e+005 +2.702893450e+005 +2.702893450e+005
300 +2.341254256e+005 +2.341254256e+005 +2.351254256e+005 +2.351254256e+005
376 +2.286534261e+005 +2.286534261e+005 +2.296534261e+005 +2.296534261e+005
523 +2.104876198e+005 +2.104876198e+005 +2.114876198e+005 +2.114876198e+005
606 +2.063761074e+005 +2.063761074e+005 +2.073761074e+005 +2.073761074e+005
618 +1.759835040e+005 +1.759835040e+005 +1.769835040e+005 +1.769835040e+005
645 +1.473844156e+005 +1.473844156e+005 +1.483844156e+005 +1.483844156e+005
820 +1.166384755e+005 +1.166384755e+005 +1.176384755e+005 +1.176384755e+005
869 +9.434564051e+004 +9.434564051e+004 +9.534564051e+004 +9.534564051e+004
935 +5.737748291e+004 +5.737748291e+004 +5.837748291e+004 +5.837748291e+004
1073 +4.933502760e+004 +4.933502760e+004 +5.033502760e+004 +5.033502760e+004
1557 +1.503026166e+004 +1.503026166e+004 +1.603026166e+004 +1.603026166e+004
2228 +7.667877187e+003 +7.667877187e+003 +8.667877187e+003 +8.667877187e+003
2848 +5.040562884e+003 +5.040562884e+003 +6.040562884e+003 +6.040562884e+003
2860 +4.802827505e+003 +4.802827505e+003 +5.802827505e+003 +5.802827505e+003
2958 +2.057634276e+003 +2.057634276e+003 +3.057634276e+003 +3.057634276e+003
3238 +1.442401600e+003 +1.442401600e+003 +2.442401600e+003 +2.442401600e+003
3349 +1.286199177e+003 +1.286199177e+003 +2.286199177e+003 +2.286199177e+003
3607 +1.202003651e+003 +1.202003651e+003 +2.202003651e+003 +2.202003651e+003
4027 +1.127016799e+003 +1.127016799e+003 +2.127016799e+003 +2.127016799e+003
4237 +1.019186210e+003 +1.019186210e+003 +2.019186210e+003 +2.019186210e+003
4310 +2.008397311e+002 +2.008397311e+002 +1.200839731e+003 +1.200839731e+003
4427 +5.916659519e+000 +5.916659519e+000 +1.005916660e+003 +1.005916660e+003
5056 +3.909996395e+000 +3.909996395e+000 +1.003909996e+003 +1.003909996e+003
5656 +3.818196869e+000 +3.818196869e+000 +1.003818197e+003 +1.003818197e+003
6150 +3.672729611e+000 +3.672729611e+000 +1.003672730e+003 +1.003672730e+003
7210 +3.614630303e+000 +3.614630303e+000 +1.003614630e+003 +1.003614630e+003
8144 +3.535585768e+000 +3.535585768e+000 +1.003535586e+003 +1.003535586e+003
12053 +3.430660677e+000 +3.430660677e+000 +1.003430661e+003 +1.003430661e+003
84954 +3.290820153e+000 +3.290820153e+000 +1.003290820e+003 +1.003290820e+003
% function evaluation | noise-free fitness - Fopt (1.005700000000e+002) | best noise-free fitness - Fopt | measured fitness | best measured fitness | x1 | x2...
1 +1.158296470e+006 +1.158296470e+006 +1.158397040e+006 +1.158397040e+006
2 +7.966844088e+005 +7.966844088e+005 +7.967849788e+005 +7.967849788e+005
3 +4.193636247e+005 +4.193636247e+005 +4.194641947e+005 +4.194641947e+005
8 +3.626523906e+005 +3.626523906e+005 +3.627529606e+005 +3.627529606e+005
29 +2.782344757e+005 +2.782344757e+005 +2.783350457e+005 +2.783350457e+005
65 +2.445656264e+005 +2.445656264e+005 +2.446661964e+005 +2.446661964e+005
208 +1.714674234e+005 +1.714674234e+005 +1.715679934e+005 +1.715679934e+005
270 +1.556458929e+005 +1.556458929e+005 +1.557464629e+005 +1.557464629e+005
404 +1.451797456e+005 +1.451797456e+005 +1.452803156e+005 +1.452803156e+005
513 +1.441407365e+005 +1.441407365e+005 +1.442413065e+005 +1.442413065e+005
813 +1.407896247e+005 +1.407896247e+005 +1.408901947e+005 +1.408901947e+005
827 +1.200986115e+005 +1.200986115e+005 +1.201991815e+005 +1.201991815e+005
855 +1.162108249e+005 +1.162108249e+005 +1.163113949e+005 +1.163113949e+005
878 +7.535816744e+004 +7.535816744e+004 +7.545873744e+004 +7.545873744e+004
1111 +7.086551845e+004 +7.086551845e+004 +7.096608845e+004 +7.096608845e+004
1218 +4.062083482e+004 +4.062083482e+004 +4.072140482e+004 +4.072140482e+004
1428 +3.957601693e+004 +3.957601693e+004 +3.967658693e+004 +3.967658693e+004
1577 +3.535235275e+004 +3.535235275e+004 +3.545292275e+004 +3.545292275e+004
1651 +3.046411968e+004 +3.046411968e+004 +3.056468968e+004 +3.056468968e+004
1839 +2.977735084e+004 +2.977735084e+004 +2.987792084e+004 +2.987792084e+004
1925 +2.012284812e+004 +2.012284812e+004 +2.022341812e+004 +2.022341812e+004
1956 +1.294131793e+004 +1.294131793e+004 +1.304188793e+004 +1.304188793e+004
2387 +7.186353303e+003 +7.186353303e+003 +7.286923303e+003 +7.286923303e+003
2667 +2.189130805e+003 +2.189130805e+003 +2.289700805e+003 +2.289700805e+003
3527 +2.044721709e+003 +2.044721709e+003 +2.145291709e+003 +2.145291709e+003
3587 +1.464305318e+003 +1.464305318e+003 +1.564875318e+003 +1.564875318e+003
3588 +9.901249423e+002 +9.901249423e+002 +1.090694942e+003 +1.090694942e+003
3689 +2.793292749e+002 +2.793292749e+002 +3.798992749e+002 +3.798992749e+002
3879 +1.651290319e+002 +1.651290319e+002 +2.656990319e+002 +2.656990319e+002
4296 +4.153388176e+001 +4.153388176e+001 +1.421038818e+002 +1.421038818e+002
4819 +9.628865751e+000 +9.628865751e+000 +1.101988658e+002 +1.101988658e+002
5249 +4.240670687e+000 +4.240670687e+000 +1.048106707e+002 +1.048106707e+002
5336 +4.098637752e+000 +4.098637752e+000 +1.046686378e+002 +1.046686378e+002
5444 +3.863376186e+000 +3.863376186e+000 +1.044333762e+002 +1.044333762e+002
5732 +3.752299719e+000 +3.752299719e+000 +1.043222997e+002 +1.043222997e+002
6915 +3.679271117e+000 +3.679271117e+000 +1.042492711e+002 +1.042492711e+002
7696 +3.558272554e+000 +3.558272554e+000 +1.041282726e+002 +1.041282726e+002
15666 +3.506448250e+000 +3.506448250e+000 +1.040764482e+002 +1.040764482e+002
52484 +3.389686582e+000 +3.389686582e+000 +1.039596866e+002 +1.039596866e+002
113148 +3.353274517e+000 +3.353274517e+000 +1.039232745e+002 +1.039232745e+002
% function evaluation | noise-free fitness - Fopt (1.149000000000e+001) | best noise-free fitness - Fopt | measured fitness | best measured fitness | x1 | x2...
1 +8.744018291e+005 +8.744018291e+005 +8.744133191e+005 +8.744133191e+005
2 +6.505697118e+005 +6.505697118e+005 +6.505812018e+005 +6.505812018e+005
7 +6.149866566e+005 +6.149866566e+005 +6.149981466e+005 +6.149981466e+005
8 +5.048886958e+005 +5.048886958e+005 +5.049001858e+005 +5.049001858e+005
23 +4.980066305e+005 +4.980066305e+005 +4.980181205e+005 +4.980181205e+005
45 +3.960141175e+005 +3.960141175e+005 +3.960256075e+005 +3.960256075e+005
55 +3.566605155e+005 +3.566605155e+005 +3.566720055e+005 +3.566720055e+005
125 +3.452611881e+005 +3.452611881e+005 +3.452726781e+005 +3.452726781e+005
175 +3.065932595e+005 +3.065932595e+005 +3.066047495e+005 +3.066047495e+005
208 +2.671737861e+005 +2.671737861e+005 +2.671852761e+005 +2.671852761e+005
449 +2.610480294e+005 +2.610480294e+005 +2.610595194e+005 +2.610595194e+005
455 +2.307221025e+005 +2.307221025e+005 +2.307335925e+005 +2.307335925e+005
490 +2.252429219e+005 +2.252429219e+005 +2.252544119e+005 +2.252544119e+005
603 +2.179309445e+005 +2.179309445e+005 +2.179424345e+005 +2.179424345e+005
630 +2.047182360e+005 +2.047182360e+005 +2.047297260e+005 +2.047297260e+005
668 +1.738757099e+005 +1.738757099e+005 +1.738871999e+005 +1.738871999e+005
857 +1.591323363e+005 +1.591323363e+005 +1.591438263e+005 +1.591438263e+005
949 +8.725080030e+004 +8.725080030e+004 +8.726229030e+004 +8.726229030e+004
1249 +3.699408293e+004 +3.699408293e+004 +3.700557293e+004 +3.700557293e+004
2298 +3.051518067e+004 +3.051518067e+004 +3.052667067e+004 +3.052667067e+004
2355 +1.674057497e+004 +1.674057497e+004 +1.675206497e+004 +1.675206497e+004
3044 +1.653992390e+004 +1.653992390e+004 +1.655141390e+004 +1.655141390e+004
3083 +1.535584545e+004 +1.535584545e+004 +1.536733545e+004 +1.536733545e+004
3137 +1.425092592e+004 +1.425092592e+004 +1.426241592e+004 +1.426241592e+004
3151 +1.306198340e+004 +1.306198340e+004 +1.307347340e+004 +1.307347340e+004
3212 +7.068206663e+003 +7.068206663e+003 +7.079696663e+003 +7.079696663e+003
3252 +6.513955377e+003 +6.513955377e+003 +6.525445377e+003 +6.525445377e+003
3452 +1.192461376e+003 +1.192461376e+003 +1.203951376e+003 +1.203951376e+003
3764 +8.656249376e+002 +8.656249376e+002 +8.771149376e+002 +8.771149376e+002
4252 +8.020472891e+002 +8.020472891e+002 +8.135372891e+002 +8.135372891e+002
4312 +7.126401837e+002 +7.126401837e+002 +7.241301837e+002 +7.241301837e+002
4514 +3.403958544e+002 +3.403958544e+002 +3.518858544e+002 +3.518858544e+002
4689 +1.757669871e+002 +1.757669871e+002 +1.872569871e+002 +1.872569871e+002
4857 +1.001495141e+002 +1.001495141e+002 +1.116395141e+002 +1.116395141e+002
4867 +1.857500974e+001 +1.857500974e+001 +3.006500974e+001 +3.006500974e+001
5284 +5.716238899e+000 +5.716238899e+000 +1.720623890e+001 +1.720623890e+001
5300 +3.732628625e+000 +3.732628625e+000 +1.522262862e+001 +1.522262862e+001
5654 +3.491327860e+000 +3.491327860e+000 +1.498132786e+001 +1.498132786e+001
7229 +3.437437310e+000 +3.437437310e+000 +1.492743731e+001 +1.492743731e+001
185596 +3.369011966e+000 +3.369011966e+000 +1.485901197e+001 +1.485901197e+001
% function evaluation | noise-free fitness - Fopt (7.731000000000e+001) | best noise-free fitness - Fopt | measured fitness | best measured fitness | x1 | x2...
1 +1.072528923e+006 +1.072528923e+006 +1.072606233e+006 +1.072606233e+006
2 +6.290634193e+005 +6.290634193e+005 +6.291407293e+005 +6.291407293e+005
4 +4.432490594e+005 +4.432490594e+005 +4.433263694e+005 +4.433263694e+005
40 +3.994511996e+005 +3.994511996e+005 +3.995285096e+005 +3.995285096e+005
69 +3.429498281e+005 +3.429498281e+005 +3.430271381e+005 +3.430271381e+005
162 +2.811740963e+005 +2.811740963e+005 +2.812514063e+005 +2.812514063e+005
163 +2.375068246e+005 +2.375068246e+005 +2.375841346e+005 +2.375841346e+005
417 +2.291887512e+005 +2.291887512e+005 +2.292660612e+005 +2.292660612e+005
430 +2.167822619e+005 +2.167822619e+005 +2.168595719e+005 +2.168595719e+005
437 +2.050165184e+005 +2.050165184e+005 +2.050938284e+005 +2.050938284e+005
445 +1.506374486e+005 +1.506374486e+005 +1.507147586e+005 +1.507147586e+005
552 +1.021569696e+005 +1.021569696e+005 +1.022342796e+005 +1.022342796e+005
832 +8.824065480e+004 +8.824065480e+004 +8.831796480e+004 +8.831796480e+004
917 +7.781011871e+004 +7.781011871e+004 +7.788742871e+004 +7.788742871e+004
923 +6.464709573e+004 +6.464709573e+004 +6.472440573e+004 +6.472440573e+004
1249 +5.414759398e+004 +5.414759398e+004 +5.422490398e+004 +5.422490398e+004
1352 +4.383760712e+004 +4.383760712e+004 +4.391491712e+004 +4.391491712e+004
1424 +3.909142244e+004 +3.909142244e+004 +3.916873244e+004 +3.916873244e+004
1645 +1.793812691e+004 +1.793812691e+004 +1.801543691e+004 +1.801543691e+004
1950 +1.172385129e+004 +1.172385129e+004 +1.180116129e+004 +1.180116129e+004
2539 +9.940270302e+003 +9.940270302e+003 +1.001758030e+004 +1.001758030e+004
2764 +8.287115274e+003 +8.287115274e+003 +8.364425274e+003 +8.364425274e+003
2834 +7.316755562e+003 +7.316755562e+003 +7.394065562e+003 +7.394065562e+003
2983 +6.122135801e+003 +6.122135801e+003 +6.199445801e+003 +6.199445801e+003
3128 +4.999324813e+003 +4.999324813e+003 +5.076634813e+003 +5.076634813e+003
3135 +3.702608085e+003 +3.702608085e+003 +3.779918085e+003 +3.779918085e+003
3593 +3.576796937e+003 +3.576796937e+003 +3.654106937e+003 +3.654106937e+003
3624 +1.940254576e+003 +1.940254576e+003 +2.017564576e+003 +2.017564576e+003
3638 +1.666020629e+003 +1.666020629e+003 +1.743330629e+003 +1.743330629e+003
3689 +1.266858296e+003 +1.266858296e+003 +1.344168296e+003 +1.344168296e+003
3997 +1.238518926e+003 +1.238518926e+003 +1.315828926e+003 +1.315828926e+003
4023 +9.192696487e+002 +9.192696487e+002 +9.965796487e+002 +9.965796487e+002
4029 +6.651250589e+002 +6.651250589e+002 +7.424350589e+002 +7.424350589e+002
4048 +4.110431323e+002 +4.110431323e+002 +4.883531323e+002 +4.883531323e+002
4451 +2.956640887e+002 +2.956640887e+002 +3.729740887e+002 +3.729740887e+002
4496 +2.546064930e+002 +2.546064930e+002 +3.319164930e+002 +3.319164930e+002
4596 +1.437500390e+002 +1.437500390e+002 +2.210600390e+002 +2.210600390e+002
4616 +9.731985762e+001 +9.731985762e+001 +1.746298576e+002 +1.746298576e+002
4824 +4.074445955e+000 +4.074445955e+000 +8.138444596e+001 +8.138444596e+001
6011 +3.725609316e+000 +3.725609316e+000 +8.103560932e+001 +8.103560932e+001
6098 +3.630437028e+000 +3.630437028e+000 +8.094043703e+001 +8.094043703e+001
8669 +3.542117944e+000 +3.542117944e+000 +8.085211794e+001 +8.085211794e+001
15939 +3.428056640e+000 +3.428056640e+000 +8.073805664e+001 +8.073805664e+001
168103 +3.352639876e+000 +3.352639876e+000 +8.066263988e+001 +8.066263988e+001
% function evaluation | noise-free fitness - Fopt (3.207700000000e+002) | best noise-free fitness - Fopt | measured fitness | best measured fitness | x1 | x2...
1 +4.624772344e+005 +4.624772344e+005 +4.627980044e+005 +4.627980044e+005
4 +3.742403144e+005 +3.742403144e+005 +3.745610844e+005 +3.745610844e+005
209 +3.485287216e+005 +3.485287216e+005 +3.488494916e+005 +3.488494916e+005
216 +3.407854924e+005 +3.407854924e+005 +3.411062624e+005 +3.411062624e+005
246 +3.149909321e+005 +3.149909321e+005 +3.153117021e+005 +3.153117021e+005
249 +2.656293500e+005 +2.656293500e+005 +2.659501200e+005 +2.659501200e+005
342 +2.267468210e+005 +2.267468210e+005 +2.270675910e+005 +2.270675910e+005
507 +1.499186733e+005 +1.499186733e+005 +1.502394433e+005 +1.502394433e+005
851 +1.356135866e+005 +1.356135866e+005 +1.359343566e+005 +1.359343566e+005
873 +1.341590929e+005 +1.341590929e+005 +1.344798629e+005 +1.344798629e+005
1012 +1.032886165e+005 +1.032886165e+005 +1.036093865e+005 +1.036093865e+005
1131 +6.637026819e+004 +6.637026819e+004 +6.669103819e+004 +6.669103819e+004
1564 +6.435775324e+004 +6.435775324e+004 +6.467852324e+004 +6.467852324e+004
1582 +4.578688530e+004 +4.578688530e+004 +4.610765530e+004 +4.610765530e+004
1716 +3.840084968e+004 +3.840084968e+004 +3.872161968e+004 +3.872161968e+004
1863 +3.561113978e+004 +3.561113978e+004 +3.593190978e+004 +3.593190978e+004
2001 +2.752257324e+004 +2.752257324e+004 +2.784334324e+004 +2.784334324e+004
2058 +2.655451078e+004 +2.655451078e+004 +2.687528078e+004 +2.687528078e+004
2269 +2.587592979e+004 +2.587592979e+004 +2.619669979e+004 +2.619669979e+004
2400 +2.328882728e+004 +2.328882728e+004 +2.360959728e+004 +2.360959728e+004
2458 +1.209781940e+004 +1.209781940e+004 +1.241858940e+004 +1.241858940e+004
3038 +1.078796957e+004 +1.078796957e+004 +1.110873957e+004 +1.110873957e+004
3048 +8.007996940e+003 +8.007996940e+003 +8.328766940e+003 +8.328766940e+003
3097 +2.939458499e+003 +2.939458499e+003 +3.260228499e+003 +3.260228499e+003
3319 +2.835567957e+003 +2.835567957e+003 +3.156337957e+003 +3.156337957e+003
3336 +2.686653053e+003 +2.686653053e+003 +3.007423053e+003 +3.007423053e+003
3700 +2.091979447e+003 +2.091979447e+003 +2.412749447e+003 +2.412749447e+003
4046 +3.677748083e+002 +3.677748083e+002 +6.885448083e+002 +6.885448083e+002
4314 +2.956713581e+002 +2.956713581e+002 +6.164413581e+002 +6.164413581e+002
4399 +1.114151731e+001 +1.114151731e+001 +3.319115173e+002 +3.319115173e+002
4824 +4.202043183e+000 +4.202043183e+000 +3.249720432e+002 +3.249720432e+002
5514 +4.136183303e+000 +4.136183303e+000 +3.249061833e+002 +3.249061833e+002
6200 +4.051746223e+000 +4.051746223e+000 +3.248217462e+002 +3.248217462e+002
6455 +3.952839284e+000 +3.952839284e+000 +3.247228393e+002 +3.247228393e+002
6542 +3.832107494e+000 +3.832107494e+000 +3.246021075e+002 +3.246021075e+002
6766 +3.749149016e+000 +3.749149016e+000 +3.245191490e+002 +3.245191490e+002
7660 +3.689832207e+000 +3.689832207e+000 +3.244598322e+002 +3.244598322e+002
8622 +3.620926634e+000 +3.620926634e+000 +3.243909266e+002 +3.243909266e+002
8940 +3.542021764e+000 +3.542021764e+000 +3.243120218e+002 +3.243120218e+002
42552 +3.342691582e+000 +3.342691582e+000 +3.241126916e+002 +3.241126916e+002
170852 +3.286091829e+000 +3.286091829e+000 +3.240560918e+002 +3.240560918e+002
% function evaluation | noise-free fitness - Fopt (1.893000000000e+001) | best noise-free fitness - Fopt | measured fitness | best measured fitness | x1 | x2...
1 +1.716158460e+006 +1.716158460e+006 +1.716177390e+006 +1.716177390e+006
2 +1.271511199e+006 +1.271511199e+006 +1.271530129e+006 +1.271530129e+006
9 +9.142297372e+005 +9.142297372e+005 +9.142486672e+005 +9.142486672e+005
19 +8.276553347e+005 +8.276553347e+005 +8.276742647e+005 +8.276742647e+005
20 +7.197901049e+005 +7.197901049e+005 +7.198090349e+005 +7.198090349e+005
30 +6.919879287e+005 +6.919879287e+005 +6.920068587e+005 +6.920068587e+005
72 +6.742713409e+005 +6.742713409e+005 +6.742902709e+005 +6.742902709e+005
74 +6.068367916e+005 +6.068367916e+005 +6.068557216e+005 +6.068557216e+005
186 +5.416903109e+005 +5.416903109e+005 +5.417092409e+005 +5.417092409e+005
226 +5.256824973e+005 +5.256824973e+005 +5.257014273e+005 +5.257014273e+005
233 +4.071548276e+005 +4.071548276e+005 +4.071737576e+005 +4.071737576e+005
243 +3.632376447e+005 +3.632376447e+005 +3.632565747e+005 +3.632565747e+005
525 +3.580392208e+005 +3.580392208e+005 +3.580581508e+005 +3.580581508e+005
545 +2.676239780e+005 +2.676239780e+005 +2.676429080e+005 +2.676429080e+005
709 +2.622261285e+005 +2.622261285e+005 +2.622450585e+005 +2.622450585e+005
806 +2.507287910e+005 +2.507287910e+005 +2.507477210e+005 +2.507477210e+005
821 +2.416243921e+005 +2.416243921e+005 +2.416433221e+005 +2.416433221e+005
823 +1.382718916e+005 +1.382718916e+005 +1.382908216e+005 +1.382908216e+005
1032 +1.237278817e+005 +1.237278817e+005 +1.237468117e+005 +1.237468117e+005
1038 +1.195566143e+005 +1.195566143e+005 +1.195755443e+005 +1.195755443e+005
1143 +9.645429408e+004 +9.645429408e+004 +9.647322408e+004 +9.647322408e+004
1344 +8.240587872e+004 +8.240587872e+004 +8.242480872e+004 +8.242480872e+004
1551 +7.507103539e+004 +7.507103539e+004 +7.508996539e+004 +7.508996539e+004
1617 +5.608785791e+004 +5.608785791e+004 +5.610678791e+004 +5.610678791e+004
1756 +5.252944449e+004 +5.252944449e+004 +5.254837449e+004 +5.254837449e+004
1970 +4.644110300e+004 +4.644110300e+004 +4.646003300e+004 +4.646003300e+004
2039 +3.637287561e+004 +3.637287561e+004 +3.639180561e+004 +3.639180561e+004
2296 +3.605735324e+004 +3.605735324e+004 +3.607628324e+004 +3.607628324e+004
2306 +3.367322531e+004 +3.367322531e+004 +3.369215531e+004 +3.369215531e+004
2328 +2.631335690e+004 +2.631335690e+004 +2.633228690e+004 +2.633228690e+004
2511 +2.189407468e+004 +2.189407468e+004 +2.191300468e+004 +2.191300468e+004
2589 +1.608181862e+004 +1.608181862e+004 +1.610074862e+004 +1.610074862e+004
2911 +1.270946398e+004 +1.270946398e+004 +1.272839398e+004 +1.272839398e+004
3061 +7.638756511e+003 +7.638756511e+003 +7.657686511e+003 +7.657686511e+003
3400 +4.911394468e+003 +4.911394468e+003 +4.930324468e+003 +4.930324468e+003
3403 +3.963775003e+003 +3.963775003e+003 +3.982705003e+003 +3.982705003e+003
3610 +3.314435223e+003 +3.314435223e+003 +3.333365223e+003 +3.333365223e+003
3654 +3.157108460e+003 +3.157108460e+003 +3.176038460e+003 +3.176038460e+003
3738 +3.041744132e+003 +3.041744132e+003 +3.060674132e+003 +3.060674132e+003
3862 +8.673659806e+002 +8.673659806e+002 +8.862959806e+002 +8.862959806e+002
4199 +8.184847910e+002 +8.184847910e+002 +8.374147910e+002 +8.374147910e+002
4585 +7.203010309e+002 +7.203010309e+002 +7.392310309e+002 +7.392310309e+002
4761 +5.837609234e+001 +5.837609234e+001 +7.730609234e+001 +7.730609234e+001
5328 +3.026086812e+001 +3.026086812e+001 +4.919086812e+001 +4.919086812e+001
5343 +2.279871067e+001 +2.279871067e+001 +4.172871067e+001 +4.172871067e+001
5499 +8.701634292e+000 +8.701634292e+000 +2.763163429e+001 +2.763163429e+001
5603 +3.579283445e+000 +3.579283445e+000 +2.250928344e+001 +2.250928344e+001
7554 +3.419454417e+000 +3.419454417e+000 +2.234945442e+001 +2.234945442e+001
93970 +3.328449597e+000 +3.328449597e+000 +2.225844960e+001 +2.225844960e+001
104807 +3.284182434e+000 +3.284182434e+000 +2.221418243e+001 +2.221418243e+001
