% function evaluation | noise-free fitness - Fopt (-5.465000000000e+002) | best noise-free fitness - Fopt | measured fitness | best measured fitness | x1 | x2...
1 +9.164921494e+004 +9.164921494e+004 +9.110271494e+004 +9.110271494e+004 +4.4124e-001 +7.6530e+000
2 +5.546243359e+004 +5.546243359e+004 +5.491593359e+004 +5.491593359e+004 +2.4134e-001 -2.4883e+000
3 +5.695224797e+003 +5.695224797e+003 +5.148724797e+003 +5.148724797e+003 -6.2711e+000 +1.0521e+000
4 +2.119723253e+003 +2.119723253e+003 +1.573223253e+003 +1.573223253e+003 -4.4126e+000 +2.0562e+000
5 +4.857323060e+000 +4.857323060e+000 -5.416426769e+002 -5.416426769e+002 +9.7535e-001 +2.3225e+000
29 +3.331526238e+000 +3.331526238e+000 -5.431684738e+002 -5.431684738e+002 +1.6770e+000 +2.3225e+000
33 +2.654077336e+000 +2.654077336e+000 -5.438459227e+002 -5.438459227e+002 +1.6568e+000 +2.1650e+000
85 +2.316355495e+000 +2.316355495e+000 -5.441836445e+002 -5.441836445e+002 +1.3760e+000 +2.6032e+000
107 +1.565003065e+000 +1.565003065e+000 -5.449349969e+002 -5.449349969e+002 +6.1413e-001 +2.8026e+000
175 +1.511747565e+000 +1.511747565e+000 -5.449882524e+002 -5.449882524e+002 +6.4368e-001 +2.7828e+000
% function evaluation | noise-free fitness - Fopt (1.000000000000e+003) | best noise-free fitness - Fopt | measured fitness | best measured fitness | x1 | x2...
1 +3.838085372e+004 +3.838085372e+004 +3.938085372e+004 +3.938085372e+004 -8.6577e+000 -3.3976e+000
15 +3.203710665e+004 +3.203710665e+004 +3.303710665e+004 +3.303710665e+004 -7.9255e+000 -3.0574e+000
16 +1.456959552e+004 +1.456959552e+004 +1.556959552e+004 +1.556959552e+004 -5.6333e-001 -8.7441e-001
24 +2.796454078e+003 +2.796454078e+003 +3.796454078e+003 +3.796454078e+003 -4.0543e+000 -5.1489e-001
29 +6.849115646e+002 +6.849115646e+002 +1.684911565e+003 +1.684911565e+003 -1.0302e+000 +5.0522e-001
36 +1.342232950e+002 +1.342232950e+002 +1.134223295e+003 +1.134223295e+003 -2.8996e+000 +3.2140e-001
40 +5.694775876e+000 +5.694775876e+000 +1.005694776e+003 +1.005694776e+003 -1.5643e+000 +1.0103e+000
48 +4.809231146e+000 +4.809231146e+000 +1.004809231e+003 +1.004809231e+003 -1.8759e+000 +8.7866e-001
51 +3.564998825e+000 +3.564998825e+000 +1.003564999e+003 +1.003564999e+003 -4.1073e-001 +2.6133e+000
53 +3.165215628e+000 +3.165215628e+000 +1.003165216e+003 +1.003165216e+003 -8.5336e-001 +9.6981e-001
292 +3.132666025e+000 +3.132666025e+000 +1.003132666e+003 +1.003132666e+003 -1.2098e+000 +8.6324e-001
307 +2.769393052e+000 +2.769393052e+000 +1.002769393e+003 +1.002769393e+003 -1.1730e+000 +8.7686e-001
463 +2.732661417e+000 +2.732661417e+000 +1.002732661e+003 +1.002732661e+003 -1.1585e+000 +8.7726e-001
487 +2.676704536e+000 +2.676704536e+000 +1.002676705e+003 +1.002676705e+003 -1.1580e+000 +8.7999e-001
537 +2.629838243e+000 +2.629838243e+000 +1.002629838e+003 +1.002629838e+003 -1.1424e+000 +8.8149e-001
623 +2.555769241e+000 +2.555769241e+000 +1.002555769e+003 +1.002555769e+003 -1.1364e+000 +8.8487e-001
628 +2.505721798e+000 +2.505721798e+000 +1.002505722e+003 +1.002505722e+003 -1.1292e+000 +8.8803e-001
730 +2.452810457e+000 +2.452810457e+000 +1.002452810e+003 +1.002452810e+003 -1.1181e+000 +8.9032e-001
781 +2.357932145e+000 +2.357932145e+000 +1.002357932e+003 +1.002357932e+003 -1.0954e+000 +8.9797e-001
826 +2.333105785e+000 +2.333105785e+000 +1.002333106e+003 +1.002333106e+003 -1.0820e+000 +9.0276e-001
1089 +2.282970065e+000 +2.282970065e+000 +1.002282970e+003 +1.002282970e+003 -1.0678e+000 +9.0172e-001
1251 +2.237807687e+000 +2.237807687e+000 +1.002237808e+003 +1.002237808e+003 -1.0527e+000 +9.0666e-001
% function evaluation | noise-free fitness - Fopt (2.083800000000e+002) | best noise-free fitness - Fopt | measured fitness | best measured fitness | x1 | x2...
1 +1.113342160e+005 +1.113342160e+005 +1.115425960e+005 +1.115425960e+005 +4.5707e+000 -2.9178e+000
4 +8.605894579e+004 +8.605894579e+004 +8.626732579e+004 +8.626732579e+004 +1.2278e+000 -3.1560e+000
12 +4.949537143e+004 +4.949537143e+004 +4.970375143e+004 +4.970375143e+004 +2.3074e+000 -1.7653e+000
14 +4.763924191e+004 +4.763924191e+004 +4.784762191e+004 +4.784762191e+004 +3.5626e+000 -1.3684e+000
22 +1.232834792e+004 +1.232834792e+004 +1.253672792e+004 +1.253672792e+004 +5.8847e+000 +1.2547e+000
29 +5.387030706e+000 +5.387030706e+000 +2.137670307e+002 +2.137670307e+002 +2.4693e+000 +1.8807e+000
41 +3.621003434e+000 +3.621003434e+000 +2.120010034e+002 +2.120010034e+002 +9.5049e-001 +2.9197e+000
52 +3.139947668e+000 +3.139947668e+000 +2.115199477e+002 +2.115199477e+002 +1.4566e+000 +2.8785e+000
82 +2.670654742e+000 +2.670654742e+000 +2.110506547e+002 +2.110506547e+002 +1.8403e-001 +2.7274e+000
94 +2.610087481e+000 +2.610087481e+000 +2.109900875e+002 +2.109900875e+002 +1.5942e+000 +3.1216e+000
110 +1.357179394e+000 +1.357179394e+000 +2.097371794e+002 +2.097371794e+002 +1.5754e+000 +2.9716e+000
% function evaluation | noise-free fitness - Fopt (-1.449600000000e+002) | best noise-free fitness - Fopt | measured fitness | best measured fitness | x1 | x2...
1 +2.081206416e+004 +2.081206416e+004 +2.066710416e+004 +2.066710416e+004 -9.6857e+000 -5.3098e-001
3 +1.294679729e+004 +1.294679729e+004 +1.280183729e+004 +1.280183729e+004 -7.9418e+000 +1.3364e+000
4 +1.025185870e+004 +1.025185870e+004 +1.010689870e+004 +1.010689870e+004 -5.6111e+000 +1.4916e+000
13 +9.002417264e+003 +9.002417264e+003 +8.857457264e+003 +8.857457264e+003 -7.2439e+000 +6.3789e-001
20 +6.205272377e+003 +6.205272377e+003 +6.060312377e+003 +6.060312377e+003 -6.3826e+000 +6.2420e-001
22 +5.566057273e+003 +5.566057273e+003 +5.421097273e+003 +5.421097273e+003 -6.2277e+000 -1.9192e-001
25 +4.424703510e+003 +4.424703510e+003 +4.279743510e+003 +4.279743510e+003 -5.5539e+000 +6.2983e-001
33 +3.917498126e+003 +3.917498126e+003 +3.772538126e+003 +3.772538126e+003 -5.6304e+000 -1.1818e+000
35 +3.435460536e+003 +3.435460536e+003 +3.290500536e+003 +3.290500536e+003 -5.4156e+000 +2.7800e-001
39 +8.970776415e+002 +8.970776415e+002 +7.521176415e+002 +7.521176415e+002 -8.8254e-001 -4.8163e-001
43 +3.300817627e+000 +3.300817627e+000 -1.416591824e+002 -1.416591824e+002 +3.0178e-001 -1.5270e+000
54 +1.969936296e+000 +1.969936296e+000 -1.429900637e+002 -1.429900637e+002 -2.1265e+000 -1.2845e+000
60 +1.912535117e+000 +1.912535117e+000 -1.430474649e+002 -1.430474649e+002 -2.1727e+000 -6.4910e-001
273 +1.627376826e+000 +1.627376826e+000 -1.433326232e+002 -1.433326232e+002 -1.8812e+000 -2.1145e+000
301 +1.608185458e+000 +1.608185458e+000 -1.433518145e+002 -1.433518145e+002 +6.9235e-001 -2.7980e+000
365 +1.537413779e+000 +1.537413779e+000 -1.434225862e+002 -1.434225862e+002 +5.8157e-001 -2.7698e+000
370 +1.511999106e+000 +1.511999106e+000 -1.434480009e+002 -1.434480009e+002 +5.9038e-001 -2.7818e+000
% function evaluation | noise-free fitness - Fopt (-6.300000000000e+000) | best noise-free fitness - Fopt | measured fitness | best measured fitness | x1 | x2...
1 +2.148856674e+004 +2.148856674e+004 +2.148226674e+004 +2.148226674e+004 -1.7325e-001 +1.0992e+000
2 +3.979924220e+003 +3.979924220e+003 +3.973624220e+003 +3.973624220e+003 +2.8780e+000 -3.0265e+000
3 +1.332719825e+003 +1.332719825e+003 +1.326419825e+003 +1.326419825e+003 +1.4749e+000 -2.2931e-001
5 +1.253932848e+003 +1.253932848e+003 +1.247632848e+003 +1.247632848e+003 +4.2649e+000 -1.1306e+000
11 +4.867436680e+000 +4.867436680e+000 -1.432563320e+000 -1.432563320e+000 +2.5147e+000 -7.9130e-001
21 +4.523156884e+000 +4.523156884e+000 -1.776843116e+000 -1.776843116e+000 -9.6593e-002 -1.6176e+000
23 +4.459544876e+000 +4.459544876e+000 -1.840455124e+000 -1.840455124e+000 +1.7392e+000 -1.5031e+000
24 +2.597480209e+000 +2.597480209e+000 -3.702519791e+000 -3.702519791e+000 +1.9784e+000 -1.0854e+000
28 +2.264306271e+000 +2.264306271e+000 -4.035693729e+000 -4.035693729e+000 +1.9272e+000 -1.3001e+000
38 +2.090933822e+000 +2.090933822e+000 -4.209066178e+000 -4.209066178e+000 +1.8735e+000 -1.0549e+000
61 +1.558190379e+000 +1.558190379e+000 -4.741809621e+000 -4.741809621e+000 +2.0491e+000 -1.2556e+000
66 +9.690721788e-001 +9.690721788e-001 -5.330927821e+000 -5.330927821e+000 +2.0439e+000 -9.4228e-001
76 +6.190990392e-001 +6.190990392e-001 -5.680900961e+000 -5.680900961e+000 +2.0946e+000 -9.7327e-001
128 +6.069521336e-001 +6.069521336e-001 -5.693047866e+000 -5.693047866e+000 +2.0893e+000 -9.5894e-001
136 +6.016104653e-001 +6.016104653e-001 -5.698389535e+000 -5.698389535e+000 +2.0885e+000 -9.6825e-001
% function evaluation | noise-free fitness - Fopt (2.796000000000e+001) | best noise-free fitness - Fopt | measured fitness | best measured fitness | x1 | x2...
1 +5.014205006e+000 +5.014205006e+000 +3.297420501e+001 +3.297420501e+001 +2.4716e+000 +3.0801e+000
2 +2.663563777e+000 +2.663563777e+000 +3.062356378e+001 +3.062356378e+001 +1.8130e-001 +2.7267e+000
67 +2.153041907e+000 +2.153041907e+000 +3.011304191e+001 +3.011304191e+001 +1.3034e+000 +1.8045e+000
91 +1.889062688e+000 +1.889062688e+000 +2.984906269e+001 +2.984906269e+001 -1.0382e+000 +1.2563e+000
167 +1.652769062e+000 +1.652769062e+000 +2.961276906e+001 +2.961276906e+001 -2.1344e+000 +1.2594e+000
176 +1.571613915e+000 +1.571613915e+000 +2.953161392e+001 +2.953161392e+001 -2.1235e+000 +1.2193e+000
207 +1.508137138e+000 +1.508137138e+000 +2.946813714e+001 +2.946813714e+001 -2.0739e+000 +1.2459e+000
237 +1.240527125e+000 +1.240527125e+000 +2.920052713e+001 +2.920052713e+001 -2.1187e+000 +1.7333e+000
252 +1.167232932e+000 +1.167232932e+000 +2.912723293e+001 +2.912723293e+001 -2.1557e+000 +1.7407e+000
348 +8.724516190e-001 +8.724516190e-001 +2.883245162e+001 +2.883245162e+001 -2.1181e+000 +9.9132e-001
353 +7.384480873e-001 +7.384480873e-001 +2.869844809e+001 +2.869844809e+001 -2.0894e+000 +9.8857e-001
365 +6.111574315e-001 +6.111574315e-001 +2.857115743e+001 +2.857115743e+001 -2.0778e+000 +9.6912e-001
561 +5.966201533e-001 +5.966201533e-001 +2.855662015e+001 +2.855662015e+001 -2.0931e+000 +9.6579e-001
% function evaluation | noise-free fitness - Fopt (-6.338000000000e+001) | best noise-free fitness - Fopt | measured fitness | best measured fitness | x1 | x2...
1 +4.841054668e+006 +4.841054668e+006 +4.840991288e+006 +4.840991288e+006 -3.1606e+001 +4.4207e+001
2 +4.522171924e+004 +4.522171924e+004 +4.515833924e+004 +4.515833924e+004 -7.9255e+000 +2.6457e-001
4 +3.796808786e+004 +3.796808786e+004 +3.790470786e+004 +3.790470786e+004 -1.3719e+000 +6.1794e+000
8 +6.254983928e+003 +6.254983928e+003 +6.191603928e+003 +6.191603928e+003 -6.1936e+000 +2.2771e+000
9 +4.252635336e+003 +4.252635336e+003 +4.189255336e+003 +4.189255336e+003 -5.7579e+000 +3.7764e+000
10 +2.646323481e+000 +2.646323481e+000 -6.073367652e+001 -6.073367652e+001 -6.0091e-001 +2.8516e+000
55 +1.187314139e+000 +1.187314139e+000 -6.219268586e+001 -6.219268586e+001 +1.0623e+000 +2.3508e+000
180 +8.801562719e-001 +8.801562719e-001 -6.249984373e+001 -6.249984373e+001 +2.0341e+000 +2.1786e+000
191 +6.467970821e-001 +6.467970821e-001 -6.273320292e+001 -6.273320292e+001 +2.0252e+000 +2.1694e+000
210 +1.236913283e-001 +1.236913283e-001 -6.325630867e+001 -6.325630867e+001 +2.0953e+000 +2.1292e+000
212 +5.666001026e-002 +5.666001026e-002 -6.332333999e+001 -6.332333999e+001 +2.0578e+000 +2.1188e+000
228 +4.211715536e-002 +4.211715536e-002 -6.333788284e+001 -6.333788284e+001 +2.0652e+000 +2.1181e+000
231 +3.618554961e-002 +3.618554961e-002 -6.334381445e+001 -6.334381445e+001 +2.0673e+000 +2.1160e+000
237 +3.279680442e-002 +3.279680442e-002 -6.334720320e+001 -6.334720320e+001 +2.0694e+000 +2.1160e+000
241 +2.776718416e-002 +2.776718416e-002 -6.335223282e+001 -6.335223282e+001 +2.0721e+000 +2.1148e+000
255 +6.106499988e-003 +6.106499988e-003 -6.337389350e+001 -6.337389350e+001 +2.0896e+000 +2.1097e+000
276 +4.984169639e-003 +4.984169639e-003 -6.337501583e+001 -6.337501583e+001 +2.0909e+000 +2.1077e+000
284 +1.575631728e-003 +1.575631728e-003 -6.337842437e+001 -6.337842437e+001 +2.1115e+000 +2.1018e+000
291 +6.422037463e-004 +6.422037463e-004 -6.337935780e+001 -6.337935780e+001 +2.0999e+000 +2.1064e+000
305 +2.800199756e-004 +2.800199756e-004 -6.337971998e+001 -6.337971998e+001 +2.1015e+000 +2.1058e+000
329 +2.619974445e-004 +2.619974445e-004 -6.337973800e+001 -6.337973800e+001 +2.1072e+000 +2.1049e+000
330 +6.928270469e-005 +6.928270469e-005 -6.337993072e+001 -6.337993072e+001 +2.1040e+000 +2.1055e+000
334 +2.456566111e-005 +2.456566111e-005 -6.337997543e+001 -6.337997543e+001 +2.1043e+000 +2.1052e+000
338 +1.022026475e-005 +1.022026475e-005 -6.337998978e+001 -6.337998978e+001 +2.1053e+000 +2.1049e+000
341 +8.709578239e-006 +8.709578239e-006 -6.337999129e+001 -6.337999129e+001 +2.1044e+000 +2.1051e+000
343 +7.847493599e-006 +7.847493599e-006 -6.337999215e+001 -6.337999215e+001 +2.1046e+000 +2.1051e+000
345 +3.273836768e-006 +3.273836768e-006 -6.337999673e+001 -6.337999673e+001 +2.1047e+000 +2.1048e+000
358 +2.617563837e-007 +2.617563837e-007 -6.337999974e+001 -6.337999974e+001 +2.1048e+000 +2.1049e+000
401 +1.016413265e-007 +1.016413265e-007 -6.337999990e+001 -6.337999990e+001 +2.1048e+000 +2.1049e+000
408 +9.609784257e-008 +9.609784257e-008 -6.337999990e+001 -6.337999990e+001 +2.1048e+000 +2.1048e+000
411 +3.214060484e-008 +3.214060484e-008 -6.337999997e+001 -6.337999997e+001 +2.1048e+000 +2.1049e+000
414 +2.125987919e-008 +2.125987919e-008 -6.337999998e+001 -6.337999998e+001 +2.1048e+000 +2.1048e+000
434 +7.102350708e-009 +7.102350708e-009 -6.337999999e+001 -6.337999999e+001 +2.1048e+000 +2.1048e+000
837 +0.000000000e+000 +0.000000000e+000 -6.338000000e+001 -6.338000000e+001 +2.1048e+000 +2.1048e+000
% function evaluation | noise-free fitness - Fopt (-1.337200000000e+002) | best noise-free fitness - Fopt | measured fitness | best measured fitness | x1 | x2...
1 +2.418185112e+001 +2.418185112e+001 -1.095381489e+002 -1.095381489e+002 +1.7672e+000 +2.3800e+000
2 +3.513864720e+000 +3.513864720e+000 -1.302061353e+002 -1.302061353e+002 +2.3253e+000 +1.6184e+000
18 +3.284686987e+000 +3.284686987e+000 -1.304353130e+002 -1.304353130e+002 +7.9921e-001 +1.3410e+000
23 +2.885713859e+000 +2.885713859e+000 -1.308342861e+002 -1.308342861e+002 +9.0547e-001 +1.5492e+000
37 +2.610868917e+000 +2.610868917e+000 -1.311091311e+002 -1.311091311e+002 +1.2000e+000 +1.2143e+000
170 +2.569295424e+000 +2.569295424e+000 -1.311507046e+002 -1.311507046e+002 +1.0242e+000 +1.5090e+000
% function evaluation | noise-free fitness - Fopt (-4.039900000000e+002) | best noise-free fitness - Fopt | measured fitness | best measured fitness | x1 | x2...
1 +4.722320698e+005 +4.722320698e+005 +4.718280798e+005 +4.718280798e+005 -6.7632e+000 +7.9161e+000
2 +1.325402203e+005 +1.325402203e+005 +1.321362303e+005 +1.321362303e+005 -2.9518e+000 +3.8412e+000
4 +1.072750460e+005 +1.072750460e+005 +1.068710560e+005 +1.068710560e+005 -1.1420e+000 +3.7186e+000
5 +1.021409977e+005 +1.021409977e+005 +1.017370077e+005 +1.017370077e+005 -3.4970e-001 +3.7912e+000
6 +6.293828786e+004 +6.293828786e+004 +6.253429786e+004 +6.253429786e+004 -1.1249e+001 -1.1443e+000
8 +3.911916812e+004 +3.911916812e+004 +3.871517812e+004 +3.871517812e+004 +1.2357e-001 +1.9833e+000
15 +2.743610218e+004 +2.743610218e+004 +2.703211218e+004 +2.703211218e+004 -2.3724e+000 +8.5045e-001
18 +5.988452138e+003 +5.988452138e+003 +5.584462138e+003 +5.584462138e+003 -6.3700e+000 -3.8563e+000
21 +3.272954181e+003 +3.272954181e+003 +2.868964181e+003 +2.868964181e+003 -3.6938e+000 -1.2778e+000
22 +1.451371768e+003 +1.451371768e+003 +1.047381768e+003 +1.047381768e+003 -1.8249e+000 -1.0288e+000
23 +3.470372144e+002 +3.470372144e+002 -5.695278564e+001 -5.695278564e+001 -3.3319e+000 -1.8790e+000
29 +4.944618883e+000 +4.944618883e+000 -3.990453811e+002 -3.990453811e+002 -2.5608e-001 -2.2119e+000
34 +4.428394981e+000 +4.428394981e+000 -3.995616050e+002 -3.995616050e+002 -2.4279e+000 -2.9763e+000
36 +4.225591182e+000 +4.225591182e+000 -3.997644088e+002 -3.997644088e+002 -1.7687e+000 -2.4422e+000
43 +3.363972022e+000 +3.363972022e+000 -4.006260280e+002 -4.006260280e+002 -1.6881e+000 -2.6398e+000
46 +2.433845470e+000 +2.433845470e+000 -4.015561545e+002 -4.015561545e+002 -1.4043e+000 -2.1018e+000
47 +1.572604454e+000 +1.572604454e+000 -4.024173955e+002 -4.024173955e+002 -1.7176e+000 -3.0668e+000
% function evaluation | noise-free fitness - Fopt (1.000000000000e+003) | best noise-free fitness - Fopt | measured fitness | best measured fitness | x1 | x2...
1 +1.420612444e+005 +1.420612444e+005 +1.430612444e+005 +1.430612444e+005 -1.6058e+000 -4.3828e+000
3 +7.892793695e+003 +7.892793695e+003 +8.892793695e+003 +8.892793695e+003 +1.4470e+000 -5.9135e-001
12 +3.632502432e+003 +3.632502432e+003 +4.632502432e+003 +4.632502432e+003 +5.4561e+000 -3.7566e-001
16 +5.112202473e+000 +5.112202473e+000 +1.005112202e+003 +1.005112202e+003 -6.8469e-001 +2.5995e+000
22 +2.917049475e+000 +2.917049475e+000 +1.002917049e+003 +1.002917049e+003 -3.7184e-001 +2.7717e+000
34 +2.093168421e+000 +2.093168421e+000 +1.002093168e+003 +1.002093168e+003 -7.6723e-001 +2.8460e+000
% function evaluation | noise-free fitness - Fopt (1.005700000000e+002) | best noise-free fitness - Fopt | measured fitness | best measured fitness | x1 | x2...
1 +5.084139854e+003 +5.084139854e+003 +5.184709854e+003 +5.184709854e+003 +1.6929e-001 -5.4445e-003
4 +9.987150887e+002 +9.987150887e+002 +1.099285089e+003 +1.099285089e+003 -5.4661e-002 -6.8962e-001
5 +1.409115078e+002 +1.409115078e+002 +2.414815078e+002 +2.414815078e+002 -7.7999e-001 -1.1844e+000
9 +4.269761724e+000 +4.269761724e+000 +1.048397617e+002 +1.048397617e+002 -1.7575e+000 -2.1424e+000
16 +2.183274551e+000 +2.183274551e+000 +1.027532746e+002 +1.027532746e+002 -1.5782e+000 -2.1598e+000
99 +1.371515601e+000 +1.371515601e+000 +1.019415156e+002 +1.019415156e+002 +2.0468e+000 -1.8044e+000
% function evaluation | noise-free fitness - Fopt (1.149000000000e+001) | best noise-free fitness - Fopt | measured fitness | best measured fitness | x1 | x2...
1 +6.633003614e+004 +6.633003614e+004 +6.634152614e+004 +6.634152614e+004 +2.8781e+000 -3.6153e+000
2 +1.372559429e+004 +1.372559429e+004 +1.373708429e+004 +1.373708429e+004 +2.0156e+000 -1.1813e+000
3 +7.013724374e+003 +7.013724374e+003 +7.025214374e+003 +7.025214374e+003 +9.8126e-001 -3.9488e-001
7 +1.977500900e+003 +1.977500900e+003 +1.988990900e+003 +1.988990900e+003 -1.2113e+000 +7.7482e-001
12 +8.963079236e+002 +8.963079236e+002 +9.077979236e+002 +9.077979236e+002 +2.6106e-001 +6.3731e-001
14 +2.112750862e+001 +2.112750862e+001 +3.261750862e+001 +3.261750862e+001 +1.4641e+000 +7.4156e-001
26 +6.180441539e+000 +6.180441539e+000 +1.767044154e+001 +1.767044154e+001 +4.5566e-001 +1.1607e+000
40 +4.413534843e+000 +4.413534843e+000 +1.590353484e+001 +1.590353484e+001 +7.4087e-001 +1.9165e+000
43 +3.672000264e+000 +3.672000264e+000 +1.516200026e+001 +1.516200026e+001 +1.7880e+000 +1.3506e+000
66 +3.499593161e+000 +3.499593161e+000 +1.498959316e+001 +1.498959316e+001 +1.1385e+000 +1.7462e+000
71 +3.397708079e+000 +3.397708079e+000 +1.488770808e+001 +1.488770808e+001 +1.1205e+000 +1.6634e+000
73 +3.196638762e+000 +3.196638762e+000 +1.468663876e+001 +1.468663876e+001 +1.0885e+000 +1.6452e+000
76 +2.410837562e+000 +2.410837562e+000 +1.390083756e+001 +1.390083756e+001 +2.2654e+000 +1.5084e+000
86 +1.671148265e+000 +1.671148265e+000 +1.316114826e+001 +1.316114826e+001 +2.2304e+000 +1.7017e+000
113 +1.337699816e+000 +1.337699816e+000 +1.282769982e+001 +1.282769982e+001 +2.0102e+000 +1.7739e+000
114 +1.185407259e+000 +1.185407259e+000 +1.267540726e+001 +1.267540726e+001 +2.0424e+000 +1.7740e+000
124 +1.135779010e+000 +1.135779010e+000 +1.262577901e+001 +1.262577901e+001 +2.0606e+000 +1.7746e+000
162 +1.115599184e+000 +1.115599184e+000 +1.260559918e+001 +1.260559918e+001 +2.0744e+000 +1.7742e+000
200 +1.094600577e+000 +1.094600577e+000 +1.258460058e+001 +1.258460058e+001 +2.0930e+000 +1.7690e+000
% function evaluation | noise-free fitness - Fopt (7.731000000000e+001) | best noise-free fitness - Fopt | measured fitness | best measured fitness | x1 | x2...
1 +7.357509216e+002 +7.357509216e+002 +8.130609216e+002 +8.130609216e+002 -3.8555e+000 -5.2474e-001
7 +4.034053837e+002 +4.034053837e+002 +4.807153837e+002 +4.807153837e+002 -3.5030e+000 -1.0083e+000
11 +1.312061990e+002 +1.312061990e+002 +2.085161990e+002 +2.085161990e+002 -3.0575e+000 -5.8583e-001
15 +3.720015413e+000 +3.720015413e+000 +8.103001541e+001 +8.103001541e+001 -1.7250e+000 -1.8397e+000
43 +2.820514513e+000 +2.820514513e+000 +8.013051451e+001 +8.013051451e+001 -2.0117e+000 -8.8372e-001
47 +2.634647749e+000 +2.634647749e+000 +7.994464775e+001 +7.994464775e+001 -1.1174e+000 -8.9893e-001
49 +8.769766215e-001 +8.769766215e-001 +7.818697662e+001 +7.818697662e+001 -2.2048e+000 -9.2406e-001
120 +8.412296738e-001 +8.412296738e-001 +7.815122967e+001 +7.815122967e+001 -2.1499e+000 -9.2152e-001
192 +6.769501073e-001 +6.769501073e-001 +7.798695011e+001 +7.798695011e+001 -2.0931e+000 -9.4590e-001
235 +6.495566812e-001 +6.495566812e-001 +7.795955668e+001 +7.795955668e+001 -2.0633e+000 -9.7877e-001
240 +6.005217208e-001 +6.005217208e-001 +7.791052172e+001 +7.791052172e+001 -2.1170e+000 -9.5360e-001
% function evaluation | noise-free fitness - Fopt (3.207700000000e+002) | best noise-free fitness - Fopt | measured fitness | best measured fitness | x1 | x2...
1 +2.264651444e+005 +2.264651444e+005 +2.267859144e+005 +2.267859144e+005 +7.2737e+000 +4.3778e+000
2 +2.060146440e+003 +2.060146440e+003 +2.380916440e+003 +2.380916440e+003 +7.3808e-002 -4.7597e-001
8 +3.082257104e+000 +3.082257104e+000 +3.238522571e+002 +3.238522571e+002 -4.1918e-001 -2.1758e+000
23 +2.926432396e+000 +2.926432396e+000 +3.236964324e+002 +3.236964324e+002 -9.2500e-001 -1.5614e+000
27 +2.361640238e+000 +2.361640238e+000 +3.231316402e+002 +3.231316402e+002 -1.9945e+000 -6.5685e-001
77 +1.382923495e+000 +1.382923495e+000 +3.221529235e+002 +3.221529235e+002 -2.2796e+000 -9.0244e-001
85 +8.844056398e-001 +8.844056398e-001 +3.216544056e+002 +3.216544056e+002 -2.0173e+000 -1.0032e+000
88 +5.938357591e-001 +5.938357591e-001 +3.213638358e+002 +3.213638358e+002 -2.0981e+000 -9.6121e-001
% function evaluation | noise-free fitness - Fopt (1.893000000000e+001) | best noise-free fitness - Fopt | measured fitness | best measured fitness | x1 | x2...
1 +1.472697427e+003 +1.472697427e+003 +1.491627427e+003 +1.491627427e+003 +4.4119e+000 -2.1607e-001
7 +2.677185821e+000 +2.677185821e+000 +2.160718582e+001 +2.160718582e+001 +1.8263e+000 -9.8694e-001
18 +2.157672059e+000 +2.157672059e+000 +2.108767206e+001 +2.108767206e+001 +2.1809e+000 -1.8070e+000
50 +1.350383198e+000 +1.350383198e+000 +2.028038320e+001 +2.028038320e+001 +9.1382e-001 -2.4035e+000
228 +1.104591985e+000 +1.104591985e+000 +2.003459199e+001 +2.003459199e+001 +9.9866e-001 -2.3871e+000
289 +1.091581443e+000 +1.091581443e+000 +2.002158144e+001 +2.002158144e+001 +1.0341e+000 -2.3731e+000
