% function evaluation | noise-free fitness - Fopt (1.026100000000e+002) | best noise-free fitness - Fopt | measured fitness | best measured fitness | x1 | x2...
1 +1.527543997e+005 +1.527543997e+005 +1.528570097e+005 +1.528570097e+005 -2.4458e+000 +2.2294e+000 -8.6918e-001 -8.4907e+000 +2.3335e+000 -6.7228e+000 -5.2491e+000 +2.2814e+000 +7.8544e-001 +1.0580e+000
3 +3.382831284e+002 +3.382831284e+002 +4.408931284e+002 +4.408931284e+002 -9.9848e-001 -2.1122e+000 -3.2380e+000 -1.5513e+000 -2.7241e+000 -2.4917e+000 -1.2863e+000 +3.7827e+000 +1.5019e+000 +3.4985e+000
7 +3.262495377e+002 +3.262495377e+002 +4.288595377e+002 +4.288595377e+002 -2.7382e+000 -4.8964e+000 -2.5892e+000 -2.9183e+000 -2.3933e+000 -3.7326e+000 -3.1437e+000 +7.2755e-001 -1.2263e+000 +2.8789e+000
8 +2.829790889e+002 +2.829790889e+002 +3.855890889e+002 +3.855890889e+002 -4.4054e+000 -3.7545e+000 +5.4400e-001 -2.6814e+000 -1.0120e+000 +1.0006e-001 -1.7007e+000 +3.2332e+000 +4.6302e-001 +2.2247e+000
27 +2.630967796e+002 +2.630967796e+002 +3.657067796e+002 +3.657067796e+002 -3.5859e+000 -4.4377e+000 -2.3553e+000 -1.4617e+000 -4.2322e+000 -2.0856e+000 -2.2211e+000 -5.8882e-001 +1.4089e+000 +2.7311e+000
40 +2.579543009e+002 +2.579543009e+002 +3.605643009e+002 +3.605643009e+002 +4.3456e+000 -4.8915e+000 +5.9800e-002 +1.3396e+000 +5.8517e-001 -8.6982e-002 +1.8133e-001 +9.3387e-001 +1.3546e+000 +8.3206e-001
51 +2.415647789e+002 +2.415647789e+002 +3.441747789e+002 +3.441747789e+002 -2.1005e+000 -3.3972e+000 -2.7608e+000 -2.5416e+000 -3.0418e+000 -2.9668e+000 +8.4739e-001 -1.9234e+000 -2.5223e-001 +3.9337e+000
57 +2.195283394e+002 +2.195283394e+002 +3.221383394e+002 +3.221383394e+002 -1.0881e+000 -3.4837e+000 -1.8459e+000 -7.3353e-001 +1.7952e-001 -2.6020e+000 -1.4351e+000 -2.8125e+000 +4.2825e+000 +2.4050e+000
60 +2.115558432e+002 +2.115558432e+002 +3.141658432e+002 +3.141658432e+002 -3.7294e+000 -1.8548e+000 -1.0852e+000 -1.6179e+000 -3.0895e+000 -2.1257e+000 +6.0911e-001 +2.0017e-001 -2.0135e+000 +2.9357e+000
112 +1.909810411e+002 +1.909810411e+002 +2.935910411e+002 +2.935910411e+002 -3.2442e+000 -5.7374e-001 -6.0550e-001 -1.2394e+000 -3.1373e+000 -8.1428e-001 +3.6851e+000 +7.0121e-001 +8.6943e-001 -5.2372e-001
119 +1.622289580e+002 +1.622289580e+002 +2.648389580e+002 +2.648389580e+002 -5.8784e-001 -4.1070e+000 -7.4149e-001 -7.6813e-001 -1.7979e+000 -3.1880e-001 +1.4914e+000 -1.1126e+000 +4.4051e-001 +1.0956e+000
129 +1.586519282e+002 +1.586519282e+002 +2.612619282e+002 +2.612619282e+002 -1.5047e-001 -4.3998e-001 -9.1559e-002 -1.3196e+000 -1.6277e+000 -2.5526e+000 +1.1173e-001 -4.0114e-001 +1.0398e+000 +2.8043e+000
257 +1.390892542e+002 +1.390892542e+002 +2.416992542e+002 +2.416992542e+002 -1.7995e+000 -1.9562e+000 -1.6441e+000 -7.9196e-001 -1.2911e+000 -1.3019e+000 +4.1522e-001 +5.1956e-002 +1.7448e+000 +8.3693e-002
355 +1.359129452e+002 +1.359129452e+002 +2.385229452e+002 +2.385229452e+002 -2.8233e+000 -8.9042e-001 -1.9856e+000 -5.8109e-001 -8.0910e-001 -1.1245e+000 +6.3507e-001 -2.6746e+000 +1.3717e+000 +5.5673e-001
360 +8.700510061e+001 +8.700510061e+001 +1.896151006e+002 +1.896151006e+002 -3.0092e+000 -1.6267e+000 -1.2632e+000 -7.3230e-001 -1.2464e+000 -4.4948e-001 +4.8761e-001 -8.0417e-001 +1.6845e+000 -1.4734e-001
617 +8.220021224e+001 +8.220021224e+001 +1.848102122e+002 +1.848102122e+002 -1.7925e+000 -1.9089e+000 -1.6896e+000 +5.6988e-001 -1.6247e+000 -1.5203e-001 +9.2142e-001 -5.7561e-001 +1.3796e+000 +1.0498e+000
895 +7.755755288e+001 +7.755755288e+001 +1.801675529e+002 +1.801675529e+002 -1.2054e+000 -1.9636e+000 -1.7231e+000 +9.5016e-001 -1.8182e+000 +1.1361e+000 +1.2405e+000 -1.4808e+000 -4.7332e-001 +1.0719e+000
1058 +6.448370773e+001 +6.448370773e+001 +1.670937077e+002 +1.670937077e+002 -9.7700e-001 -1.4905e+000 -1.4264e+000 +9.3779e-001 -1.3793e+000 +4.1259e+000 +5.4282e-001 -1.5972e+000 +1.1982e+000 +1.3062e+000
1490 +4.087935243e+001 +4.087935243e+001 +1.434893524e+002 +1.434893524e+002 -1.3134e+000 -1.1437e+000 -1.6893e+000 +1.0217e+000 -1.3002e+000 +1.5627e+000 +9.9985e-001 -1.9436e+000 +2.0318e+000 +1.6220e+000
% function evaluation | noise-free fitness - Fopt (9.330000000000e+001) | best noise-free fitness - Fopt | measured fitness | best measured fitness | x1 | x2...
1 +2.609252217e+004 +2.609252217e+004 +2.618582217e+004 +2.618582217e+004 -3.0077e+000 +4.6209e+000 +2.5843e+000 +1.8558e+000 -4.0514e+000 -1.6062e+000 -3.3984e+000 +6.6028e+000 +6.0231e-001 +4.2380e+000
7 +1.993473612e+004 +1.993473612e+004 +2.002803612e+004 +2.002803612e+004 -2.0625e+000 -2.9197e-001 -1.7719e+000 -3.1881e-001 -1.2376e+000 -4.8613e+000 -1.6607e+000 +3.4313e+000 -6.3982e+000 +5.3684e-001
13 +2.999169288e+002 +2.999169288e+002 +3.932169288e+002 +3.932169288e+002 -1.8571e-001 +1.3031e+000 +3.5841e-001 -1.8948e+000 -1.9157e+000 -2.2437e+000 -3.6623e+000 +2.4989e+000 -3.2486e+000 -2.7379e+000
41 +2.540552798e+002 +2.540552798e+002 +3.473552798e+002 +3.473552798e+002 +3.8126e-001 +8.4744e-001 +7.3357e-001 -2.9405e+000 +1.4073e+000 -4.1596e+000 -3.3429e+000 +1.8501e+000 -6.7393e-001 +3.8396e+000
77 +2.290215330e+002 +2.290215330e+002 +3.223215330e+002 +3.223215330e+002 -1.5477e+000 +2.8620e+000 +9.0662e-001 -7.7407e-001 -1.7755e+000 -1.8336e+000 -3.8355e+000 +2.4946e-001 +2.5313e-001 +2.9228e+000
103 +2.204724559e+002 +2.204724559e+002 +3.137724559e+002 +3.137724559e+002 -3.0782e+000 +1.9514e+000 +1.3357e+000 -6.8637e-001 -8.1882e-002 -1.2294e+000 -3.3007e+000 +2.3963e+000 -1.9049e+000 +1.6301e+000
148 +2.131670824e+002 +2.131670824e+002 +3.064670824e+002 +3.064670824e+002 -1.4773e-001 +1.5823e+000 +3.3932e-003 +1.1315e+000 -9.5002e-001 +7.5238e-002 -3.4212e+000 +2.8280e+000 +1.1531e+000 +1.2299e+000
159 +1.463770389e+002 +1.463770389e+002 +2.396770389e+002 +2.396770389e+002 -9.8019e-001 +1.6199e+000 +2.2279e+000 -8.3537e-001 +1.5671e+000 -1.0132e+000 -1.7860e+000 +2.1624e+000 -2.0979e+000 +1.5908e+000
248 +1.420375420e+002 +1.420375420e+002 +2.353375420e+002 +2.353375420e+002 -1.6026e+000 +7.5992e-001 +1.5261e+000 +1.3023e-001 +1.5891e+000 -1.3435e+000 -2.6103e+000 +1.3177e+000 -1.0370e+000 +9.0035e-001
317 +1.401046650e+002 +1.401046650e+002 +2.334046650e+002 +2.334046650e+002 -1.8391e+000 +1.4895e+000 -3.3492e+000 +4.9116e-001 -5.3392e-001 -3.6727e+000 -4.4783e-001 +1.6402e+000 -2.0936e+000 +8.6051e-001
400 +1.310213543e+002 +1.310213543e+002 +2.243213543e+002 +2.243213543e+002 -1.1399e-001 +2.1292e+000 -1.7765e+000 -9.0757e-002 -2.6937e-001 -2.2927e+000 -1.3292e-001 +6.9351e-001 -1.6556e-001 +9.8196e-002
449 +1.003145985e+002 +1.003145985e+002 +1.936145985e+002 +1.936145985e+002 -4.7970e-001 +2.4831e+000 -2.7716e+000 +2.5515e-001 +8.1226e-001 -4.9514e-001 -1.2974e+000 +2.2666e+000 +1.4753e+000 +1.3910e+000
658 +9.507542085e+001 +9.507542085e+001 +1.883754209e+002 +1.883754209e+002 -1.3403e+000 +1.6544e+000 -2.4045e+000 -1.0065e+000 +5.5306e-001 -1.4190e+000 -1.0972e-001 +1.6746e+000 +1.0742e+000 -7.2694e-001
725 +8.694340717e+001 +8.694340717e+001 +1.802434072e+002 +1.802434072e+002 -1.7080e+000 +1.6865e+000 -1.3366e+000 -2.2977e+000 +4.6735e-001 -2.8519e+000 +1.6125e-001 +1.6599e+000 +3.1423e+000 +1.3620e+000
799 +7.196959039e+001 +7.196959039e+001 +1.652695904e+002 +1.652695904e+002 -2.7920e-001 +1.2026e+000 -1.9540e+000 -1.0306e+000 +8.6964e-001 -2.7866e+000 +6.2378e-001 +1.1007e+000 +1.3177e+000 +1.5115e+000
1044 +6.894892475e+001 +6.894892475e+001 +1.622489247e+002 +1.622489247e+002 -7.0201e-001 +1.5358e+000 -2.5212e-001 -1.6957e+000 +1.4090e+000 -1.0926e+000 +7.3916e-001 +1.1757e+000 +1.4835e+000 +3.8060e-001
2149 +5.704030336e+001 +5.704030336e+001 +1.503403034e+002 +1.503403034e+002 -1.5136e+000 +1.6659e+000 -2.3095e+000 -1.4002e+000 +1.4574e+000 -1.0166e+000 +4.7715e-001 +8.8868e-001 +1.7599e+000 +5.1945e-001
2529 +5.406716668e+001 +5.406716668e+001 +1.473671667e+002 +1.473671667e+002 -2.2133e+000 +2.1331e+000 -2.3236e+000 -1.0799e+000 +1.2823e-001 -1.5726e+000 +1.5271e+000 +2.7229e+000 +1.9084e+000 +5.7502e-001
4443 +4.998617416e+001 +4.998617416e+001 +1.432861742e+002 +1.432861742e+002 -1.3369e+000 +1.7224e+000 -1.9336e+000 -1.6875e+000 +2.5171e+000 -4.3388e-001 +1.9155e+000 +1.0368e+000 +1.1889e+000 +1.7958e+000
9829 +3.668376680e+001 +3.668376680e+001 +1.299837668e+002 +1.299837668e+002 -1.4433e+000 +1.5290e+000 -1.5587e+000 -9.1321e-001 +1.5787e+000 -1.9142e+000 +1.3077e+000 +1.5824e+000 +2.7749e+000 +2.4165e+000
% function evaluation | noise-free fitness - Fopt (1.364000000000e+001) | best noise-free fitness - Fopt | measured fitness | best measured fitness | x1 | x2...
1 +1.975569122e+004 +1.975569122e+004 +1.976933122e+004 +1.976933122e+004 +5.7565e-001 -6.3923e+000 +2.1017e-001 +9.0090e-002 +1.2428e+000 -1.6808e+000 +3.0356e+000 +2.6463e+000 -3.5722e+000 +1.7359e+000
3 +4.592730853e+002 +4.592730853e+002 +4.729130853e+002 +4.729130853e+002 -3.7911e-001 +9.0234e-001 -4.5294e+000 -4.6542e+000 +1.7210e-001 -4.9335e+000 +5.0220e+000 +1.2281e+000 -4.7038e+000 -5.8414e-001
6 +3.161835582e+002 +3.161835582e+002 +3.298235582e+002 +3.298235582e+002 -2.3634e+000 -4.3869e-002 -4.7314e+000 -2.7314e+000 +3.0516e+000 +4.0634e+000 +6.9608e-001 +2.5422e-001 -2.2429e+000 +2.8918e-001
26 +2.930061607e+002 +2.930061607e+002 +3.066461607e+002 +3.066461607e+002 -4.0043e-001 -2.6950e+000 +9.3782e-001 -2.4496e+000 +2.7471e+000 -4.0216e+000 +2.2598e+000 +1.4841e+000 -1.8318e+000 -7.3187e-001
49 +2.825305608e+002 +2.825305608e+002 +2.961705608e+002 +2.961705608e+002 +3.4637e-001 +7.4756e-001 +2.4067e+000 -2.4389e+000 +1.4337e-001 -2.2696e+000 +3.6684e+000 -1.7259e-001 -6.1753e-001 -1.5653e+000
56 +2.546242586e+002 +2.546242586e+002 +2.682642586e+002 +2.682642586e+002 +6.1373e-001 +1.5210e+000 +2.1105e+000 -4.7103e+000 -3.1288e-001 -2.0329e+000 +1.2526e+000 +6.8097e-001 -2.0118e+000 -2.2725e+000
71 +2.215537648e+002 +2.215537648e+002 +2.351937648e+002 +2.351937648e+002 -3.4513e-001 -8.2439e-002 +5.7553e-001 -3.2791e+000 +8.8554e-001 -2.7433e+000 +2.3431e+000 +5.8017e-001 -1.6177e+000 +4.6612e-002
92 +1.676713634e+002 +1.676713634e+002 +1.813113634e+002 +1.813113634e+002 -2.6539e+000 -2.4634e+000 +9.9095e-001 -2.6302e+000 -1.6240e-001 -1.9514e+000 -4.5436e-001 -8.0784e-001 +2.3749e+000 -1.3024e+000
179 +1.599577139e+002 +1.599577139e+002 +1.735977139e+002 +1.735977139e+002 -1.6339e-001 +1.3294e+000 -1.1335e-001 +4.8772e+000 +1.5710e+000 -1.7727e+000 -2.1708e+000 -3.9163e-001 -2.6588e-003 +1.8852e+000
194 +1.554367038e+002 +1.554367038e+002 +1.690767038e+002 +1.690767038e+002 -1.4018e-001 +4.6764e-001 -5.0746e-001 -8.2311e-001 +6.8369e-001 -9.1542e-001 +5.1072e-001 +5.9454e-001 +2.0347e+000 +1.3572e+000
221 +1.268703177e+002 +1.268703177e+002 +1.405103177e+002 +1.405103177e+002 -7.7964e-001 -1.2754e+000 +8.3476e-001 +2.2786e+000 +1.1845e+000 -2.8879e+000 -4.7146e-001 -2.7952e-002 +4.3895e+000 +1.3001e+000
267 +1.164343593e+002 +1.164343593e+002 +1.300743593e+002 +1.300743593e+002 -3.4067e-001 -2.0250e+000 +6.7328e-001 +1.4703e+000 +8.9164e-001 -2.1141e+000 +7.0699e-001 -1.4520e+000 +3.4472e+000 +1.6188e+000
293 +1.141562669e+002 +1.141562669e+002 +1.277962669e+002 +1.277962669e+002 -1.2561e+000 -8.4915e-001 +3.3457e-001 -8.8629e-001 +5.8982e-001 -2.5381e+000 +4.8095e-003 +1.0321e-001 +3.3467e-001 +1.9658e+000
306 +1.082674650e+002 +1.082674650e+002 +1.219074650e+002 +1.219074650e+002 -9.9696e-001 -4.5456e-001 +2.3678e+000 +1.4045e+000 +1.1084e+000 -2.3670e+000 -1.0173e+000 -3.9127e-001 +7.2182e-001 +2.8884e+000
317 +8.395287801e+001 +8.395287801e+001 +9.759287801e+001 +9.759287801e+001 -1.3552e+000 -8.7603e-001 +9.0343e-001 +7.7796e-001 +1.3742e+000 -2.0477e+000 -2.0196e+000 +4.1257e-001 +1.7297e+000 -1.7441e+000
390 +7.402812271e+001 +7.402812271e+001 +8.766812271e+001 +8.766812271e+001 -9.0329e-001 -1.7108e+000 +1.6652e+000 +1.5185e+000 +5.8168e-001 -2.1697e+000 +8.2782e-001 +5.1685e-001 -8.2850e-001 +4.6699e-001
877 +7.060316735e+001 +7.060316735e+001 +8.424316735e+001 +8.424316735e+001 -1.4810e+000 -3.9158e-001 +5.8269e-001 -4.9376e-002 +5.7667e-001 -2.2588e+000 -3.1455e+000 +1.9028e+000 +1.4898e+000 +4.2886e-001
1606 +6.865018134e+001 +6.865018134e+001 +8.229018134e+001 +8.229018134e+001 -1.6089e+000 -1.7909e+000 +8.1964e-001 +1.4220e+000 +1.7551e+000 -1.8879e+000 -2.8952e+000 +1.4586e+000 +1.2761e+000 +1.6885e+000
1743 +6.042525971e+001 +6.042525971e+001 +7.406525971e+001 +7.406525971e+001 -1.3884e+000 -1.3591e+000 +1.0869e+000 +1.2346e+000 +2.3010e+000 -1.8617e+000 -2.8299e+000 +1.7313e+000 +2.4977e+000 +1.4374e+000
1845 +5.864834101e+001 +5.864834101e+001 +7.228834101e+001 +7.228834101e+001 -1.5990e+000 -1.1461e+000 +1.5647e+000 +1.9159e+000 +1.8224e+000 -1.7977e+000 -2.2573e+000 +1.2867e+000 +1.6763e+000 +1.2144e+000
2679 +5.681321984e+001 +5.681321984e+001 +7.045321984e+001 +7.045321984e+001 -1.2590e+000 -1.4041e+000 +1.6053e+000 +1.1405e-001 +2.0121e+000 -1.7080e+000 -1.7782e+000 +7.6359e-001 +5.2506e-001 +2.1808e+000
2868 +5.446636534e+001 +5.446636534e+001 +6.810636534e+001 +6.810636534e+001 -1.1066e+000 -1.2464e+000 +1.5258e+000 +1.1024e+000 +8.2220e-001 -1.6303e+000 -1.9978e+000 +3.9138e-001 +3.1397e-001 +1.7679e+000
7440 +5.153362640e+001 +5.153362640e+001 +6.517362640e+001 +6.517362640e+001 -2.3405e+000 -2.1361e+000 +1.7017e+000 +1.4383e+000 +2.2055e+000 -1.6770e+000 -1.1793e+000 +1.2682e+000 +9.8080e-001 +3.7661e-001
9714 +4.475859007e+001 +4.475859007e+001 +5.839859007e+001 +5.839859007e+001 -1.2777e+000 -1.1370e+000 +7.1728e-001 +1.6965e+000 +1.2981e+000 -7.0052e-001 -1.5459e+000 +2.6864e+000 +1.1379e+000 +8.2135e-001
% function evaluation | noise-free fitness - Fopt (1.948000000000e+002) | best noise-free fitness - Fopt | measured fitness | best measured fitness | x1 | x2...
1 +3.270593672e+002 +3.270593672e+002 +5.218593672e+002 +5.218593672e+002 -1.1683e+000 +4.5760e+000 +1.8681e-001 +9.7846e-001 -3.5179e-001 +3.0148e+000 +1.4229e-001 -1.2158e+000 +1.4312e+000 +3.2815e+000
71 +3.088259741e+002 +3.088259741e+002 +5.036259741e+002 +5.036259741e+002 +9.8127e-001 +3.4351e+000 +1.6195e+000 -1.6745e+000 -2.8375e+000 -3.4211e+000 +1.1158e+000 -3.4825e+000 +2.9444e+000 +3.0673e-001
98 +2.728401758e+002 +2.728401758e+002 +4.676401758e+002 +4.676401758e+002 -1.6660e+000 +2.2213e+000 +1.6472e+000 -1.1431e+000 -3.6355e+000 +1.4016e+000 -7.7327e-001 -2.8913e+000 +3.1850e+000 +2.0298e+000
102 +1.965745864e+002 +1.965745864e+002 +3.913745864e+002 +3.913745864e+002 +2.9106e-001 +8.7726e-001 +1.5500e+000 -2.5851e+000 -1.5375e+000 -2.0331e+000 +2.6570e+000 -6.8514e-001 +4.1211e-001 +2.1242e+000
238 +1.779092394e+002 +1.779092394e+002 +3.727092394e+002 +3.727092394e+002 -7.0504e-001 -2.2909e+000 +2.1489e+000 -2.7775e+000 +1.5052e+000 +1.5568e+000 +1.1345e+000 -4.3109e-001 +4.8893e-001 +1.8579e+000
333 +1.711419937e+002 +1.711419937e+002 +3.659419937e+002 +3.659419937e+002 -5.9446e-001 -5.3201e-001 -5.5165e-001 -2.9096e+000 +3.4563e-001 +1.3542e+000 +9.0751e-002 -9.7152e-001 +1.1514e+000 -1.7680e+000
367 +1.322434264e+002 +1.322434264e+002 +3.270434264e+002 +3.270434264e+002 +1.4001e-001 -1.0603e-001 +9.5325e-001 -9.1519e-003 +8.8560e-001 -6.9597e-001 -1.7092e+000 +7.9583e-001 +1.5174e+000 +3.5640e+000
431 +1.272510708e+002 +1.272510708e+002 +3.220510708e+002 +3.220510708e+002 -5.2681e-001 +3.2065e-001 -9.8086e-001 +3.6112e-001 +1.2862e+000 +8.4804e-001 +5.5637e-002 +3.3720e-001 +8.2139e-001 +1.6546e+000
522 +1.035991834e+002 +1.035991834e+002 +2.983991834e+002 +2.983991834e+002 +4.0077e-001 -1.8719e-001 -1.9546e+000 +1.4602e+000 +1.2716e+000 -8.0232e-001 -9.1269e-001 -1.3999e+000 +2.6855e-001 +2.0115e+000
547 +9.172221497e+001 +9.172221497e+001 +2.865222150e+002 +2.865222150e+002 -6.7229e-001 +2.6216e-001 +1.1579e+000 -1.0855e+000 -4.0874e-001 +2.5778e-001 +1.5249e+000 +1.8251e-001 +4.5970e-001 +6.9617e-001
701 +9.091950847e+001 +9.091950847e+001 +2.857195085e+002 +2.857195085e+002 +3.9386e-001 +6.8016e-001 -8.8142e-001 +3.7163e-001 +3.8756e-001 -3.9572e-001 +5.1121e-001 -7.7488e-001 +5.5114e-001 +3.9084e-001
724 +8.069919898e+001 +8.069919898e+001 +2.754991990e+002 +2.754991990e+002 +1.5870e+000 +1.3106e+000 -7.0823e-001 -1.2097e-001 +5.0430e-001 -1.2559e+000 -4.6768e-001 -1.5009e+000 +4.3551e-001 +9.8691e-001
808 +7.294189699e+001 +7.294189699e+001 +2.677418970e+002 +2.677418970e+002 +2.0858e+000 +7.3612e-001 -1.2077e+000 +2.2444e+000 +5.1385e-001 -2.5898e-001 -1.7992e-001 -1.4784e+000 +6.8312e-001 +1.7846e-001
886 +6.581958138e+001 +6.581958138e+001 +2.606195814e+002 +2.606195814e+002 +1.0287e+000 +1.0838e+000 -1.2043e+000 +1.4499e+000 +4.5779e-001 -5.1929e-001 -6.7411e-002 -1.0968e+000 +1.2019e+000 +1.2603e+000
958 +5.505510180e+001 +5.505510180e+001 +2.498551018e+002 +2.498551018e+002 +1.1315e+000 +9.2165e-001 -1.8760e+000 +1.3346e+000 +4.1327e-001 -2.6742e+000 -5.3901e-001 -9.7958e-001 +5.9838e-001 +1.5957e+000
1140 +5.430601612e+001 +5.430601612e+001 +2.491060161e+002 +2.491060161e+002 +1.2374e+000 +1.4476e+000 -1.8331e+000 +1.1247e+000 +9.2663e-001 +5.9488e-002 +2.1400e-002 -9.7186e-001 +8.7895e-001 +2.2978e+000
1161 +4.378296411e+001 +4.378296411e+001 +2.385829641e+002 +2.385829641e+002 +1.3345e+000 +9.2710e-001 -1.3943e+000 +9.3852e-001 +1.1198e+000 -1.5664e-001 -1.1028e+000 -9.8267e-001 +1.5757e+000 +1.8078e+000
2351 +2.442814590e+001 +2.442814590e+001 +2.192281459e+002 +2.192281459e+002 +9.3065e-001 +1.4725e+000 -1.3683e+000 +5.5325e-001 +1.9859e+000 -1.0278e+000 -1.4532e+000 -1.4076e+000 +1.7664e+000 +9.8382e-001
% function evaluation | noise-free fitness - Fopt (-1.335900000000e+002) | best noise-free fitness - Fopt | measured fitness | best measured fitness | x1 | x2...
1 +6.463038298e+005 +6.463038298e+005 +6.461702398e+005 +6.461702398e+005 +1.0284e+000 -8.9850e-001 +5.4044e+000 -8.8501e+000 -8.3744e+000 +7.5526e-001 -4.0795e+000 -1.1179e+001 +2.0630e+000 -3.8122e-001
3 +3.123816704e+005 +3.123816704e+005 +3.122480804e+005 +3.122480804e+005 -4.1084e+000 +6.5371e+000 +9.3098e+000 -9.7111e-001 -1.5381e+000 -6.4430e+000 -7.6655e+000 -2.8778e+000 +5.9072e+000 +5.4427e+000
4 +9.207667961e+004 +9.207667961e+004 +9.194308961e+004 +9.194308961e+004 -2.1033e+000 +1.9341e+000 +1.0677e+000 -4.4070e+000 -3.1497e-001 -7.7441e-001 +9.3876e-001 -8.0287e+000 +3.8186e+000 -2.4726e+000
5 +1.712012101e+004 +1.712012101e+004 +1.698653101e+004 +1.698653101e+004 +4.4863e-001 +3.4450e+000 +3.0642e+000 -6.0971e+000 +2.2689e-001 +2.5031e+000 -3.9852e+000 -5.6885e+000 +2.1212e+000 +7.0972e-001
11 +6.331871287e+003 +6.331871287e+003 +6.198281287e+003 +6.198281287e+003 -2.2233e+000 +2.1025e+000 +1.9433e+000 -5.7781e+000 -1.3739e+000 -2.3016e-001 -2.6617e+000 -4.3795e+000 +8.7827e-001 +2.2869e-001
21 +2.397259064e+003 +2.397259064e+003 +2.263669064e+003 +2.263669064e+003 -3.2930e+000 +1.7012e+000 +3.9713e+000 -5.4550e+000 -1.2118e+000 +6.9642e-001 -3.9401e+000 -3.3623e+000 +2.0484e+000 -1.4273e+000
28 +3.779578149e+002 +3.779578149e+002 +2.443678149e+002 +2.443678149e+002 +4.3832e+000 +2.4059e+000 +3.4599e+000 -4.3464e+000 -3.0543e+000 +1.9545e+000 -3.7653e+000 -2.3654e+000 +2.0781e+000 +2.2407e+000
29 +2.982925264e+002 +2.982925264e+002 +1.647025264e+002 +1.647025264e+002 -3.8186e-001 +3.3941e+000 +2.6832e+000 -4.4436e+000 -1.3176e+000 -2.7203e-001 -2.7239e+000 -3.8410e+000 +7.9049e-001 -3.3692e-001
30 +2.272978146e+002 +2.272978146e+002 +9.370781465e+001 +9.370781465e+001 -1.8323e+000 +3.7741e+000 +1.5934e+000 -3.6782e+000 +7.4080e-001 +2.7918e-001 -4.8090e+000 -1.9190e+000 -4.0991e-001 +1.0299e+000
110 +1.873971139e+002 +1.873971139e+002 +5.380711394e+001 +5.380711394e+001 -3.6345e+000 +2.1704e+000 +6.6382e-001 +1.7902e+000 -1.5142e+000 +1.0191e+000 +8.3847e-001 -2.8946e+000 +5.7793e-001 -1.7306e+000
114 +1.636163884e+002 +1.636163884e+002 +3.002638836e+001 +3.002638836e+001 -1.6482e+000 +1.6288e+000 +2.7377e+000 -3.1950e+000 -3.0584e-001 +5.6662e-001 -1.2112e+000 -3.3832e+000 +8.1304e-002 +5.7084e-001
161 +1.559140593e+002 +1.559140593e+002 +2.232405931e+001 +2.232405931e+001 -3.9556e+000 +1.4723e+000 +2.0082e+000 -3.9318e-002 -3.6982e-001 +1.1220e+000 -8.4436e-001 -2.9906e+000 +5.9908e-001 +8.5567e-001
219 +1.353151713e+002 +1.353151713e+002 +1.725171259e+000 +1.725171259e+000 -1.0142e+000 +1.2203e+000 +2.9487e+000 -2.4903e+000 -7.7364e-001 +2.0177e-001 -7.4289e-001 -2.5031e+000 +3.4608e-001 -5.0425e-002
271 +1.237978587e+002 +1.237978587e+002 -9.792141323e+000 -9.792141323e+000 -1.9791e+000 +9.8795e-001 +1.4674e+000 -2.9341e+000 -1.3769e+000 +1.4984e+000 +2.4066e+000 -1.9100e+000 +1.3416e+000 +3.5694e-001
285 +1.216392883e+002 +1.216392883e+002 -1.195071174e+001 -1.195071174e+001 -1.7987e+000 +1.5079e+000 +2.1556e+000 -4.9345e-001 -1.3186e+000 +6.7836e-001 -1.3553e+000 -2.1848e+000 +5.7474e-001 +4.5309e-001
319 +1.199292286e+002 +1.199292286e+002 -1.366077138e+001 -1.366077138e+001 -5.5771e-001 +8.2110e-001 +2.8913e+000 -2.3680e+000 -2.0809e+000 +2.9105e+000 +6.2579e-001 -1.6204e+000 -4.0598e-001 -1.0356e+000
338 +9.369041183e+001 +9.369041183e+001 -3.989958817e+001 -3.989958817e+001 -2.1950e+000 +1.3847e+000 +1.2582e+000 +1.1683e-001 -4.6322e-002 +5.9206e-001 +5.6386e-001 -1.7101e+000 +4.9662e-001 +7.4691e-001
428 +8.127771141e+001 +8.127771141e+001 -5.231228859e+001 -5.231228859e+001 -9.1950e-001 +2.2203e+000 +2.1648e+000 -2.7931e+000 -1.7105e+000 +1.9231e+000 +1.0593e+000 -1.4537e+000 -8.9564e-001 +1.4290e+000
718 +7.274159096e+001 +7.274159096e+001 -6.084840904e+001 -6.084840904e+001 -2.2854e-001 +1.2002e+000 +2.0039e+000 -1.9064e+000 -5.7134e-001 +1.3650e+000 +1.3333e+000 -1.1262e+000 -9.4936e-001 +1.2448e+000
843 +6.078135653e+001 +6.078135653e+001 -7.280864347e+001 -7.280864347e+001 +9.9756e-001 +1.4271e+000 +1.6925e+000 -1.5369e+000 -2.0743e+000 +2.3683e+000 -2.8802e-001 -1.7638e+000 -1.3379e+000 +8.9743e-001
1369 +6.021556710e+001 +6.021556710e+001 -7.337443290e+001 -7.337443290e+001 -8.0863e-001 +1.1856e+000 +7.0516e-001 -1.6107e+000 -2.5964e+000 +2.1050e-001 +1.0183e+000 -1.4793e+000 -1.4172e+000 +1.0086e+000
2035 +5.730739109e+001 +5.730739109e+001 -7.628260891e+001 -7.628260891e+001 -2.3896e+000 +1.3701e+000 +2.1448e+000 -2.3704e+000 -7.4630e-001 +1.0749e+000 +2.1081e+000 -1.9180e+000 -1.1068e+000 -1.2532e-003
2192 +5.416083919e+001 +5.416083919e+001 -7.942916081e+001 -7.942916081e+001 -1.7414e+000 +6.7766e-001 +9.1027e-001 -2.5734e+000 -1.6430e+000 +1.1473e+000 +2.0380e+000 -1.9843e+000 -1.5344e+000 +1.7971e+000
% function evaluation | noise-free fitness - Fopt (1.955000000000e+001) | best noise-free fitness - Fopt | measured fitness | best measured fitness | x1 | x2...
1 +9.176981512e+003 +9.176981512e+003 +9.196531512e+003 +9.196531512e+003 +1.2455e+000 -3.1973e+000 -2.7853e+000 -3.1667e+000 +5.9401e+000 -3.7235e+000 +9.4603e-001 +2.0902e+000 -2.5945e+000 -1.5186e+000
6 +4.397905305e+002 +4.397905305e+002 +4.593405305e+002 +4.593405305e+002 -7.9293e-001 +6.1142e-001 -4.7866e+000 -1.2121e+000 +4.2497e+000 -1.3700e+000 -1.6204e+000 +1.1569e+000 -4.0872e+000 -4.9813e+000
38 +3.215651558e+002 +3.215651558e+002 +3.411151558e+002 +3.411151558e+002 -2.8240e+000 +2.8274e+000 -3.1605e+000 +9.7107e-001 +5.0769e+000 -5.2082e-001 +1.9947e+000 +1.0313e+000 +9.9997e-001 +2.8003e+000
48 +2.889012870e+002 +2.889012870e+002 +3.084512870e+002 +3.084512870e+002 +6.2328e-001 -1.8694e-001 -3.4151e+000 +1.1995e+000 +1.3463e+000 -2.5964e+000 +1.8583e+000 +3.2056e+000 -3.8884e+000 -4.1884e-001
52 +2.254415936e+002 +2.254415936e+002 +2.449915936e+002 +2.449915936e+002 -1.9333e+000 -5.2510e-001 +3.1033e+000 +1.5727e+000 +2.9002e+000 -3.9799e+000 +8.7590e-001 +7.9302e-001 -3.3242e+000 +4.8418e+000
101 +2.194086837e+002 +2.194086837e+002 +2.389586837e+002 +2.389586837e+002 +3.1928e-002 -1.2806e+000 +1.5383e-001 +5.7827e-001 +1.0710e+000 -2.5247e+000 +1.0699e+000 +3.6322e+000 -7.8860e-002 -1.2470e+000
116 +1.722022916e+002 +1.722022916e+002 +1.917522916e+002 +1.917522916e+002 -1.1108e+000 -1.4414e+000 +2.9809e+000 -1.7094e+000 +1.2981e+000 -2.0211e+000 +9.6228e-001 +1.3384e+000 -2.2822e+000 -1.4818e+000
227 +1.501644864e+002 +1.501644864e+002 +1.697144864e+002 +1.697144864e+002 +1.4427e+000 -7.7351e-001 -6.2253e-001 +1.0260e+000 -3.7074e-001 -5.4875e-001 +1.0636e+000 +1.4303e+000 -2.5315e+000 -2.9146e+000
229 +1.447080108e+002 +1.447080108e+002 +1.642580108e+002 +1.642580108e+002 -4.8665e-001 -8.0449e-001 -3.2064e+000 +1.9554e+000 -2.0994e+000 +2.1489e+000 +2.7208e-001 +1.1081e+000 -8.8060e-001 -3.7999e-001
361 +1.413910322e+002 +1.413910322e+002 +1.609410322e+002 +1.609410322e+002 +1.2118e+000 +1.1314e-001 -3.1989e+000 +2.1437e-001 +5.9654e-001 +1.1196e-001 -1.6198e+000 +2.3499e+000 -3.8028e-002 -2.6772e-001
394 +1.281996660e+002 +1.281996660e+002 +1.477496660e+002 +1.477496660e+002 -3.7805e-001 +3.7640e-001 +1.7579e-002 -1.7472e-001 -6.3680e-001 +2.2866e+000 +1.9963e-001 +1.2247e+000 +1.3292e-001 -8.6464e-001
423 +1.211040460e+002 +1.211040460e+002 +1.406540460e+002 +1.406540460e+002 +2.4873e-001 -2.8256e+000 -9.6013e-001 +4.0586e-002 +1.4832e+000 -2.4431e+000 -2.5615e-001 +5.3700e-001 -1.4580e-001 +6.0626e-002
522 +1.162668455e+002 +1.162668455e+002 +1.358168455e+002 +1.358168455e+002 -2.1061e-001 -1.0922e+000 -2.5029e-001 +2.7130e-001 -4.3313e-002 -9.4682e-001 -4.3963e-001 +1.3721e+000 -7.7603e-001 -1.4606e-001
706 +1.137642008e+002 +1.137642008e+002 +1.333142008e+002 +1.333142008e+002 +8.9869e-003 -6.5287e-002 -3.8947e-001 -2.2058e-001 +1.9680e+000 -1.2920e+000 -1.5621e-002 +6.8327e-001 -6.1031e-001 +2.0757e+000
745 +9.852248162e+001 +9.852248162e+001 +1.180724816e+002 +1.180724816e+002 -4.0301e-001 -3.0058e+000 +3.5081e-001 +1.0959e+000 +1.4006e+000 -8.6431e-001 +3.2459e-001 +4.2670e-001 +2.5148e+000 +1.8624e+000
901 +9.158029471e+001 +9.158029471e+001 +1.111302947e+002 +1.111302947e+002 -4.1575e-002 -1.9455e+000 +6.6430e-001 -1.1128e+000 +2.2132e+000 -2.0119e+000 +5.2837e-001 +6.4940e-001 -1.2379e+000 +1.5857e+000
1053 +8.374258702e+001 +8.374258702e+001 +1.032925870e+002 +1.032925870e+002 -2.9948e-001 -5.1925e-001 +1.0138e-001 -1.2261e+000 +1.5655e+000 -1.0377e+000 +3.7596e-002 +3.3915e-001 +1.7250e+000 +3.2127e+000
1238 +8.316652295e+001 +8.316652295e+001 +1.027165229e+002 +1.027165229e+002 -1.0626e+000 -1.0780e+000 +1.3373e+000 -1.8144e+000 +1.1367e+000 -2.0659e+000 +7.3299e-001 +3.6621e-002 +6.2183e-001 +5.6978e-001
1244 +7.845101638e+001 +7.845101638e+001 +9.800101638e+001 +9.800101638e+001 -1.2884e+000 -3.1584e-001 +1.7803e+000 -1.9884e+000 +9.1884e-001 -2.1923e+000 +6.2337e-001 -6.3513e-001 +4.4284e-001 +1.0455e+000
1247 +6.927371170e+001 +6.927371170e+001 +8.882371170e+001 +8.882371170e+001 -1.0304e+000 -2.8505e+000 +1.8352e+000 -2.3371e+000 +9.9036e-001 -1.7629e+000 +1.0742e+000 +5.3970e-002 +5.3320e-001 +1.1033e+000
1328 +6.818043713e+001 +6.818043713e+001 +8.773043713e+001 +8.773043713e+001 -5.6016e-001 -3.2874e-002 +1.3773e+000 -2.9210e-001 +1.0929e+000 -2.4979e+000 +1.3286e+000 -1.4717e-003 +4.2570e-001 -3.8528e-003
1631 +6.243614931e+001 +6.243614931e+001 +8.198614931e+001 +8.198614931e+001 -1.8200e+000 -1.0477e+000 +1.5401e+000 -4.7280e-001 +1.4601e+000 -1.8203e+000 +2.2044e+000 -7.0920e-001 +1.2851e+000 +9.9408e-001
2202 +4.023731381e+001 +4.023731381e+001 +5.978731381e+001 +5.978731381e+001 -1.0164e+000 -2.0379e+000 +1.1086e+000 -1.7728e+000 +9.5876e-001 -2.3290e+000 +1.1734e+000 -3.7642e-001 +6.2469e-001 +9.0707e-001
% function evaluation | noise-free fitness - Fopt (-1.307000000000e+001) | best noise-free fitness - Fopt | measured fitness | best measured fitness | x1 | x2...
1 +1.302297642e+005 +1.302297642e+005 +1.302166942e+005 +1.302166942e+005 -7.7204e+000 +4.8715e+000 -4.9480e+000 -5.3378e+000 -3.4200e+000 -7.3222e+000 -8.8205e-001 -3.9336e+000 -5.1563e+000 +3.6344e+000
2 +5.473898388e+004 +5.473898388e+004 +5.472591388e+004 +5.472591388e+004 -2.4297e+000 +2.2636e-001 -2.9205e+000 -6.6502e+000 +5.4375e-002 -3.5804e+000 -6.6354e+000 -5.1136e+000 -2.2495e+000 +4.3964e+000
3 +4.107679435e+004 +4.107679435e+004 +4.106372435e+004 +4.106372435e+004 -2.1493e+000 -3.7570e+000 -4.5341e+000 -1.4968e+000 -7.6483e-001 -7.0122e+000 -4.9899e+000 -3.2111e+000 +3.5023e+000 +7.3040e-001
4 +9.847375722e+003 +9.847375722e+003 +9.834305722e+003 +9.834305722e+003 -3.1834e+000 -2.7605e+000 -5.3245e+000 +5.5159e-001 +1.7509e+000 -4.3838e+000 -1.8603e+000 -5.9143e+000 -1.9882e+000 +1.3306e+000
14 +3.429316861e+002 +3.429316861e+002 +3.298616861e+002 +3.298616861e+002 -1.4461e+000 -1.3621e+000 -4.7077e-001 -3.7812e+000 -2.0330e+000 -3.2902e+000 -3.2228e+000 -4.0710e+000 +6.0172e-001 +3.5974e+000
29 +2.826286111e+002 +2.826286111e+002 +2.695586111e+002 +2.695586111e+002 -1.5144e+000 +2.1363e+000 -3.2141e+000 -9.1713e-001 +1.1396e+000 -3.8090e+000 -3.3680e+000 -8.1112e-001 +1.6560e+000 -2.5883e-001
42 +2.755806371e+002 +2.755806371e+002 +2.625106371e+002 +2.625106371e+002 -8.6843e-001 -2.4219e+000 -2.4399e+000 -2.3159e+000 -3.2648e-001 -3.5417e+000 -1.1619e+000 -4.4025e+000 +3.1588e+000 -1.1702e+000
58 +2.648214131e+002 +2.648214131e+002 +2.517514131e+002 +2.517514131e+002 -1.7848e+000 -2.4227e+000 -5.3118e-001 -2.7267e+000 +1.4740e+000 -2.7813e+000 -2.5380e+000 -3.2431e+000 +1.5426e+000 -9.9829e-002
72 +2.211211876e+002 +2.211211876e+002 +2.080511876e+002 +2.080511876e+002 +2.1613e+000 -2.1882e+000 -4.8499e+000 -2.7810e+000 +1.7625e+000 -2.7807e+000 -2.3151e+000 -4.0167e-001 -1.0186e+000 +2.3209e+000
108 +1.937793688e+002 +1.937793688e+002 +1.807093688e+002 +1.807093688e+002 -6.7074e-001 -8.2424e-001 -1.4203e+000 -4.1986e+000 +1.5199e+000 -3.5380e+000 +1.7340e-001 -1.9068e+000 +7.0875e-001 -6.8096e-001
153 +1.810282666e+002 +1.810282666e+002 +1.679582666e+002 +1.679582666e+002 -1.5013e+000 -1.7260e+000 +3.1400e-001 +2.2996e+000 -2.1022e+000 -2.6674e+000 -1.5710e+000 -7.9619e-001 +3.7351e+000 -1.6291e+000
179 +1.777285189e+002 +1.777285189e+002 +1.646585189e+002 +1.646585189e+002 -8.1802e-001 +1.5117e+000 +5.0873e-001 -1.6834e+000 +6.9000e-001 -1.5951e+000 -2.2066e+000 -3.0368e+000 +1.2391e-001 -1.1140e+000
206 +1.468576088e+002 +1.468576088e+002 +1.337876088e+002 +1.337876088e+002 -2.0664e+000 -3.4010e+000 -1.4756e+000 -2.6955e+000 -1.5401e-001 -1.2114e+000 +1.0761e+000 -6.7094e-001 -1.0254e+000 -2.7010e-001
402 +1.302832315e+002 +1.302832315e+002 +1.172132315e+002 +1.172132315e+002 -3.0880e-001 +8.6422e-001 +1.2385e+000 -3.6590e-001 -1.6128e+000 +4.1163e-001 -2.1102e-001 +1.1733e-002 +6.3563e-002 -2.0598e+000
427 +1.213168657e+002 +1.213168657e+002 +1.082468657e+002 +1.082468657e+002 -7.0300e-002 +9.4447e-001 -9.2616e-001 +1.3947e+000 -2.1054e+000 -4.2660e-001 +5.8021e-001 +1.0983e-001 +7.5897e-001 +4.4134e-002
472 +9.705451968e+001 +9.705451968e+001 +8.398451968e+001 +8.398451968e+001 +1.0282e+000 -1.0649e+000 -7.6696e-001 +6.5078e-001 +6.8452e-001 -1.2251e+000 -9.5927e-001 -6.2529e-002 -1.1320e+000 +8.8821e-001
667 +8.758598801e+001 +8.758598801e+001 +7.451598801e+001 +7.451598801e+001 -1.2893e+000 +2.6970e-001 +3.0608e-001 +2.5322e+000 -1.8085e+000 +3.4646e-001 -1.3172e+000 +5.9876e-001 +9.2099e-001 +2.9319e-001
705 +8.675110595e+001 +8.675110595e+001 +7.368110595e+001 +7.368110595e+001 -9.7695e-001 +1.0184e+000 +1.5782e+000 +2.2619e+000 -1.3970e+000 +1.6079e-001 -5.2651e-001 +6.5214e-004 +8.2822e-001 -1.0804e+000
834 +7.656774025e+001 +7.656774025e+001 +6.349774025e+001 +6.349774025e+001 -1.6077e+000 +1.3096e+000 +1.1031e+000 +2.0252e-001 +8.7083e-002 +7.4622e-001 -3.3434e-001 +5.1651e-001 +5.9195e-001 -1.2306e+000
1284 +7.547778436e+001 +7.547778436e+001 +6.240778436e+001 +6.240778436e+001 -1.7452e+000 +1.3841e+000 +1.2831e+000 +1.5974e+000 -2.3066e+000 +1.0514e+000 -2.4671e-001 +1.3984e+000 +2.5548e+000 -8.5548e-001
1673 +6.866076185e+001 +6.866076185e+001 +5.559076185e+001 +5.559076185e+001 -1.8244e+000 +7.6738e-001 +1.6404e+000 +8.0281e-001 -8.2263e-001 +1.8602e+000 -1.5826e+000 +1.6076e+000 +1.5213e+000 -2.4694e+000
2205 +6.642160796e+001 +6.642160796e+001 +5.335160796e+001 +5.335160796e+001 -1.3711e+000 +2.5784e+000 +1.2755e+000 +1.9547e+000 -1.3316e+000 +8.0118e-001 -1.2837e+000 +2.2013e+000 +2.0902e+000 -1.6081e+000
2768 +5.906766690e+001 +5.906766690e+001 +4.599766690e+001 +4.599766690e+001 -2.3753e+000 +1.5927e+000 +1.6334e+000 +1.2892e+000 -1.3076e+000 +6.4900e-001 -1.5459e+000 +1.7054e+000 +1.0994e+000 -1.0008e+000
2829 +5.872577161e+001 +5.872577161e+001 +4.565577161e+001 +4.565577161e+001 -2.3042e+000 +1.7878e+000 +1.6100e+000 +1.0659e+000 -1.4717e+000 +9.6722e-001 -1.3236e+000 +1.6598e+000 +1.9102e+000 -1.0229e+000
2869 +4.654016246e+001 +4.654016246e+001 +3.347016246e+001 +3.347016246e+001 -1.2902e+000 +1.2125e+000 +1.7834e+000 +7.0348e-001 -1.5730e+000 +2.7266e-001 -1.3440e+000 +1.5438e+000 +1.4226e+000 -1.2144e+000
% function evaluation | noise-free fitness - Fopt (7.965000000000e+001) | best noise-free fitness - Fopt | measured fitness | best measured fitness | x1 | x2...
1 +4.626934790e+004 +4.626934790e+004 +4.634899790e+004 +4.634899790e+004 +1.9160e+000 -3.5063e+000 +2.1203e+000 -4.7483e+000 -4.6016e+000 -3.0724e+000 +7.2174e-001 -7.1396e+000 +1.8501e+000 +2.2688e+000
13 +4.463342536e+004 +4.463342536e+004 +4.471307536e+004 +4.471307536e+004 +1.2176e+000 -6.9942e+000 +2.1725e+000 -4.8229e+000 -5.6170e+000 -5.2429e+000 +1.0110e+000 -8.8993e-001 +1.0602e+000 +1.0984e+000
17 +1.475454597e+004 +1.475454597e+004 +1.483419597e+004 +1.483419597e+004 +1.4817e+000 -2.9472e+000 +5.1817e-001 -5.3708e+000 -3.2771e+000 +6.1344e+000 +6.8813e-001 +8.6382e-001 +3.1603e-001 +4.7843e+000
19 +2.417212581e+003 +2.417212581e+003 +2.496862581e+003 +2.496862581e+003 +1.0377e+000 -3.2208e+000 +4.2614e-001 -4.9758e+000 -4.5563e-002 -1.7782e+000 -1.6166e+000 +5.4360e+000 +5.0496e+000 -2.4417e-001
20 +2.803740220e+002 +2.803740220e+002 +3.600240220e+002 +3.600240220e+002 -5.0509e-002 +3.7995e+000 -9.7156e-001 -1.2239e+000 -2.8419e+000 +3.9363e+000 +1.0521e+000 +2.9730e+000 +3.6082e+000 -8.0996e-001
22 +2.318789830e+002 +2.318789830e+002 +3.115289830e+002 +3.115289830e+002 -2.8991e+000 -1.8926e+000 -4.1118e+000 -1.7142e+000 -3.1266e+000 -7.4536e-002 -2.1464e-002 +3.8776e-001 +3.9907e-001 +4.5119e+000
28 +1.589524538e+002 +1.589524538e+002 +2.386024538e+002 +2.386024538e+002 +1.1511e-001 -2.7265e+000 -9.5344e-002 -3.5537e+000 -2.0356e+000 -3.5099e-001 +2.6761e-001 -1.5172e+000 +1.5127e+000 +7.1648e-001
92 +1.435114729e+002 +1.435114729e+002 +2.231614729e+002 +2.231614729e+002 +1.0123e+000 -3.0487e+000 +7.4559e-001 -2.0098e+000 -2.2694e+000 +2.6349e-001 +1.8807e+000 -3.0156e-001 +1.0029e+000 +1.4645e+000
107 +1.053210608e+002 +1.053210608e+002 +1.849710608e+002 +1.849710608e+002 -1.4584e+000 +5.7772e-002 -1.6704e-001 -2.0995e+000 -1.3237e+000 -2.0036e-001 +1.8131e-001 -8.4824e-001 +5.0836e-001 +2.8319e+000
185 +8.762356407e+001 +8.762356407e+001 +1.672735641e+002 +1.672735641e+002 -8.8619e-001 +8.6360e-001 -1.9587e+000 -2.1777e+000 -1.9882e+000 -5.5060e-001 -3.4696e-001 -1.2243e-001 +1.4651e+000 +2.2113e+000
241 +7.462131707e+001 +7.462131707e+001 +1.542713171e+002 +1.542713171e+002 -4.8962e-001 -7.8639e-001 -7.7404e-001 -1.4558e+000 -2.1776e+000 -9.6843e-001 +2.1169e-001 -3.5216e-001 +1.8822e+000 +2.3454e+000
369 +7.368981454e+001 +7.368981454e+001 +1.533398145e+002 +1.533398145e+002 -4.6292e-001 -1.3073e+000 -8.7197e-001 -1.7293e+000 -1.3741e+000 -1.1851e+000 +6.8009e-001 -3.3919e-001 +3.8747e+000 +1.0889e+000
465 +7.140046067e+001 +7.140046067e+001 +1.510504607e+002 +1.510504607e+002 -5.7165e-001 -2.8957e-002 -1.2465e+000 -1.3240e+000 -2.7562e-001 -9.1270e-001 +8.8188e-001 -3.3052e-001 +1.5889e+000 +8.9910e-001
752 +5.078311628e+001 +5.078311628e+001 +1.304331163e+002 +1.304331163e+002 -1.1507e+000 -1.0081e+000 -1.3857e+000 -1.2060e+000 -1.6470e+000 -1.2053e+000 +1.3987e+000 -7.3139e-001 +1.8088e+000 +1.0064e+000
1591 +4.906597666e+001 +4.906597666e+001 +1.287159767e+002 +1.287159767e+002 -9.0560e-001 -1.7260e+000 -1.2927e+000 -1.5773e+000 -1.0511e+000 -1.0564e+000 +1.8019e+000 -1.5716e+000 +1.5496e+000 +1.3724e+000
3142 +3.883537848e+001 +3.883537848e+001 +1.184853785e+002 +1.184853785e+002 -9.3804e-001 -1.7184e+000 -1.3051e+000 -1.5363e+000 -2.1840e+000 -9.4423e-001 +9.8449e-001 -6.5745e-001 +1.4634e+000 +1.5602e+000
% function evaluation | noise-free fitness - Fopt (1.160000000000e+000) | best noise-free fitness - Fopt | measured fitness | best measured fitness | x1 | x2...
1 +1.942110119e+005 +1.942110119e+005 +1.942121719e+005 +1.942121719e+005 -5.6419e-001 -2.8709e+000 +1.3695e+000 -2.3043e+000 +7.8555e-001 -9.3075e+000 +4.5389e+000 -5.8919e+000 +2.1181e+000 +3.9640e+000
4 +5.171646551e+004 +5.171646551e+004 +5.171762551e+004 +5.171762551e+004 -7.2622e+000 -8.8278e-001 +3.3812e+000 +4.8199e+000 +3.0496e+000 -3.1591e+000 +3.3469e+000 -1.4168e+000 +4.8023e+000 +1.3554e+000
9 +3.365538985e+002 +3.365538985e+002 +3.377138985e+002 +3.377138985e+002 -2.6751e+000 +8.9783e-001 +4.8177e+000 +4.1854e+000 -4.9048e+000 -1.3881e+000 +3.2625e+000 -2.6160e+000 +2.1912e+000 +1.0959e+000
55 +2.799582007e+002 +2.799582007e+002 +2.811182007e+002 +2.811182007e+002 -6.4834e-001 -5.6403e-001 +1.8789e+000 +3.2553e+000 -3.4474e+000 -9.0144e-001 +1.3305e+000 -4.7263e+000 +1.1772e+000 -3.2179e-001
60 +2.637044944e+002 +2.637044944e+002 +2.648644944e+002 +2.648644944e+002 +4.3744e-001 +2.1309e+000 -6.7939e-001 +4.2991e+000 -3.9517e+000 -7.2107e-003 +1.1630e+000 -3.8874e+000 +2.0413e+000 +1.8860e-001
75 +2.224298326e+002 +2.224298326e+002 +2.235898326e+002 +2.235898326e+002 -4.8507e+000 +1.9670e+000 +2.0909e+000 +1.7102e+000 -5.7909e-001 -3.2318e+000 +4.5138e-001 -1.0888e+000 +4.5187e-001 -2.0572e+000
131 +2.018535515e+002 +2.018535515e+002 +2.030135515e+002 +2.030135515e+002 -5.8423e-001 +2.2980e-002 +1.6833e-001 +7.3285e-001 -3.4077e+000 -9.4564e-001 +1.0557e+000 -2.4250e+000 +2.5976e+000 -1.7187e-001
140 +1.861262834e+002 +1.861262834e+002 +1.872862834e+002 +1.872862834e+002 -3.6374e+000 -5.9455e-001 +1.4136e+000 +2.9395e+000 -2.1885e+000 -6.9542e-001 -3.4585e+000 -7.6758e-001 +2.0485e+000 -8.0836e-001
176 +1.788908126e+002 +1.788908126e+002 +1.800508126e+002 +1.800508126e+002 +1.9226e+000 +7.3012e-001 +1.5999e+000 +1.1389e+000 -2.4867e+000 -6.4150e-001 -2.3133e+000 -6.1398e-001 -1.2559e-001 +1.4948e+000
191 +1.434294811e+002 +1.434294811e+002 +1.445894811e+002 +1.445894811e+002 -1.0668e+000 +2.1584e-001 +5.7649e-001 +1.0725e+000 -3.1447e+000 +9.1254e-001 +1.4364e+000 -2.4363e+000 +2.8663e+000 -8.1532e-001
255 +1.317649800e+002 +1.317649800e+002 +1.329249800e+002 +1.329249800e+002 -1.6945e-001 +3.3034e-001 +3.7677e+000 +2.2827e-001 -1.5236e-001 +1.2503e+000 -2.0286e+000 -1.5104e+000 +1.3320e+000 +1.3527e+000
301 +1.142934804e+002 +1.142934804e+002 +1.154534804e+002 +1.154534804e+002 -3.2476e-001 +3.9209e-001 -5.1133e-001 +1.4570e+000 -3.0537e+000 +7.5011e-001 -1.0152e+000 -1.3482e+000 +2.1846e+000 -2.0276e+000
354 +9.498756022e+001 +9.498756022e+001 +9.614756022e+001 +9.614756022e+001 +1.7901e-001 +7.9121e-001 +1.0370e+000 +4.2495e-001 -2.4361e+000 +6.1520e-001 +1.6037e-001 -2.5668e+000 +1.2670e+000 -1.6754e+000
395 +9.173699365e+001 +9.173699365e+001 +9.289699365e+001 +9.289699365e+001 -2.2700e+000 +5.2804e-002 +1.4002e+000 -2.6661e-001 -2.3686e+000 +1.7167e+000 +1.3648e-002 -1.4066e+000 +2.1816e+000 +1.5375e-001
548 +6.757492377e+001 +6.757492377e+001 +6.873492377e+001 +6.873492377e+001 -3.0573e+000 +7.4823e-001 +1.0890e+000 -6.1231e-001 -7.1919e-001 +1.4433e+000 -1.7557e+000 -1.0663e+000 +2.7701e+000 -4.6399e-001
1596 +6.257523725e+001 +6.257523725e+001 +6.373523725e+001 +6.373523725e+001 -2.1552e+000 +6.4937e-001 +2.2500e+000 -5.7274e-001 -9.6077e-001 +8.0058e-001 -9.8628e-001 -9.4299e-001 +6.9365e-001 -2.2438e+000
2022 +6.041680348e+001 +6.041680348e+001 +6.157680348e+001 +6.157680348e+001 -1.3928e+000 +1.3888e+000 +2.0909e+000 -1.7974e+000 -1.2791e+000 +1.3059e+000 -1.5825e+000 -9.8819e-001 +1.2361e+000 -1.8550e+000
2351 +5.529785010e+001 +5.529785010e+001 +5.645785010e+001 +5.645785010e+001 -2.4063e+000 +7.7151e-001 +1.2325e+000 -3.0551e+000 -1.5392e+000 +1.2476e+000 -1.1719e+000 -1.2011e+000 +8.0917e-001 -8.8573e-001
2975 +5.310612604e+001 +5.310612604e+001 +5.426612604e+001 +5.426612604e+001 -1.4970e+000 +2.3626e+000 +3.1351e-001 -3.0015e+000 -1.5339e+000 +1.3966e+000 -1.2772e+000 -1.4854e+000 +1.7089e+000 -1.4891e+000
4162 +5.177995662e+001 +5.177995662e+001 +5.293995662e+001 +5.293995662e+001 -1.2481e+000 +1.3775e+000 -5.4092e-002 -1.5000e+000 -3.1590e+000 +1.5429e+000 -2.6294e+000 -1.5599e+000 +1.9205e+000 -1.9400e+000
5244 +4.935980490e+001 +4.935980490e+001 +5.051980490e+001 +5.051980490e+001 -1.5015e+000 +1.6206e+000 +2.7847e+000 +6.7379e-002 -1.0405e+000 +1.7917e+000 -1.7633e+000 -6.4526e-001 +1.3683e+000 -1.6571e+000
% function evaluation | noise-free fitness - Fopt (2.407100000000e+002) | best noise-free fitness - Fopt | measured fitness | best measured fitness | x1 | x2...
1 +6.857576267e+004 +6.857576267e+004 +6.881647267e+004 +6.881647267e+004 -1.4284e+000 -3.1648e+000 -4.1880e+000 -4.0742e+000 -1.3096e+000 +7.2168e+000 +1.0048e+000 +3.6361e+000 -6.3752e+000 -3.9682e+000
3 +1.021663993e+004 +1.021663993e+004 +1.045734993e+004 +1.045734993e+004 -1.5916e+000 -3.5415e+000 -2.7191e+000 -7.7899e-001 -5.3903e+000 +3.0666e+000 +4.0893e+000 +5.5342e+000 -2.4288e+000 -5.7335e+000
4 +3.434861611e+002 +3.434861611e+002 +5.841961611e+002 +5.841961611e+002 -4.1427e+000 -2.0911e+000 -2.5485e+000 -2.1740e+000 +3.9597e-001 +3.1748e+000 +4.4776e+000 +7.5569e-001 -3.5351e+000 -4.2560e+000
17 +2.773362092e+002 +2.773362092e+002 +5.180462092e+002 +5.180462092e+002 -2.8440e+000 -2.4746e+000 -1.2619e-001 -3.3622e+000 -1.4783e+000 +2.7518e+000 +1.2259e+000 -9.0041e-001 -1.0541e+000 -3.9229e+000
91 +2.189999828e+002 +2.189999828e+002 +4.597099828e+002 +4.597099828e+002 -3.7449e-002 -2.0419e+000 +2.4158e+000 +3.5604e+000 -1.6725e-001 -3.3028e-001 -4.8498e-001 -2.2751e+000 -3.4038e+000 -9.0158e-001
136 +1.664928573e+002 +1.664928573e+002 +4.072028573e+002 +4.072028573e+002 -1.3152e+000 -4.2794e-001 -2.8590e+000 -2.2177e+000 -6.8635e-001 +3.9579e+000 +4.2802e+000 -3.3159e-001 +8.9893e-001 -6.6040e-001
253 +1.552796264e+002 +1.552796264e+002 +3.959896264e+002 +3.959896264e+002 +1.9323e+000 +1.6824e+000 +5.1491e-001 -5.0696e-002 +1.6491e+000 +2.0045e+000 +1.5595e+000 +3.1784e+000 -1.7626e+000 -4.3419e+000
278 +1.492587141e+002 +1.492587141e+002 +3.899687141e+002 +3.899687141e+002 -1.4174e+000 -9.6812e-001 -1.2256e+000 -1.9664e+000 +8.8655e-002 +1.1250e+000 +2.5550e+000 +2.2503e+000 -1.6368e+000 -6.5632e-001
322 +1.478054112e+002 +1.478054112e+002 +3.885154112e+002 +3.885154112e+002 -5.6749e-002 -5.5019e-001 -4.6635e-001 -1.9004e+000 -7.2223e-001 +1.3572e+000 +2.5626e+000 +7.3835e-001 -1.0083e+000 -1.4762e+000
360 +1.359240489e+002 +1.359240489e+002 +3.766340489e+002 +3.766340489e+002 +7.9206e-001 +3.0927e-001 +1.3913e-001 -1.7639e+000 +2.6248e+000 +1.9336e+000 +1.7183e+000 +3.8113e-001 -1.3147e+000 +2.2408e+000
407 +1.188303103e+002 +1.188303103e+002 +3.595403103e+002 +3.595403103e+002 +6.7221e-001 +1.8465e+000 -1.5430e-001 -1.4464e+000 +4.4583e-001 +1.7151e+000 +2.1058e+000 -1.0143e+000 -8.9749e-001 -3.6041e-001
448 +1.118691092e+002 +1.118691092e+002 +3.525791092e+002 +3.525791092e+002 +2.4238e+000 -1.6590e+000 -1.1870e+000 -6.9671e-001 +2.2742e+000 +1.5134e+000 +2.1306e+000 +9.4473e-001 -9.9947e-001 -1.2838e+000
451 +1.037741987e+002 +1.037741987e+002 +3.444841987e+002 +3.444841987e+002 +7.2874e-001 +9.3438e-001 +4.0894e-002 -2.9221e+000 +1.4736e+000 +2.1064e+000 +2.4919e+000 +2.2189e+000 -1.3527e+000 -2.2996e+000
514 +9.949877003e+001 +9.949877003e+001 +3.402087700e+002 +3.402087700e+002 +1.0922e+000 -3.8272e-001 -4.4907e-001 -1.1453e+000 +1.5808e+000 +2.0489e+000 +1.8145e+000 +3.1349e+000 -1.1331e+000 -1.5497e+000
591 +9.661039356e+001 +9.661039356e+001 +3.373203936e+002 +3.373203936e+002 +5.7726e-001 +1.0971e-001 -3.1032e+000 -1.4609e+000 +8.5448e-001 +1.2677e+000 +1.9133e+000 +2.4305e+000 +9.0669e-001 -1.0531e+000
599 +8.590481867e+001 +8.590481867e+001 +3.266148187e+002 +3.266148187e+002 +2.1342e+000 -1.3588e-001 -1.2062e+000 -1.7141e+000 +1.5992e+000 +2.0808e+000 +2.4716e+000 +5.5563e-001 +1.3065e-002 -1.8553e+000
613 +8.171232212e+001 +8.171232212e+001 +3.224223221e+002 +3.224223221e+002 +1.1886e+000 +7.6706e-001 -1.0017e+000 -1.3548e+000 +1.4954e+000 +1.7973e+000 +2.5926e+000 +1.2755e+000 +2.7510e-001 -1.1633e+000
694 +5.957645425e+001 +5.957645425e+001 +3.002864542e+002 +3.002864542e+002 +1.5771e+000 +4.3902e-001 -1.1287e+000 -1.2223e+000 +1.6265e+000 +1.9659e+000 +1.8916e+000 +7.0072e-001 -1.7265e-001 -1.3915e+000
961 +5.037898364e+001 +5.037898364e+001 +2.910889836e+002 +2.910889836e+002 +1.7899e+000 +1.2695e+000 -2.1366e+000 -1.6435e+000 +9.6173e-001 +1.4553e+000 +1.5469e+000 +8.4092e-001 +1.2369e+000 -2.8157e+000
4747 +3.825058075e+001 +3.825058075e+001 +2.789605808e+002 +2.789605808e+002 +2.0672e+000 +8.2932e-001 -5.5269e-001 -1.2204e+000 +1.4253e+000 +1.6126e+000 +1.0573e+000 +2.2114e+000 +1.4804e+000 -1.4529e+000
% function evaluation | noise-free fitness - Fopt (-2.707900000000e+002) | best noise-free fitness - Fopt | measured fitness | best measured fitness | x1 | x2...
1 +9.933182996e+004 +9.933182996e+004 +9.906103996e+004 +9.906103996e+004 -1.7821e+000 -1.2095e+000 +7.9359e+000 -6.1217e+000 +1.3132e+000 -6.5850e-002 -5.1399e-001 -4.7262e+000 +2.8461e+000 +4.4651e+000
3 +3.541945606e+002 +3.541945606e+002 +8.340456062e+001 +8.340456062e+001 -2.7023e-001 +7.4166e-001 +2.0597e+000 -3.3047e+000 +2.4375e+000 +5.0444e+000 -2.6126e+000 +3.3049e-002 +1.6044e+000 +1.2839e+000
10 +3.091381019e+002 +3.091381019e+002 +3.834810195e+001 +3.834810195e+001 -1.4529e+000 +3.6174e+000 -5.8798e-002 +5.2887e-001 +1.1048e+000 -2.4699e+000 -3.0884e+000 +2.4473e+000 +4.0342e+000 +2.4198e+000
31 +2.622201945e+002 +2.622201945e+002 -8.569805467e+000 -8.569805467e+000 -1.4834e+000 +2.9100e+000 -4.4012e+000 +3.1375e-001 +7.8814e-001 +3.0015e-001 -3.5555e+000 +6.1613e-001 +1.1640e+000 +1.5740e+000
75 +2.214255492e+002 +2.214255492e+002 -4.936445080e+001 -4.936445080e+001 -6.1446e-001 +1.2095e-001 -2.1092e-002 -1.8774e+000 +1.4566e+000 +2.2474e+000 -3.0280e+000 +8.1478e-001 +3.6280e+000 +3.0364e+000
140 +2.172908639e+002 +2.172908639e+002 -5.349913609e+001 -5.349913609e+001 -2.7656e+000 +5.0631e-001 -2.1466e+000 +2.1148e+000 +3.3882e+000 -1.9083e-001 -1.0272e+000 -2.9354e-001 +4.2879e-001 +1.8193e+000
174 +1.555800587e+002 +1.555800587e+002 -1.152099413e+002 -1.152099413e+002 -5.4325e-001 +1.5279e-001 +7.4712e-001 -8.2845e-001 +9.9051e-001 +1.3259e+000 -2.6340e+000 -1.0591e+000 -1.4954e+000 +1.6004e+000
256 +1.384214140e+002 +1.384214140e+002 -1.323685860e+002 -1.323685860e+002 +1.6900e+000 +9.8539e-001 -5.6157e-001 -4.4932e-001 +1.1163e+000 +1.2571e+000 -2.7326e-001 +8.0650e-001 +9.2136e-001 +2.0263e+000
314 +1.210299555e+002 +1.210299555e+002 -1.497600445e+002 -1.497600445e+002 -9.2127e-001 +8.1003e-001 -3.7551e-001 -6.8171e-001 +7.4916e-001 +4.1151e-001 -9.1234e-001 +1.1960e+000 +1.7934e+000 +2.5940e-001
470 +1.175930762e+002 +1.175930762e+002 -1.531969238e+002 -1.531969238e+002 +4.0601e+000 -1.1442e-001 -1.6855e+000 -6.6317e-001 +5.3137e-001 +1.4049e+000 +6.8823e-001 +1.3075e+000 +1.0668e+000 +7.6588e-001
477 +9.457390432e+001 +9.457390432e+001 -1.762160957e+002 -1.762160957e+002 +1.6927e+000 +1.7792e-001 -3.2969e+000 -7.3583e-001 +1.5017e+000 +6.8680e-001 +9.4051e-003 +5.2118e-001 +1.5724e+000 +2.0325e+000
762 +7.017273391e+001 +7.017273391e+001 -2.006172661e+002 -2.006172661e+002 +4.3984e-001 -3.5639e-001 -8.1501e-001 -1.3937e+000 +1.3023e+000 +1.0063e-001 +7.4201e-001 +1.3408e+000 +1.3179e+000 +9.1552e-001
1064 +6.764441965e+001 +6.764441965e+001 -2.031455803e+002 -2.031455803e+002 +1.0364e+000 -1.1930e+000 -1.7705e+000 -5.8800e-001 +1.5959e+000 -8.5419e-001 +7.3402e-001 +1.5377e+000 +7.9250e-001 +1.0061e+000
2127 +6.562848213e+001 +6.562848213e+001 -2.051615179e+002 -2.051615179e+002 -1.2741e-001 -1.5652e+000 -1.4632e+000 -9.9629e-001 +3.6304e-001 -3.1900e-001 +1.0768e+000 +1.4820e+000 +5.5710e-001 +1.7463e+000
2156 +3.683985594e+001 +3.683985594e+001 -2.339501441e+002 -2.339501441e+002 +2.9440e+000 -1.6253e+000 -1.3642e+000 -1.2596e+000 +2.1123e+000 -5.6732e-002 +1.3738e+000 +1.5510e+000 +8.3007e-001 +1.9796e+000
% function evaluation | noise-free fitness - Fopt (2.612000000000e+001) | best noise-free fitness - Fopt | measured fitness | best measured fitness | x1 | x2...
1 +2.045888689e+006 +2.045888689e+006 +2.045914809e+006 +2.045914809e+006 +8.1997e+000 +5.6457e+000 +5.9524e+000 +3.6831e+000 -5.4345e+000 -1.0484e+000 -3.4412e+000 +7.5025e+000 -4.0157e+000 +1.8652e+001
3 +3.163636923e+002 +3.163636923e+002 +3.424836923e+002 +3.424836923e+002 -2.7126e+000 +1.1598e+000 +2.9456e+000 +1.7753e+000 -1.2824e+000 +3.9169e+000 +1.7648e+000 +3.7553e+000 +2.1600e+000 +4.2634e+000
45 +2.986086209e+002 +2.986086209e+002 +3.247286209e+002 +3.247286209e+002 -2.7037e+000 +8.6498e-001 +3.8356e+000 +2.1804e+000 +7.7288e-001 +4.4930e+000 +2.8508e+000 +4.5813e+000 -5.5609e-001 +2.0198e+000
50 +2.331101785e+002 +2.331101785e+002 +2.592301785e+002 +2.592301785e+002 +1.0658e+000 +1.6910e+000 +1.6800e-001 +3.3174e+000 -1.6858e+000 +4.7710e+000 -1.1177e+000 +3.6548e+000 -1.7204e-001 -1.6476e-001
73 +2.253816369e+002 +2.253816369e+002 +2.515016369e+002 +2.515016369e+002 +5.2063e-001 -2.9072e+000 +1.5738e-001 +3.5232e+000 -2.4521e+000 +3.5818e+000 -4.0043e-002 +3.0452e+000 +1.6241e+000 +3.0581e-001
205 +1.831395378e+002 +1.831395378e+002 +2.092595378e+002 +2.092595378e+002 -8.4944e-001 -2.1446e-001 +1.2377e+000 +2.2482e+000 -2.2441e-001 -5.8514e-001 +1.7402e+000 +2.7919e+000 +3.3625e-001 -3.8723e+000
323 +1.719114022e+002 +1.719114022e+002 +1.980314022e+002 +1.980314022e+002 +4.8574e-001 +1.1130e+000 +9.1036e-001 +7.7936e-001 -1.8941e+000 +1.8796e-001 -1.8528e+000 +2.6502e+000 +5.2976e-001 +1.1319e-001
377 +1.467905458e+002 +1.467905458e+002 +1.729105458e+002 +1.729105458e+002 -1.5439e+000 +3.2604e+000 -1.1903e+000 -9.5531e-001 -8.2219e-001 -2.5766e-001 +1.9486e+000 +4.6762e-001 +9.6954e-001 -3.2058e-001
551 +8.970354444e+001 +8.970354444e+001 +1.158235444e+002 +1.158235444e+002 +9.2764e-002 +1.8351e+000 -3.9891e-002 -6.8235e-002 -2.5243e+000 -1.0246e+000 +5.0236e-001 -7.1609e-001 -1.9928e+000 +8.6081e-001
864 +6.723359521e+001 +6.723359521e+001 +9.335359521e+001 +9.335359521e+001 +1.4818e+000 +7.2484e-001 -1.4016e+000 -1.1544e+000 -1.8669e+000 -7.5982e-001 +1.3969e+000 -2.8907e-001 -6.0215e-001 +1.3536e+000
1028 +6.319958697e+001 +6.319958697e+001 +8.931958697e+001 +8.931958697e+001 +7.0334e-001 +7.1764e-001 -1.2446e+000 -9.3397e-001 -1.5456e+000 -9.1168e-001 +1.2531e+000 -9.1008e-001 -1.0649e+000 +2.6089e+000
1177 +5.061691225e+001 +5.061691225e+001 +7.673691225e+001 +7.673691225e+001 +1.3262e+000 +9.9066e-001 -1.1381e+000 -9.8697e-001 -1.7083e+000 -1.0695e+000 +1.0391e+000 -8.1903e-001 -1.2097e+000 +1.1769e+000
5917 +4.816623318e+001 +4.816623318e+001 +7.428623318e+001 +7.428623318e+001 +1.4195e+000 +2.2719e+000 -6.5802e-002 -1.5141e+000 -1.8644e+000 -2.0310e+000 +1.2947e+000 -1.7558e+000 -1.1542e+000 +1.2204e+000
% function evaluation | noise-free fitness - Fopt (-6.252000000000e+001) | best noise-free fitness - Fopt | measured fitness | best measured fitness | x1 | x2...
1 +2.671755445e+004 +2.671755445e+004 +2.665503445e+004 +2.665503445e+004 -1.5748e+000 -5.4871e+000 -1.0699e+000 -3.5980e+000 +4.3950e+000 +4.0119e-001 +5.9657e+000 +2.8969e+000 +6.1983e+000 -3.9876e+000
2 +5.375004801e+002 +5.375004801e+002 +4.749804801e+002 +4.749804801e+002 -4.2867e+000 -3.7184e+000 +1.3409e+000 -2.1515e+000 +3.4354e+000 -4.5264e+000 +1.5120e+000 +3.7086e+000 +1.1335e+000 -3.8383e+000
3 +4.874190117e+002 +4.874190117e+002 +4.248990117e+002 +4.248990117e+002 -6.2872e-001 -4.0927e+000 +5.8321e-002 -3.0927e+000 +2.9361e+000 -3.0140e+000 +4.1804e+000 +3.7618e+000 +2.4961e+000 -3.5038e+000
11 +3.905744677e+002 +3.905744677e+002 +3.280544677e+002 +3.280544677e+002 -3.9722e+000 +1.7770e-001 -5.0801e-001 -4.8943e+000 +4.2257e+000 -3.0369e+000 -5.8387e-001 +1.8928e+000 +2.7779e+000 +3.2396e-001
22 +3.645263812e+002 +3.645263812e+002 +3.020063812e+002 +3.020063812e+002 -1.1015e+000 -2.6949e+000 -5.7188e-001 -4.4081e+000 +1.5046e-001 -4.9206e+000 +6.4897e-001 +4.3696e+000 +5.6250e-001 -1.9963e+000
39 +3.528691222e+002 +3.528691222e+002 +2.903491222e+002 +2.903491222e+002 -1.7105e+000 -3.1103e+000 +3.4516e-001 -3.2728e+000 +2.9860e+000 -1.8067e+000 -1.8132e+000 +4.9795e+000 +3.9829e+000 -2.8300e+000
55 +3.393191796e+002 +3.393191796e+002 +2.767991796e+002 +2.767991796e+002 -2.4711e+000 -4.7181e+000 +1.3639e+000 -3.1491e+000 +2.9400e-001 +1.1860e+000 +2.1595e-001 +7.2469e-001 +2.6306e+000 -1.4501e+000
69 +2.731481571e+002 +2.731481571e+002 +2.106281571e+002 +2.106281571e+002 -1.5596e+000 -2.5392e+000 -1.1399e+000 -2.4351e+000 +2.4783e+000 -2.2648e+000 +2.1718e+000 +9.2477e-001 +3.3584e+000 -7.0535e-001
153 +2.015338168e+002 +2.015338168e+002 +1.390138168e+002 +1.390138168e+002 +9.3982e-001 +3.7306e+000 -2.0285e-001 +1.3578e+000 -1.2624e+000 +4.6305e-001 +8.5874e-001 +4.7319e+000 -1.8521e+000 -2.0138e+000
174 +1.843424309e+002 +1.843424309e+002 +1.218224309e+002 +1.218224309e+002 -6.1201e-001 +1.0462e-001 +2.4125e+000 -1.4756e+000 +8.8775e-001 +1.8976e-001 +7.6214e-002 +4.1743e+000 -9.6332e-001 -2.3053e+000
209 +1.616294348e+002 +1.616294348e+002 +9.910943482e+001 +9.910943482e+001 -1.0192e+000 -4.8923e-001 +1.1850e+000 -1.1505e-001 +7.2216e-001 -1.8751e+000 -1.8627e+000 +3.3186e+000 -3.3677e-001 -2.3505e+000
324 +1.504260479e+002 +1.504260479e+002 +8.790604795e+001 +8.790604795e+001 -2.6409e-001 -2.3436e-001 +2.9696e+000 -2.3198e-001 +1.5236e+000 -2.6659e-001 +2.4832e-001 +3.1475e+000 +5.8072e-001 -1.5568e+000
336 +1.397958800e+002 +1.397958800e+002 +7.727587995e+001 +7.727587995e+001 +6.3501e-001 -8.6280e-001 +7.5721e-001 -8.4520e-001 +1.1103e+000 +3.6076e-001 +2.6780e-001 +3.2315e-001 +1.5795e+000 -2.7927e+000
444 +1.238133706e+002 +1.238133706e+002 +6.129337065e+001 +6.129337065e+001 +3.5519e-001 +5.8123e-001 +5.1548e-001 -2.0236e+000 +2.0201e+000 +7.4945e-001 +4.1781e-001 +1.1546e+000 -1.5441e+000 -1.8757e+000
464 +1.221688257e+002 +1.221688257e+002 +5.964882567e+001 +5.964882567e+001 +7.4345e-002 -2.0437e-002 +1.2727e+000 -7.8088e-001 +1.2158e+000 +1.0676e+000 -3.3221e-001 +2.0525e+000 -3.4748e+000 -1.7878e+000
544 +9.937217029e+001 +9.937217029e+001 +3.685217029e+001 +3.685217029e+001 +4.4678e-001 +1.5946e+000 +1.3479e+000 -1.3224e+000 -2.6989e-001 +1.7678e+000 +1.6271e+000 +5.1040e-002 -4.6222e-001 -2.4014e+000
584 +9.179957091e+001 +9.179957091e+001 +2.927957091e+001 +2.927957091e+001 +2.7958e-001 +1.9528e+000 +1.4525e+000 -4.8801e-001 +7.9063e-001 +7.6141e-001 -1.9178e+000 +1.2867e+000 -1.3194e+000 -2.0344e+000
772 +7.573606105e+001 +7.573606105e+001 +1.321606105e+001 +1.321606105e+001 +1.9588e+000 +1.9425e+000 +1.4902e+000 -4.7208e-001 +3.5326e-001 +1.0445e+000 -1.7455e+000 +1.0089e+000 -2.6934e+000 -5.7871e-001
1040 +7.025410680e+001 +7.025410680e+001 +7.734106805e+000 +7.734106805e+000 +1.4211e+000 +1.5813e+000 +2.2749e+000 -8.6203e-001 -5.1962e-001 +2.1048e+000 -3.1633e+000 +1.1420e+000 -1.0908e+000 -1.5893e+000
1395 +5.954729056e+001 +5.954729056e+001 -2.972709444e+000 -2.972709444e+000 +1.9526e+000 +1.4442e+000 +1.5411e+000 -1.3919e+000 -4.1132e-001 +9.2776e-001 -1.8255e+000 +1.4242e+000 -1.2993e+000 -2.9634e+000
2038 +4.911317901e+001 +4.911317901e+001 -1.340682099e+001 -1.340682099e+001 +2.1269e+000 +1.6619e+000 +1.5862e+000 -1.4509e+000 -1.7205e+000 +1.2660e+000 -9.3493e-001 +1.2044e+000 -1.5463e+000 -1.5712e+000
3744 +4.458730975e+001 +4.458730975e+001 -1.793269025e+001 -1.793269025e+001 +2.0112e+000 +1.1082e+000 +9.2907e-001 -1.4431e+000 -1.4862e+000 +2.0402e+000 -1.0319e+000 +1.6541e+000 -2.5932e+000 -2.1641e+000
% function evaluation | noise-free fitness - Fopt (-2.438600000000e+002) | best noise-free fitness - Fopt | measured fitness | best measured fitness | x1 | x2...
1 +2.130036742e+005 +2.130036742e+005 +2.127598142e+005 +2.127598142e+005 +7.1394e+000 +7.1376e+000 -5.4436e+000 +1.0489e-001 +2.0615e+000 -3.3093e-001 -7.2288e+000 +6.7819e+000 -2.2156e+000 +6.9341e+000
2 +1.648902037e+005 +1.648902037e+005 +1.646463437e+005 +1.646463437e+005 +5.5932e+000 -4.4785e+000 +1.7097e+000 +2.1179e+000 +1.0376e+000 +9.0116e+000 -2.7551e+000 +4.2151e+000 +2.3649e+000 +2.6926e+000
3 +2.874728681e+002 +2.874728681e+002 +4.361286807e+001 +4.361286807e+001 +3.4281e+000 -4.1448e+000 -6.8440e-001 +1.9632e+000 +3.9796e+000 -9.2906e-001 -3.4147e+000 -3.5238e+000 +2.7823e+000 +9.2650e-001
14 +2.788427751e+002 +2.788427751e+002 +3.498277511e+001 +3.498277511e+001 +3.2743e+000 -3.9588e+000 +1.7399e+000 +2.7858e+000 -2.9952e+000 -2.3789e+000 -1.4239e+000 -9.2882e-001 +2.7186e+000 +5.5987e-001
21 +2.205484204e+002 +2.205484204e+002 -2.331157959e+001 -2.331157959e+001 +3.5436e+000 -3.4169e+000 -2.3366e-001 +1.6594e+000 +4.1458e+000 -1.2711e-001 -3.5624e+000 +2.0488e+000 +2.9466e+000 +1.7778e+000
68 +1.931323976e+002 +1.931323976e+002 -5.072760244e+001 -5.072760244e+001 +3.1283e+000 -3.6224e+000 +2.7295e+000 -2.8814e-001 +3.4143e+000 -6.7252e-001 -2.4742e+000 +1.9624e+000 -6.7349e-001 +9.7156e-001
81 +1.807269521e+002 +1.807269521e+002 -6.313304789e+001 -6.313304789e+001 +3.6915e+000 -1.8010e+000 -4.8888e-001 +1.8172e+000 -7.1900e-001 -5.7726e-002 -4.6364e+000 +3.0284e-001 +1.3007e+000 +1.8651e+000
157 +1.725155800e+002 +1.725155800e+002 -7.134442002e+001 -7.134442002e+001 -8.2691e-001 -2.3185e+000 -1.2422e+000 -7.5735e-001 +1.0457e+000 +3.5865e-001 -3.2395e+000 +1.9086e+000 -7.6167e-001 +1.1140e+000
204 +1.501287078e+002 +1.501287078e+002 -9.373129215e+001 -9.373129215e+001 -1.1905e+000 -1.3663e+000 -9.3664e-002 +5.9891e-001 +1.0954e+000 +1.1070e+000 -3.1720e+000 +1.9824e+000 -7.6782e-001 +3.3098e+000
210 +1.475654654e+002 +1.475654654e+002 -9.629453462e+001 -9.629453462e+001 +3.2185e+000 -8.8354e-001 +1.2759e+000 +3.7840e-001 +3.5482e+000 -5.5699e-001 -2.8771e+000 +1.4282e+000 +6.3917e-001 +1.4069e+000
257 +1.366647133e+002 +1.366647133e+002 -1.071952867e+002 -1.071952867e+002 +4.2928e+000 -2.4333e+000 -3.2897e+000 +2.9310e+000 +1.5798e+000 +9.7415e-001 -2.6358e+000 +4.8885e+000 +7.4330e-001 +1.5749e-001
281 +1.229637394e+002 +1.229637394e+002 -1.208962606e+002 -1.208962606e+002 +4.2472e-002 -2.6543e+000 -1.3275e+000 +1.3607e+000 +3.4462e+000 +1.2643e+000 -3.4699e+000 +8.7724e-001 -1.5725e+000 -1.9722e+000
367 +1.193618081e+002 +1.193618081e+002 -1.244981919e+002 -1.244981919e+002 +2.4511e-001 +1.5160e-002 -4.8982e-002 +1.0149e+000 +1.6778e+000 +3.8279e-001 -2.1205e+000 -8.5268e-001 +7.7391e-001 -1.2483e+000
370 +1.170791637e+002 +1.170791637e+002 -1.267808363e+002 -1.267808363e+002 +1.3550e+000 -6.9263e-002 -1.2055e+000 -6.5596e-001 +1.6547e+000 +1.7339e+000 -2.9323e+000 +7.4915e-001 +6.9493e-001 -1.0913e+000
371 +1.123621894e+002 +1.123621894e+002 -1.314978106e+002 -1.314978106e+002 -2.3436e-001 -1.5215e+000 -9.3862e-001 +9.8220e-001 +1.6449e+000 +5.5016e-001 -3.8413e+000 +1.0861e+000 -1.8210e+000 +1.1766e+000
420 +1.000725115e+002 +1.000725115e+002 -1.437874885e+002 -1.437874885e+002 +9.5654e-001 -2.6934e-001 -1.7017e-001 +5.7576e-001 +1.4047e+000 -3.5388e-001 -2.4889e+000 +9.7642e-001 +1.6707e-001 -1.6520e+000
435 +9.315303153e+001 +9.315303153e+001 -1.507069685e+002 -1.507069685e+002 +1.6595e+000 -1.1709e+000 +9.3695e-003 -7.5514e-001 +1.5596e+000 -1.0075e-001 -2.4767e+000 +1.6674e+000 +2.7039e-001 -4.4188e-001
523 +8.488198332e+001 +8.488198332e+001 -1.589780167e+002 -1.589780167e+002 +1.8367e+000 -5.5652e-001 -2.0048e+000 -9.9191e-002 +2.0969e+000 +2.8797e-001 -3.1115e+000 +1.8450e+000 -2.4759e-001 -1.5252e+000
578 +7.806803304e+001 +7.806803304e+001 -1.657919670e+002 -1.657919670e+002 +1.4589e+000 -4.2942e-002 -4.2286e-001 +2.3006e+000 +8.0291e-001 +4.0118e-001 -2.5294e+000 +7.8680e-001 -7.8078e-001 -1.7024e+000
665 +7.466968192e+001 +7.466968192e+001 -1.691903181e+002 -1.691903181e+002 +1.1387e+000 -1.0203e+000 -3.5177e-001 +1.6039e+000 +3.2083e+000 +1.1633e+000 -2.5714e+000 +1.3079e+000 -5.7907e-001 -7.4891e-001
916 +7.006530129e+001 +7.006530129e+001 -1.737946987e+002 -1.737946987e+002 +1.1775e+000 -4.1165e-001 -3.5022e-001 +1.6783e+000 +1.3463e+000 +1.2997e+000 -1.5199e+000 -1.7212e-001 -6.5201e-001 -1.8137e+000
1393 +6.573600870e+001 +6.573600870e+001 -1.781239913e+002 -1.781239913e+002 +1.6862e+000 -2.4281e+000 -1.1792e+000 +1.1713e+000 +1.5210e+000 +9.1451e-001 -1.3260e+000 +1.8704e+000 -1.3292e+000 -1.0670e+000
1666 +6.216350506e+001 +6.216350506e+001 -1.816964949e+002 -1.816964949e+002 +1.8532e+000 -1.2813e+000 -1.5719e+000 +1.5765e+000 +8.8789e-002 +1.5199e+000 -1.7729e+000 +1.6512e+000 -1.7527e+000 -6.2955e-001
1736 +5.627659802e+001 +5.627659802e+001 -1.875834020e+002 -1.875834020e+002 +1.3703e+000 -1.5408e+000 -1.5322e+000 +1.7740e-001 +5.6333e-001 +2.2412e+000 -1.3643e+000 +9.2902e-001 -1.1240e+000 -1.2228e+000
2396 +5.207060436e+001 +5.207060436e+001 -1.917893956e+002 -1.917893956e+002 +2.7841e+000 -1.6501e+000 -2.1040e+000 +1.9324e+000 +2.2817e+000 +1.5905e+000 -1.8878e+000 +1.1018e+000 -1.7148e+000 -2.2610e+000
5618 +4.754969291e+001 +4.754969291e+001 -1.963103071e+002 -1.963103071e+002 +9.1456e-001 -1.1727e+000 -1.4264e+000 +2.3782e+000 +1.7298e+000 +1.5055e+000 -1.4310e+000 +6.8908e-001 -6.7261e-001 -1.2526e+000
% function evaluation | noise-free fitness - Fopt (-9.475000000000e+002) | best noise-free fitness - Fopt | measured fitness | best measured fitness | x1 | x2...
1 +2.037736082e+004 +2.037736082e+004 +1.942986082e+004 +1.942986082e+004 -3.8456e-001 -1.5908e+000 -1.9000e-001 +1.1527e+000 +1.6391e+000 -6.4204e+000 +1.2819e-002 -1.9911e+000 -2.0523e-001 +2.0728e+000
2 +3.075465416e+002 +3.075465416e+002 -6.399534584e+002 -6.399534584e+002 -3.1203e+000 +2.7713e+000 +8.6199e-001 +3.4493e+000 +1.9406e+000 -2.8167e-001 -9.3872e-001 -2.1763e+000 +4.5174e+000 -5.0217e-001
3 +2.594206329e+002 +2.594206329e+002 -6.880793671e+002 -6.880793671e+002 -6.3211e-001 +2.0676e+000 -8.6212e-001 +3.4711e+000 -7.3322e-001 +1.5447e+000 -5.7090e-001 -2.5725e+000 -2.2462e+000 -4.3190e+000
9 +2.451114361e+002 +2.451114361e+002 -7.023885639e+002 -7.023885639e+002 -2.0892e+000 +2.5511e+000 +3.9367e+000 +2.8526e+000 +4.3158e+000 -2.2551e+000 -6.6095e-002 -1.8944e+000 +1.6972e+000 +1.9984e+000
16 +2.070025203e+002 +2.070025203e+002 -7.404974797e+002 -7.404974797e+002 -9.7168e-001 +1.9991e+000 +2.9271e+000 +3.6215e+000 +6.0171e-001 -1.6251e-001 -2.5612e-001 -6.1434e-001 +2.3344e+000 +1.0039e+000
28 +1.854446573e+002 +1.854446573e+002 -7.620553427e+002 -7.620553427e+002 -4.0012e-001 -2.3261e-001 +1.4933e-001 +3.8156e+000 +3.4247e+000 -3.2567e+000 +9.1277e-001 -1.2926e+000 +1.3598e+000 +2.2382e+000
120 +1.503087137e+002 +1.503087137e+002 -7.971912863e+002 -7.971912863e+002 -2.2110e+000 +3.7889e-001 +1.1740e+000 +2.7220e+000 +2.8927e+000 -1.1800e+000 +1.5127e+000 -1.8345e+000 +1.2032e-001 -3.5385e+000
174 +1.457765181e+002 +1.457765181e+002 -8.017234819e+002 -8.017234819e+002 -1.4597e+000 -8.0118e-001 +1.4510e+000 +2.5950e+000 -5.0948e-001 -3.6558e-001 +3.0400e+000 +3.9170e-001 +1.7415e+000 +1.4277e+000
180 +1.306800280e+002 +1.306800280e+002 -8.168199720e+002 -8.168199720e+002 -9.1372e-001 +1.6772e-001 +2.0619e+000 -2.4707e+000 +1.7827e+000 -1.4783e+000 +1.5321e+000 -2.0057e+000 -1.4348e+000 +8.7079e-001
219 +1.278789044e+002 +1.278789044e+002 -8.196210956e+002 -8.196210956e+002 -9.6446e-001 -3.2281e-001 +1.9719e+000 +3.1412e+000 +8.2624e-001 -1.4450e+000 +2.4010e+000 -2.2819e+000 +5.6736e-001 -1.3124e-001
235 +1.042607217e+002 +1.042607217e+002 -8.432392783e+002 -8.432392783e+002 -9.2481e-001 +7.2203e-001 +1.5554e+000 +3.0916e+000 +2.0533e+000 -3.6380e-001 -1.0359e+000 -1.0335e+000 +2.2205e-001 -2.1407e+000
246 +9.776872982e+001 +9.776872982e+001 -8.497312702e+002 -8.497312702e+002 -7.9252e-001 -1.7094e-001 +4.8318e-002 +2.2621e+000 +1.5129e+000 -1.6934e+000 +1.3396e+000 -1.7485e-001 +1.7887e-001 -1.5758e+000
413 +9.683103987e+001 +9.683103987e+001 -8.506689601e+002 -8.506689601e+002 -1.0317e+000 -1.6200e+000 +1.6110e+000 +1.4816e+000 +1.6805e+000 -7.3876e-001 +1.7205e-001 -1.3844e+000 -1.4738e+000 -2.8974e+000
442 +9.431940238e+001 +9.431940238e+001 -8.531805976e+002 -8.531805976e+002 -1.9780e-001 -1.3167e+000 +1.6858e+000 +1.9351e+000 +1.6561e+000 -1.7461e+000 +8.9620e-001 -1.3802e+000 +7.4574e-001 -7.9376e-001
453 +9.149987923e+001 +9.149987923e+001 -8.560001208e+002 -8.560001208e+002 -1.3902e+000 -1.2104e+000 +1.1206e+000 +2.5394e+000 -2.2416e-001 -1.3209e+000 +3.8927e-001 -1.2739e+000 -5.6942e-001 +1.2153e-001
473 +8.883246999e+001 +8.883246999e+001 -8.586675300e+002 -8.586675300e+002 -1.2730e+000 -8.9145e-001 +1.6202e+000 +1.8034e+000 +1.7392e+000 -1.0798e+000 +2.4446e+000 -1.9306e+000 -1.6791e+000 -2.6116e-001
600 +7.602157435e+001 +7.602157435e+001 -8.714784256e+002 -8.714784256e+002 -1.6144e+000 -1.3024e+000 +2.0710e+000 +2.4038e+000 +1.2141e+000 -1.2172e+000 +7.1546e-001 -1.5362e+000 -1.7501e-001 -1.2317e+000
815 +6.753038360e+001 +6.753038360e+001 -8.799696164e+002 -8.799696164e+002 -1.0590e+000 -9.8683e-001 +1.9971e+000 +2.4062e+000 +1.6881e+000 -2.1959e-001 +1.3777e+000 -1.7433e+000 -1.1838e+000 -2.3276e+000
964 +6.575553471e+001 +6.575553471e+001 -8.817444653e+002 -8.817444653e+002 -1.3194e+000 -2.1653e+000 +8.3570e-001 +1.7851e+000 +1.9450e+000 -1.4298e+000 +1.6045e+000 -1.6267e+000 -1.1455e+000 -1.5329e+000
1059 +6.316489352e+001 +6.316489352e+001 -8.843351065e+002 -8.843351065e+002 -1.5587e+000 -1.8308e+000 +1.0673e+000 +2.1438e+000 +1.8437e+000 -1.0157e+000 +1.2425e+000 -2.0755e+000 +7.1895e-001 -1.6302e+000
2787 +6.060090614e+001 +6.060090614e+001 -8.868990939e+002 -8.868990939e+002 -1.8881e+000 -1.5689e+000 +4.7062e-001 +9.3355e-001 +5.6161e-001 -1.2473e+000 +1.1203e+000 -2.0117e+000 -9.8057e-001 -1.7735e+000
3638 +5.699626504e+001 +5.699626504e+001 -8.905037350e+002 -8.905037350e+002 -1.6228e+000 -1.8640e+000 +7.1285e-001 +1.8495e+000 +1.6065e+000 -1.5601e+000 +6.7166e-001 -2.7715e+000 -1.9951e+000 -1.2294e+000
3668 +5.402786995e+001 +5.402786995e+001 -8.934721301e+002 -8.934721301e+002 -2.4679e+000 -2.1586e+000 +1.2156e+000 +1.0601e+000 +1.5431e+000 -1.6771e+000 +1.1705e+000 -1.3807e+000 -2.7376e+000 -1.4763e+000
4354 +4.599145052e+001 +4.599145052e+001 -9.015085495e+002 -9.015085495e+002 -1.1379e+000 -1.8170e+000 +5.0261e-001 +2.1124e+000 +2.0372e+000 -1.6249e+000 +1.2204e+000 -1.5557e+000 -1.7162e+000 -9.6993e-001
