% function evaluation | noise-free fitness - Fopt (1.026100000000e+002) | best noise-free fitness - Fopt | measured fitness | best measured fitness | x1 | x2...
1 +2.371344134e+005 +2.371344134e+005 +2.372370234e+005 +2.372370234e+005 -9.8684e+000 -3.3759e+000
2 +1.088882365e+004 +1.088882365e+004 +1.099143365e+004 +1.099143365e+004 -4.4629e+000 -6.0415e+000
3 +7.059598400e+001 +7.059598400e+001 +1.732059840e+002 +1.732059840e+002 -4.7836e+000 -3.7199e-002
7 +4.305022899e+001 +4.305022899e+001 +1.456602290e+002 +1.456602290e+002 -1.0628e+000 -4.2928e+000
11 +3.662212105e+001 +3.662212105e+001 +1.392321211e+002 +1.392321211e+002 -2.2592e+000 -2.3359e+000
20 +3.568071912e+001 +3.568071912e+001 +1.382907191e+002 +1.382907191e+002 -3.7408e+000 -1.1913e+000
23 +2.161711693e+001 +2.161711693e+001 +1.242271169e+002 +1.242271169e+002 -2.3554e-001 -1.7251e+000
34 +1.340961823e+001 +1.340961823e+001 +1.160196182e+002 +1.160196182e+002 -8.9269e-001 -1.5128e+000
53 +9.281627166e+000 +9.281627166e+000 +1.118916272e+002 +1.118916272e+002 +2.4243e+000 -2.2898e+000
67 +5.452549431e+000 +5.452549431e+000 +1.080625494e+002 +1.080625494e+002 +3.3940e+000 -2.2876e+000
94 +4.792220174e+000 +4.792220174e+000 +1.074022202e+002 +1.074022202e+002 +3.2614e+000 -3.2665e+000
106 +2.608252307e+000 +2.608252307e+000 +1.052182523e+002 +1.052182523e+002 +3.3076e+000 -3.5821e+000
231 +2.460047373e+000 +2.460047373e+000 +1.050700474e+002 +1.050700474e+002 +3.3799e+000 -2.9194e+000
350 +2.330983449e+000 +2.330983449e+000 +1.049409834e+002 +1.049409834e+002 +2.7342e+000 -3.0867e+000
906 +2.228363718e+000 +2.228363718e+000 +1.048383637e+002 +1.048383637e+002 +3.5341e+000 -2.9550e+000
933 +2.092202441e+000 +2.092202441e+000 +1.047022024e+002 +1.047022024e+002 +2.9432e+000 -2.8099e+000
1000 +2.039723928e+000 +2.039723928e+000 +1.046497239e+002 +1.046497239e+002 +2.9346e+000 -2.8135e+000
% function evaluation | noise-free fitness - Fopt (9.330000000000e+001) | best noise-free fitness - Fopt | measured fitness | best measured fitness | x1 | x2...
1 +3.465682565e+004 +3.465682565e+004 +3.475012565e+004 +3.475012565e+004 -6.8608e+000 +2.0925e+000
2 +2.932578263e+001 +2.932578263e+001 +1.226257826e+002 +1.226257826e+002 -6.4084e-001 -2.4620e+000
3 +2.078045104e+001 +2.078045104e+001 +1.140804510e+002 +1.140804510e+002 +2.0487e-001 +2.5641e+000
6 +1.412105189e+001 +1.412105189e+001 +1.074210519e+002 +1.074210519e+002 -1.8782e+000 +1.0433e+000
13 +1.316139036e+001 +1.316139036e+001 +1.064613904e+002 +1.064613904e+002 -1.6427e+000 +4.0545e+000
20 +7.886112683e+000 +7.886112683e+000 +1.011861127e+002 +1.011861127e+002 -4.0037e+000 +3.4285e-001
49 +2.876437175e+000 +2.876437175e+000 +9.617643718e+001 +9.617643718e+001 -4.0044e+000 +2.5436e+000
137 +2.454793527e+000 +2.454793527e+000 +9.575479353e+001 +9.575479353e+001 -3.4998e+000 +3.0197e+000
866 +2.423707000e+000 +2.423707000e+000 +9.572370700e+001 +9.572370700e+001 -3.4587e+000 +3.2305e+000
% function evaluation | noise-free fitness - Fopt (1.364000000000e+001) | best noise-free fitness - Fopt | measured fitness | best measured fitness | x1 | x2...
1 +1.339955017e+001 +1.339955017e+001 +2.703955017e+001 +2.703955017e+001 -8.6622e-001 -4.5187e+000
7 +1.159769435e+001 +1.159769435e+001 +2.523769435e+001 +2.523769435e+001 -1.6730e-001 -3.1788e+000
11 +8.371765486e+000 +8.371765486e+000 +2.201176549e+001 +2.201176549e+001 -4.7301e-001 -3.8165e+000
73 +3.145969492e+000 +3.145969492e+000 +1.678596949e+001 +1.678596949e+001 -2.4655e+000 -2.2616e+000
406 +3.022340333e+000 +3.022340333e+000 +1.666234033e+001 +1.666234033e+001 -2.9978e+000 -1.7349e+000
710 +2.938180052e+000 +2.938180052e+000 +1.657818005e+001 +1.657818005e+001 -3.0230e+000 -3.3817e+000
745 +2.852571765e+000 +2.852571765e+000 +1.649257177e+001 +1.649257177e+001 -3.0237e+000 -3.3819e+000
752 +2.797001446e+000 +2.797001446e+000 +1.643700145e+001 +1.643700145e+001 -3.0241e+000 -3.3864e+000
781 +2.737843582e+000 +2.737843582e+000 +1.637784358e+001 +1.637784358e+001 -3.0245e+000 -3.3845e+000
786 +2.621085262e+000 +2.621085262e+000 +1.626108526e+001 +1.626108526e+001 -3.0254e+000 -3.3871e+000
791 +2.450098543e+000 +2.450098543e+000 +1.609009854e+001 +1.609009854e+001 -3.0284e+000 -3.4006e+000
810 +2.346164444e+000 +2.346164444e+000 +1.598616444e+001 +1.598616444e+001 -3.0284e+000 -3.3951e+000
823 +2.327525519e+000 +2.327525519e+000 +1.596752552e+001 +1.596752552e+001 -3.0313e+000 -3.4005e+000
834 +2.242258422e+000 +2.242258422e+000 +1.588225842e+001 +1.588225842e+001 -3.0298e+000 -3.3999e+000
872 +2.235777400e+000 +2.235777400e+000 +1.587577740e+001 +1.587577740e+001 -3.0302e+000 -3.4002e+000
878 +2.184164513e+000 +2.184164513e+000 +1.582416451e+001 +1.582416451e+001 -3.0311e+000 -3.4045e+000
% function evaluation | noise-free fitness - Fopt (1.948000000000e+002) | best noise-free fitness - Fopt | measured fitness | best measured fitness | x1 | x2...
1 +9.212545356e+003 +9.212545356e+003 +9.407345356e+003 +9.407345356e+003 +4.8276e-001 +5.9557e+000
2 +2.729272420e+001 +2.729272420e+001 +2.220927242e+002 +2.220927242e+002 +2.8164e+000 +1.4233e+000
10 +2.078576654e+001 +2.078576654e+001 +2.155857665e+002 +2.155857665e+002 +4.5456e+000 +1.7392e-001
26 +1.386015645e+001 +1.386015645e+001 +2.086601565e+002 +2.086601565e+002 -4.7838e-001 +4.8109e-001
35 +1.331831510e+001 +1.331831510e+001 +2.081183151e+002 +2.081183151e+002 +2.0277e+000 +5.7276e-001
44 +8.844837150e+000 +8.844837150e+000 +2.036448372e+002 +2.036448372e+002 +8.7740e-001 -1.7805e+000
62 +7.307418765e+000 +7.307418765e+000 +2.021074188e+002 +2.021074188e+002 +1.1923e+000 -2.7681e+000
65 +6.095886117e+000 +6.095886117e+000 +2.008958861e+002 +2.008958861e+002 -1.0970e+000 +4.7922e-001
86 +5.932599628e+000 +5.932599628e+000 +2.007325996e+002 +2.007325996e+002 +1.1549e+000 -2.3288e+000
132 +4.931523490e+000 +4.931523490e+000 +1.997315235e+002 +1.997315235e+002 +1.1844e+000 -3.0462e+000
144 +2.570648057e+000 +2.570648057e+000 +1.973706481e+002 +1.973706481e+002 +2.3010e+000 -2.6196e+000
% function evaluation | noise-free fitness - Fopt (-1.335900000000e+002) | best noise-free fitness - Fopt | measured fitness | best measured fitness | x1 | x2...
1 +3.290676706e+001 +3.290676706e+001 -1.006832329e+002 -1.006832329e+002 +1.3718e+000 -1.3169e+000
2 +2.512158609e+001 +2.512158609e+001 -1.084684139e+002 -1.084684139e+002 +1.3061e+000 +1.3892e+000
5 +2.008874121e+001 +2.008874121e+001 -1.135012588e+002 -1.135012588e+002 +1.0973e+000 +9.1059e-001
12 +1.720651176e+001 +1.720651176e+001 -1.163834882e+002 -1.163834882e+002 +8.2104e-001 +8.1126e-001
33 +1.495431483e+001 +1.495431483e+001 -1.186356852e+002 -1.186356852e+002 +6.5756e-001 +7.1801e-001
40 +1.372376012e+001 +1.372376012e+001 -1.198662399e+002 -1.198662399e+002 +7.0444e-001 +7.5784e-001
64 +1.072733038e+001 +1.072733038e+001 -1.228626696e+002 -1.228626696e+002 +1.4767e-001 -2.4398e+000
72 +1.011508516e+001 +1.011508516e+001 -1.234749148e+002 -1.234749148e+002 +9.5577e-001 -8.6171e-001
78 +9.444325411e+000 +9.444325411e+000 -1.241456746e+002 -1.241456746e+002 +8.9584e-001 -1.2123e+000
87 +6.785639496e+000 +6.785639496e+000 -1.268043605e+002 -1.268043605e+002 +1.1132e+000 -2.9072e-001
89 +3.904317233e+000 +3.904317233e+000 -1.296856828e+002 -1.296856828e+002 +9.6561e-001 -1.8878e+000
91 +3.861822699e+000 +3.861822699e+000 -1.297281773e+002 -1.297281773e+002 -3.5034e+000 +3.5596e+000
552 +3.546301962e+000 +3.546301962e+000 -1.300436980e+002 -1.300436980e+002 -2.5329e+000 +1.7371e+000
1031 +3.107169677e+000 +3.107169677e+000 -1.304828303e+002 -1.304828303e+002 -3.1156e+000 +2.8420e+000
1073 +2.830857941e+000 +2.830857941e+000 -1.307591421e+002 -1.307591421e+002 -2.6814e+000 +3.4036e+000
1085 +2.697936714e+000 +2.697936714e+000 -1.308920633e+002 -1.308920633e+002 -2.2332e+000 +3.2466e+000
% function evaluation | noise-free fitness - Fopt (1.955000000000e+001) | best noise-free fitness - Fopt | measured fitness | best measured fitness | x1 | x2...
1 +5.502173252e+001 +5.502173252e+001 +7.457173252e+001 +7.457173252e+001 -2.3413e+000 +3.8744e+000
2 +1.422626511e+001 +1.422626511e+001 +3.377626511e+001 +3.377626511e+001 -1.1329e+000 +8.0542e-001
15 +7.945289579e+000 +7.945289579e+000 +2.749528958e+001 +2.749528958e+001 -1.6200e+000 +1.7387e+000
52 +3.860538698e+000 +3.860538698e+000 +2.341053870e+001 +2.341053870e+001 -2.1938e+000 +1.1949e+000
173 +1.546195282e+000 +1.546195282e+000 +2.109619528e+001 +2.109619528e+001 -8.7218e-001 +9.4677e-001
585 +1.491618593e+000 +1.491618593e+000 +2.104161859e+001 +2.104161859e+001 -1.5933e+000 +1.3209e+000
656 +5.836729993e-001 +5.836729993e-001 +2.013367300e+001 +2.013367300e+001 -9.3966e-001 +1.4056e+000
% function evaluation | noise-free fitness - Fopt (-1.307000000000e+001) | best noise-free fitness - Fopt | measured fitness | best measured fitness | x1 | x2...
1 +5.858563080e+001 +5.858563080e+001 +4.551563080e+001 +4.551563080e+001 +3.8082e+000 -2.3736e+000
2 +3.742824779e+001 +3.742824779e+001 +2.435824779e+001 +2.435824779e+001 -2.3353e+000 -1.2770e+000
10 +2.833238480e+001 +2.833238480e+001 +1.526238480e+001 +1.526238480e+001 +2.9143e+000 +2.3838e-001
18 +2.741299253e+001 +2.741299253e+001 +1.434299253e+001 +1.434299253e+001 +1.0130e+000 -2.5570e+000
29 +1.685817913e+001 +1.685817913e+001 +3.788179131e+000 +3.788179131e+000 -2.0144e-001 +8.3872e-001
33 +1.456842270e+001 +1.456842270e+001 +1.498422704e+000 +1.498422704e+000 +2.9630e-001 +1.7154e+000
36 +1.148788647e+001 +1.148788647e+001 -1.582113525e+000 -1.582113525e+000 +6.9004e-001 +3.1434e+000
44 +1.040915478e+001 +1.040915478e+001 -2.660845219e+000 -2.660845219e+000 +5.0414e-001 +1.8983e+000
89 +9.517700830e+000 +9.517700830e+000 -3.552299170e+000 -3.552299170e+000 +2.3949e-001 -1.3362e+000
121 +6.367597920e+000 +6.367597920e+000 -6.702402080e+000 -6.702402080e+000 +6.2206e-001 -1.1375e+000
132 +5.697596630e+000 +5.697596630e+000 -7.372403370e+000 -7.372403370e+000 +6.2703e-001 -1.0626e+000
187 +4.019993160e+000 +4.019993160e+000 -9.050006840e+000 -9.050006840e+000 +1.2591e+000 -1.2953e+000
211 +3.402545691e+000 +3.402545691e+000 -9.667454309e+000 -9.667454309e+000 +1.3034e+000 -1.6797e+000
225 +3.357960121e+000 +3.357960121e+000 -9.712039879e+000 -9.712039879e+000 +1.3936e+000 -1.8231e+000
296 +2.750295467e+000 +2.750295467e+000 -1.031970453e+001 -1.031970453e+001 +1.3925e+000 -1.8164e+000
409 +2.365163058e+000 +2.365163058e+000 -1.070483694e+001 -1.070483694e+001 +1.3918e+000 -1.8211e+000
415 +2.161638373e+000 +2.161638373e+000 -1.090836163e+001 -1.090836163e+001 +1.3872e+000 -1.8243e+000
421 +1.575166820e+000 +1.575166820e+000 -1.149483318e+001 -1.149483318e+001 +1.3895e+000 -1.8129e+000
433 +1.316451038e+000 +1.316451038e+000 -1.175354896e+001 -1.175354896e+001 +1.3880e+000 -1.8013e+000
503 +1.284913037e+000 +1.284913037e+000 -1.178508696e+001 -1.178508696e+001 +1.3875e+000 -1.7997e+000
% function evaluation | noise-free fitness - Fopt (7.965000000000e+001) | best noise-free fitness - Fopt | measured fitness | best measured fitness | x1 | x2...
1 +1.764933221e+001 +1.764933221e+001 +9.729933221e+001 +9.729933221e+001 +2.3091e-001 -1.8298e+000
3 +1.265565379e+001 +1.265565379e+001 +9.230565379e+001 +9.230565379e+001 -3.5098e-001 -9.1958e-001
17 +1.184736717e+001 +1.184736717e+001 +9.149736717e+001 +9.149736717e+001 +3.9075e-001 -1.2545e+000
59 +1.172265326e+001 +1.172265326e+001 +9.137265326e+001 +9.137265326e+001 -8.0773e-001 -2.5959e+000
60 +6.515769936e+000 +6.515769936e+000 +8.616576994e+001 +8.616576994e+001 -6.0518e-001 -2.0752e+000
70 +5.783673194e+000 +5.783673194e+000 +8.543367319e+001 +8.543367319e+001 -1.4428e+000 -3.4550e+000
192 +5.118335653e+000 +5.118335653e+000 +8.476833565e+001 +8.476833565e+001 -2.1637e+000 -4.2241e+000
284 +4.088777797e+000 +4.088777797e+000 +8.373877780e+001 +8.373877780e+001 -2.1968e+000 -4.2476e+000
301 +3.508671771e+000 +3.508671771e+000 +8.315867177e+001 +8.315867177e+001 -3.0717e+000 -3.8856e+000
452 +3.174784815e+000 +3.174784815e+000 +8.282478481e+001 +8.282478481e+001 -1.8468e+000 -3.1060e+000
836 +3.151918583e+000 +3.151918583e+000 +8.280191858e+001 +8.280191858e+001 -2.9213e+000 -1.5677e+000
% function evaluation | noise-free fitness - Fopt (1.160000000000e+000) | best noise-free fitness - Fopt | measured fitness | best measured fitness | x1 | x2...
1 +4.532995198e+002 +4.532995198e+002 +4.544595198e+002 +4.544595198e+002 +5.1300e+000 -5.1414e+000
3 +5.696392125e+001 +5.696392125e+001 +5.812392125e+001 +5.812392125e+001 +2.3026e+000 +3.1635e+000
4 +4.471839033e+001 +4.471839033e+001 +4.587839033e+001 +4.587839033e+001 +2.5151e+000 +3.9961e+000
5 +2.665889534e+001 +2.665889534e+001 +2.781889534e+001 +2.781889534e+001 +2.0254e+000 +3.7928e+000
6 +1.576550055e+001 +1.576550055e+001 +1.692550055e+001 +1.692550055e+001 -2.3859e-001 +1.3260e+000
32 +1.392235710e+001 +1.392235710e+001 +1.508235710e+001 +1.508235710e+001 -2.4663e+000 +3.2441e+000
51 +1.178308495e+001 +1.178308495e+001 +1.294308495e+001 +1.294308495e+001 -4.4855e+000 +2.2411e+000
60 +6.842155309e+000 +6.842155309e+000 +8.002155309e+000 +8.002155309e+000 -2.9278e+000 +2.4088e+000
108 +5.388133478e+000 +5.388133478e+000 +6.548133478e+000 +6.548133478e+000 -3.4442e+000 +1.5944e+000
172 +5.131520007e+000 +5.131520007e+000 +6.291520007e+000 +6.291520007e+000 -2.2329e+000 +1.8441e+000
237 +4.094303295e+000 +4.094303295e+000 +5.254303295e+000 +5.254303295e+000 -2.7362e+000 +1.9823e+000
238 +3.640755066e+000 +3.640755066e+000 +4.800755066e+000 +4.800755066e+000 -2.2883e+000 +1.8570e+000
578 +3.061763618e+000 +3.061763618e+000 +4.221763618e+000 +4.221763618e+000 -2.9756e+000 +3.8217e+000
607 +2.961163497e+000 +2.961163497e+000 +4.121163497e+000 +4.121163497e+000 -2.9740e+000 +3.8376e+000
% function evaluation | noise-free fitness - Fopt (2.407100000000e+002) | best noise-free fitness - Fopt | measured fitness | best measured fitness | x1 | x2...
1 +2.524347375e+001 +2.524347375e+001 +2.659534738e+002 +2.659534738e+002 -2.8677e+000 -5.2875e-002
3 +1.782046011e+001 +1.782046011e+001 +2.585304601e+002 +2.585304601e+002 -4.2951e+000 -1.2797e+000
11 +9.666639147e+000 +9.666639147e+000 +2.503766391e+002 +2.503766391e+002 -4.1632e+000 +3.9805e+000
138 +6.347762776e+000 +6.347762776e+000 +2.470577628e+002 +2.470577628e+002 +1.6718e+000 -1.4302e-001
243 +4.996383356e+000 +4.996383356e+000 +2.457063834e+002 +2.457063834e+002 +1.7478e+000 -1.5078e+000
252 +3.051249696e+000 +3.051249696e+000 +2.437612497e+002 +2.437612497e+002 +1.1378e+000 -1.5925e+000
274 +2.668828750e+000 +2.668828750e+000 +2.433788288e+002 +2.433788288e+002 +8.2085e-001 -1.3353e+000
305 +1.869293861e+000 +1.869293861e+000 +2.425792939e+002 +2.425792939e+002 +1.6935e+000 -8.2173e-001
317 +1.031258632e+000 +1.031258632e+000 +2.417412586e+002 +2.417412586e+002 +1.3360e+000 -8.8261e-001
373 +9.338077443e-001 +9.338077443e-001 +2.416438077e+002 +2.416438077e+002 +9.6448e-001 -9.4382e-001
438 +9.014965641e-001 +9.014965641e-001 +2.416114966e+002 +2.416114966e+002 +9.9342e-001 -9.6156e-001
% function evaluation | noise-free fitness - Fopt (-2.707900000000e+002) | best noise-free fitness - Fopt | measured fitness | best measured fitness | x1 | x2...
1 +1.230642673e+005 +1.230642673e+005 +1.227934773e+005 +1.227934773e+005 -6.9109e+000 +7.9395e+000
2 +5.149242620e+002 +5.149242620e+002 +2.441342620e+002 +2.441342620e+002 -2.8458e+000 +5.2078e+000
3 +2.591177323e+001 +2.591177323e+001 -2.448782268e+002 -2.448782268e+002 -1.6886e+000 +1.9324e+000
10 +2.454992908e+001 +2.454992908e+001 -2.462400709e+002 -2.462400709e+002 -2.0267e+000 +6.7493e-001
11 +1.867171567e+001 +1.867171567e+001 -2.521182843e+002 -2.521182843e+002 -1.9251e+000 +1.0429e+000
20 +1.510565618e+001 +1.510565618e+001 -2.556843438e+002 -2.556843438e+002 -1.6701e+000 +1.2882e+000
25 +1.033186890e+001 +1.033186890e+001 -2.604581311e+002 -2.604581311e+002 -1.3378e+000 +1.2417e+000
27 +1.608485988e+000 +1.608485988e+000 -2.691815140e+002 -2.691815140e+002 -1.3708e+000 +1.2603e+000
33 +1.531758820e+000 +1.531758820e+000 -2.692582412e+002 -2.692582412e+002 -1.2452e+000 +1.2488e+000
55 +1.072101007e+000 +1.072101007e+000 -2.697178990e+002 -2.697178990e+002 -1.1525e+000 +1.2903e+000
67 +2.390882531e-001 +2.390882531e-001 -2.705509117e+002 -2.705509117e+002 -1.1082e+000 +1.2645e+000
83 +8.572655310e-002 +8.572655310e-002 -2.707042734e+002 -2.707042734e+002 -1.1699e+000 +1.2688e+000
92 +7.156156957e-002 +7.156156957e-002 -2.707184384e+002 -2.707184384e+002 -1.1741e+000 +1.2626e+000
102 +3.568788725e-002 +3.568788725e-002 -2.707543121e+002 -2.707543121e+002 -1.1768e+000 +1.2612e+000
108 +3.422121393e-002 +3.422121393e-002 -2.707557788e+002 -2.707557788e+002 -1.1740e+000 +1.2644e+000
164 +2.514133038e-002 +2.514133038e-002 -2.707648587e+002 -2.707648587e+002 -1.1747e+000 +1.2632e+000
175 +2.491051040e-002 +2.491051040e-002 -2.707650895e+002 -2.707650895e+002 -1.1765e+000 +1.2608e+000
204 +2.445543808e-002 +2.445543808e-002 -2.707655446e+002 -2.707655446e+002 -1.1765e+000 +1.2609e+000
274 +2.397862377e-002 +2.397862377e-002 -2.707660214e+002 -2.707660214e+002 -1.1764e+000 +1.2611e+000
609 +2.343863588e-002 +2.343863588e-002 -2.707665614e+002 -2.707665614e+002 -1.1762e+000 +1.2613e+000
1230 +2.286775223e-002 +2.286775223e-002 -2.707671322e+002 -2.707671322e+002 -1.1758e+000 +1.2617e+000
% function evaluation | noise-free fitness - Fopt (2.612000000000e+001) | best noise-free fitness - Fopt | measured fitness | best measured fitness | x1 | x2...
1 +1.825887759e+004 +1.825887759e+004 +1.828499759e+004 +1.828499759e+004 -5.5790e+000 -6.2173e+000
5 +1.053235526e+004 +1.053235526e+004 +1.055847526e+004 +1.055847526e+004 +1.6657e+000 +6.0246e+000
8 +6.209407291e+001 +6.209407291e+001 +8.821407291e+001 +8.821407291e+001 -4.1590e+000 -2.9406e+000
9 +2.556699945e+001 +2.556699945e+001 +5.168699945e+001 +5.168699945e+001 -2.1140e+000 +6.2027e-001
13 +2.232062146e+001 +2.232062146e+001 +4.844062146e+001 +4.844062146e+001 -2.0614e+000 +1.3301e-001
18 +1.769775414e+001 +1.769775414e+001 +4.381775414e+001 +4.381775414e+001 -1.3058e+000 +2.1884e+000
36 +1.554069264e+001 +1.554069264e+001 +4.166069264e+001 +4.166069264e+001 -1.4777e+000 +1.8458e+000
40 +3.991655823e+000 +3.991655823e+000 +3.011165582e+001 +3.011165582e+001 -2.9923e+000 +1.6791e+000
77 +2.505423839e+000 +2.505423839e+000 +2.862542384e+001 +2.862542384e+001 -2.3773e+000 +2.2993e+000
455 +1.587005177e+000 +1.587005177e+000 +2.770700518e+001 +2.770700518e+001 +1.3541e+000 -1.8343e+000
% function evaluation | noise-free fitness - Fopt (-6.252000000000e+001) | best noise-free fitness - Fopt | measured fitness | best measured fitness | x1 | x2...
1 +3.671001882e+006 +3.671001882e+006 +3.670939362e+006 +3.670939362e+006 +2.4133e+001 +5.9867e+000
3 +3.439865481e+006 +3.439865481e+006 +3.439802961e+006 +3.439802961e+006 -7.3441e+000 +2.3397e+001
4 +5.744550657e+001 +5.744550657e+001 -5.074493427e+000 -5.074493427e+000 -2.8389e-001 +4.0609e+000
5 +4.252439014e+001 +4.252439014e+001 -1.999560986e+001 -1.999560986e+001 +1.3131e-001 +3.1621e+000
10 +2.678809509e+001 +2.678809509e+001 -3.573190491e+001 -3.573190491e+001 -8.1208e-001 +2.0835e+000
16 +2.505536804e+001 +2.505536804e+001 -3.746463196e+001 -3.746463196e+001 +1.9866e+000 +3.3643e-001
24 +1.416345745e+001 +1.416345745e+001 -4.835654255e+001 -4.835654255e+001 +9.6008e-001 -1.3583e+000
55 +1.240888666e+001 +1.240888666e+001 -5.011111334e+001 -5.011111334e+001 +1.1047e+000 -1.8338e+000
58 +1.202903860e+001 +1.202903860e+001 -5.049096140e+001 -5.049096140e+001 +2.4721e+000 -4.0767e+000
62 +9.707869226e+000 +9.707869226e+000 -5.281213077e+001 -5.281213077e+001 +3.9792e+000 -2.7114e+000
131 +8.909561268e+000 +8.909561268e+000 -5.361043873e+001 -5.361043873e+001 +4.4689e-001 -2.2803e+000
133 +3.983468406e+000 +3.983468406e+000 -5.853653159e+001 -5.853653159e+001 +3.7549e+000 -2.7680e+000
260 +2.546770702e+000 +2.546770702e+000 -5.997322930e+001 -5.997322930e+001 +3.4456e+000 -2.8553e+000
466 +2.142272309e+000 +2.142272309e+000 -6.037772769e+001 -6.037772769e+001 +3.2990e+000 -2.7403e+000
% function evaluation | noise-free fitness - Fopt (-2.438600000000e+002) | best noise-free fitness - Fopt | measured fitness | best measured fitness | x1 | x2...
1 +1.344035641e+005 +1.344035641e+005 +1.341597041e+005 +1.341597041e+005 -2.8272e+000 +8.6649e+000
2 +2.529315541e+001 +2.529315541e+001 -2.185668446e+002 -2.185668446e+002 -4.4762e+000 +2.1670e+000
15 +1.945668610e+001 +1.945668610e+001 -2.244033139e+002 -2.244033139e+002 -4.9308e+000 +1.8720e+000
36 +1.149955690e+001 +1.149955690e+001 -2.323604431e+002 -2.323604431e+002 +6.1711e-001 +2.4275e+000
90 +5.334642494e+000 +5.334642494e+000 -2.385253575e+002 -2.385253575e+002 -1.2373e+000 -2.8377e+000
232 +4.052863021e+000 +4.052863021e+000 -2.398071370e+002 -2.398071370e+002 -2.5039e+000 -2.5003e+000
347 +3.597967364e+000 +3.597967364e+000 -2.402620326e+002 -2.402620326e+002 -2.3012e+000 -2.6248e+000
368 +3.337448204e+000 +3.337448204e+000 -2.405225518e+002 -2.405225518e+002 -2.3232e+000 -2.9726e+000
377 +2.838366365e+000 +2.838366365e+000 -2.410216336e+002 -2.410216336e+002 -2.5093e+000 -3.0570e+000
551 +2.252149265e+000 +2.252149265e+000 -2.416078507e+002 -2.416078507e+002 -2.3062e+000 -2.8546e+000
825 +2.199378673e+000 +2.199378673e+000 -2.416606213e+002 -2.416606213e+002 -3.4194e+000 -2.9900e+000
% function evaluation | noise-free fitness - Fopt (-9.475000000000e+002) | best noise-free fitness - Fopt | measured fitness | best measured fitness | x1 | x2...
1 +1.949941670e+006 +1.949941670e+006 +1.948994170e+006 +1.948994170e+006 -1.5817e+001 -1.3830e+001
2 +4.908318852e+001 +4.908318852e+001 -8.984168115e+002 -8.984168115e+002 -3.3955e+000 +8.8340e-001
3 +2.082455188e+001 +2.082455188e+001 -9.266754481e+002 -9.266754481e+002 +1.4677e+000 +1.7213e+000
5 +1.329059723e+000 +1.329059723e+000 -9.461709403e+002 -9.461709403e+002 +1.1148e+000 +1.4740e+000
45 +5.050398528e-001 +5.050398528e-001 -9.469949601e+002 -9.469949601e+002 +1.5050e+000 +1.2263e+000
