% function evaluation | noise-free fitness - Fopt (-1.025500000000e+002) | best noise-free fitness - Fopt | measured fitness | best measured fitness | x1 | x2...
1 +4.008494629e+002 +4.008494629e+002 +2.982994629e+002 +2.982994629e+002
3 +3.682725601e+002 +3.682725601e+002 +2.657225601e+002 +2.657225601e+002
4 +2.058711852e+002 +2.058711852e+002 +1.033211852e+002 +1.033211852e+002
6 +1.640122912e+002 +1.640122912e+002 +6.146229120e+001 +6.146229120e+001
8 +1.113200557e+002 +1.113200557e+002 +8.770055716e+000 +8.770055716e+000
10 +9.569091864e+001 +9.569091864e+001 -6.859081364e+000 -6.859081364e+000
21 +8.404923967e+001 +8.404923967e+001 -1.850076033e+001 -1.850076033e+001
28 +6.614833795e+001 +6.614833795e+001 -3.640166205e+001 -3.640166205e+001
221 +5.380650351e+001 +5.380650351e+001 -4.874349649e+001 -4.874349649e+001
222 +4.779995635e+001 +4.779995635e+001 -5.475004365e+001 -5.475004365e+001
269 +4.596428127e+001 +4.596428127e+001 -5.658571873e+001 -5.658571873e+001
409 +4.240130672e+001 +4.240130672e+001 -6.014869328e+001 -6.014869328e+001
411 +3.260824570e+001 +3.260824570e+001 -6.994175430e+001 -6.994175430e+001
432 +3.177010549e+001 +3.177010549e+001 -7.077989451e+001 -7.077989451e+001
585 +2.467738673e+001 +2.467738673e+001 -7.787261327e+001 -7.787261327e+001
915 +2.048625298e+001 +2.048625298e+001 -8.206374702e+001 -8.206374702e+001
1009 +1.868038013e+001 +1.868038013e+001 -8.386961987e+001 -8.386961987e+001
1046 +1.666944377e+001 +1.666944377e+001 -8.588055623e+001 -8.588055623e+001
1413 +1.510657348e+001 +1.510657348e+001 -8.744342652e+001 -8.744342652e+001
1659 +1.368750053e+001 +1.368750053e+001 -8.886249947e+001 -8.886249947e+001
1668 +1.318595398e+001 +1.318595398e+001 -8.936404602e+001 -8.936404602e+001
1723 +1.298415618e+001 +1.298415618e+001 -8.956584382e+001 -8.956584382e+001
1828 +1.077730142e+001 +1.077730142e+001 -9.177269858e+001 -9.177269858e+001
1859 +9.213966642e+000 +9.213966642e+000 -9.333603336e+001 -9.333603336e+001
2958 +8.670165109e+000 +8.670165109e+000 -9.387983489e+001 -9.387983489e+001
2983 +7.362276020e+000 +7.362276020e+000 -9.518772398e+001 -9.518772398e+001
4701 +6.790160878e+000 +6.790160878e+000 -9.575983912e+001 -9.575983912e+001
13222 +6.300338418e+000 +6.300338418e+000 -9.624966158e+001 -9.624966158e+001
19152 +5.769384260e+000 +5.769384260e+000 -9.678061574e+001 -9.678061574e+001
2255677 +5.357817693e+000 +5.357817693e+000 -9.719218231e+001 -9.719218231e+001
% function evaluation | noise-free fitness - Fopt (7.169000000000e+001) | best noise-free fitness - Fopt | measured fitness | best measured fitness | x1 | x2...
1 +1.749381944e+002 +1.749381944e+002 +2.466281944e+002 +2.466281944e+002
9 +1.269175132e+002 +1.269175132e+002 +1.986075132e+002 +1.986075132e+002
19 +8.103991797e+001 +8.103991797e+001 +1.527299180e+002 +1.527299180e+002
20 +7.795442663e+001 +7.795442663e+001 +1.496444266e+002 +1.496444266e+002
30 +5.651666649e+001 +5.651666649e+001 +1.282066665e+002 +1.282066665e+002
206 +5.041119770e+001 +5.041119770e+001 +1.221011977e+002 +1.221011977e+002
353 +4.412324071e+001 +4.412324071e+001 +1.158132407e+002 +1.158132407e+002
406 +4.115613010e+001 +4.115613010e+001 +1.128461301e+002 +1.128461301e+002
517 +4.017831842e+001 +4.017831842e+001 +1.118683184e+002 +1.118683184e+002
586 +3.742392459e+001 +3.742392459e+001 +1.091139246e+002 +1.091139246e+002
616 +3.123168015e+001 +3.123168015e+001 +1.029216802e+002 +1.029216802e+002
689 +2.922981887e+001 +2.922981887e+001 +1.009198189e+002 +1.009198189e+002
792 +2.486109990e+001 +2.486109990e+001 +9.655109990e+001 +9.655109990e+001
829 +1.539893155e+001 +1.539893155e+001 +8.708893155e+001 +8.708893155e+001
1113 +1.451118302e+001 +1.451118302e+001 +8.620118302e+001 +8.620118302e+001
1553 +1.427624860e+001 +1.427624860e+001 +8.596624860e+001 +8.596624860e+001
1736 +1.411027171e+001 +1.411027171e+001 +8.580027171e+001 +8.580027171e+001
1775 +1.281442590e+001 +1.281442590e+001 +8.450442590e+001 +8.450442590e+001
1798 +1.086336451e+001 +1.086336451e+001 +8.255336451e+001 +8.255336451e+001
2428 +1.068121188e+001 +1.068121188e+001 +8.237121188e+001 +8.237121188e+001
2475 +9.265368795e+000 +9.265368795e+000 +8.095536879e+001 +8.095536879e+001
2720 +8.825291526e+000 +8.825291526e+000 +8.051529153e+001 +8.051529153e+001
3452 +8.624687966e+000 +8.624687966e+000 +8.031468797e+001 +8.031468797e+001
3853 +8.066757065e+000 +8.066757065e+000 +7.975675707e+001 +7.975675707e+001
4170 +7.897776186e+000 +7.897776186e+000 +7.958777619e+001 +7.958777619e+001
6046 +7.396036248e+000 +7.396036248e+000 +7.908603625e+001 +7.908603625e+001
11184 +6.838593626e+000 +6.838593626e+000 +7.852859363e+001 +7.852859363e+001
12849 +5.969609126e+000 +5.969609126e+000 +7.765960913e+001 +7.765960913e+001
596651 +5.361289940e+000 +5.361289940e+000 +7.705128994e+001 +7.705128994e+001
% function evaluation | noise-free fitness - Fopt (2.140100000000e+002) | best noise-free fitness - Fopt | measured fitness | best measured fitness | x1 | x2...
1 +9.171106018e+001 +9.171106018e+001 +3.057210602e+002 +3.057210602e+002
4 +7.732962474e+001 +7.732962474e+001 +2.913396247e+002 +2.913396247e+002
7 +6.756616021e+001 +6.756616021e+001 +2.815761602e+002 +2.815761602e+002
25 +5.824971587e+001 +5.824971587e+001 +2.722597159e+002 +2.722597159e+002
46 +5.478878093e+001 +5.478878093e+001 +2.687987809e+002 +2.687987809e+002
157 +5.209232377e+001 +5.209232377e+001 +2.661023238e+002 +2.661023238e+002
276 +4.931444117e+001 +4.931444117e+001 +2.633244412e+002 +2.633244412e+002
351 +4.266526380e+001 +4.266526380e+001 +2.566752638e+002 +2.566752638e+002
454 +3.888737572e+001 +3.888737572e+001 +2.528973757e+002 +2.528973757e+002
458 +3.531736257e+001 +3.531736257e+001 +2.493273626e+002 +2.493273626e+002
541 +2.889168718e+001 +2.889168718e+001 +2.429016872e+002 +2.429016872e+002
605 +2.530932680e+001 +2.530932680e+001 +2.393193268e+002 +2.393193268e+002
753 +2.370253167e+001 +2.370253167e+001 +2.377125317e+002 +2.377125317e+002
939 +2.003459906e+001 +2.003459906e+001 +2.340445991e+002 +2.340445991e+002
1022 +1.822352308e+001 +1.822352308e+001 +2.322335231e+002 +2.322335231e+002
1038 +1.775420864e+001 +1.775420864e+001 +2.317642086e+002 +2.317642086e+002
1260 +1.603076420e+001 +1.603076420e+001 +2.300407642e+002 +2.300407642e+002
1297 +1.447932063e+001 +1.447932063e+001 +2.284893206e+002 +2.284893206e+002
1350 +1.414337350e+001 +1.414337350e+001 +2.281533735e+002 +2.281533735e+002
1440 +1.267132424e+001 +1.267132424e+001 +2.266813242e+002 +2.266813242e+002
1515 +1.151758952e+001 +1.151758952e+001 +2.255275895e+002 +2.255275895e+002
1998 +1.113641890e+001 +1.113641890e+001 +2.251464189e+002 +2.251464189e+002
2228 +1.090599875e+001 +1.090599875e+001 +2.249159987e+002 +2.249159987e+002
2253 +9.671705333e+000 +9.671705333e+000 +2.236817053e+002 +2.236817053e+002
2744 +8.354516194e+000 +8.354516194e+000 +2.223645162e+002 +2.223645162e+002
3368 +8.062582757e+000 +8.062582757e+000 +2.220725828e+002 +2.220725828e+002
3465 +7.908785642e+000 +7.908785642e+000 +2.219187856e+002 +2.219187856e+002
4286 +7.142285178e+000 +7.142285178e+000 +2.211522852e+002 +2.211522852e+002
15232 +6.974514668e+000 +6.974514668e+000 +2.209845147e+002 +2.209845147e+002
15658 +6.435684759e+000 +6.435684759e+000 +2.204456848e+002 +2.204456848e+002
19167 +6.266865628e+000 +6.266865628e+000 +2.202768656e+002 +2.202768656e+002
236879 +4.984404234e+000 +4.984404234e+000 +2.189944042e+002 +2.189944042e+002
% function evaluation | noise-free fitness - Fopt (-5.848000000000e+001) | best noise-free fitness - Fopt | measured fitness | best measured fitness | x1 | x2...
1 +2.320890383e+002 +2.320890383e+002 +1.736090383e+002 +1.736090383e+002
2 +1.168437494e+002 +1.168437494e+002 +5.836374939e+001 +5.836374939e+001
3 +6.229631605e+001 +6.229631605e+001 +3.816316046e+000 +3.816316046e+000
108 +4.636193296e+001 +4.636193296e+001 -1.211806704e+001 -1.211806704e+001
233 +3.748921492e+001 +3.748921492e+001 -2.099078508e+001 -2.099078508e+001
273 +2.971356746e+001 +2.971356746e+001 -2.876643254e+001 -2.876643254e+001
527 +2.685081947e+001 +2.685081947e+001 -3.162918053e+001 -3.162918053e+001
570 +2.501389240e+001 +2.501389240e+001 -3.346610760e+001 -3.346610760e+001
808 +2.117812039e+001 +2.117812039e+001 -3.730187961e+001 -3.730187961e+001
921 +1.561981795e+001 +1.561981795e+001 -4.286018205e+001 -4.286018205e+001
1336 +1.317780167e+001 +1.317780167e+001 -4.530219833e+001 -4.530219833e+001
1729 +1.264570467e+001 +1.264570467e+001 -4.583429533e+001 -4.583429533e+001
1769 +1.209885331e+001 +1.209885331e+001 -4.638114669e+001 -4.638114669e+001
1826 +1.197049333e+001 +1.197049333e+001 -4.650950667e+001 -4.650950667e+001
2062 +1.053979317e+001 +1.053979317e+001 -4.794020683e+001 -4.794020683e+001
2300 +1.005771981e+001 +1.005771981e+001 -4.842228019e+001 -4.842228019e+001
2610 +9.923187164e+000 +9.923187164e+000 -4.855681284e+001 -4.855681284e+001
2797 +8.626344885e+000 +8.626344885e+000 -4.985365512e+001 -4.985365512e+001
3782 +8.283110021e+000 +8.283110021e+000 -5.019688998e+001 -5.019688998e+001
4140 +8.081254676e+000 +8.081254676e+000 -5.039874532e+001 -5.039874532e+001
5262 +7.277644057e+000 +7.277644057e+000 -5.120235594e+001 -5.120235594e+001
9140 +7.149307521e+000 +7.149307521e+000 -5.133069248e+001 -5.133069248e+001
9432 +6.998303857e+000 +6.998303857e+000 -5.148169614e+001 -5.148169614e+001
12554 +6.867716045e+000 +6.867716045e+000 -5.161228395e+001 -5.161228395e+001
32988 +6.705235423e+000 +6.705235423e+000 -5.177476458e+001 -5.177476458e+001
45598 +6.425547447e+000 +6.425547447e+000 -5.205445255e+001 -5.205445255e+001
45755 +5.904999508e+000 +5.904999508e+000 -5.257500049e+001 -5.257500049e+001
183900 +5.833893573e+000 +5.833893573e+000 -5.264610643e+001 -5.264610643e+001
298639 +5.708125143e+000 +5.708125143e+000 -5.277187486e+001 -5.277187486e+001
427367 +5.211689572e+000 +5.211689572e+000 -5.326831043e+001 -5.326831043e+001
% function evaluation | noise-free fitness - Fopt (-6.130800000000e+002) | best noise-free fitness - Fopt | measured fitness | best measured fitness | x1 | x2...
1 +2.322752487e+002 +2.322752487e+002 -3.808047513e+002 -3.808047513e+002
3 +1.878297763e+002 +1.878297763e+002 -4.252502237e+002 -4.252502237e+002
5 +1.653117049e+002 +1.653117049e+002 -4.477682951e+002 -4.477682951e+002
13 +1.510480727e+002 +1.510480727e+002 -4.620319273e+002 -4.620319273e+002
26 +1.308772751e+002 +1.308772751e+002 -4.822027249e+002 -4.822027249e+002
29 +1.100433531e+002 +1.100433531e+002 -5.030366469e+002 -5.030366469e+002
32 +9.641033398e+001 +9.641033398e+001 -5.166696660e+002 -5.166696660e+002
43 +8.864668530e+001 +8.864668530e+001 -5.244333147e+002 -5.244333147e+002
58 +6.941690278e+001 +6.941690278e+001 -5.436630972e+002 -5.436630972e+002
62 +6.372562853e+001 +6.372562853e+001 -5.493543715e+002 -5.493543715e+002
93 +5.717454053e+001 +5.717454053e+001 -5.559054595e+002 -5.559054595e+002
219 +3.128028615e+001 +3.128028615e+001 -5.817997139e+002 -5.817997139e+002
829 +2.932101629e+001 +2.932101629e+001 -5.837589837e+002 -5.837589837e+002
848 +2.500889847e+001 +2.500889847e+001 -5.880711015e+002 -5.880711015e+002
856 +2.336310012e+001 +2.336310012e+001 -5.897168999e+002 -5.897168999e+002
935 +1.978371892e+001 +1.978371892e+001 -5.932962811e+002 -5.932962811e+002
1033 +1.767863248e+001 +1.767863248e+001 -5.954013675e+002 -5.954013675e+002
1118 +1.660668813e+001 +1.660668813e+001 -5.964733119e+002 -5.964733119e+002
1409 +1.645648436e+001 +1.645648436e+001 -5.966235156e+002 -5.966235156e+002
1464 +1.396168805e+001 +1.396168805e+001 -5.991183119e+002 -5.991183119e+002
1984 +1.284573153e+001 +1.284573153e+001 -6.002342685e+002 -6.002342685e+002
2113 +1.086937488e+001 +1.086937488e+001 -6.022106251e+002 -6.022106251e+002
2513 +1.054306657e+001 +1.054306657e+001 -6.025369334e+002 -6.025369334e+002
2596 +1.002741725e+001 +1.002741725e+001 -6.030525828e+002 -6.030525828e+002
2771 +9.511506606e+000 +9.511506606e+000 -6.035684934e+002 -6.035684934e+002
3172 +8.231631625e+000 +8.231631625e+000 -6.048483684e+002 -6.048483684e+002
4041 +7.587244557e+000 +7.587244557e+000 -6.054927554e+002 -6.054927554e+002
6898 +7.060276318e+000 +7.060276318e+000 -6.060197237e+002 -6.060197237e+002
16090 +6.878869720e+000 +6.878869720e+000 -6.062011303e+002 -6.062011303e+002
26320 +6.703203070e+000 +6.703203070e+000 -6.063767969e+002 -6.063767969e+002
44135 +6.300728377e+000 +6.300728377e+000 -6.067792716e+002 -6.067792716e+002
142993 +6.156349421e+000 +6.156349421e+000 -6.069236506e+002 -6.069236506e+002
397029 +5.810317475e+000 +5.810317475e+000 -6.072696825e+002 -6.072696825e+002
501329 +5.534716879e+000 +5.534716879e+000 -6.075452831e+002 -6.075452831e+002
% function evaluation | noise-free fitness - Fopt (-4.317300000000e+002) | best noise-free fitness - Fopt | measured fitness | best measured fitness | x1 | x2...
1 +1.463689547e+002 +1.463689547e+002 -2.853610453e+002 -2.853610453e+002
4 +9.418391654e+001 +9.418391654e+001 -3.375460835e+002 -3.375460835e+002
7 +7.819097414e+001 +7.819097414e+001 -3.535390259e+002 -3.535390259e+002
39 +6.804417932e+001 +6.804417932e+001 -3.636858207e+002 -3.636858207e+002
269 +5.857787260e+001 +5.857787260e+001 -3.731521274e+002 -3.731521274e+002
300 +4.580652279e+001 +4.580652279e+001 -3.859234772e+002 -3.859234772e+002
460 +4.145441860e+001 +4.145441860e+001 -3.902755814e+002 -3.902755814e+002
605 +4.043213370e+001 +4.043213370e+001 -3.912978663e+002 -3.912978663e+002
629 +3.784501362e+001 +3.784501362e+001 -3.938849864e+002 -3.938849864e+002
672 +3.267514737e+001 +3.267514737e+001 -3.990548526e+002 -3.990548526e+002
771 +3.175498535e+001 +3.175498535e+001 -3.999750147e+002 -3.999750147e+002
834 +3.008978796e+001 +3.008978796e+001 -4.016402120e+002 -4.016402120e+002
935 +2.261037101e+001 +2.261037101e+001 -4.091196290e+002 -4.091196290e+002
1057 +2.052900274e+001 +2.052900274e+001 -4.112009973e+002 -4.112009973e+002
1301 +2.040976408e+001 +2.040976408e+001 -4.113202359e+002 -4.113202359e+002
1305 +1.940984158e+001 +1.940984158e+001 -4.123201584e+002 -4.123201584e+002
1465 +1.834889759e+001 +1.834889759e+001 -4.133811024e+002 -4.133811024e+002
1601 +1.297492162e+001 +1.297492162e+001 -4.187550784e+002 -4.187550784e+002
1944 +1.273790761e+001 +1.273790761e+001 -4.189920924e+002 -4.189920924e+002
2209 +1.166615516e+001 +1.166615516e+001 -4.200638448e+002 -4.200638448e+002
2409 +1.064709891e+001 +1.064709891e+001 -4.210829011e+002 -4.210829011e+002
2595 +9.848202464e+000 +9.848202464e+000 -4.218817975e+002 -4.218817975e+002
2783 +9.168717802e+000 +9.168717802e+000 -4.225612822e+002 -4.225612822e+002
2788 +9.010377450e+000 +9.010377450e+000 -4.227196225e+002 -4.227196225e+002
3029 +8.632597795e+000 +8.632597795e+000 -4.230974022e+002 -4.230974022e+002
3209 +8.322524918e+000 +8.322524918e+000 -4.234074751e+002 -4.234074751e+002
3717 +7.920796167e+000 +7.920796167e+000 -4.238092038e+002 -4.238092038e+002
4502 +7.282272072e+000 +7.282272072e+000 -4.244477279e+002 -4.244477279e+002
7491 +6.758619518e+000 +6.758619518e+000 -4.249713805e+002 -4.249713805e+002
8615 +6.468219680e+000 +6.468219680e+000 -4.252617803e+002 -4.252617803e+002
32904 +6.047414327e+000 +6.047414327e+000 -4.256825857e+002 -4.256825857e+002
104921 +5.803251506e+000 +5.803251506e+000 -4.259267485e+002 -4.259267485e+002
176377 +5.646161775e+000 +5.646161775e+000 -4.260838382e+002 -4.260838382e+002
793203 +5.400911178e+000 +5.400911178e+000 -4.263290888e+002 -4.263290888e+002
1278138 +5.064430041e+000 +5.064430041e+000 -4.266655700e+002 -4.266655700e+002
% function evaluation | noise-free fitness - Fopt (1.578000000000e+002) | best noise-free fitness - Fopt | measured fitness | best measured fitness | x1 | x2...
1 +1.775378454e+002 +1.775378454e+002 +3.353378454e+002 +3.353378454e+002
4 +1.301280988e+002 +1.301280988e+002 +2.879280988e+002 +2.879280988e+002
10 +1.010223636e+002 +1.010223636e+002 +2.588223636e+002 +2.588223636e+002
26 +9.090562775e+001 +9.090562775e+001 +2.487056278e+002 +2.487056278e+002
33 +8.463703362e+001 +8.463703362e+001 +2.424370336e+002 +2.424370336e+002
43 +7.981230869e+001 +7.981230869e+001 +2.376123087e+002 +2.376123087e+002
204 +7.388400768e+001 +7.388400768e+001 +2.316840077e+002 +2.316840077e+002
285 +6.816269256e+001 +6.816269256e+001 +2.259626926e+002 +2.259626926e+002
287 +6.381934442e+001 +6.381934442e+001 +2.216193444e+002 +2.216193444e+002
468 +4.255605449e+001 +4.255605449e+001 +2.003560545e+002 +2.003560545e+002
619 +4.001721786e+001 +4.001721786e+001 +1.978172179e+002 +1.978172179e+002
635 +3.736337613e+001 +3.736337613e+001 +1.951633761e+002 +1.951633761e+002
730 +3.564954047e+001 +3.564954047e+001 +1.934495405e+002 +1.934495405e+002
790 +3.178823122e+001 +3.178823122e+001 +1.895882312e+002 +1.895882312e+002
849 +3.019337406e+001 +3.019337406e+001 +1.879933741e+002 +1.879933741e+002
896 +2.589408276e+001 +2.589408276e+001 +1.836940828e+002 +1.836940828e+002
897 +2.335536062e+001 +2.335536062e+001 +1.811553606e+002 +1.811553606e+002
1023 +2.221409912e+001 +2.221409912e+001 +1.800140991e+002 +1.800140991e+002
1198 +2.107121831e+001 +2.107121831e+001 +1.788712183e+002 +1.788712183e+002
1222 +1.522516887e+001 +1.522516887e+001 +1.730251689e+002 +1.730251689e+002
1304 +1.439051185e+001 +1.439051185e+001 +1.721905119e+002 +1.721905119e+002
1685 +1.048278223e+001 +1.048278223e+001 +1.682827822e+002 +1.682827822e+002
2622 +9.141875079e+000 +9.141875079e+000 +1.669418751e+002 +1.669418751e+002
3237 +8.868637420e+000 +8.868637420e+000 +1.666686374e+002 +1.666686374e+002
3972 +8.310866569e+000 +8.310866569e+000 +1.661108666e+002 +1.661108666e+002
4922 +7.207189989e+000 +7.207189989e+000 +1.650071900e+002 +1.650071900e+002
6674 +6.880308818e+000 +6.880308818e+000 +1.646803088e+002 +1.646803088e+002
44992 +6.588459562e+000 +6.588459562e+000 +1.643884596e+002 +1.643884596e+002
52962 +6.064355412e+000 +6.064355412e+000 +1.638643554e+002 +1.638643554e+002
192217 +5.950319889e+000 +5.950319889e+000 +1.637503199e+002 +1.637503199e+002
1017750 +5.193436773e+000 +5.193436773e+000 +1.629934368e+002 +1.629934368e+002
2268783 +5.110411635e+000 +5.110411635e+000 +1.629104116e+002 +1.629104116e+002
% function evaluation | noise-free fitness - Fopt (2.198800000000e+002) | best noise-free fitness - Fopt | measured fitness | best measured fitness | x1 | x2...
1 +1.412587713e+002 +1.412587713e+002 +3.611387713e+002 +3.611387713e+002
5 +1.002798791e+002 +1.002798791e+002 +3.201598791e+002 +3.201598791e+002
9 +7.543556815e+001 +7.543556815e+001 +2.953155681e+002 +2.953155681e+002
29 +5.126032808e+001 +5.126032808e+001 +2.711403281e+002 +2.711403281e+002
223 +3.972167200e+001 +3.972167200e+001 +2.596016720e+002 +2.596016720e+002
403 +3.681123249e+001 +3.681123249e+001 +2.566912325e+002 +2.566912325e+002
461 +3.370687711e+001 +3.370687711e+001 +2.535868771e+002 +2.535868771e+002
617 +2.857543203e+001 +2.857543203e+001 +2.484554320e+002 +2.484554320e+002
651 +2.738268972e+001 +2.738268972e+001 +2.472626897e+002 +2.472626897e+002
845 +2.568863600e+001 +2.568863600e+001 +2.455686360e+002 +2.455686360e+002
905 +2.313285126e+001 +2.313285126e+001 +2.430128513e+002 +2.430128513e+002
921 +1.925148359e+001 +1.925148359e+001 +2.391314836e+002 +2.391314836e+002
1190 +1.689068347e+001 +1.689068347e+001 +2.367706835e+002 +2.367706835e+002
1197 +1.626496289e+001 +1.626496289e+001 +2.361449629e+002 +2.361449629e+002
1265 +1.518282825e+001 +1.518282825e+001 +2.350628282e+002 +2.350628282e+002
1428 +1.327212130e+001 +1.327212130e+001 +2.331521213e+002 +2.331521213e+002
1541 +1.193853884e+001 +1.193853884e+001 +2.318185388e+002 +2.318185388e+002
1876 +1.053172690e+001 +1.053172690e+001 +2.304117269e+002 +2.304117269e+002
2330 +9.960734609e+000 +9.960734609e+000 +2.298407346e+002 +2.298407346e+002
2390 +9.116875831e+000 +9.116875831e+000 +2.289968758e+002 +2.289968758e+002
2820 +8.908257928e+000 +8.908257928e+000 +2.287882579e+002 +2.287882579e+002
3171 +8.536685195e+000 +8.536685195e+000 +2.284166852e+002 +2.284166852e+002
3509 +7.916331580e+000 +7.916331580e+000 +2.277963316e+002 +2.277963316e+002
4511 +7.634621037e+000 +7.634621037e+000 +2.275146210e+002 +2.275146210e+002
6323 +6.983129565e+000 +6.983129565e+000 +2.268631296e+002 +2.268631296e+002
7326 +6.793404718e+000 +6.793404718e+000 +2.266734047e+002 +2.266734047e+002
12297 +6.738666807e+000 +6.738666807e+000 +2.266186668e+002 +2.266186668e+002
37753 +6.439126652e+000 +6.439126652e+000 +2.263191267e+002 +2.263191267e+002
86418 +6.127765096e+000 +6.127765096e+000 +2.260077651e+002 +2.260077651e+002
462252 +5.902609022e+000 +5.902609022e+000 +2.257826090e+002 +2.257826090e+002
595083 +5.563761577e+000 +5.563761577e+000 +2.254437616e+002 +2.254437616e+002
1211168 +5.284739541e+000 +5.284739541e+000 +2.251647395e+002 +2.251647395e+002
% function evaluation | noise-free fitness - Fopt (1.543700000000e+002) | best noise-free fitness - Fopt | measured fitness | best measured fitness | x1 | x2...
1 +7.737250951e+001 +7.737250951e+001 +2.317425095e+002 +2.317425095e+002
15 +6.761597071e+001 +6.761597071e+001 +2.219859707e+002 +2.219859707e+002
54 +5.911645697e+001 +5.911645697e+001 +2.134864570e+002 +2.134864570e+002
107 +5.664167023e+001 +5.664167023e+001 +2.110116702e+002 +2.110116702e+002
119 +5.081158937e+001 +5.081158937e+001 +2.051815894e+002 +2.051815894e+002
165 +4.023141342e+001 +4.023141342e+001 +1.946014134e+002 +1.946014134e+002
282 +3.963456014e+001 +3.963456014e+001 +1.940045601e+002 +1.940045601e+002
457 +3.172845182e+001 +3.172845182e+001 +1.860984518e+002 +1.860984518e+002
572 +2.560546354e+001 +2.560546354e+001 +1.799754635e+002 +1.799754635e+002
587 +2.485890510e+001 +2.485890510e+001 +1.792289051e+002 +1.792289051e+002
662 +2.252551349e+001 +2.252551349e+001 +1.768955135e+002 +1.768955135e+002
906 +2.078498507e+001 +2.078498507e+001 +1.751549851e+002 +1.751549851e+002
1091 +1.610886190e+001 +1.610886190e+001 +1.704788619e+002 +1.704788619e+002
1352 +1.481139566e+001 +1.481139566e+001 +1.691813957e+002 +1.691813957e+002
1463 +1.279794095e+001 +1.279794095e+001 +1.671679410e+002 +1.671679410e+002
1956 +1.230404339e+001 +1.230404339e+001 +1.666740434e+002 +1.666740434e+002
1974 +1.210728619e+001 +1.210728619e+001 +1.664772862e+002 +1.664772862e+002
2255 +1.021671233e+001 +1.021671233e+001 +1.645867123e+002 +1.645867123e+002
2671 +9.852615489e+000 +9.852615489e+000 +1.642226155e+002 +1.642226155e+002
2936 +9.008995786e+000 +9.008995786e+000 +1.633789958e+002 +1.633789958e+002
3484 +8.652715950e+000 +8.652715950e+000 +1.630227160e+002 +1.630227160e+002
3994 +8.047751379e+000 +8.047751379e+000 +1.624177514e+002 +1.624177514e+002
4779 +7.853036079e+000 +7.853036079e+000 +1.622230361e+002 +1.622230361e+002
5122 +7.424642167e+000 +7.424642167e+000 +1.617946422e+002 +1.617946422e+002
5446 +7.390233087e+000 +7.390233087e+000 +1.617602331e+002 +1.617602331e+002
6502 +6.972058551e+000 +6.972058551e+000 +1.613420586e+002 +1.613420586e+002
27035 +6.582497140e+000 +6.582497140e+000 +1.609524971e+002 +1.609524971e+002
41824 +6.110080901e+000 +6.110080901e+000 +1.604800809e+002 +1.604800809e+002
208638 +5.977757818e+000 +5.977757818e+000 +1.603477578e+002 +1.603477578e+002
267513 +5.720075455e+000 +5.720075455e+000 +1.600900755e+002 +1.600900755e+002
1234354 +5.576844195e+000 +5.576844195e+000 +1.599468442e+002 +1.599468442e+002
2523383 +5.117839218e+000 +5.117839218e+000 +1.594878392e+002 +1.594878392e+002
% function evaluation | noise-free fitness - Fopt (-1.217500000000e+002) | best noise-free fitness - Fopt | measured fitness | best measured fitness | x1 | x2...
1 +1.680691560e+002 +1.680691560e+002 +4.631915603e+001 +4.631915603e+001
6 +1.334948685e+002 +1.334948685e+002 +1.174486850e+001 +1.174486850e+001
20 +1.069767981e+002 +1.069767981e+002 -1.477320195e+001 -1.477320195e+001
124 +1.044639011e+002 +1.044639011e+002 -1.728609889e+001 -1.728609889e+001
135 +1.020674471e+002 +1.020674471e+002 -1.968255290e+001 -1.968255290e+001
205 +6.324435846e+001 +6.324435846e+001 -5.850564154e+001 -5.850564154e+001
372 +6.052645410e+001 +6.052645410e+001 -6.122354590e+001 -6.122354590e+001
405 +3.481601052e+001 +3.481601052e+001 -8.693398948e+001 -8.693398948e+001
676 +2.755275649e+001 +2.755275649e+001 -9.419724351e+001 -9.419724351e+001
830 +1.706874868e+001 +1.706874868e+001 -1.046812513e+002 -1.046812513e+002
1457 +1.556743371e+001 +1.556743371e+001 -1.061825663e+002 -1.061825663e+002
1658 +1.422076960e+001 +1.422076960e+001 -1.075292304e+002 -1.075292304e+002
1813 +1.295520741e+001 +1.295520741e+001 -1.087947926e+002 -1.087947926e+002
2038 +1.251681903e+001 +1.251681903e+001 -1.092331810e+002 -1.092331810e+002
2043 +1.008137761e+001 +1.008137761e+001 -1.116686224e+002 -1.116686224e+002
2213 +9.309466022e+000 +9.309466022e+000 -1.124405340e+002 -1.124405340e+002
2761 +8.942637571e+000 +8.942637571e+000 -1.128073624e+002 -1.128073624e+002
3330 +8.299520870e+000 +8.299520870e+000 -1.134504791e+002 -1.134504791e+002
4004 +7.742191231e+000 +7.742191231e+000 -1.140078088e+002 -1.140078088e+002
4593 +7.319477629e+000 +7.319477629e+000 -1.144305224e+002 -1.144305224e+002
5325 +7.062886123e+000 +7.062886123e+000 -1.146871139e+002 -1.146871139e+002
9523 +6.240111170e+000 +6.240111170e+000 -1.155098888e+002 -1.155098888e+002
39967 +5.985774421e+000 +5.985774421e+000 -1.157642256e+002 -1.157642256e+002
232747 +5.601835360e+000 +5.601835360e+000 -1.161481646e+002 -1.161481646e+002
2821042 +5.471432007e+000 +5.471432007e+000 -1.162785680e+002 -1.162785680e+002
% function evaluation | noise-free fitness - Fopt (1.630000000000e+001) | best noise-free fitness - Fopt | measured fitness | best measured fitness | x1 | x2...
1 +1.692074374e+002 +1.692074374e+002 +1.855074374e+002 +1.855074374e+002
9 +6.973731607e+001 +6.973731607e+001 +8.603731607e+001 +8.603731607e+001
333 +5.600360111e+001 +5.600360111e+001 +7.230360111e+001 +7.230360111e+001
607 +5.463276694e+001 +5.463276694e+001 +7.093276694e+001 +7.093276694e+001
629 +3.402174808e+001 +3.402174808e+001 +5.032174808e+001 +5.032174808e+001
664 +3.291191781e+001 +3.291191781e+001 +4.921191781e+001 +4.921191781e+001
917 +2.371776762e+001 +2.371776762e+001 +4.001776762e+001 +4.001776762e+001
1206 +2.018404683e+001 +2.018404683e+001 +3.648404683e+001 +3.648404683e+001
1427 +1.767545871e+001 +1.767545871e+001 +3.397545871e+001 +3.397545871e+001
1706 +1.457720049e+001 +1.457720049e+001 +3.087720049e+001 +3.087720049e+001
2153 +1.401067452e+001 +1.401067452e+001 +3.031067452e+001 +3.031067452e+001
2212 +1.314293317e+001 +1.314293317e+001 +2.944293317e+001 +2.944293317e+001
2434 +1.237010300e+001 +1.237010300e+001 +2.867010300e+001 +2.867010300e+001
2438 +1.065948483e+001 +1.065948483e+001 +2.695948483e+001 +2.695948483e+001
2566 +1.030803845e+001 +1.030803845e+001 +2.660803845e+001 +2.660803845e+001
2788 +9.952780441e+000 +9.952780441e+000 +2.625278044e+001 +2.625278044e+001
3141 +8.493849233e+000 +8.493849233e+000 +2.479384923e+001 +2.479384923e+001
3801 +8.205456741e+000 +8.205456741e+000 +2.450545674e+001 +2.450545674e+001
4733 +8.057203604e+000 +8.057203604e+000 +2.435720360e+001 +2.435720360e+001
4858 +7.592358528e+000 +7.592358528e+000 +2.389235853e+001 +2.389235853e+001
5330 +7.285773231e+000 +7.285773231e+000 +2.358577323e+001 +2.358577323e+001
7440 +7.089853792e+000 +7.089853792e+000 +2.338985379e+001 +2.338985379e+001
7844 +6.980085705e+000 +6.980085705e+000 +2.328008571e+001 +2.328008571e+001
8685 +6.892323468e+000 +6.892323468e+000 +2.319232347e+001 +2.319232347e+001
8776 +6.554157400e+000 +6.554157400e+000 +2.285415740e+001 +2.285415740e+001
32951 +6.127342720e+000 +6.127342720e+000 +2.242734272e+001 +2.242734272e+001
53504 +5.978252962e+000 +5.978252962e+000 +2.227825296e+001 +2.227825296e+001
306257 +5.759968153e+000 +5.759968153e+000 +2.205996815e+001 +2.205996815e+001
387313 +5.651288469e+000 +5.651288469e+000 +2.195128847e+001 +2.195128847e+001
645381 +5.600045568e+000 +5.600045568e+000 +2.190004557e+001 +2.190004557e+001
3066624 +5.473376104e+000 +5.473376104e+000 +2.177337610e+001 +2.177337610e+001
% function evaluation | noise-free fitness - Fopt (-2.839700000000e+002) | best noise-free fitness - Fopt | measured fitness | best measured fitness | x1 | x2...
1 +1.304857139e+002 +1.304857139e+002 -1.534842861e+002 -1.534842861e+002
4 +1.252903978e+002 +1.252903978e+002 -1.586796022e+002 -1.586796022e+002
5 +9.249681680e+001 +9.249681680e+001 -1.914731832e+002 -1.914731832e+002
23 +7.561188595e+001 +7.561188595e+001 -2.083581140e+002 -2.083581140e+002
40 +5.521682462e+001 +5.521682462e+001 -2.287531754e+002 -2.287531754e+002
219 +5.064181065e+001 +5.064181065e+001 -2.333281894e+002 -2.333281894e+002
247 +4.634816685e+001 +4.634816685e+001 -2.376218331e+002 -2.376218331e+002
274 +4.275761949e+001 +4.275761949e+001 -2.412123805e+002 -2.412123805e+002
302 +3.577181650e+001 +3.577181650e+001 -2.481981835e+002 -2.481981835e+002
366 +3.521370915e+001 +3.521370915e+001 -2.487562909e+002 -2.487562909e+002
490 +3.074612371e+001 +3.074612371e+001 -2.532238763e+002 -2.532238763e+002
564 +2.514077577e+001 +2.514077577e+001 -2.588292242e+002 -2.588292242e+002
663 +2.181495670e+001 +2.181495670e+001 -2.621550433e+002 -2.621550433e+002
898 +2.017352522e+001 +2.017352522e+001 -2.637964748e+002 -2.637964748e+002
1053 +1.714616382e+001 +1.714616382e+001 -2.668238362e+002 -2.668238362e+002
1079 +1.673559882e+001 +1.673559882e+001 -2.672344012e+002 -2.672344012e+002
1156 +1.549324516e+001 +1.549324516e+001 -2.684767548e+002 -2.684767548e+002
1643 +1.317935535e+001 +1.317935535e+001 -2.707906446e+002 -2.707906446e+002
1946 +1.145030189e+001 +1.145030189e+001 -2.725196981e+002 -2.725196981e+002
1986 +1.112741633e+001 +1.112741633e+001 -2.728425837e+002 -2.728425837e+002
2135 +9.854927318e+000 +9.854927318e+000 -2.741150727e+002 -2.741150727e+002
2680 +9.388950576e+000 +9.388950576e+000 -2.745810494e+002 -2.745810494e+002
3142 +8.234500687e+000 +8.234500687e+000 -2.757354993e+002 -2.757354993e+002
3358 +7.838281222e+000 +7.838281222e+000 -2.761317188e+002 -2.761317188e+002
5303 +7.579956242e+000 +7.579956242e+000 -2.763900438e+002 -2.763900438e+002
7080 +7.188029523e+000 +7.188029523e+000 -2.767819705e+002 -2.767819705e+002
11275 +6.940350111e+000 +6.940350111e+000 -2.770296499e+002 -2.770296499e+002
11372 +6.573203420e+000 +6.573203420e+000 -2.773967966e+002 -2.773967966e+002
33262 +6.053261206e+000 +6.053261206e+000 -2.779167388e+002 -2.779167388e+002
35936 +5.953640247e+000 +5.953640247e+000 -2.780163598e+002 -2.780163598e+002
67763 +5.872435445e+000 +5.872435445e+000 -2.780975646e+002 -2.780975646e+002
561646 +5.690235614e+000 +5.690235614e+000 -2.782797644e+002 -2.782797644e+002
1084472 +5.449191264e+000 +5.449191264e+000 -2.785208087e+002 -2.785208087e+002
1318665 +5.298537345e+000 +5.298537345e+000 -2.786714627e+002 -2.786714627e+002
2760182 +5.194859408e+000 +5.194859408e+000 -2.787751406e+002 -2.787751406e+002
% function evaluation | noise-free fitness - Fopt (1.094000000000e+002) | best noise-free fitness - Fopt | measured fitness | best measured fitness | x1 | x2...
1 +8.638956233e+002 +8.638956233e+002 +9.732956233e+002 +9.732956233e+002
2 +1.652941549e+002 +1.652941549e+002 +2.746941549e+002 +2.746941549e+002
3 +1.440843166e+002 +1.440843166e+002 +2.534843166e+002 +2.534843166e+002
21 +1.036839460e+002 +1.036839460e+002 +2.130839460e+002 +2.130839460e+002
61 +7.397734620e+001 +7.397734620e+001 +1.833773462e+002 +1.833773462e+002
229 +6.636977858e+001 +6.636977858e+001 +1.757697786e+002 +1.757697786e+002
342 +6.114209013e+001 +6.114209013e+001 +1.705420901e+002 +1.705420901e+002
350 +5.689060401e+001 +5.689060401e+001 +1.662906040e+002 +1.662906040e+002
415 +5.388359640e+001 +5.388359640e+001 +1.632835964e+002 +1.632835964e+002
447 +4.983507999e+001 +4.983507999e+001 +1.592350800e+002 +1.592350800e+002
498 +4.287313209e+001 +4.287313209e+001 +1.522731321e+002 +1.522731321e+002
693 +3.686976457e+001 +3.686976457e+001 +1.462697646e+002 +1.462697646e+002
697 +3.595781531e+001 +3.595781531e+001 +1.453578153e+002 +1.453578153e+002
832 +3.126830469e+001 +3.126830469e+001 +1.406683047e+002 +1.406683047e+002
1089 +2.975264402e+001 +2.975264402e+001 +1.391526440e+002 +1.391526440e+002
1173 +2.409560215e+001 +2.409560215e+001 +1.334956022e+002 +1.334956022e+002
1256 +1.703444092e+001 +1.703444092e+001 +1.264344409e+002 +1.264344409e+002
1623 +1.606575517e+001 +1.606575517e+001 +1.254657552e+002 +1.254657552e+002
1735 +1.530034861e+001 +1.530034861e+001 +1.247003486e+002 +1.247003486e+002
1831 +1.486668350e+001 +1.486668350e+001 +1.242666835e+002 +1.242666835e+002
1839 +1.324170020e+001 +1.324170020e+001 +1.226417002e+002 +1.226417002e+002
1931 +1.158350540e+001 +1.158350540e+001 +1.209835054e+002 +1.209835054e+002
2379 +1.054154056e+001 +1.054154056e+001 +1.199415406e+002 +1.199415406e+002
2612 +9.993049905e+000 +9.993049905e+000 +1.193930499e+002 +1.193930499e+002
2728 +9.735727529e+000 +9.735727529e+000 +1.191357275e+002 +1.191357275e+002
2807 +9.531304276e+000 +9.531304276e+000 +1.189313043e+002 +1.189313043e+002
3049 +8.681954888e+000 +8.681954888e+000 +1.180819549e+002 +1.180819549e+002
3991 +6.954923525e+000 +6.954923525e+000 +1.163549235e+002 +1.163549235e+002
5747 +6.327669216e+000 +6.327669216e+000 +1.157276692e+002 +1.157276692e+002
12994 +6.245523234e+000 +6.245523234e+000 +1.156455232e+002 +1.156455232e+002
96174 +6.159107275e+000 +6.159107275e+000 +1.155591073e+002 +1.155591073e+002
314198 +5.997959112e+000 +5.997959112e+000 +1.153979591e+002 +1.153979591e+002
614555 +5.560670492e+000 +5.560670492e+000 +1.149606705e+002 +1.149606705e+002
2085557 +5.478391249e+000 +5.478391249e+000 +1.148783912e+002 +1.148783912e+002
% function evaluation | noise-free fitness - Fopt (-5.755000000000e+001) | best noise-free fitness - Fopt | measured fitness | best measured fitness | x1 | x2...
1 +1.833371946e+002 +1.833371946e+002 +1.257871946e+002 +1.257871946e+002
3 +1.236632649e+002 +1.236632649e+002 +6.611326490e+001 +6.611326490e+001
4 +1.050001861e+002 +1.050001861e+002 +4.745018610e+001 +4.745018610e+001
10 +9.276525735e+001 +9.276525735e+001 +3.521525735e+001 +3.521525735e+001
11 +8.694111924e+001 +8.694111924e+001 +2.939111924e+001 +2.939111924e+001
12 +8.107635128e+001 +8.107635128e+001 +2.352635128e+001 +2.352635128e+001
40 +7.653032340e+001 +7.653032340e+001 +1.898032340e+001 +1.898032340e+001
81 +6.759157387e+001 +6.759157387e+001 +1.004157387e+001 +1.004157387e+001
239 +5.730530243e+001 +5.730530243e+001 -2.446975708e-001 -2.446975708e-001
326 +5.029405427e+001 +5.029405427e+001 -7.255945728e+000 -7.255945728e+000
489 +3.633886224e+001 +3.633886224e+001 -2.121113776e+001 -2.121113776e+001
508 +3.489298776e+001 +3.489298776e+001 -2.265701224e+001 -2.265701224e+001
647 +3.180358607e+001 +3.180358607e+001 -2.574641393e+001 -2.574641393e+001
823 +2.742403451e+001 +2.742403451e+001 -3.012596549e+001 -3.012596549e+001
832 +2.454547758e+001 +2.454547758e+001 -3.300452242e+001 -3.300452242e+001
1007 +2.381585213e+001 +2.381585213e+001 -3.373414787e+001 -3.373414787e+001
1070 +2.132689655e+001 +2.132689655e+001 -3.622310345e+001 -3.622310345e+001
1085 +1.960514099e+001 +1.960514099e+001 -3.794485901e+001 -3.794485901e+001
1142 +1.917308413e+001 +1.917308413e+001 -3.837691587e+001 -3.837691587e+001
1161 +1.868570631e+001 +1.868570631e+001 -3.886429369e+001 -3.886429369e+001
1302 +1.425813129e+001 +1.425813129e+001 -4.329186871e+001 -4.329186871e+001
1771 +1.359040939e+001 +1.359040939e+001 -4.395959061e+001 -4.395959061e+001
1838 +1.158612290e+001 +1.158612290e+001 -4.596387710e+001 -4.596387710e+001
2250 +1.051185988e+001 +1.051185988e+001 -4.703814012e+001 -4.703814012e+001
2436 +9.678518188e+000 +9.678518188e+000 -4.787148181e+001 -4.787148181e+001
3091 +9.012882650e+000 +9.012882650e+000 -4.853711735e+001 -4.853711735e+001
3555 +8.696309789e+000 +8.696309789e+000 -4.885369021e+001 -4.885369021e+001
3603 +8.510140566e+000 +8.510140566e+000 -4.903985943e+001 -4.903985943e+001
4214 +7.077934138e+000 +7.077934138e+000 -5.047206586e+001 -5.047206586e+001
6010 +6.314584291e+000 +6.314584291e+000 -5.123541571e+001 -5.123541571e+001
19634 +6.221660758e+000 +6.221660758e+000 -5.132833924e+001 -5.132833924e+001
109600 +6.142331459e+000 +6.142331459e+000 -5.140766854e+001 -5.140766854e+001
112753 +5.968675719e+000 +5.968675719e+000 -5.158132428e+001 -5.158132428e+001
433611 +5.864352474e+000 +5.864352474e+000 -5.168564753e+001 -5.168564753e+001
649113 +5.722182190e+000 +5.722182190e+000 -5.182781781e+001 -5.182781781e+001
1026287 +5.586963735e+000 +5.586963735e+000 -5.196303626e+001 -5.196303626e+001
2160523 +5.460733361e+000 +5.460733361e+000 -5.208926664e+001 -5.208926664e+001
2287299 +5.158277472e+000 +5.158277472e+000 -5.239172253e+001 -5.239172253e+001
% function evaluation | noise-free fitness - Fopt (-1.883200000000e+002) | best noise-free fitness - Fopt | measured fitness | best measured fitness | x1 | x2...
1 +1.684181238e+002 +1.684181238e+002 -1.990187616e+001 -1.990187616e+001
6 +1.494068228e+002 +1.494068228e+002 -3.891317724e+001 -3.891317724e+001
9 +7.841917348e+001 +7.841917348e+001 -1.099008265e+002 -1.099008265e+002
15 +6.074204661e+001 +6.074204661e+001 -1.275779534e+002 -1.275779534e+002
18 +5.051716902e+001 +5.051716902e+001 -1.378028310e+002 -1.378028310e+002
76 +4.705425929e+001 +4.705425929e+001 -1.412657407e+002 -1.412657407e+002
222 +4.369680639e+001 +4.369680639e+001 -1.446231936e+002 -1.446231936e+002
286 +4.145174201e+001 +4.145174201e+001 -1.468682580e+002 -1.468682580e+002
456 +3.810864539e+001 +3.810864539e+001 -1.502113546e+002 -1.502113546e+002
502 +2.598268196e+001 +2.598268196e+001 -1.623373180e+002 -1.623373180e+002
714 +2.149006439e+001 +2.149006439e+001 -1.668299356e+002 -1.668299356e+002
893 +1.851692383e+001 +1.851692383e+001 -1.698030762e+002 -1.698030762e+002
1129 +1.604739798e+001 +1.604739798e+001 -1.722726020e+002 -1.722726020e+002
1194 +1.420256642e+001 +1.420256642e+001 -1.741174336e+002 -1.741174336e+002
1418 +1.358463785e+001 +1.358463785e+001 -1.747353621e+002 -1.747353621e+002
1436 +1.139974885e+001 +1.139974885e+001 -1.769202511e+002 -1.769202511e+002
1763 +1.037802411e+001 +1.037802411e+001 -1.779419759e+002 -1.779419759e+002
2135 +9.250888304e+000 +9.250888304e+000 -1.790691117e+002 -1.790691117e+002
3100 +8.939619453e+000 +8.939619453e+000 -1.793803805e+002 -1.793803805e+002
3130 +8.799316477e+000 +8.799316477e+000 -1.795206835e+002 -1.795206835e+002
4015 +8.568024698e+000 +8.568024698e+000 -1.797519753e+002 -1.797519753e+002
4019 +8.073253844e+000 +8.073253844e+000 -1.802467462e+002 -1.802467462e+002
4471 +7.875809365e+000 +7.875809365e+000 -1.804441906e+002 -1.804441906e+002
4827 +7.555819565e+000 +7.555819565e+000 -1.807641804e+002 -1.807641804e+002
5789 +6.973241744e+000 +6.973241744e+000 -1.813467583e+002 -1.813467583e+002
6730 +6.633289726e+000 +6.633289726e+000 -1.816867103e+002 -1.816867103e+002
9338 +6.088349951e+000 +6.088349951e+000 -1.822316500e+002 -1.822316500e+002
92482 +5.962287200e+000 +5.962287200e+000 -1.823577128e+002 -1.823577128e+002
169764 +5.557847283e+000 +5.557847283e+000 -1.827621527e+002 -1.827621527e+002
614340 +5.335846484e+000 +5.335846484e+000 -1.829841535e+002 -1.829841535e+002
