% function evaluation | noise-free fitness - Fopt (-1.025500000000e+002) | best noise-free fitness - Fopt | measured fitness | best measured fitness | x1 | x2...
1 +6.389373610e+001 +6.389373610e+001 -3.865626390e+001 -3.865626390e+001 +1.6698e+000 -3.8023e+000 -2.5088e-001 +4.2675e-001 +1.4502e+000 +7.2612e+000 -1.4243e-001 +2.3395e+000 +3.5091e+000 +1.0220e+000
6 +4.547110789e+001 +4.547110789e+001 -5.707889211e+001 -5.707889211e+001 -6.2277e-001 -6.9102e+000 +3.5056e+000 +4.1591e+000 +4.9456e+000 +4.0458e+000 -7.6525e-001 -1.2616e-001 -1.3128e+000 -8.0245e-001
9 +3.044466076e+001 +3.044466076e+001 -7.210533924e+001 -7.210533924e+001 -1.8671e-001 -4.6953e+000 +4.9135e+000 +3.8206e+000 +1.9910e+000 +4.4974e-001 -7.0117e-001 -7.7922e-001 +6.7660e-001 -3.3684e+000
11 +2.765878658e+001 +2.765878658e+001 -7.489121342e+001 -7.489121342e+001 +1.1357e+000 -4.6554e+000 +5.4593e+000 +1.8853e+000 +2.4534e+000 +2.7082e+000 +1.5589e+000 -8.7379e-001 +5.6507e-001 -2.0604e+000
13 +1.815004809e+001 +1.815004809e+001 -8.439995191e+001 -8.439995191e+001 +2.2127e+000 -4.2836e+000 +6.6577e+000 -1.4043e+000 +1.8874e+000 +1.6780e+000 -3.9855e+000 -1.2713e+000 -5.1631e-001 -7.6523e-001
45 +1.577288761e+001 +1.577288761e+001 -8.677711239e+001 -8.677711239e+001 +5.5551e-002 -5.4811e+000 +4.3096e+000 +2.1222e+000 +1.8305e+000 +1.8952e+000 +2.0042e-001 +8.7777e-001 +1.7893e+000 -1.2814e+000
67 +1.384667535e+001 +1.384667535e+001 -8.870332465e+001 -8.870332465e+001 +9.6338e-001 -3.1412e+000 +5.7766e+000 -2.4848e-001 +2.7570e+000 +2.2552e+000 -3.5103e+000 -6.8474e-001 +1.3625e-001 -2.2120e+000
105 +1.260199666e+001 +1.260199666e+001 -8.994800334e+001 -8.994800334e+001 +1.1742e+000 -1.2741e+000 +2.6911e+000 +1.2281e+000 -3.2764e-002 +1.4593e+000 -1.9387e+000 -1.7249e+000 -1.8717e+000 -5.0278e-001
132 +9.158022036e+000 +9.158022036e+000 -9.339197796e+001 -9.339197796e+001 -3.4709e-001 -2.8857e+000 -4.4396e-001 -2.2917e-001 -1.5491e+000 +1.7443e+000 -1.4002e+000 -2.7998e-001 -1.0213e+000 +9.9205e-002
137 +8.113375084e+000 +8.113375084e+000 -9.443662492e+001 -9.443662492e+001 +8.5054e-001 -3.6749e+000 +3.8546e+000 +1.3470e-002 +2.6847e+000 +2.2465e+000 -1.6129e+000 -7.8364e-001 +1.0451e+000 -1.9719e+000
160 +7.154675083e+000 +7.154675083e+000 -9.539532492e+001 -9.539532492e+001 +1.3702e+000 -3.0926e+000 +1.2357e+000 +8.9803e-001 +7.7993e-001 +2.0026e+000 -1.0484e+000 +2.3281e-001 -3.7342e-003 -1.7717e+000
295 +6.461037926e+000 +6.461037926e+000 -9.608896207e+001 -9.608896207e+001 +5.2272e-001 +2.2937e-001 +1.8285e+000 -1.9423e-001 +1.9560e+000 +1.5536e+000 -2.1020e+000 +3.8589e-001 +2.6253e+000 -1.0272e+000
519 +6.192426587e+000 +6.192426587e+000 -9.635757341e+001 -9.635757341e+001 +1.5172e+000 -3.4195e+000 -1.5335e-001 -1.7593e+000 +1.5185e+000 +2.6644e+000 -3.3097e+000 +3.1014e+000 -2.9404e-001 -1.4884e+000
738 +5.529475347e+000 +5.529475347e+000 -9.702052465e+001 -9.702052465e+001 +2.0656e+000 -2.6598e+000 +2.4770e+000 -2.6383e+000 +1.4923e+000 +3.0697e+000 -2.3233e+000 +3.0228e-001 +1.3338e+000 +8.3568e-001
1190 +4.826597994e+000 +4.826597994e+000 -9.772340201e+001 -9.772340201e+001 +1.2683e+000 -1.1798e+000 +3.4845e+000 -2.3204e+000 +8.1668e-001 +2.6982e+000 -2.1626e+000 +8.0102e-002 +2.1529e-001 -2.9277e+000
1711 +4.082029543e+000 +4.082029543e+000 -9.846797046e+001 -9.846797046e+001 -1.5536e+000 -1.5262e+000 +2.5341e+000 -5.2651e-001 +1.6159e+000 +6.1480e-001 -1.4030e+000 +4.9785e-001 +7.1266e-001 -1.0145e+000
7833 +3.019169395e+000 +3.019169395e+000 -9.953083060e+001 -9.953083060e+001 -1.2764e+000 +2.4500e+000 +1.6911e+000 +9.2416e-001 -6.7369e-001 -1.3418e+000 -6.0796e-001 -8.6754e-001 -1.1442e+000 +6.2019e-001
8472 +2.854639076e+000 +2.854639076e+000 -9.969536092e+001 -9.969536092e+001 -2.4240e-001 -2.1716e-001 -2.1736e-001 +4.2227e-001 -4.2385e-001 -1.0409e+000 +1.0395e+000 -7.1143e-001 +2.5653e-003 +1.5721e-001
27829 +2.700321188e+000 +2.700321188e+000 -9.984967881e+001 -9.984967881e+001 -7.8683e-001 +1.4715e+000 -6.7801e-001 -8.2669e-002 -2.3387e+000 -9.6139e-001 +3.1555e-001 -5.8133e-001 -7.3102e-001 +1.4928e+000
37708 +2.354294260e+000 +2.354294260e+000 -1.001957057e+002 -1.001957057e+002 +6.5797e-002 +4.2790e-001 -3.7424e-001 -4.6171e-003 +2.1374e+000 -7.1924e-001 -4.2332e-001 +8.6422e-001 -1.7435e-001 +9.4500e-001
65477 +2.078476685e+000 +2.078476685e+000 -1.004715233e+002 -1.004715233e+002 -1.8852e+000 -4.9383e-001 -1.4335e+000 +3.5396e-001 -1.6689e+000 -6.2397e-001 +1.9634e+000 -9.1201e-001 +2.2923e-001 -5.8764e-001
225880 +1.926237676e+000 +1.926237676e+000 -1.006237623e+002 -1.006237623e+002 -9.6108e-001 -3.3101e-001 -9.9164e-001 -1.2979e-001 -1.3253e+000 -1.1311e+000 +1.2299e+000 +1.1832e+000 +4.0749e-001 +1.8860e+000
330336 +1.892183627e+000 +1.892183627e+000 -1.006578164e+002 -1.006578164e+002 -1.3632e-001 -1.0833e+000 +3.7326e-001 -1.0991e+000 +1.3779e-001 +4.7878e-001 -5.8334e-001 -6.3039e-002 -9.7268e-001 -3.3915e-001
355769 +1.273831291e+000 +1.273831291e+000 -1.012761687e+002 -1.012761687e+002 -1.0586e+000 -1.9047e-001 +3.4852e-001 -8.0661e-002 -3.0429e-001 -3.8474e-002 +7.7434e-001 +2.2250e+000 +1.9664e-001 +1.2995e-001
% function evaluation | noise-free fitness - Fopt (7.169000000000e+001) | best noise-free fitness - Fopt | measured fitness | best measured fitness | x1 | x2...
1 +6.769557398e+001 +6.769557398e+001 +1.393855740e+002 +1.393855740e+002 +1.9864e+000 -4.1838e+000 -2.1644e-002 -8.5219e-001 +3.3607e+000 +6.4075e+000 -2.3226e+000 -2.0146e+000 +1.7156e+000 -1.0913e+000
2 +2.761355570e+001 +2.761355570e+001 +9.930355570e+001 +9.930355570e+001 -3.9891e-001 +3.9681e+000 -3.0595e+000 -3.6289e+000 -1.3450e+000 +1.9230e+000 -2.1020e-001 +9.7152e-001 +2.6052e+000 -2.3155e+000
47 +2.618397557e+001 +2.618397557e+001 +9.787397557e+001 +9.787397557e+001 +3.0875e-001 -1.7746e+000 -2.5983e+000 -1.1073e+000 +1.2055e+000 +5.6629e+000 -1.7209e+000 +3.7221e+000 -5.0177e-001 -1.2305e+000
57 +1.972362573e+001 +1.972362573e+001 +9.141362573e+001 +9.141362573e+001 +8.5666e-001 -5.5582e-001 -3.0840e+000 -3.7689e+000 +3.8931e+000 +3.9436e+000 -2.8445e+000 +1.2424e+000 +4.9405e-001 +9.5108e-001
105 +1.678916719e+001 +1.678916719e+001 +8.847916719e+001 +8.847916719e+001 -7.1043e+000 +8.0268e-001 -2.9128e+000 -1.8114e+000 -1.3572e+000 +5.6450e+000 -1.7696e+000 +4.2210e+000 +1.7410e+000 -1.1380e+000
138 +1.558040225e+001 +1.558040225e+001 +8.727040225e+001 +8.727040225e+001 -3.4916e+000 -6.4401e-001 -1.8245e+000 +1.8590e-001 +4.0666e+000 +6.4528e+000 -1.0607e+000 +1.0581e+000 +1.0008e+000 -3.1879e+000
153 +1.356352598e+001 +1.356352598e+001 +8.525352598e+001 +8.525352598e+001 -1.0485e+000 +3.4800e-002 -2.1402e+000 -3.2380e-001 +1.0381e+000 +3.7267e+000 -2.5382e+000 +2.4179e+000 +1.2974e+000 -3.2160e+000
161 +1.347843929e+001 +1.347843929e+001 +8.516843929e+001 +8.516843929e+001 -1.2787e+000 -2.8407e-001 -2.3865e+000 -8.7757e-001 +1.0857e+000 +7.2223e+000 -3.1556e-001 +2.4948e+000 +2.3590e+000 -1.5213e+000
169 +1.075424098e+001 +1.075424098e+001 +8.244424098e+001 +8.244424098e+001 -3.9072e+000 +5.5948e-001 -4.4674e+000 -1.6501e+000 +3.0135e+000 +6.4371e+000 -1.2121e+000 +1.5387e+000 +1.1196e+000 +2.3147e-002
225 +6.723143219e+000 +6.723143219e+000 +7.841314322e+001 +7.841314322e+001 -2.7466e+000 -4.1263e-001 -3.0428e+000 -2.6099e-001 +2.8950e+000 +6.8709e+000 -3.7144e-001 +9.9185e-001 +1.6118e+000 -3.4538e+000
398 +5.407064314e+000 +5.407064314e+000 +7.709706431e+001 +7.709706431e+001 -3.5405e+000 -2.0438e-001 -1.5876e+000 -1.3012e+000 -1.3685e-001 +6.6184e+000 +1.0830e+000 +8.4060e-001 -1.9224e+000 -2.9017e-001
619 +5.009691602e+000 +5.009691602e+000 +7.669969160e+001 +7.669969160e+001 -4.0019e+000 -1.3057e-002 -1.2597e+000 -2.3960e+000 +1.5384e+000 +5.5402e+000 +1.1549e+000 +1.8862e+000 +7.3041e-001 +8.4631e-001
3168 +4.767587874e+000 +4.767587874e+000 +7.645758787e+001 +7.645758787e+001 -2.3685e+000 +8.8449e-002 -3.8817e-002 -2.9611e+000 -6.4655e-001 +2.2823e+000 -4.7656e-001 +2.3997e-001 +6.3875e-001 -1.8656e+000
3210 +3.599614292e+000 +3.599614292e+000 +7.528961429e+001 +7.528961429e+001 -2.0371e+000 +1.2043e+000 -2.1669e-001 +1.3879e-002 -1.4747e+000 +3.0994e+000 +8.2679e-001 +1.5814e+000 +8.8632e-001 +1.9288e+000
9488 +3.433522201e+000 +3.433522201e+000 +7.512352220e+001 +7.512352220e+001 -3.7444e-001 -1.5104e-001 -1.0591e+000 -2.0165e-001 +1.3269e+000 -1.8745e-001 -1.2464e+000 +1.0334e+000 -1.3435e+000 -1.9658e+000
11264 +2.710036246e+000 +2.710036246e+000 +7.440003625e+001 +7.440003625e+001 -3.3208e+000 +2.4517e-001 +1.2145e+000 +1.3546e-001 -8.7332e-001 +1.4523e+000 +2.9773e-001 -4.0439e-003 +1.3599e-001 -2.1226e+000
88212 +2.189195911e+000 +2.189195911e+000 +7.387919591e+001 +7.387919591e+001 -7.2233e-001 -3.4051e-001 +7.4345e-001 -9.9514e-001 +7.4571e-001 +8.1745e-001 -7.1746e-001 +9.1123e-002 -1.4297e+000 -1.9387e-001
115310 +2.010412970e+000 +2.010412970e+000 +7.370041297e+001 +7.370041297e+001 -1.3435e+000 +5.8182e-001 +7.2441e-001 +9.8102e-001 +6.2665e-001 -1.0593e+000 -1.9878e+000 -3.1192e-001 +2.3639e-001 +4.3746e-001
218283 +1.601320294e+000 +1.601320294e+000 +7.329132029e+001 +7.329132029e+001 -1.6944e+000 -1.3323e+000 +5.9573e-001 -4.4157e-001 -1.0529e+000 +1.0061e+000 -1.5897e-001 -2.7151e-001 -1.6305e-001 +1.0250e+000
239528 +1.518102576e+000 +1.518102576e+000 +7.320810258e+001 +7.320810258e+001 -2.0291e+000 -3.8984e-001 +3.8741e-002 -4.0533e-001 +7.7845e-001 -9.5991e-001 -7.1444e-001 +1.0716e-001 -1.2892e-001 -4.6986e-001
796423 +1.458458821e+000 +1.458458821e+000 +7.314845882e+001 +7.314845882e+001 +3.1044e-001 +1.2571e+000 +1.3478e+000 -2.1103e+000 +1.7516e-001 -5.7866e-001 -7.0165e-001 -1.1211e+000 -6.8077e-002 -2.9438e-001
% function evaluation | noise-free fitness - Fopt (2.140100000000e+002) | best noise-free fitness - Fopt | measured fitness | best measured fitness | x1 | x2...
1 +4.682179633e+001 +4.682179633e+001 +2.608317963e+002 +2.608317963e+002 -1.6610e+000 +2.2909e+000 -3.8622e-001 +5.7692e+000 +2.2044e+000 +5.0820e+000 -2.1638e+000 +4.1211e+000 -2.5357e+000 -8.6524e-001
3 +2.755823668e+001 +2.755823668e+001 +2.415682367e+002 +2.415682367e+002 -4.1535e+000 -9.0473e-001 +3.1338e+000 +4.3152e+000 +5.3445e-003 +3.6968e-001 -3.5305e+000 +1.2181e+000 -4.5345e-001 -2.2259e+000
7 +2.269286574e+001 +2.269286574e+001 +2.367028657e+002 +2.367028657e+002 -2.6449e+000 -1.5811e+000 +3.8901e+000 -8.9633e-001 -5.6123e-001 +1.6416e+000 -3.7055e+000 +3.8035e+000 +1.3511e+000 -4.4721e+000
11 +2.005554271e+001 +2.005554271e+001 +2.340655427e+002 +2.340655427e+002 +1.0963e+000 -1.0323e+000 +4.5146e+000 +2.8331e+000 -3.3117e+000 +4.6638e+000 -4.7986e+000 +6.5954e+000 +1.7665e+000 -3.9727e+000
31 +1.959197811e+001 +1.959197811e+001 +2.336019781e+002 +2.336019781e+002 -1.3340e+000 -1.7577e+000 +3.7259e+000 +1.9939e+000 +3.6017e-001 -3.0143e+000 -2.7167e-001 +1.9711e+000 +1.6359e+000 -3.5769e+000
40 +1.484742608e+001 +1.484742608e+001 +2.288574261e+002 +2.288574261e+002 +1.7165e+000 +1.0353e-001 +5.7840e+000 +2.2057e+000 +2.5300e+000 +3.3833e+000 -3.3133e+000 +2.7651e+000 +1.0489e-001 -4.1907e-001
68 +9.447546942e+000 +9.447546942e+000 +2.234575469e+002 +2.234575469e+002 -7.4240e-001 -2.5017e+000 +3.2959e+000 +2.8827e+000 -6.3380e-001 +2.8917e+000 -3.1528e+000 +3.0182e+000 +3.5817e-001 -4.1953e+000
205 +7.178904764e+000 +7.178904764e+000 +2.211889048e+002 +2.211889048e+002 +7.1883e-001 +8.7655e-001 +4.8866e+000 +1.4043e+000 +3.7160e-001 +2.4342e+000 -2.4290e-001 +2.2604e+000 +2.3782e-001 +1.4147e-001
329 +5.505822152e+000 +5.505822152e+000 +2.195158222e+002 +2.195158222e+002 +1.1311e+000 -3.2064e-002 +1.8077e+000 -1.9205e+000 -6.4363e-001 +1.6177e+000 -1.8828e+000 +4.0403e+000 -1.4416e+000 -1.2625e+000
640 +4.822588620e+000 +4.822588620e+000 +2.188325886e+002 +2.188325886e+002 +1.6251e+000 -3.4692e-001 +2.8260e+000 +6.7348e-002 +1.9068e-002 +3.1745e+000 -1.2948e+000 +2.9527e+000 -1.7324e+000 -1.4949e+000
738 +4.619423667e+000 +4.619423667e+000 +2.186294237e+002 +2.186294237e+002 +1.2515e+000 -7.5936e-001 +8.3402e-001 +5.6872e-001 -2.8135e-001 +3.0749e+000 -1.5180e+000 +1.6387e+000 -1.4363e+000 -1.7429e-001
2824 +4.232987424e+000 +4.232987424e+000 +2.182429874e+002 +2.182429874e+002 +2.2645e-001 -9.9508e-001 +1.6125e+000 +2.2294e+000 +1.7552e-002 +1.0254e+000 +8.4087e-001 +1.4116e+000 -5.4055e-001 +8.9911e-001
3000 +1.865318332e+000 +1.865318332e+000 +2.158753183e+002 +2.158753183e+002 +3.3269e-001 -9.8843e-002 +1.0652e+000 +8.1931e-001 -1.3841e-001 -5.8765e-001 -1.2340e+000 +1.2979e+000 +1.9377e-001 -1.3301e+000
56359 +1.678753235e+000 +1.678753235e+000 +2.156887532e+002 +2.156887532e+002 +3.3917e-001 +1.1312e+000 +6.0167e-001 +1.6712e+000 +9.1545e-001 -8.9082e-001 +1.4732e+000 -2.6858e+000 +4.9589e-001 +7.1560e-001
81800 +1.397768313e+000 +1.397768313e+000 +2.154077683e+002 +2.154077683e+002 -4.9052e-001 +4.0374e-001 +8.6394e-002 +3.3975e-001 +9.9221e-001 -2.5221e+000 +1.3616e+000 -1.2388e+000 +3.8499e-001 -2.1111e+000
829540 +1.196985949e+000 +1.196985949e+000 +2.152069859e+002 +2.152069859e+002 -4.6852e-001 +2.4931e-001 -1.1904e+000 -2.0684e-001 +2.7279e-001 -1.0648e+000 +1.2694e+000 -1.1637e+000 -3.3672e-002 +3.5743e-001
% function evaluation | noise-free fitness - Fopt (-5.848000000000e+001) | best noise-free fitness - Fopt | measured fitness | best measured fitness | x1 | x2...
1 +1.646144091e+002 +1.646144091e+002 +1.061344091e+002 +1.061344091e+002 -1.3431e+000 -1.7442e+000 +3.7410e+000 +8.6199e-001 -1.9289e+000 -5.5402e+000 -2.3494e+000 +9.4535e+000 +4.5611e+000 -3.4369e+000
4 +1.395771596e+002 +1.395771596e+002 +8.109715962e+001 +8.109715962e+001 -4.7020e-001 +1.6977e+000 +3.9147e+000 -1.6650e+000 -1.0420e+000 +7.9282e+000 +4.3266e-001 -6.9645e+000 +3.9992e+000 +1.4598e+000
6 +6.350721816e+001 +6.350721816e+001 +5.027218160e+000 +5.027218160e+000 +2.8430e-001 +2.0512e-001 +3.0815e+000 -2.5728e+000 -2.5157e+000 -3.3469e+000 -3.3646e+000 -3.9628e+000 +5.4232e+000 -1.4995e-001
21 +5.180504853e+001 +5.180504853e+001 -6.674951466e+000 -6.674951466e+000 -7.5560e-001 +1.3694e+000 +8.0540e-001 +6.3977e-001 -2.8224e+000 -3.9537e+000 -2.4487e+000 -7.2904e+000 +4.2084e+000 -1.2752e+000
51 +3.200178545e+001 +3.200178545e+001 -2.647821455e+001 -2.647821455e+001 -7.7289e-002 +9.5007e-001 +1.4935e+000 -8.1799e-001 -4.4950e+000 -2.3830e+000 -1.0026e+000 -2.8690e+000 +5.7880e+000 +9.6967e-001
52 +2.731169284e+001 +2.731169284e+001 -3.116830716e+001 -3.116830716e+001 +1.8502e+000 +1.8161e+000 -2.0556e+000 +2.5915e+000 +1.4135e+000 -2.4043e+000 -1.8133e+000 -3.4698e+000 +3.7255e+000 +1.3263e-001
72 +1.910792332e+001 +1.910792332e+001 -3.937207668e+001 -3.937207668e+001 -1.2211e+000 -3.2944e-001 +4.1384e+000 +2.5686e-001 -3.3062e+000 -6.2473e-001 -4.7555e-001 -2.2267e+000 +1.4702e+000 -2.7808e-001
118 +1.885476938e+001 +1.885476938e+001 -3.962523062e+001 -3.962523062e+001 -2.6031e+000 -1.0452e-001 -3.3736e-001 -1.8610e-001 -8.2187e-001 -1.9364e+000 +1.0938e+000 +5.8747e-001 +4.0753e+000 -1.3860e+000
133 +1.601084077e+001 +1.601084077e+001 -4.246915923e+001 -4.246915923e+001 -2.6857e+000 +5.0085e-001 +1.0359e+000 -2.0938e+000 -4.3881e+000 -1.2496e+000 -1.5425e+000 +3.9388e-001 +2.8280e+000 +2.0010e+000
135 +1.555943768e+001 +1.555943768e+001 -4.292056232e+001 -4.292056232e+001 -7.6367e-001 +2.2809e-001 +2.5942e+000 -3.0936e-001 -3.6383e+000 -1.5583e+000 -1.2533e+000 -2.7669e+000 +3.6097e+000 -3.1776e-001
141 +1.038397157e+001 +1.038397157e+001 -4.809602843e+001 -4.809602843e+001 -1.4522e+000 +2.9622e-001 +1.3218e+000 +7.3673e-001 -2.6471e+000 -3.5443e+000 -7.0597e-001 -2.8491e+000 +2.2771e+000 -6.5094e-001
200 +9.516697133e+000 +9.516697133e+000 -4.896330287e+001 -4.896330287e+001 -1.8334e+000 -1.6724e+000 +1.6080e+000 -4.2540e-002 -2.3963e+000 -6.8089e-001 -1.2239e+000 -1.0446e+000 +2.3659e+000 -5.6375e-001
288 +7.072346065e+000 +7.072346065e+000 -5.140765394e+001 -5.140765394e+001 -5.8676e-001 +2.5578e-001 -8.0892e-001 -1.6738e-001 -1.8234e+000 -4.9658e-001 -5.8644e-001 +3.4681e-001 +3.0270e+000 -3.8784e-001
442 +5.162224432e+000 +5.162224432e+000 -5.331777557e+001 -5.331777557e+001 -2.1996e+000 +2.4688e+000 +7.3847e-001 +3.7454e+000 -1.8587e+000 -3.0968e+000 -7.0532e-001 +9.3158e-001 +2.1768e+000 +5.9611e-001
502 +5.051633244e+000 +5.051633244e+000 -5.342836676e+001 -5.342836676e+001 +2.6187e-001 +1.2902e+000 +6.4648e-001 +1.0652e+000 -2.9218e+000 -8.0657e-001 -5.4691e-001 +1.5078e-001 +1.7548e+000 +4.2231e-001
731 +3.167499431e+000 +3.167499431e+000 -5.531250057e+001 -5.531250057e+001 -1.7047e+000 +1.1896e+000 +1.2502e+000 -1.6877e-001 +1.2557e+000 -1.3373e+000 -1.8167e+000 +2.3471e-001 +1.2302e+000 +3.5568e-001
7471 +2.913732455e+000 +2.913732455e+000 -5.556626755e+001 -5.556626755e+001 -1.2457e+000 +1.1838e+000 +1.4545e+000 +1.6859e+000 -3.8505e-001 -7.2534e-001 -6.1250e-001 -1.1167e+000 +3.1067e-001 -5.3160e-001
7756 +2.856678997e+000 +2.856678997e+000 -5.562332100e+001 -5.562332100e+001 -9.8679e-001 +1.5054e+000 +1.0335e+000 -5.3483e-002 +1.5797e-001 -6.3674e-001 +2.7486e+000 -9.9387e-001 -4.8764e-002 +9.0073e-001
8080 +2.370959122e+000 +2.370959122e+000 -5.610904088e+001 -5.610904088e+001 -6.1626e-001 +1.1601e+000 +7.4803e-001 +7.8820e-001 -4.1728e-001 +2.4978e-001 +7.8602e-001 -1.3370e+000 +5.3480e-001 +2.2142e-001
87882 +2.188555469e+000 +2.188555469e+000 -5.629144453e+001 -5.629144453e+001 -1.2401e+000 +5.8913e-001 +7.0293e-001 -1.1084e-001 +6.1316e-001 +1.2685e+000 +1.4721e-001 +8.0342e-001 -1.7186e+000 +3.0142e-001
89316 +2.042261052e+000 +2.042261052e+000 -5.643773895e+001 -5.643773895e+001 -7.6178e-001 +7.6326e-001 +3.7898e-002 +6.9702e-001 +5.4045e-001 -1.0614e+000 -5.4923e-001 +1.2419e-001 -2.4396e-003 -1.0531e-001
175008 +1.405527438e+000 +1.405527438e+000 -5.707447256e+001 -5.707447256e+001 +1.0086e+000 +1.1552e-001 -1.9462e+000 -1.3730e+000 -2.5413e-002 +6.5642e-001 +2.9358e-001 +7.5973e-001 -3.7085e-001 +1.0764e-001
942369 +1.332417465e+000 +1.332417465e+000 -5.714758253e+001 -5.714758253e+001 -6.2949e-001 -2.4376e-001 -2.3068e-001 -4.4677e-001 -3.2142e-001 -2.9388e-001 -2.8486e-001 -1.0688e+000 +1.9401e-001 -9.4126e-002
% function evaluation | noise-free fitness - Fopt (-6.130800000000e+002) | best noise-free fitness - Fopt | measured fitness | best measured fitness | x1 | x2...
1 +1.062867652e+003 +1.062867652e+003 +4.497876523e+002 +4.497876523e+002 -3.0880e+000 -9.4610e+000 +4.5797e+000 +5.3261e+000 -1.0286e+001 +1.7397e+000 +4.3976e+000 +1.2314e+000 +1.1284e+001 -5.8230e+000
2 +9.551849334e+001 +9.551849334e+001 -5.175615067e+002 -5.175615067e+002 -1.6443e+000 -2.3344e+000 +6.2436e+000 +5.3023e+000 -5.1260e+000 +2.1653e+000 +2.9254e-001 -3.9683e+000 +9.5665e-001 -2.3821e+000
12 +4.843253903e+001 +4.843253903e+001 -5.646474610e+002 -5.646474610e+002 +1.8903e+000 -4.2649e+000 +3.8889e-001 +2.7817e+000 -3.9183e+000 +2.9543e+000 +4.0505e-001 +9.0181e-001 +3.9303e+000 -3.3771e+000
27 +3.726099089e+001 +3.726099089e+001 -5.758190091e+002 -5.758190091e+002 -2.2559e-001 -3.3027e-001 +7.1542e+000 +1.5772e+000 -2.3536e+000 +2.7901e-002 -1.0837e+000 +3.2336e+000 -5.0519e-001 +9.9355e-001
36 +3.268372189e+001 +3.268372189e+001 -5.803962781e+002 -5.803962781e+002 +1.4667e-001 -2.2677e+000 +9.9788e-001 +3.6910e+000 -3.9105e+000 +1.2930e+000 +8.9528e-001 +7.7562e-001 -5.9842e-001 -4.3218e+000
46 +2.590103522e+001 +2.590103522e+001 -5.871789648e+002 -5.871789648e+002 -2.6303e+000 -3.2632e+000 +4.8909e+000 +4.1081e+000 -2.8646e+000 +3.7587e+000 +1.6125e-001 +4.0645e-001 +2.6038e+000 -1.0279e+000
63 +2.421389364e+001 +2.421389364e+001 -5.888661064e+002 -5.888661064e+002 +4.0500e-001 -2.6347e+000 +4.7295e-001 +3.1014e+000 -4.0465e+000 +4.4492e+000 +2.6742e+000 +1.6693e+000 +2.8997e+000 -1.9579e+000
65 +2.382352935e+001 +2.382352935e+001 -5.892564706e+002 -5.892564706e+002 +1.0269e+000 -3.2295e+000 +1.8175e+000 +5.4693e+000 -1.9681e+000 +5.3278e-001 +1.7529e+000 +1.3425e+000 +2.0362e+000 -8.9196e-001
68 +2.283337299e+001 +2.283337299e+001 -5.902466270e+002 -5.902466270e+002 -1.6010e+000 -1.8390e+000 +3.3068e+000 +2.7628e+000 -5.0148e+000 +2.0601e+000 +4.2641e+000 +2.9689e+000 +1.4210e+000 -1.5009e+000
70 +2.190863982e+001 +2.190863982e+001 -5.911713602e+002 -5.911713602e+002 +9.1646e-001 -1.5465e+000 +3.4817e+000 +1.9959e+000 -4.3880e+000 +3.5866e+000 +1.5108e+000 +5.6524e-001 +1.9378e+000 -1.5038e+000
109 +1.793790807e+001 +1.793790807e+001 -5.951420919e+002 -5.951420919e+002 +7.4560e-001 -1.5047e+000 +4.4410e+000 +4.6265e+000 -2.9549e+000 +2.7679e+000 +2.7622e+000 +2.2584e+000 +7.5327e-001 +3.7062e-002
121 +1.714825635e+001 +1.714825635e+001 -5.959317436e+002 -5.959317436e+002 -1.0989e+000 -2.5479e+000 +3.2491e+000 +2.1148e+000 -1.0401e+000 +5.6278e-001 +1.0108e+000 +2.3924e-001 +6.1771e-001 +1.0966e+000
155 +1.571658577e+001 +1.571658577e+001 -5.973634142e+002 -5.973634142e+002 -5.6278e-001 -4.1519e+000 +2.9654e+000 +2.7278e+000 -6.3745e-001 +2.0744e+000 +1.7342e+000 +1.2284e+000 +2.6631e+000 -1.1468e-001
211 +1.168245756e+001 +1.168245756e+001 -6.013975424e+002 -6.013975424e+002 -9.9772e-001 -2.3517e+000 +1.1574e+000 +2.7436e+000 -2.5633e+000 +3.7825e+000 +3.9513e+000 +2.3771e+000 -2.8298e-001 -1.0658e-001
254 +1.016958034e+001 +1.016958034e+001 -6.029104197e+002 -6.029104197e+002 +9.3883e-001 -2.6788e+000 +1.0484e+000 +2.7062e+000 +2.0666e+000 +1.9209e+000 +1.5843e+000 +2.5252e+000 -1.3242e+000 -3.8215e-001
255 +8.870648083e+000 +8.870648083e+000 -6.042093519e+002 -6.042093519e+002 -2.9829e+000 -2.4842e+000 +1.4371e+000 +2.1578e+000 +8.7122e-001 +3.0382e+000 +3.3871e+000 +1.4069e+000 -3.1863e+000 +2.4898e-001
331 +5.998885212e+000 +5.998885212e+000 -6.070811148e+002 -6.070811148e+002 +1.4528e+000 -2.2094e+000 -6.4546e-001 +7.8106e-001 -1.7766e+000 +3.0842e+000 +1.1970e-001 +3.0640e+000 -1.0550e+000 -4.6749e-001
554 +5.660083857e+000 +5.660083857e+000 -6.074199161e+002 -6.074199161e+002 -1.7708e-001 -2.8954e+000 +1.3282e+000 +2.2007e+000 -2.0884e+000 +2.9611e+000 +3.8797e+000 +6.7493e-001 -2.1288e+000 +5.4791e-001
690 +4.555616806e+000 +4.555616806e+000 -6.085243832e+002 -6.085243832e+002 +5.9513e-002 -2.3757e+000 +2.1997e+000 +2.1423e+000 -1.1006e-001 +1.6915e+000 +1.5024e+000 +2.1122e+000 -4.5741e-001 +7.3913e-001
1417 +3.845102011e+000 +3.845102011e+000 -6.092348980e+002 -6.092348980e+002 +1.4770e+000 -1.4054e+000 -1.1235e+000 +6.6682e-001 +1.4861e-001 +2.3043e+000 +7.9016e-001 +7.6485e-001 -8.7703e-001 -9.9131e-002
2642 +3.380002931e+000 +3.380002931e+000 -6.096999971e+002 -6.096999971e+002 +3.6283e-001 -2.4918e-002 +1.1806e+000 -1.3453e+000 -2.6482e-002 -1.3872e+000 -1.2682e+000 +1.2974e+000 -7.2535e-001 -4.0657e-001
2924 +2.819851908e+000 +2.819851908e+000 -6.102601481e+002 -6.102601481e+002 +1.1319e+000 -9.1984e-002 +2.3838e-001 +9.8167e-002 -4.8104e-002 -4.3030e-001 +8.6392e-001 +6.1854e-001 -1.0329e+000 -1.3722e+000
9152 +2.603758165e+000 +2.603758165e+000 -6.104762418e+002 -6.104762418e+002 -5.4754e-002 +1.3302e+000 -2.3545e+000 -5.4861e-001 -9.5583e-001 -7.9498e-001 -7.8095e-001 +8.2636e-001 +1.5849e+000 -7.1812e-001
12296 +2.243797858e+000 +2.243797858e+000 -6.108362021e+002 -6.108362021e+002 -1.0578e-001 +9.0595e-001 +3.0515e-001 +1.1224e+000 +3.4102e-001 -1.5155e+000 -1.5384e+000 -4.2734e-001 +6.4423e-001 -8.6755e-001
34549 +2.094537253e+000 +2.094537253e+000 -6.109854627e+002 -6.109854627e+002 -1.3840e-001 -3.9693e-001 -3.4593e-001 -6.6554e-002 +5.6746e-001 +4.8517e-002 -1.0866e+000 -5.2492e-001 -5.4556e-002 +1.3236e-001
137585 +1.985409349e+000 +1.985409349e+000 -6.110945907e+002 -6.110945907e+002 -9.7413e-001 +1.2326e+000 +6.8807e-001 -3.9148e-002 +1.0544e+000 +5.9356e-002 -7.7120e-001 +1.3581e-001 -1.3321e+000 -2.5767e-002
325410 +1.092120944e+000 +1.092120944e+000 -6.119878791e+002 -6.119878791e+002 -1.0288e-001 -8.1106e-001 -5.6596e-001 -1.0371e-001 -1.0749e+000 -1.1810e+000 -3.6622e-001 +6.3244e-001 -8.3945e-002 +7.4127e-001
% function evaluation | noise-free fitness - Fopt (-4.317300000000e+002) | best noise-free fitness - Fopt | measured fitness | best measured fitness | x1 | x2...
1 +4.958275067e+002 +4.958275067e+002 +6.409750674e+001 +6.409750674e+001 -1.3360e+001 +8.4093e+000 -2.2101e+000 +1.4490e+001 +4.1999e+000 -4.6572e+000 -2.3047e-001 +1.6056e+000 -1.2154e+001 -1.4264e+000
2 +1.000501407e+002 +1.000501407e+002 -3.316798593e+002 -3.316798593e+002 +3.2786e+000 +4.5746e+000 -2.9688e+000 +1.5170e+000 -3.6514e+000 -4.5068e+000 +2.4423e+000 -3.4145e+000 -3.8511e-001 +4.4182e+000
3 +3.852527482e+001 +3.852527482e+001 -3.932047252e+002 -3.932047252e+002 +2.0534e+000 +2.8240e+000 -3.7136e+000 -2.3897e+000 -3.1397e+000 +2.1154e+000 +2.2602e+000 -6.5688e-001 -1.5066e+000 -3.0273e+000
22 +3.723743124e+001 +3.723743124e+001 -3.944925688e+002 -3.944925688e+002 +2.8886e+000 +7.5019e+000 -3.1764e+000 +3.1197e+000 -3.2864e-001 -1.9220e+000 +1.1788e+000 +4.5833e-001 -5.9666e-001 -5.3629e-002
24 +2.897613557e+001 +2.897613557e+001 -4.027538644e+002 -4.027538644e+002 +7.3507e-001 -1.3091e-001 -2.2639e+000 -2.1079e-001 -2.3243e+000 -4.1497e+000 -2.1570e+000 +2.7084e-001 +3.9245e+000 -5.6168e-001
42 +2.499855419e+001 +2.499855419e+001 -4.067314458e+002 -4.067314458e+002 +3.5656e+000 +2.9290e+000 +1.7035e+000 +1.5865e+000 -4.2582e+000 +4.5959e-001 +1.9967e+000 -1.4774e+000 +2.2272e+000 -2.4440e+000
51 +2.223445354e+001 +2.223445354e+001 -4.094955465e+002 -4.094955465e+002 +7.5654e-002 +3.8897e+000 -3.5241e+000 +2.2746e+000 -2.0413e+000 +1.6290e-001 -2.6399e+000 +1.2306e+000 -3.4976e-001 +7.7324e-001
54 +1.818871727e+001 +1.818871727e+001 -4.135412827e+002 -4.135412827e+002 +2.2357e+000 +3.4514e+000 -3.6631e+000 +4.0559e+000 +1.4815e+000 -7.8328e-001 -1.3790e+000 +1.6661e-001 -3.5523e-001 -1.7931e+000
71 +1.356008062e+001 +1.356008062e+001 -4.181699194e+002 -4.181699194e+002 +2.9518e+000 +1.1048e+000 -4.9304e-001 +3.0766e-001 -2.3085e+000 -1.4487e+000 -2.2554e-001 -2.5478e+000 +2.0888e+000 -3.5952e-001
125 +1.321449069e+001 +1.321449069e+001 -4.185155093e+002 -4.185155093e+002 +1.2901e+000 +3.8323e+000 +2.3110e-001 +1.8860e+000 +2.2233e+000 -7.9018e-001 -3.4216e-001 -2.3751e-001 +9.8872e-001 -1.7252e+000
129 +8.682749180e+000 +8.682749180e+000 -4.230472508e+002 -4.230472508e+002 +2.4058e+000 +1.4196e-001 +9.9438e-001 +1.3377e+000 -1.2853e+000 +2.4470e-001 +1.1724e+000 -1.6812e-001 -8.7490e-001 +1.6114e+000
236 +7.477890731e+000 +7.477890731e+000 -4.242521093e+002 -4.242521093e+002 +4.3012e-001 +2.5008e+000 +1.7724e+000 +6.4541e+000 +3.3993e-003 -8.6232e-002 -2.3350e-002 +3.0278e-001 -1.8524e-001 -7.3770e-001
299 +5.683584546e+000 +5.683584546e+000 -4.260464155e+002 -4.260464155e+002 +1.8554e+000 +7.1752e-001 +7.5430e-001 +2.5037e+000 +7.7798e-001 -6.3250e-001 -5.3399e-001 +1.3665e+000 +2.0172e-001 -2.1790e+000
333 +4.310065552e+000 +4.310065552e+000 -4.274199344e+002 -4.274199344e+002 +1.1306e+000 -1.5109e-001 +4.7809e-001 +1.0134e+000 +1.0127e+000 -1.0486e+000 +1.3118e+000 +5.6478e-001 +1.2987e+000 -2.1598e+000
1707 +3.850774665e+000 +3.850774665e+000 -4.278792253e+002 -4.278792253e+002 +5.6714e-001 -2.0114e-001 +2.9766e-001 +2.1975e+000 +8.1562e-001 -2.3372e-001 -1.0312e+000 +3.7574e-001 -3.0309e-001 +1.0676e+000
2770 +3.570059120e+000 +3.570059120e+000 -4.281599409e+002 -4.281599409e+002 +2.0440e-001 +2.0169e-001 +1.4297e+000 +2.6259e-001 +1.4809e+000 +4.1485e-001 +1.3411e-001 +1.8822e+000 -1.4516e+000 -4.2764e-001
3050 +3.401144142e+000 +3.401144142e+000 -4.283288559e+002 -4.283288559e+002 +8.2908e-002 -4.3690e-001 +4.8176e-001 +1.7232e+000 -2.7251e+000 -4.7499e-001 -2.9910e-001 +1.4765e+000 +2.4259e-002 +4.2919e-001
5982 +3.095653864e+000 +3.095653864e+000 -4.286343461e+002 -4.286343461e+002 -6.5087e-001 -7.1066e-001 +2.4100e-001 +1.1502e+000 -8.4990e-002 +4.3417e-001 +1.4335e-001 +1.8694e+000 +7.7727e-001 +1.1907e-003
6776 +2.874777699e+000 +2.874777699e+000 -4.288552223e+002 -4.288552223e+002 +6.1128e-001 +1.7269e+000 +7.0242e-001 +7.3591e-001 +5.8970e-001 -1.4303e-001 -7.5446e-002 +8.8873e-001 +4.4402e-001 -7.6398e-001
10616 +2.715440363e+000 +2.715440363e+000 -4.290145596e+002 -4.290145596e+002 +8.3825e-002 -1.2719e+000 +1.5125e-001 -1.7087e+000 -7.5293e-001 -3.3603e-001 +1.0052e+000 -1.4905e+000 +1.0095e+000 -8.2195e-001
12535 +2.645241123e+000 +2.645241123e+000 -4.290847589e+002 -4.290847589e+002 -6.6621e-001 +4.1975e-001 +3.7428e-001 -5.6791e-001 +2.0514e-001 +9.7560e-001 +4.3853e-001 +1.5669e+000 -1.4331e-001 -6.9945e-002
13460 +1.784942473e+000 +1.784942473e+000 -4.299450575e+002 -4.299450575e+002 +1.2990e+000 +4.9334e-001 +9.6698e-001 +3.8175e-001 -6.3972e-001 -2.0508e-001 -1.6343e+000 -1.7245e+000 +9.0967e-001 -9.3548e-001
318525 +1.717659549e+000 +1.717659549e+000 -4.300123405e+002 -4.300123405e+002 +7.8308e-001 -1.6793e-001 +7.7295e-001 +9.3517e-001 -4.6446e-001 -7.5163e-001 -5.3231e-001 +5.6910e-001 +8.7662e-001 -1.6922e+000
669238 +1.612191391e+000 +1.612191391e+000 -4.301178086e+002 -4.301178086e+002 -8.1560e-001 +1.5026e+000 -3.8692e-001 +1.3125e+000 -5.7380e-001 -3.9530e-001 -3.8728e-001 +1.3883e+000 -1.5556e+000 -4.6040e-001
% function evaluation | noise-free fitness - Fopt (1.578000000000e+002) | best noise-free fitness - Fopt | measured fitness | best measured fitness | x1 | x2...
1 +1.900361824e+002 +1.900361824e+002 +3.478361824e+002 +3.478361824e+002 -4.1830e+000 +2.0936e+000 +3.3699e+000 -1.7372e+000 -2.8739e+000 +1.1556e+000 -9.6036e-001 +1.0164e+001 +5.6171e-001 +3.3286e+000
2 +2.193546495e+001 +2.193546495e+001 +1.797354650e+002 +1.797354650e+002 -1.9027e+000 -1.0068e+000 +1.7914e+000 -6.1308e-001 -5.5312e+000 +8.7800e-001 -1.1085e+000 -2.6627e-001 +2.9112e+000 -2.9828e+000
4 +1.968926213e+001 +1.968926213e+001 +1.774892621e+002 +1.774892621e+002 -2.8867e+000 +5.4140e-001 +2.6329e+000 +3.5667e-001 -1.2612e+000 -2.9644e-001 -9.6009e-001 -1.2018e-001 -6.7157e-001 +2.6047e+000
21 +1.630323172e+001 +1.630323172e+001 +1.741032317e+002 +1.741032317e+002 -3.1822e+000 -5.2206e-001 +1.4379e+000 +1.8396e-001 -2.5602e+000 -1.7982e+000 -6.0630e-001 +6.7866e-001 +1.4098e+000 -2.9342e+000
59 +7.987742523e+000 +7.987742523e+000 +1.657877425e+002 +1.657877425e+002 -3.4626e+000 -2.1856e+000 -2.0929e-001 -1.3137e+000 -2.0682e+000 -6.4399e-001 +3.6699e+000 -4.1327e-001 +2.4790e+000 -5.5699e-001
512 +5.618889659e+000 +5.618889659e+000 +1.634188897e+002 +1.634188897e+002 -3.6094e+000 -2.3742e+000 -2.1625e+000 +2.9092e+000 -2.9702e-001 +1.8255e+000 +7.2770e-001 -5.3847e-001 -1.7943e+000 -1.4264e+000
1063 +4.500938379e+000 +4.500938379e+000 +1.623009384e+002 +1.623009384e+002 -2.6023e+000 -3.2346e+000 -1.2910e-001 +3.2183e-001 -9.6843e-001 +9.0094e-001 +8.4717e-001 +6.0648e-001 +1.2200e-001 -1.1084e+000
1219 +4.380578114e+000 +4.380578114e+000 +1.621805781e+002 +1.621805781e+002 -2.4560e+000 -2.3977e+000 -1.3206e+000 +2.8259e-001 -7.3591e-001 +6.9355e-002 +8.8618e-001 +9.8023e-001 +8.8346e-001 -7.0174e-001
1222 +3.891985078e+000 +3.891985078e+000 +1.616919851e+002 +1.616919851e+002 -2.7790e+000 -4.4586e+000 -1.0083e+000 +4.8710e-001 -1.7712e+000 -2.0937e-001 +8.8321e-001 +2.3676e-001 +8.2761e-002 -6.2469e-001
1671 +3.828859734e+000 +3.828859734e+000 +1.616288597e+002 +1.616288597e+002 -1.8134e+000 -8.2800e-001 -6.4494e-001 +9.2792e-001 -7.6691e-001 +1.5321e+000 +1.1111e+000 +9.8623e-001 -1.0114e+000 -7.5894e-001
5698 +3.526676214e+000 +3.526676214e+000 +1.613266762e+002 +1.613266762e+002 -6.1451e-001 -1.0522e+000 -6.4280e-001 -1.0614e+000 -3.2624e+000 +9.0003e-001 +1.0640e-001 +5.0740e-001 +9.3560e-001 -1.6080e+000
6102 +3.406152317e+000 +3.406152317e+000 +1.612061523e+002 +1.612061523e+002 -5.5246e-001 +2.6066e+000 +9.4951e-001 +5.0287e-001 -1.2740e+000 +7.5521e-001 -8.0102e-001 -1.7359e-001 +3.6527e-001 -4.0923e-001
10841 +2.791809305e+000 +2.791809305e+000 +1.605918093e+002 +1.605918093e+002 -1.1215e+000 -4.9409e-001 -6.0423e-001 -8.0840e-001 -1.7164e+000 +3.2541e-001 +2.7555e-001 +6.3388e-001 +2.5956e-001 -1.0852e+000
12260 +2.589735136e+000 +2.589735136e+000 +1.603897351e+002 +1.603897351e+002 -1.3644e+000 -1.7977e+000 -7.8276e-001 -1.8952e+000 -7.9309e-001 +1.9272e+000 +1.1161e+000 -2.2611e-001 +1.4255e+000 -1.1549e+000
19430 +2.433941630e+000 +2.433941630e+000 +1.602339416e+002 +1.602339416e+002 -1.9011e+000 -2.0244e-001 -1.6120e+000 +1.0679e-001 -3.4947e-001 -2.3351e-001 +1.4491e+000 +8.2093e-001 +1.3321e-001 -1.2918e+000
20693 +2.290047905e+000 +2.290047905e+000 +1.600900479e+002 +1.600900479e+002 -1.9949e+000 -8.9202e-001 -4.5603e-001 +5.0641e-002 -3.2499e-001 -3.3227e-001 +1.1824e-001 -3.6375e-001 +3.9606e-001 -8.5557e-001
38431 +2.122484087e+000 +2.122484087e+000 +1.599224841e+002 +1.599224841e+002 -3.1820e-001 -5.3754e-001 -5.8848e-001 +9.0934e-001 -1.7845e+000 +1.5613e+000 +1.5764e+000 +2.4849e-001 +1.5104e+000 -5.8120e-001
76175 +1.879941201e+000 +1.879941201e+000 +1.596799412e+002 +1.596799412e+002 -1.6453e+000 +2.9743e-002 -6.0731e-001 +5.0756e-001 -1.3446e+000 +2.9018e-001 -6.5267e-001 -9.5982e-001 -2.1754e-001 -2.1799e-001
130524 +1.857579535e+000 +1.857579535e+000 +1.596575795e+002 +1.596575795e+002 -1.8995e+000 -4.9854e-001 -4.0456e-001 +1.6231e+000 -1.0712e+000 +2.0935e-001 +4.5600e-001 +7.2127e-001 -4.1045e-001 -1.0538e+000
225730 +1.796903874e+000 +1.796903874e+000 +1.595969039e+002 +1.595969039e+002 -8.7909e-001 +5.1214e-001 -1.6479e+000 +1.4062e+000 +1.0842e-001 -1.4213e-001 +1.5829e+000 +4.6147e-001 -5.6015e-002 +2.6210e-001
447827 +1.694338355e+000 +1.694338355e+000 +1.594943384e+002 +1.594943384e+002 -1.1546e+000 +5.0320e-001 -1.0558e+000 +4.9332e-001 -1.2953e+000 +5.1381e-001 -1.5504e+000 +1.9112e+000 -1.2610e-001 +5.9645e-002
% function evaluation | noise-free fitness - Fopt (2.198800000000e+002) | best noise-free fitness - Fopt | measured fitness | best measured fitness | x1 | x2...
1 +6.295959725e+001 +6.295959725e+001 +2.828395972e+002 +2.828395972e+002 -3.5625e+000 +3.4868e+000 -3.1660e+000 -2.1811e+000 -1.2808e-001 +1.1570e+000 +4.9938e+000 -3.4121e+000 -2.3832e+000 -1.9764e+000
5 +3.095081935e+001 +3.095081935e+001 +2.508308193e+002 +2.508308193e+002 -4.9064e-002 +2.5948e+000 -5.7124e+000 +5.0867e+000 -4.3630e-001 -7.2823e-001 +3.5627e+000 -3.3236e+000 +4.5983e+000 +1.5121e+000
15 +2.410241550e+001 +2.410241550e+001 +2.439824155e+002 +2.439824155e+002 +6.1075e-001 +2.4847e+000 -2.8831e+000 +5.0814e+000 -4.1384e-001 -1.1221e+000 -1.1497e-001 -2.5127e+000 +4.4825e+000 +1.0087e+000
17 +1.839301142e+001 +1.839301142e+001 +2.382730114e+002 +2.382730114e+002 +2.6197e-001 +2.0740e+000 -4.9786e+000 +3.9686e+000 +1.4165e+000 -3.3120e+000 -4.1815e-001 -2.7188e+000 +3.4011e+000 -3.9028e-001
94 +1.357577376e+001 +1.357577376e+001 +2.334557738e+002 +2.334557738e+002 -4.5669e-001 -3.2604e-001 -3.3489e+000 -2.7653e-001 -1.7971e+000 +1.0637e+000 +2.4140e+000 -2.6650e+000 +3.3223e+000 +3.2687e-001
107 +1.177718813e+001 +1.177718813e+001 +2.316571881e+002 +2.316571881e+002 +1.5819e+000 +1.8545e+000 -5.1705e+000 +2.3096e+000 -5.3595e-001 +3.7074e-002 +1.3660e+000 -1.3123e+000 +3.9407e+000 -1.3566e+000
161 +9.131985036e+000 +9.131985036e+000 +2.290119850e+002 +2.290119850e+002 -6.9223e-001 +2.4386e+000 -3.3715e+000 -2.0425e-001 -4.9507e-001 -5.8612e-001 +1.0763e+000 -2.0102e-001 +3.3125e+000 -8.2294e-001
206 +9.073180203e+000 +9.073180203e+000 +2.289531802e+002 +2.289531802e+002 -8.8501e-001 +1.4527e+000 -3.9171e+000 +1.4706e+000 -7.2912e-001 -2.0848e-001 -1.7090e+000 -1.8421e+000 +2.5288e+000 -1.2400e+000
211 +8.726685327e+000 +8.726685327e+000 +2.286066853e+002 +2.286066853e+002 -1.0714e+000 +2.6254e+000 -3.8722e+000 +1.8683e+000 -1.0176e+000 +1.0685e+000 +1.6527e+000 -1.7145e+000 +3.4065e+000 -7.1393e-001
245 +8.202673023e+000 +8.202673023e+000 +2.280826730e+002 +2.280826730e+002 -1.3306e+000 +1.6220e+000 -2.0713e+000 +1.7395e+000 +2.4701e-001 +2.5976e+000 +7.3197e-001 -1.1541e+000 -1.0579e-001 +1.0586e+000
326 +6.504282607e+000 +6.504282607e+000 +2.263842826e+002 +2.263842826e+002 -1.7615e+000 +4.2583e-002 -4.0668e+000 -4.5767e-001 -1.1935e+000 -3.0703e-001 +2.3658e-001 -2.7663e+000 +1.7514e+000 -1.2190e+000
415 +5.843906020e+000 +5.843906020e+000 +2.257239060e+002 +2.257239060e+002 -2.1619e+000 +3.1071e-001 -2.3014e+000 +6.4447e-001 +2.0136e+000 +1.4483e+000 -3.3644e-001 -1.3927e+000 +9.3976e-001 -1.5580e+000
515 +5.452957258e+000 +5.452957258e+000 +2.253329573e+002 +2.253329573e+002 -1.3091e+000 +3.0370e-001 -3.7513e+000 +2.1090e+000 -1.9492e-002 +9.5148e-001 -7.8336e-001 -1.3318e+000 +3.3540e+000 -1.3059e+000
661 +5.360888975e+000 +5.360888975e+000 +2.252408890e+002 +2.252408890e+002 -8.1456e-001 +1.8718e+000 -4.6525e+000 -9.9588e-001 -3.7768e-001 +7.6230e-001 -3.5137e-001 -5.7445e-001 +2.2324e+000 -2.2389e+000
1697 +4.193836812e+000 +4.193836812e+000 +2.240738368e+002 +2.240738368e+002 -5.2169e-001 +8.9999e-001 -4.2672e+000 -3.2650e-001 +9.5926e-001 -9.4098e-001 +1.1725e+000 -4.6118e-001 +3.0033e+000 -1.2745e+000
1756 +3.926687152e+000 +3.926687152e+000 +2.238066872e+002 +2.238066872e+002 +2.6050e-001 +5.5116e-001 -4.6937e+000 +9.9925e-001 -8.3681e-002 -7.8583e-003 +1.4138e+000 -1.3592e+000 +3.7470e+000 -7.5322e-001
1838 +3.751393166e+000 +3.751393166e+000 +2.236313932e+002 +2.236313932e+002 -3.5524e-001 +8.1127e-001 -3.5875e+000 -1.0798e+000 +8.1679e-002 -7.9146e-001 +5.1857e-001 -3.0572e+000 +3.1437e+000 -1.8355e+000
5130 +3.176110916e+000 +3.176110916e+000 +2.230561109e+002 +2.230561109e+002 -6.2878e-001 -1.1876e+000 -9.8016e-001 -3.2255e-001 -9.9362e-001 +5.8928e-001 -1.8805e+000 -3.6046e-002 +1.5274e+000 -2.4290e+000
5541 +3.080068288e+000 +3.080068288e+000 +2.229600683e+002 +2.229600683e+002 +1.6316e-001 +6.5676e-002 -4.8526e-001 +7.8924e-002 -1.0073e+000 -9.9413e-002 -1.1252e-002 -4.0227e-001 -1.7839e-001 -7.3756e-001
11950 +2.871100768e+000 +2.871100768e+000 +2.227511008e+002 +2.227511008e+002 -7.4785e-001 -8.9367e-001 +3.1731e+000 +1.1108e-001 -3.3970e-002 +1.1872e-001 -4.5509e-001 -4.6644e-001 -9.3477e-001 +9.9511e-002
13227 +2.541074407e+000 +2.541074407e+000 +2.224210744e+002 +2.224210744e+002 +2.1608e-001 +3.6189e-002 -6.8919e-001 -6.7340e-001 -8.7433e-001 -4.0539e-001 -1.8302e-001 -2.6743e-001 -1.0615e+000 +2.1145e-001
24653 +2.441521553e+000 +2.441521553e+000 +2.223215216e+002 +2.223215216e+002 -5.8355e-001 -2.1251e-001 -5.2526e-001 +2.3109e-001 +4.3652e-001 +7.8813e-001 +5.5399e-001 +6.6228e-001 -6.2586e-001 -3.2618e-001
32815 +2.217690164e+000 +2.217690164e+000 +2.220976902e+002 +2.220976902e+002 -6.6804e-001 +2.8641e-001 -2.6038e+000 +1.9456e-002 +5.8634e-002 +8.2553e-001 +1.8585e+000 -4.4175e-001 +1.5631e+000 -1.5508e+000
49466 +1.536219993e+000 +1.536219993e+000 +2.214162200e+002 +2.214162200e+002 -6.6647e-001 +6.5147e-001 +5.1192e-001 +9.2152e-001 -1.0344e+000 -5.3059e-001 -6.9047e-002 +3.8879e-001 -1.6745e+000 +8.2643e-001
365025 +1.367838690e+000 +1.367838690e+000 +2.212478387e+002 +2.212478387e+002 -5.0575e-002 -6.4679e-001 +6.1803e-001 +1.1251e+000 -9.0123e-001 -1.4473e+000 -2.2939e+000 -5.6447e-001 -4.9115e-001 -2.9676e-001
707295 +1.137497782e+000 +1.137497782e+000 +2.210174978e+002 +2.210174978e+002 -1.4717e-001 -1.3132e+000 +5.5725e-001 +4.5018e-001 -1.1109e+000 +6.7519e-001 +4.7522e-001 +1.0403e-001 -5.3896e-001 -2.3687e-001
% function evaluation | noise-free fitness - Fopt (1.543700000000e+002) | best noise-free fitness - Fopt | measured fitness | best measured fitness | x1 | x2...
1 +4.974993316e+002 +4.974993316e+002 +6.518693316e+002 +6.518693316e+002 -8.1950e-001 -6.6014e+000 +1.8940e+000 +1.5289e+000 -3.4475e-001 -2.0934e+000 -1.3918e+001 +7.7518e-001 -4.0714e+000 -1.7229e+000
2 +3.716364559e+002 +3.716364559e+002 +5.260064559e+002 +5.260064559e+002 -8.1117e+000 -7.3611e+000 +4.4992e+000 +7.7723e+000 -1.6423e+000 -4.5541e+000 -4.2779e-001 -1.6575e+000 -6.8088e-001 +2.9930e+000
3 +2.780902791e+002 +2.780902791e+002 +4.324602791e+002 +4.324602791e+002 -1.5645e+000 -5.6249e-001 -4.2933e-001 +2.8484e+000 +3.3833e+000 -1.0230e+001 -9.5395e-001 -8.9482e+000 +2.7737e+000 +2.1374e-001
7 +2.360163632e+002 +2.360163632e+002 +3.903863632e+002 +3.903863632e+002 -3.1564e+000 -3.6008e+000 +5.1183e+000 +1.3727e+000 +4.1598e+000 -5.3091e+000 -4.1305e+000 -1.0136e+000 +9.2502e-001 +3.2748e+000
8 +1.029996984e+002 +1.029996984e+002 +2.573696984e+002 +2.573696984e+002 -2.9075e+000 -2.3955e+000 -1.9434e+000 +5.0593e+000 +1.2004e+000 -3.8321e+000 -5.1698e+000 -2.2755e+000 +9.1818e-001 +8.6144e-002
16 +8.859709499e+001 +8.859709499e+001 +2.429670950e+002 +2.429670950e+002 -3.9750e+000 -4.7276e+000 +2.5267e+000 +1.9216e+000 +4.0610e+000 -3.5532e+000 -2.8036e+000 -1.1710e+000 +2.7309e+000 +1.1853e+000
17 +5.300197575e+001 +5.300197575e+001 +2.073719757e+002 +2.073719757e+002 -3.2609e+000 -4.6178e+000 -1.6369e+000 -1.3005e+000 +5.0825e+000 -3.7138e+000 -2.1478e+000 -3.9268e+000 +1.1979e+000 -2.2357e+000
49 +3.080649769e+001 +3.080649769e+001 +1.851764977e+002 +1.851764977e+002 -1.3726e+000 +8.0642e-001 +4.4119e-001 +2.2254e+000 +1.8665e+000 -4.2159e+000 -2.4713e+000 -1.9114e+000 +1.1345e+000 -9.2726e-001
96 +2.245117681e+001 +2.245117681e+001 +1.768211768e+002 +1.768211768e+002 -5.6539e-001 -4.1313e+000 +1.7005e+000 +1.6125e-002 +3.7430e-001 -5.8905e+000 +1.0583e+000 -7.9270e-001 -3.2926e-002 -1.5011e+000
118 +1.848237126e+001 +1.848237126e+001 +1.728523713e+002 +1.728523713e+002 +1.4902e+000 -3.7623e-001 -1.1537e+000 +1.5025e+000 +9.9751e-001 -2.8502e+000 -2.9978e+000 -2.8109e+000 +1.0392e+000 +4.4581e-001
175 +1.759902370e+001 +1.759902370e+001 +1.719690237e+002 +1.719690237e+002 +5.1560e+000 -1.4531e+000 +2.6842e+000 +1.5469e+000 +1.3931e+000 -3.0232e-001 -2.6240e+000 -2.2624e+000 +5.7443e-001 -1.2495e-001
181 +1.573300267e+001 +1.573300267e+001 +1.701030027e+002 +1.701030027e+002 +4.3066e+000 -5.9398e-001 +1.4668e+000 +1.7543e+000 +3.7282e-001 -1.6489e+000 +2.1166e-001 -4.1497e+000 +2.3213e-001 +1.2220e-001
197 +1.471585722e+001 +1.471585722e+001 +1.690858572e+002 +1.690858572e+002 +9.5831e-001 -1.1769e+000 +6.8618e-001 -2.0099e+000 +4.2869e-001 -7.3481e-003 -5.1926e+000 -3.5733e+000 -1.0565e+000 +3.0308e-001
255 +1.014487647e+001 +1.014487647e+001 +1.645148765e+002 +1.645148765e+002 +1.1634e+000 -8.1599e-001 +1.5571e+000 +1.2598e+000 -8.5136e-001 -2.8714e+000 +9.6875e-001 -2.5923e+000 +2.6070e-002 +2.3371e+000
266 +9.688085486e+000 +9.688085486e+000 +1.640580855e+002 +1.640580855e+002 -3.6503e-001 -2.0222e+000 +9.8329e-001 -2.6429e-002 -9.6709e-001 -2.3652e+000 -2.2948e+000 -2.8568e+000 +1.7563e+000 +3.4990e+000
279 +7.808467220e+000 +7.808467220e+000 +1.621784672e+002 +1.621784672e+002 +1.9210e+000 -8.9056e-001 +5.8831e-001 +1.0881e+000 +2.4206e+000 -3.4613e+000 +1.0347e+000 -2.4225e+000 +8.9329e-001 +6.0375e-001
479 +7.335173182e+000 +7.335173182e+000 +1.617051732e+002 +1.617051732e+002 +1.0273e+000 -1.6197e+000 +3.8495e-001 +1.2087e+000 +1.1302e+000 +4.6507e-001 +2.6594e-002 -2.9770e+000 +9.6640e-001 +2.6663e-001
507 +5.843588122e+000 +5.843588122e+000 +1.602135881e+002 +1.602135881e+002 +3.1490e+000 -1.2597e+000 +1.7523e+000 +2.8090e-001 -4.4241e-001 -9.3811e-001 -1.2732e+000 -2.4752e+000 -3.7676e-002 +1.8185e+000
944 +4.622657218e+000 +4.622657218e+000 +1.589926572e+002 +1.589926572e+002 +3.8281e+000 -1.6572e+000 -4.3031e-001 -1.3366e-001 -6.5825e-002 -2.7680e-001 -6.3550e-001 -1.6441e+000 -7.0008e-001 +1.4168e+000
1521 +4.448000974e+000 +4.448000974e+000 +1.588180010e+002 +1.588180010e+002 -6.2365e-001 +3.5746e-002 -1.0685e+000 -3.3920e-001 +8.1026e-001 -7.1500e-001 +1.5844e+000 +2.0126e+000 +4.9489e-001 -9.4399e-001
1763 +4.056738830e+000 +4.056738830e+000 +1.584267388e+002 +1.584267388e+002 -2.2498e-002 -1.1129e-001 -8.8133e-001 +2.0498e-001 -1.5336e-001 -6.9935e-001 -2.6319e-001 +2.2348e+000 +1.5322e+000 -1.5710e-001
2143 +1.704467465e+000 +1.704467465e+000 +1.560744675e+002 +1.560744675e+002 +9.0857e-002 +5.0259e-002 -3.8940e-001 -1.4446e+000 +6.8068e-001 -7.2749e-001 -4.4106e-001 +1.1453e+000 +1.0186e+000 +5.4779e-001
8749 +1.499220521e+000 +1.499220521e+000 +1.558692205e+002 +1.558692205e+002 +1.5171e+000 -2.6911e-001 +4.1450e-001 -1.8707e-001 -6.9834e-001 +1.2714e+000 +1.5126e+000 -1.6990e+000 -3.2534e-002 +1.1157e+000
% function evaluation | noise-free fitness - Fopt (-1.217500000000e+002) | best noise-free fitness - Fopt | measured fitness | best measured fitness | x1 | x2...
1 +2.811089103e+001 +2.811089103e+001 -9.363910897e+001 -9.363910897e+001 -5.0446e+000 +5.4981e-001 +1.1441e+000 -6.0046e-001 +2.0521e+000 -3.4455e+000 +7.0078e-001 -3.7718e+000 +1.6984e-001 +3.1153e-001
11 +2.414234293e+001 +2.414234293e+001 -9.760765707e+001 -9.760765707e+001 -1.5320e+000 -1.2726e-002 +1.6460e+000 +4.4058e+000 -6.3636e-001 -3.1840e+000 -2.2786e+000 -1.0161e-001 -1.6149e+000 +6.7165e+000
12 +1.853354992e+001 +1.853354992e+001 -1.032164501e+002 -1.032164501e+002 -1.0682e+000 +2.0370e+000 +3.3793e+000 -9.9806e-001 +1.0491e+000 +8.0335e-001 -1.6516e-001 -3.5573e+000 -9.1791e-001 +2.2752e+000
26 +1.775744407e+001 +1.775744407e+001 -1.039925559e+002 -1.039925559e+002 -1.6468e+000 +1.2966e+000 +1.8375e+000 +2.3060e-001 +2.6026e+000 -1.8611e+000 -1.4868e+000 -2.2746e+000 +1.4221e+000 +2.3531e+000
51 +1.341716797e+001 +1.341716797e+001 -1.083328320e+002 -1.083328320e+002 +4.7997e-002 +1.6983e-001 +9.5799e-001 +1.4352e+000 +7.0865e-001 -3.6676e+000 -1.2242e+000 -3.2136e+000 +1.0706e+000 +7.6087e-001
107 +1.072915052e+001 +1.072915052e+001 -1.110208495e+002 -1.110208495e+002 -1.2378e+000 +1.1056e-002 +2.5062e+000 +1.5409e+000 +8.5643e-001 -5.6895e+000 -1.2706e+000 -2.2649e+000 +5.3169e-001 +2.6600e+000
169 +1.066997511e+001 +1.066997511e+001 -1.110800249e+002 -1.110800249e+002 +3.3379e-002 +1.1094e+000 +2.7861e+000 +2.8158e+000 +5.0918e-001 -2.1794e+000 -2.1410e+000 -2.1748e+000 +5.3575e-001 +6.1480e-001
184 +6.676670581e+000 +6.676670581e+000 -1.150733294e+002 -1.150733294e+002 +6.4606e-001 -2.4024e-001 -3.8879e-001 +4.9634e-001 +1.3948e+000 -1.9288e+000 -1.5227e+000 -2.9034e+000 -6.0866e-001 +2.2966e+000
282 +5.505344093e+000 +5.505344093e+000 -1.162446559e+002 -1.162446559e+002 +9.9260e-001 -1.8773e-001 +2.2168e+000 +2.5057e+000 -6.2661e-001 -3.4635e+000 +4.7866e-001 -1.3692e+000 +7.2086e-001 +1.3437e+000
360 +4.953616246e+000 +4.953616246e+000 -1.167963838e+002 -1.167963838e+002 -1.1039e+000 +3.4241e-001 +1.8113e+000 +8.9182e-001 +3.3592e-001 -3.6492e+000 +3.0566e-001 -3.8541e-001 +1.2726e+000 +5.6208e-001
838 +3.810561748e+000 +3.810561748e+000 -1.179394383e+002 -1.179394383e+002 -5.9931e-001 -4.1584e+000 +3.1772e+000 +1.4782e+000 -4.6797e-001 -2.1704e+000 -1.6448e+000 +3.3091e-001 +4.0089e-001 +1.8036e+000
977 +3.726605299e+000 +3.726605299e+000 -1.180233947e+002 -1.180233947e+002 -1.2412e-001 -1.1800e+000 +2.7599e+000 -1.0769e+000 -5.5478e-001 -1.9902e+000 -1.6088e+000 +4.7433e-002 +5.4073e-001 +7.5408e-001
999 +2.594185947e+000 +2.594185947e+000 -1.191558141e+002 -1.191558141e+002 +3.1927e-001 -1.4479e+000 +9.2916e-001 +8.8370e-001 -7.7803e-002 -2.1783e+000 -2.2244e+000 +7.4028e-001 +3.8295e-001 +1.1902e+000
4634 +2.451117273e+000 +2.451117273e+000 -1.192988827e+002 -1.192988827e+002 +1.4597e-001 +3.0664e-001 +1.2336e+000 +3.6944e-001 -4.5768e-001 +1.4387e-001 -7.6827e-001 -3.7943e-001 -4.5848e-002 +3.6291e-001
19357 +2.330007039e+000 +2.330007039e+000 -1.194199930e+002 -1.194199930e+002 +2.2905e-001 +1.6221e-001 -6.6041e-002 -9.9384e-001 +5.1036e-001 -6.2950e-001 +1.7079e-002 -1.2948e-001 +6.7763e-001 +2.3210e-001
54852 +1.578163456e+000 +1.578163456e+000 -1.201718365e+002 -1.201718365e+002 -6.8461e-001 -7.7920e-001 +1.0357e+000 -4.4599e-001 -1.2515e+000 +6.3432e-001 +1.4757e+000 -3.5595e-002 +6.2094e-001 +2.1831e-001
193270 +1.394233805e+000 +1.394233805e+000 -1.203557662e+002 -1.203557662e+002 -3.2347e-001 +6.4894e-001 +1.7899e-001 +2.0707e-001 -6.1738e-001 -4.3827e-001 -5.9956e-001 -4.3620e-001 +2.3298e-001 +2.7557e-001
% function evaluation | noise-free fitness - Fopt (1.630000000000e+001) | best noise-free fitness - Fopt | measured fitness | best measured fitness | x1 | x2...
1 +9.802903678e+002 +9.802903678e+002 +9.965903678e+002 +9.965903678e+002 -4.7974e+000 +9.9982e+000 -4.7362e+000 -4.0912e+000 -4.4925e+000 +3.2036e+000 -2.3347e-001 +1.7102e+001 -2.7376e+000 +2.1179e+000
2 +1.241170230e+002 +1.241170230e+002 +1.404170230e+002 +1.404170230e+002 -2.9951e+000 +4.9872e+000 +1.3018e+000 +4.8703e+000 -1.2606e+000 -1.6159e+000 -3.0350e+000 +8.1504e+000 +1.0738e+000 +4.9320e-001
5 +4.999149963e+001 +4.999149963e+001 +6.629149963e+001 +6.629149963e+001 +1.5173e+000 +7.1534e+000 -4.3551e+000 +4.3502e+000 -3.0694e+000 +4.0839e+000 -9.3923e+000 +2.6374e+000 +2.9048e-001 -1.7090e-001
9 +3.987613669e+001 +3.987613669e+001 +5.617613669e+001 +5.617613669e+001 -1.1744e+000 +3.9713e+000 -4.6742e+000 -3.8345e+000 -3.6535e+000 +2.8657e+000 -3.7760e-001 -9.3023e-001 +2.9371e+000 +1.9420e+000
40 +1.820689263e+001 +1.820689263e+001 +3.450689263e+001 +3.450689263e+001 -3.8616e-001 -1.7443e+000 -2.0832e+000 +9.5235e-001 -1.7746e+000 +3.9657e+000 -1.9337e+000 -1.5093e+000 -5.8924e-001 +1.3201e+000
60 +1.807730825e+001 +1.807730825e+001 +3.437730825e+001 +3.437730825e+001 +9.2505e-001 +3.2400e+000 -8.6986e-001 +1.3062e+000 -1.6369e+000 +3.6305e+000 +5.6222e-001 -8.5218e-001 +3.0904e+000 +6.0652e-001
71 +1.489210819e+001 +1.489210819e+001 +3.119210819e+001 +3.119210819e+001 +1.4019e+000 +4.0669e+000 -3.2906e+000 +2.3865e-001 -1.8782e+000 +3.2108e+000 -3.3464e+000 +7.5550e-001 +3.4204e+000 +7.0554e-001
102 +1.366520332e+001 +1.366520332e+001 +2.996520332e+001 +2.996520332e+001 +6.9179e-001 +3.2726e+000 -6.4642e-001 +2.7745e-001 -1.8956e+000 +2.4539e+000 -1.4326e+000 +2.3457e+000 +1.2615e+000 +8.7103e-001
166 +1.141371124e+001 +1.141371124e+001 +2.771371124e+001 +2.771371124e+001 +9.4912e-001 +4.3699e+000 -1.3628e+000 +9.6531e-001 +3.5810e-001 -9.4685e-001 -2.3548e+000 +9.8868e-001 +2.9330e+000 +5.5436e-001
217 +1.103819152e+001 +1.103819152e+001 +2.733819152e+001 +2.733819152e+001 +1.5526e+000 +2.1965e+000 -8.5071e-001 -1.4047e+000 -8.8790e-001 +1.1743e+000 -1.1106e+000 +8.3046e-001 +4.3356e-001 +7.8540e-001
226 +1.055760165e+001 +1.055760165e+001 +2.685760165e+001 +2.685760165e+001 +3.7633e-001 +2.7504e+000 -1.5412e+000 +1.2025e-001 -1.2738e+000 +1.2353e+000 -1.7603e+000 +1.5291e+000 +1.5928e+000 -2.0252e+000
231 +7.561787374e+000 +7.561787374e+000 +2.386178737e+001 +2.386178737e+001 +7.7110e-001 +3.2577e+000 +3.3108e-002 +1.1885e+000 +1.4779e-002 +3.1669e+000 -2.7757e+000 -6.7628e-001 +6.7260e-001 -1.9871e-001
274 +6.089087194e+000 +6.089087194e+000 +2.238908719e+001 +2.238908719e+001 +9.9417e-001 +4.0028e+000 -1.8829e+000 -1.6206e+000 -1.8691e+000 +2.4288e-001 -2.2189e+000 -2.3761e+000 -7.6818e-001 +5.9564e-001
403 +5.880592781e+000 +5.880592781e+000 +2.218059278e+001 +2.218059278e+001 +4.6866e-001 +2.5351e+000 +8.1177e-001 +1.7809e+000 -5.2357e-001 +7.9198e-002 -1.4765e+000 +5.0939e-001 -1.0621e+000 +2.5255e-001
468 +2.710658406e+000 +2.710658406e+000 +1.901065841e+001 +1.901065841e+001 +2.6766e+000 +1.9494e+000 -7.3701e-001 +1.4549e+000 -6.3659e-001 -9.3299e-001 -1.4153e+000 +3.9656e-002 +1.0696e+000 +6.4272e-001
23269 +2.096352107e+000 +2.096352107e+000 +1.839635211e+001 +1.839635211e+001 -7.6484e-001 -2.6021e+000 -1.3851e+000 -1.0362e-001 +3.9325e-001 -7.8515e-001 +8.7120e-001 +3.6504e-001 -3.4674e-001 +1.6681e+000
137719 +1.986453800e+000 +1.986453800e+000 +1.828645380e+001 +1.828645380e+001 +1.5256e+000 -2.1652e+000 -4.2213e-002 -1.1694e+000 +1.0267e+000 -8.5311e-001 +3.4883e+000 +1.9247e-001 -7.7892e-001 +9.9623e-001
157638 +1.912979385e+000 +1.912979385e+000 +1.821297938e+001 +1.821297938e+001 -7.3669e-001 -2.9521e+000 +1.0548e+000 -4.5336e-001 +5.6819e-001 -4.5694e-001 +2.2374e+000 -1.8286e-001 +6.3070e-001 +5.1141e-001
239715 +1.880019604e+000 +1.880019604e+000 +1.818001960e+001 +1.818001960e+001 -9.5258e-001 +2.0128e-001 +2.5862e-001 +6.0422e-001 +1.6835e-001 -9.0414e-001 +2.7051e+000 -4.9586e-001 -1.5249e+000 -8.2589e-001
262707 +1.428493825e+000 +1.428493825e+000 +1.772849382e+001 +1.772849382e+001 -6.1014e-001 -5.4176e-001 -1.8742e+000 -7.2564e-001 +3.6592e-001 -2.2651e-001 +1.5473e-001 +6.9183e-001 -1.0858e+000 -4.1775e-001
519472 +1.257161288e+000 +1.257161288e+000 +1.755716129e+001 +1.755716129e+001 +1.2094e+000 -2.6515e-001 +5.1934e-002 -3.2913e-001 +1.5749e+000 -1.4406e+000 +8.0329e-001 +1.1609e+000 -9.3683e-001 +3.4539e-002
816203 +1.226101031e+000 +1.226101031e+000 +1.752610103e+001 +1.752610103e+001 -4.9113e-001 -1.2761e+000 -5.1800e-001 -3.2304e-001 +1.0489e+000 -7.1007e-001 +1.9917e+000 +2.6919e-001 -2.0203e+000 -6.4860e-001
% function evaluation | noise-free fitness - Fopt (-2.839700000000e+002) | best noise-free fitness - Fopt | measured fitness | best measured fitness | x1 | x2...
1 +6.971062831e+003 +6.971062831e+003 +6.687092831e+003 +6.687092831e+003 +1.1567e+001 -1.8894e+000 -7.8063e+000 +1.5994e+000 -2.9817e+000 -7.5799e+000 -1.3856e+001 +4.3508e+000 +1.8312e+001 +5.8188e+000
2 +3.564608153e+003 +3.564608153e+003 +3.280638153e+003 +3.280638153e+003 +8.2129e+000 -9.3831e+000 -1.0666e+000 +1.6940e+000 -5.5068e+000 -6.0086e+000 +4.6326e+000 +1.0888e+001 -1.0645e+001 +6.3059e+000
3 +5.329742583e+002 +5.329742583e+002 +2.490042583e+002 +2.490042583e+002 +5.5994e+000 -5.1433e+000 +3.0602e-001 +7.9836e+000 -3.3575e+000 -8.0889e+000 +2.6236e+000 +6.3644e+000 +1.4368e+000 +6.5058e+000
4 +8.943529631e+001 +8.943529631e+001 -1.945347037e+002 -1.945347037e+002 -2.5952e+000 -6.2124e+000 -1.5896e+000 -1.3033e+000 -2.7463e+000 -1.4129e+000 -1.6114e+000 +5.0548e-001 +4.2177e+000 +4.9645e+000
6 +5.884227823e+001 +5.884227823e+001 -2.251277218e+002 -2.251277218e+002 +1.7502e+000 -1.0751e-001 +3.4081e+000 +1.1447e+000 -2.4871e+000 -2.0952e+000 +2.2837e+000 +3.5837e+000 -1.6897e+000 +5.7944e+000
32 +5.391107516e+001 +5.391107516e+001 -2.300589248e+002 -2.300589248e+002 +4.7724e+000 -3.7178e+000 -5.1685e-001 +1.0987e+000 -1.6779e+000 -1.2543e+000 +9.3819e-001 +2.5892e+000 -6.1575e-001 +5.1757e+000
38 +4.127936331e+001 +4.127936331e+001 -2.426906367e+002 -2.426906367e+002 +9.9316e-001 -2.0080e+000 -1.1436e+000 -4.3845e-001 -2.3035e+000 +7.2155e-001 +1.5107e-001 +4.3775e+000 +5.1721e+000 +3.8803e+000
44 +3.169960153e+001 +3.169960153e+001 -2.522703985e+002 -2.522703985e+002 +2.0345e+000 +1.6377e+000 +4.0372e+000 +2.1080e+000 -3.3752e+000 -6.5190e+000 +3.2189e+000 -6.0069e-001 -9.2172e-001 +5.7813e-001
73 +3.146690481e+001 +3.146690481e+001 -2.525030952e+002 -2.525030952e+002 +3.9233e+000 -1.8536e+000 +1.0151e+000 +3.8090e-002 -4.8559e+000 +2.8668e-001 -3.5550e-001 +1.6557e+000 +2.8050e+000 +3.8654e+000
86 +2.279923883e+001 +2.279923883e+001 -2.611707612e+002 -2.611707612e+002 +2.0946e+000 -4.2359e-001 -1.9335e+000 -1.3303e+000 +6.9480e-001 +9.6346e-001 -2.2674e-001 -2.8539e-001 +1.2604e+000 +3.6397e+000
104 +2.168085539e+001 +2.168085539e+001 -2.622891446e+002 -2.622891446e+002 +3.4236e+000 -1.1695e+000 -1.0387e+000 +1.4986e+000 -2.5227e+000 -1.9065e+000 -1.0943e+000 +1.3747e-001 +3.9863e-001 +4.6440e+000
124 +1.959800216e+001 +1.959800216e+001 -2.643719978e+002 -2.643719978e+002 +1.4288e+000 -1.4151e+000 +3.0580e+000 -1.5598e+000 -3.4018e+000 +1.0986e+000 -1.9103e+000 -1.1556e+000 -2.6708e-002 +5.5204e-001
166 +1.531906991e+001 +1.531906991e+001 -2.686509301e+002 -2.686509301e+002 -1.1247e+000 -2.3928e+000 +1.4490e-001 -1.6202e+000 -2.0988e+000 -1.5485e+000 +2.4839e+000 -1.0590e+000 +8.5952e-001 +3.0984e+000
172 +1.042313749e+001 +1.042313749e+001 -2.735468625e+002 -2.735468625e+002 +3.3210e+000 -2.6006e+000 -4.8668e-001 -2.4675e-001 +2.2855e-001 -5.2436e-002 +1.7111e+000 -8.7768e-001 -1.0958e+000 +4.6110e-001
306 +9.966579730e+000 +9.966579730e+000 -2.740034203e+002 -2.740034203e+002 +2.3999e+000 -2.8044e+000 -2.8264e-001 +4.2054e-001 -2.7947e-001 -1.2155e+000 -1.0772e+000 -9.7065e-001 -6.1604e-001 -7.9248e-002
408 +8.848560412e+000 +8.848560412e+000 -2.751214396e+002 -2.751214396e+002 +2.1079e+000 +1.9247e+000 -1.2428e+000 +7.0960e-003 -5.2426e-001 -1.4865e+000 +3.4125e-001 -1.9667e+000 +6.3283e-001 +4.0929e-001
476 +8.411155277e+000 +8.411155277e+000 -2.755588447e+002 -2.755588447e+002 +1.3547e+000 -1.9488e+000 -5.3347e-001 +2.4411e+000 -9.0822e-001 -1.5323e+000 -3.6132e-001 -3.4370e-001 +4.2456e-001 +7.6782e-001
525 +7.910371037e+000 +7.910371037e+000 -2.760596290e+002 -2.760596290e+002 +8.7551e-001 -1.4013e+000 -2.0677e-001 -2.6625e+000 +1.1138e-001 -1.5550e+000 +1.8655e-001 -3.3881e+000 +4.9944e-001 +1.9770e-001
553 +6.742437414e+000 +6.742437414e+000 -2.772275626e+002 -2.772275626e+002 -3.6250e-001 +1.6775e+000 -8.7422e-001 +3.5266e-001 -1.4499e+000 -2.6756e-001 +1.2767e+000 -5.1434e-001 +8.6927e-001 -3.2775e-001
612 +5.842865677e+000 +5.842865677e+000 -2.781271343e+002 -2.781271343e+002 -4.8937e-001 -1.8407e-001 -7.2248e-001 -1.8118e+000 -9.8243e-001 +1.5817e+000 -3.7880e-001 -7.1609e-001 -2.4636e-001 +1.0514e-001
785 +5.654270000e+000 +5.654270000e+000 -2.783157300e+002 -2.783157300e+002 +1.3411e+000 -3.8533e-001 -4.2434e-001 -1.9845e+000 -1.3228e+000 -9.4164e-002 +6.4203e-001 -1.6480e+000 -7.8065e-001 -3.5375e-001
788 +4.622896929e+000 +4.622896929e+000 -2.793471031e+002 -2.793471031e+002 +1.2073e+000 -8.4515e-001 -1.8721e-001 -1.9400e+000 -1.7613e+000 +2.0127e-001 +1.4414e+000 -1.5774e+000 +5.7655e-001 +1.2108e-002
942 +4.399125407e+000 +4.399125407e+000 -2.795708746e+002 -2.795708746e+002 +4.5702e-001 -5.7649e-001 -3.3144e-001 -1.5452e+000 -1.0850e+000 -5.0209e-003 +2.0113e+000 -1.5816e+000 -1.8193e+000 +2.9866e-001
1116 +2.996031559e+000 +2.996031559e+000 -2.809739684e+002 -2.809739684e+002 +2.6338e+000 -9.4575e-002 +4.8228e-001 -1.3939e+000 -5.7204e-001 -4.6759e-002 +1.4253e+000 -2.2092e+000 -2.0454e+000 -1.3202e+000
23263 +2.863338573e+000 +2.863338573e+000 -2.811066614e+002 -2.811066614e+002 +6.5492e-001 -1.2190e+000 +1.1227e+000 -1.4083e+000 -1.9344e+000 -8.8208e-001 +3.0233e-001 -2.8488e+000 -2.0249e+000 -1.5219e+000
28163 +2.782063721e+000 +2.782063721e+000 -2.811879363e+002 -2.811879363e+002 +1.8990e+000 +1.6069e+000 +1.2317e+000 +4.3052e-001 -1.3928e+000 -8.7466e-001 -1.1363e+000 -2.0899e+000 +1.0623e+000 -1.4136e+000
44153 +2.341646813e+000 +2.341646813e+000 -2.816283532e+002 -2.816283532e+002 +1.8646e-001 -7.0175e-001 +8.8796e-001 -1.8163e+000 -4.7236e-001 -1.1110e+000 +9.0133e-001 -2.4812e+000 -2.6721e-004 -8.4743e-001
45737 +1.982633172e+000 +1.982633172e+000 -2.819873668e+002 -2.819873668e+002 +1.1173e+000 +5.1132e-001 +8.0413e-001 -1.1470e+000 -4.2978e-001 -2.3953e-001 +1.1690e-001 -1.3000e+000 -6.5701e-001 -2.8981e-001
92233 +1.705382851e+000 +1.705382851e+000 -2.822646171e+002 -2.822646171e+002 +7.4703e-001 -4.4874e-001 -6.2437e-002 +3.9529e-001 +1.4619e+000 -9.0590e-001 +1.6035e-001 +5.6963e-001 -5.7345e-001 -4.8214e-001
406365 +1.418843727e+000 +1.418843727e+000 -2.825511563e+002 -2.825511563e+002 -3.3330e-001 -1.5865e+000 +1.4106e+000 -6.6177e-001 -4.3077e-001 -7.5003e-001 +6.8910e-001 -1.0793e+000 -1.2691e-001 -1.5178e+000
% function evaluation | noise-free fitness - Fopt (1.094000000000e+002) | best noise-free fitness - Fopt | measured fitness | best measured fitness | x1 | x2...
1 +2.032174885e+002 +2.032174885e+002 +3.126174885e+002 +3.126174885e+002 -1.1795e+000 +5.8088e+000 +6.5422e+000 -4.0143e+000 -4.9195e+000 -3.8476e+000 +1.8857e+000 -2.5862e+000 -2.2006e+000 -7.8368e-001
3 +1.645586829e+002 +1.645586829e+002 +2.739586829e+002 +2.739586829e+002 -3.3501e+000 -2.4186e-001 +5.5496e+000 -4.7621e+000 -4.7009e+000 -3.5494e+000 +7.7843e+000 +2.9578e-001 -1.2118e+000 -3.9583e-001
5 +1.393270572e+002 +1.393270572e+002 +2.487270572e+002 +2.487270572e+002 -2.8872e+000 +2.6340e+000 +4.4370e+000 -6.4150e+000 -1.0155e+000 -1.1474e+000 +4.8923e+000 +2.3547e+000 -5.5928e+000 +1.4190e-001
8 +8.568731825e+001 +8.568731825e+001 +1.950873182e+002 +1.950873182e+002 -1.8766e+000 +1.9312e+000 +4.6081e+000 -6.8177e-001 -4.7512e+000 +1.0665e+000 +5.9591e+000 -2.8757e+000 -4.0630e+000 -1.3997e+000
19 +7.570575976e+001 +7.570575976e+001 +1.851057598e+002 +1.851057598e+002 -2.0899e+000 +1.5473e+000 +5.6933e+000 -2.3372e+000 -4.6105e+000 -3.8996e+000 +2.6649e+000 -1.6922e+000 -1.1325e+000 -3.4764e+000
29 +4.350212285e+001 +4.350212285e+001 +1.529021228e+002 +1.529021228e+002 -2.5737e+000 +1.8824e+000 +5.0993e+000 -2.9146e+000 -3.2349e+000 +1.4986e+000 +1.0626e+000 -2.6181e+000 -2.6457e+000 -2.5066e+000
30 +3.985753226e+001 +3.985753226e+001 +1.492575323e+002 +1.492575323e+002 -1.3572e+000 -7.8005e-001 +3.5242e+000 -4.6173e+000 -3.3594e+000 +5.7284e-002 -1.7034e-002 -2.9520e+000 -2.9014e+000 -2.4897e+000
53 +3.595871294e+001 +3.595871294e+001 +1.453587129e+002 +1.453587129e+002 -3.7090e+000 +7.1952e-002 +4.5638e+000 -1.5695e-001 -4.1035e+000 -2.0510e+000 +1.6269e+000 -3.6827e+000 -3.1821e+000 +3.0612e-001
55 +3.505140963e+001 +3.505140963e+001 +1.444514096e+002 +1.444514096e+002 -2.5576e-001 +1.2345e+000 -2.0737e+000 -2.7441e+000 -5.0369e+000 +5.9120e-001 +2.0511e+000 -3.5163e+000 -2.7815e+000 -4.0113e+000
84 +2.419528630e+001 +2.419528630e+001 +1.335952863e+002 +1.335952863e+002 -3.6835e-001 +1.6164e+000 +3.4217e+000 -2.7085e+000 -8.6396e-001 -4.1468e-001 +1.5345e+000 -3.1662e+000 -3.1262e+000 -3.5840e+000
90 +2.126388267e+001 +2.126388267e+001 +1.306638827e+002 +1.306638827e+002 -6.7077e-001 +2.1612e+000 +3.6413e+000 -2.8997e-002 -3.5358e+000 -3.0020e+000 +1.0082e+000 -2.8757e+000 -4.9700e-002 -2.4095e+000
103 +2.050972195e+001 +2.050972195e+001 +1.299097220e+002 +1.299097220e+002 +8.9376e-001 +2.9449e-001 +8.0161e-001 -1.7044e+000 +2.1028e+000 +5.9997e-001 +3.3976e+000 -3.9472e+000 +1.2761e+000 -2.0767e+000
108 +2.013079035e+001 +2.013079035e+001 +1.295307903e+002 +1.295307903e+002 -3.7237e-001 +1.4174e+000 +3.7762e+000 -2.4772e-001 -4.2199e+000 -2.7709e-001 +1.7318e+000 -1.5308e+000 -2.0584e+000 -3.2531e+000
116 +1.569799768e+001 +1.569799768e+001 +1.250979977e+002 +1.250979977e+002 +2.9422e+000 +6.2937e-002 +3.0313e+000 -5.6666e-001 -2.3870e+000 +3.7409e-001 +9.5798e-001 -3.1708e+000 -3.8005e-001 -2.1478e+000
147 +1.503755798e+001 +1.503755798e+001 +1.244375580e+002 +1.244375580e+002 +1.5985e+000 -6.7947e-001 +8.3487e-001 -2.0142e+000 -4.7285e+000 -1.2234e+000 +2.0274e+000 -2.3446e+000 -2.4265e+000 -7.8070e-001
158 +1.440662632e+001 +1.440662632e+001 +1.238066263e+002 +1.238066263e+002 -1.2920e-001 +1.0354e-001 +6.5268e-003 -1.1117e+000 -1.5265e+000 +9.7045e-001 +1.8636e+000 -4.0163e+000 -5.8146e-001 +1.5266e+000
160 +1.407586973e+001 +1.407586973e+001 +1.234758697e+002 +1.234758697e+002 +9.9840e-002 +1.9481e+000 +1.8913e+000 -3.8298e-001 -1.2853e+000 -4.4894e-001 +2.2428e+000 -2.8229e+000 -3.8789e-001 -2.4949e+000
170 +1.044155290e+001 +1.044155290e+001 +1.198415529e+002 +1.198415529e+002 -2.5448e+000 +4.1568e-001 +3.7160e+000 +3.7768e-001 +4.6486e-001 -4.0239e-001 -1.6460e-001 -2.5251e+000 -8.9921e-001 +5.9715e-001
232 +9.498618037e+000 +9.498618037e+000 +1.188986180e+002 +1.188986180e+002 +4.3531e-001 +7.6560e-002 +1.8321e+000 +9.3792e-001 -1.4260e+000 -7.1274e-001 +1.8070e+000 -3.6808e+000 -7.0631e-001 -4.4318e-001
275 +9.003008594e+000 +9.003008594e+000 +1.184030086e+002 +1.184030086e+002 -3.3838e-001 -2.8803e-001 +2.1941e+000 +2.0479e+000 -6.7879e-001 +2.2290e+000 +1.5369e+000 -1.5169e+000 -8.7847e-001 +3.5453e-001
277 +8.553848985e+000 +8.553848985e+000 +1.179538490e+002 +1.179538490e+002 +1.0592e-001 +8.1568e-001 +4.7412e-001 -6.2760e-001 +2.0672e-001 +9.9696e-001 +1.2248e+000 -6.9886e-001 -1.6488e+000 +2.3695e-002
281 +7.108052466e+000 +7.108052466e+000 +1.165080525e+002 +1.165080525e+002 +4.5662e-001 -8.8367e-002 +1.9025e+000 -1.5971e+000 -6.5315e-001 +2.6059e-001 +3.6317e+000 -8.8164e-001 -5.4972e-001 +1.1997e+000
322 +6.957546475e+000 +6.957546475e+000 +1.163575465e+002 +1.163575465e+002 -7.0093e-003 -2.8304e-001 +1.5852e+000 +9.5290e-001 -1.5370e+000 +1.4391e+000 +1.0327e+000 -3.4111e+000 +3.1351e-002 +3.4820e-002
355 +5.876372459e+000 +5.876372459e+000 +1.152763725e+002 +1.152763725e+002 +2.1897e-001 -4.0005e-001 +1.2095e+000 -6.8619e-001 -1.3137e+000 +7.0309e-001 +1.8821e+000 -1.2772e+000 +7.0067e-001 -2.3892e+000
809 +4.791842230e+000 +4.791842230e+000 +1.141918422e+002 +1.141918422e+002 -1.2236e-001 -3.5371e-001 +1.1641e+000 -3.4455e-001 -5.4488e-001 +1.2325e+000 +3.0673e-001 -1.0238e+000 +2.0584e+000 -9.5872e-001
1269 +3.435211382e+000 +3.435211382e+000 +1.128352114e+002 +1.128352114e+002 -8.1347e-001 -1.2547e+000 +1.0604e+000 -4.9632e-001 +5.2067e-001 +3.5917e-001 +9.7896e-001 +1.6824e+000 +9.6999e-001 -4.9647e-001
2117 +3.259673326e+000 +3.259673326e+000 +1.126596733e+002 +1.126596733e+002 +2.0432e+000 -1.5177e+000 +3.5342e-001 -3.4822e-001 -5.0561e-001 -1.6333e-002 +3.1548e-001 -7.0923e-001 -7.3285e-002 +6.2696e-001
20061 +3.216825109e+000 +3.216825109e+000 +1.126168251e+002 +1.126168251e+002 +8.3513e-001 +2.6366e+000 -3.5955e-001 +1.1186e+000 +1.7313e+000 +3.1575e-001 -1.0251e+000 +1.7195e+000 -1.1643e+000 +1.5235e+000
21899 +2.828088121e+000 +2.828088121e+000 +1.122280881e+002 +1.122280881e+002 +1.0563e+000 +1.9313e+000 +1.3683e+000 -3.4445e-001 +8.5862e-001 -1.4524e-001 -6.6850e-001 +4.5600e-001 -1.3744e-001 +5.2852e-001
45574 +2.381600983e+000 +2.381600983e+000 +1.117816010e+002 +1.117816010e+002 +2.7606e-001 +4.9010e-001 +1.0040e+000 -1.1536e-001 +4.1058e-001 +8.3190e-002 +5.3664e-001 -1.8779e-001 -6.3607e-001 -7.1357e-001
47075 +1.555474117e+000 +1.555474117e+000 +1.109554741e+002 +1.109554741e+002 -4.7406e-001 +1.0091e+000 -5.8294e-001 -9.8902e-002 +7.3104e-001 -9.4591e-001 +7.4988e-001 +7.2241e-001 -1.4433e+000 -1.0761e+000
145120 +1.517826946e+000 +1.517826946e+000 +1.109178269e+002 +1.109178269e+002 +9.3124e-001 +1.5294e+000 -2.0731e+000 -1.4885e+000 +2.5405e-001 -1.7997e+000 -1.2296e+000 -3.3740e-002 -1.2490e+000 +2.4276e+000
236540 +1.336456623e+000 +1.336456623e+000 +1.107364566e+002 +1.107364566e+002 -3.7305e-001 +4.5601e-001 +5.2359e-001 -1.9147e+000 +1.0878e+000 +1.3475e+000 -3.7026e-001 -8.5602e-001 -3.9948e-001 +3.9364e-001
716608 +1.043865670e+000 +1.043865670e+000 +1.104438657e+002 +1.104438657e+002 +1.1748e+000 +1.9638e+000 +7.9505e-001 -1.9752e-001 +5.6847e-001 -6.9158e-001 -8.5141e-001 -8.4769e-001 -7.5216e-001 +2.4111e-001
% function evaluation | noise-free fitness - Fopt (-5.755000000000e+001) | best noise-free fitness - Fopt | measured fitness | best measured fitness | x1 | x2...
1 +9.011034332e+002 +9.011034332e+002 +8.435534332e+002 +8.435534332e+002 -3.0032e+000 +7.8307e+000 +2.5669e+000 -1.2311e+000 -4.7730e+000 +1.5527e+001 -8.7366e-001 -4.9625e+000 +5.1031e+000 -4.1237e+000
3 +1.246476636e+002 +1.246476636e+002 +6.709766356e+001 +6.709766356e+001 -6.0291e+000 +4.5519e+000 +2.5840e+000 -3.1687e+000 +1.0984e+000 +5.3968e+000 -2.8159e+000 -4.3210e+000 +2.9007e+000 -4.2172e+000
4 +5.007077032e+001 +5.007077032e+001 -7.479229675e+000 -7.479229675e+000 -1.5843e+000 +3.2034e+000 -1.2143e+000 -4.7741e+000 -3.0320e+000 +3.7332e+000 -8.3163e-001 -4.0230e+000 +6.8493e-001 +7.7202e-001
13 +4.766369813e+001 +4.766369813e+001 -9.886301873e+000 -9.886301873e+000 -4.4643e+000 +3.3168e+000 +2.6221e+000 -2.2318e+000 -9.5596e-001 +4.5220e+000 +8.3291e-001 -4.3755e+000 +5.9715e-001 -3.0051e+000
14 +3.833485578e+001 +3.833485578e+001 -1.921514422e+001 -1.921514422e+001 -5.4369e+000 +2.0161e+000 +1.7354e+000 -2.3734e+000 -2.1044e+000 +3.1272e+000 -2.6132e-001 -4.6056e+000 +4.1205e+000 -1.0604e+000
16 +1.655620498e+001 +1.655620498e+001 -4.099379502e+001 -4.099379502e+001 -3.8563e+000 +2.0966e+000 +5.4438e+000 -2.3131e+000 -8.4316e-001 +2.5015e+000 +2.2495e+000 +1.8988e+000 +3.0231e+000 -4.1704e+000
52 +1.167769608e+001 +1.167769608e+001 -4.587230392e+001 -4.587230392e+001 -2.6789e+000 +2.7139e+000 +5.8318e-001 +2.2335e+000 +1.4049e+000 +1.2619e+000 +1.1009e+000 +1.7734e+000 +7.5131e-001 -6.3953e-001
161 +1.005298904e+001 +1.005298904e+001 -4.749701096e+001 -4.749701096e+001 -2.6605e+000 +2.5644e+000 +1.5936e+000 -4.8204e-001 +9.5401e-001 +4.1076e+000 +1.2564e+000 +5.7559e-001 +2.2010e+000 +2.2175e+000
173 +8.058288202e+000 +8.058288202e+000 -4.949171180e+001 -4.949171180e+001 -2.4641e+000 +2.3960e-001 +2.6926e+000 -8.9760e-001 +2.6319e-001 +3.4574e+000 +7.3375e-001 -1.0516e+000 +2.2197e+000 -7.0487e-001
204 +6.146686498e+000 +6.146686498e+000 -5.140331350e+001 -5.140331350e+001 -4.0138e+000 +6.1944e-001 +4.0379e+000 -8.8770e-001 +6.6389e-002 +2.9890e+000 +1.8738e+000 +1.1363e+000 +1.2121e+000 -1.0943e+000
253 +4.644931359e+000 +4.644931359e+000 -5.290506864e+001 -5.290506864e+001 -3.7806e+000 +9.3662e-001 +2.2047e+000 -1.7893e+000 +6.2450e-001 +1.7880e+000 +2.2976e+000 +1.5048e+000 +2.0861e+000 +1.7083e+000
734 +4.409136180e+000 +4.409136180e+000 -5.314086382e+001 -5.314086382e+001 -1.2229e+000 +8.5626e-001 +1.5167e+000 -2.0111e+000 +9.3713e-001 +1.9389e+000 +1.5687e+000 +1.4423e+000 +2.0421e+000 +2.3709e+000
1256 +3.318527047e+000 +3.318527047e+000 -5.423147295e+001 -5.423147295e+001 -2.2409e+000 +6.6278e-001 +1.9821e+000 -1.2873e+000 +2.2610e+000 +8.2501e-001 +1.9552e+000 +2.1886e+000 +2.6108e+000 -3.7732e-001
3770 +2.654170591e+000 +2.654170591e+000 -5.489582941e+001 -5.489582941e+001 -9.0827e-001 -4.8494e-003 +7.8343e-001 -5.2805e-001 +8.2638e-001 -6.7101e-001 +8.2526e-004 +2.2491e+000 +1.2431e+000 -4.7753e-001
20054 +2.146311292e+000 +2.146311292e+000 -5.540368871e+001 -5.540368871e+001 -3.9594e-001 -3.2764e-002 +7.2311e-001 -3.0799e-001 +4.7772e-001 -2.8335e-002 +2.2661e-001 +1.0633e+000 +4.9443e-001 -3.2310e-001
47537 +6.201394651e-001 +6.201394651e-001 -5.692986053e+001 -5.692986053e+001 -2.5682e+000 +1.8555e-001 -4.4278e-001 +1.4043e-001 +1.3561e+000 +2.4257e-001 +2.0893e-001 +2.6236e-001 +7.6055e-001 -5.6096e-002
% function evaluation | noise-free fitness - Fopt (-1.883200000000e+002) | best noise-free fitness - Fopt | measured fitness | best measured fitness | x1 | x2...
1 +1.421607468e+002 +1.421607468e+002 -4.615925322e+001 -4.615925322e+001 -4.4113e+000 +3.1167e+000 +4.9160e+000 -9.9508e-001 -5.2114e+000 +3.6804e+000 -7.5774e-001 +4.1195e-001 +7.2424e+000 -3.9201e+000
5 +3.960878264e+001 +3.960878264e+001 -1.487112174e+002 -1.487112174e+002 -3.0226e+000 +4.2346e+000 -1.2900e+000 +2.0945e-001 -2.3550e+000 +1.0054e+000 -2.9778e-001 +2.6066e+000 +5.7081e+000 -3.3906e+000
18 +3.767354580e+001 +3.767354580e+001 -1.506464542e+002 -1.506464542e+002 +9.5672e-002 +5.2494e+000 +1.2528e+000 -1.4276e+000 +1.0320e+000 -4.9500e+000 -1.6990e+000 +2.6863e+000 +2.4032e+000 -3.8080e+000
46 +3.266511349e+001 +3.266511349e+001 -1.556548865e+002 -1.556548865e+002 -3.0468e+000 +3.4710e+000 +2.8442e-001 +9.4653e-001 -1.8254e+000 -4.6456e+000 -6.3867e-001 +2.3735e+000 +1.9722e+000 -4.2143e+000
71 +2.212422838e+001 +2.212422838e+001 -1.661957716e+002 -1.661957716e+002 -2.7761e+000 -1.0924e-001 +1.5020e+000 -5.8361e-001 -6.3703e-001 -3.0290e+000 -2.0187e+000 +4.2631e+000 -1.8623e+000 -5.1023e+000
106 +1.437695486e+001 +1.437695486e+001 -1.739430451e+002 -1.739430451e+002 -3.4018e+000 +7.5941e-001 -5.0281e-001 -3.6681e-001 -1.3477e+000 +1.5234e+000 -2.6640e-001 +1.9441e+000 -3.1012e-001 -3.5245e+000
127 +9.905669399e+000 +9.905669399e+000 -1.784143306e+002 -1.784143306e+002 +1.4487e-001 +1.6121e+000 -2.0415e+000 +1.2571e+000 -1.1815e+000 -1.0315e+000 -1.3347e+000 +1.3645e+000 +5.7483e-001 -1.0694e+000
235 +9.704680381e+000 +9.704680381e+000 -1.786153196e+002 -1.786153196e+002 +4.2952e-001 +8.9370e-001 -9.8901e-001 -1.2091e-001 -4.3384e-001 -2.0895e-001 -7.6804e-001 +1.3506e+000 +7.6476e-001 +7.7085e-001
329 +9.318804619e+000 +9.318804619e+000 -1.790011954e+002 -1.790011954e+002 -8.9656e-001 +1.7457e+000 +3.3241e+000 -8.2374e-003 +5.9424e-003 -3.4126e+000 -6.8956e-001 +1.6004e+000 -2.4623e+000 -1.1494e+000
358 +8.767635658e+000 +8.767635658e+000 -1.795523643e+002 -1.795523643e+002 +5.7546e-002 +1.3819e+000 -3.0291e+000 -4.6064e-001 -9.4259e-001 -1.5114e+000 -1.0355e+000 +2.2935e+000 +2.4116e-001 -1.1841e+000
408 +8.660610518e+000 +8.660610518e+000 -1.796593895e+002 -1.796593895e+002 -1.9001e+000 -5.5982e-001 +2.4333e+000 -1.6025e+000 -4.8843e-001 +4.5466e-001 -4.0498e-001 +1.8266e+000 +5.1200e-001 +2.3585e+000
411 +7.417208232e+000 +7.417208232e+000 -1.809027918e+002 -1.809027918e+002 +3.6007e-001 +2.7805e+000 -5.7980e-001 -1.7910e-001 +4.1444e-001 +2.9244e+000 -4.6478e-002 +1.7786e+000 +6.0982e-001 +7.5195e-001
436 +7.246044156e+000 +7.246044156e+000 -1.810739558e+002 -1.810739558e+002 +4.7988e-001 +6.5169e-001 +1.0930e+000 -5.9224e-001 -9.6033e-001 -1.6697e+000 +6.4288e-002 +2.5784e+000 +1.2323e+000 -1.8070e+000
493 +6.481146416e+000 +6.481146416e+000 -1.818388536e+002 -1.818388536e+002 -7.4032e-001 +6.7741e-001 +1.4119e+000 -3.0833e-001 -1.0614e+000 -2.1711e+000 -2.4100e-001 +2.4444e+000 +1.0014e-001 +4.9678e-001
578 +5.851583177e+000 +5.851583177e+000 -1.824684168e+002 -1.824684168e+002 -5.9305e-001 +1.1652e+000 +1.8134e+000 -1.9679e+000 +1.5713e+000 -2.8386e+000 -2.5553e-001 +1.1048e+000 +1.8892e+000 -1.5825e+000
722 +4.603602461e+000 +4.603602461e+000 -1.837163975e+002 -1.837163975e+002 +7.3795e-001 -4.6899e-001 +1.5085e+000 -1.2337e+000 +3.4888e-002 -7.6256e-001 +5.5474e-001 +1.5014e+000 -2.1423e+000 -1.5621e-001
1449 +3.696206852e+000 +3.696206852e+000 -1.846237931e+002 -1.846237931e+002 +2.2669e-001 +1.0275e-001 +7.5520e-001 -4.7440e-001 +6.0362e-002 -8.9527e-001 -1.2655e+000 +1.5442e+000 +1.1941e+000 -9.5248e-001
2679 +2.954672206e+000 +2.954672206e+000 -1.853653278e+002 -1.853653278e+002 -9.3849e-001 -5.5050e-002 +2.0014e+000 -4.6905e-001 -2.8991e-001 -1.2886e+000 +5.7803e-001 -1.1030e+000 +1.3760e-001 +4.6100e-001
13353 +2.781376701e+000 +2.781376701e+000 -1.855386233e+002 -1.855386233e+002 -2.9575e-001 +8.0862e-001 +6.6936e-001 +2.0423e-001 +4.4421e-001 -1.3585e+000 -8.3524e-001 -4.6363e-001 +1.3181e-001 +7.1933e-001
19880 +2.362913457e+000 +2.362913457e+000 -1.859570865e+002 -1.859570865e+002 -1.5417e+000 +8.8717e-001 +4.6152e-001 -4.5085e-001 -1.8872e-001 +6.5251e-001 +3.3971e-001 -8.3611e-002 -5.2259e-001 +9.7597e-001
32024 +1.575114470e+000 +1.575114470e+000 -1.867448855e+002 -1.867448855e+002 +1.7812e-001 -1.1441e+000 +6.4332e-001 +3.8041e-001 +1.3705e+000 -9.5996e-001 +3.1456e-001 +1.6733e+000 -2.5351e-001 -3.6607e-002
70053 +1.539320325e+000 +1.539320325e+000 -1.867806797e+002 -1.867806797e+002 -3.0198e-001 +6.7954e-001 +4.8146e-001 +1.5954e-002 +1.3601e-001 -3.8301e-001 +3.4704e-001 +8.0954e-001 +6.2958e-001 -1.2651e+000
270865 +1.495228072e+000 +1.495228072e+000 -1.868247719e+002 -1.868247719e+002 -7.4491e-001 -6.0051e-001 +2.1018e+000 -5.7116e-001 +1.2371e+000 -1.1049e+000 -1.6820e-001 -9.0051e-001 +3.2724e-001 +2.8082e-001
