% function evaluation | noise-free fitness - Fopt (6.870000000000e+000) | best noise-free fitness - Fopt | measured fitness | best measured fitness | x1 | x2...
1 +1.395154433e+001 +1.395154433e+001 +2.082154433e+001 +2.082154433e+001 +2.3829e+000 +4.4921e+000 +4.0318e+000 -7.9536e-001 +3.1360e+000 -3.8836e+000 -2.2218e+000 +2.0725e+000 -7.6888e-001 -7.0877e-001 -2.9899e+000 -1.1999e+000 -3.5758e+000 -9.7893e-001 -1.8040e+000 -1.2052e+000 -4.2317e-001 -2.6288e+000 +4.1788e-001 -2.6692e+000
2 +1.119408730e+001 +1.119408730e+001 +1.806408730e+001 +1.806408730e+001 +2.6559e+000 +4.8842e+000 +3.3183e+000 +1.1683e+000 +2.6848e+000 -3.2086e+000 -1.3621e+000 +1.8572e+000 -1.5128e+000 -9.8308e-001 -3.0176e+000 -1.1936e+000 -3.9104e+000 -4.4134e-001 -1.2940e+000 -1.5698e+000 -4.7789e-001 -2.9795e+000 +1.8054e+000 -2.7783e+000
9 +8.021971893e+000 +8.021971893e+000 +1.489197189e+001 +1.489197189e+001 +2.7301e+000 +5.1037e+000 +1.1622e+000 -4.3333e-001 +2.8391e+000 -4.0134e+000 -2.1557e+000 +2.3611e+000 -1.3857e+000 -1.8792e-001 -3.0900e+000 -6.0068e-001 -4.6432e+000 +1.4439e-001 -1.0174e+000 -1.1365e+000 -8.9672e-001 -2.3032e+000 +4.4684e-001 -2.4397e+000
11 +5.523043379e+000 +5.523043379e+000 +1.239304338e+001 +1.239304338e+001 +2.8106e+000 +4.9918e+000 +3.3239e+000 +1.9235e-001 +2.4462e+000 -2.7133e+000 -3.0037e+000 +2.1696e+000 -1.0118e+000 -7.8124e-001 -3.8764e+000 -8.7470e-001 -4.3510e+000 -6.2627e-001 -1.1986e+000 -1.8221e+000 +2.2825e-001 -2.9419e+000 +9.1713e-001 -2.9925e+000
29 +3.684475441e+000 +3.684475441e+000 +1.055447544e+001 +1.055447544e+001 +2.3458e+000 +4.7927e+000 +3.0627e+000 -3.2982e-001 +1.9936e+000 -2.5987e+000 -2.6782e+000 +2.4555e+000 -2.0794e-001 -7.2279e-003 -3.0808e+000 -1.0944e+000 -3.4163e+000 -8.0886e-001 -1.5618e+000 -1.2255e+000 -2.0197e-001 -2.4554e+000 -8.2594e-001 -3.4914e+000
3708 +2.595956993e+000 +2.595956993e+000 +9.465956993e+000 +9.465956993e+000 +1.0925e+000 +3.7042e+000 -1.0311e+000 +1.6192e+000 +1.4522e+000 +7.1588e-001 +5.4257e-001 +8.1884e-001 +1.9749e+000 +4.6213e+000 +5.3143e+000 +5.7197e+000 -1.9376e+000 +4.0046e-002 -1.2102e+000 -1.3253e+000 +1.3804e+000 +5.9649e-001 -2.9137e+000 +8.5751e-001
59304 +2.132835949e+000 +2.132835949e+000 +9.002835949e+000 +9.002835949e+000 +3.0422e+000 +1.2145e+000 -1.4870e+000 +2.6024e-001 -1.2294e+000 -1.1632e+000 +7.1658e-001 -1.6210e+000 -3.7939e-001 -2.5050e-001 +1.3259e+000 -4.3696e-001 +2.4007e+000 +1.0407e+000 -1.7377e+000 -1.2646e+000 +1.4131e+000 -4.0858e+000 -1.0166e+000 +1.7479e-001
520784 +1.935316729e+000 +1.935316729e+000 +8.805316729e+000 +8.805316729e+000 -9.9704e-001 -1.2438e+000 -6.4164e-001 +4.4171e+000 -2.4343e+000 -2.8310e+000 -1.3804e+000 +3.0540e+000 -9.1633e-001 -3.3080e-001 +1.9511e+000 +3.2336e+000 +2.6640e+000 +4.1584e+000 -9.8315e-001 -1.1531e+000 +1.5596e+000 +2.8399e-001 -2.2641e+000 +1.4118e+000
% function evaluation | noise-free fitness - Fopt (1.000000000000e-002) | best noise-free fitness - Fopt | measured fitness | best measured fitness | x1 | x2...
1 +1.522121150e+001 +1.522121150e+001 +1.523121150e+001 +1.523121150e+001 -1.9161e+000 -5.4216e-001 +1.6705e+000 +3.4815e+000 +1.9309e+000 -5.7866e+000 +2.2949e+000 -9.9988e-001 +3.8907e+000 +3.8984e+000 +5.7537e+000 -1.6818e+000 -8.5015e-001 +3.0059e+000 +3.2270e+000 +2.4384e+000 -1.8812e+000 -2.1037e+000 +5.1654e-001 +4.6634e+000
4 +1.454677596e+001 +1.454677596e+001 +1.455677596e+001 +1.455677596e+001 -2.6981e+000 +9.9311e-002 +2.6605e+000 +3.0498e+000 +3.5102e+000 -4.8154e+000 +2.7005e+000 -1.2245e+000 +4.0687e+000 +3.0463e+000 +4.6437e+000 -2.6826e+000 -1.1366e+000 +2.8768e+000 +2.8635e+000 +1.5354e+000 -1.3589e+000 -2.2655e+000 -7.5056e-002 +4.6976e+000
5 +1.145368414e+001 +1.145368414e+001 +1.146368414e+001 +1.146368414e+001 -2.3436e+000 +1.9214e-002 +2.0196e+000 +2.9204e+000 +2.9599e+000 -4.9365e+000 +2.6789e+000 -1.1385e+000 +3.7610e+000 +2.2464e+000 +5.6690e+000 -1.2165e+000 -6.4754e-001 +2.6270e+000 +3.3021e+000 +2.1588e+000 -1.6667e+000 -1.9607e+000 +7.4498e-001 +4.4560e+000
6 +9.219023376e+000 +9.219023376e+000 +9.229023376e+000 +9.229023376e+000 -2.3069e+000 +1.7287e+000 +2.0822e+000 +4.8389e+000 +2.9763e+000 -6.1761e+000 +2.9716e+000 -1.0786e+000 +2.7186e+000 +2.6748e+000 +5.1299e+000 -1.4416e+000 -8.3110e-001 +4.4905e+000 +2.4717e+000 +1.9556e+000 -1.0902e+000 -1.4697e+000 +9.9097e-001 +4.2927e+000
16 +8.582577991e+000 +8.582577991e+000 +8.592577991e+000 +8.592577991e+000 -3.0403e+000 -4.5006e-001 +2.1834e+000 +3.0046e+000 +3.0852e+000 -4.6075e+000 +2.3857e+000 -9.3388e-001 +3.2843e+000 +2.2440e+000 +4.6032e+000 -1.4399e+000 -9.2056e-001 +3.0162e+000 +2.6276e+000 +2.1784e+000 -2.5624e+000 -2.3442e+000 +6.9056e-001 +4.3285e+000
25 +8.414269088e+000 +8.414269088e+000 +8.424269088e+000 +8.424269088e+000 -3.9237e+000 +1.2703e+000 +2.1308e+000 +3.0657e+000 +3.2868e+000 -4.7295e+000 +2.5684e+000 -1.7852e+000 +3.7383e+000 +2.6534e+000 +4.9392e+000 -1.6419e+000 +3.8059e-001 +3.4395e+000 +3.0804e+000 +2.2203e+000 -2.0485e+000 -1.8247e+000 +2.4960e-002 +4.7499e+000
34 +6.630844089e+000 +6.630844089e+000 +6.640844089e+000 +6.640844089e+000 -2.4083e+000 +4.8929e-001 +2.0789e+000 +4.5204e+000 +2.0959e+000 -5.2592e+000 +3.2203e+000 -1.3476e+000 +3.3258e+000 +2.5737e+000 +4.1877e+000 -1.5723e+000 -1.2992e+000 +2.9781e+000 +2.0955e+000 +2.9397e+000 -2.1140e+000 -2.0494e+000 +3.6204e-001 +4.4198e+000
148 +5.902834230e+000 +5.902834230e+000 +5.912834230e+000 +5.912834230e+000 -2.4208e+000 +1.8190e+000 +2.7827e+000 +3.7705e+000 +4.2262e+000 -4.9798e+000 +2.0237e+000 -1.3299e+000 +3.4493e+000 +2.0355e+000 +4.6367e+000 -1.8811e+000 -8.2782e-001 +3.7554e+000 +2.0214e+000 +8.9648e-001 -1.2763e+000 -2.0726e+000 +1.0575e-001 +3.8634e+000
217 +5.812639198e+000 +5.812639198e+000 +5.822639198e+000 +5.822639198e+000 -1.6364e+000 +8.4515e-001 +3.7828e-001 +3.1080e+000 +6.1843e-001 -4.4567e+000 +2.6482e+000 -1.9482e+000 +3.4736e+000 +2.2641e+000 +4.8510e+000 -2.9088e+000 -1.4661e+000 +2.2729e+000 +2.2858e+000 +2.2950e+000 -1.8917e+000 -2.7752e+000 +5.5439e-001 +4.9930e+000
218 +3.524016607e+000 +3.524016607e+000 +3.534016607e+000 +3.534016607e+000 -2.0278e+000 +3.7989e-002 +2.0770e+000 +4.1839e+000 +3.0468e+000 -5.1030e+000 +3.6301e+000 -1.3785e+000 +3.1648e+000 +2.5054e+000 +4.9739e+000 +1.3572e-001 -1.3215e+000 +2.9408e+000 +3.1337e+000 +1.8087e+000 -2.7994e+000 -7.4857e-001 +7.2177e-001 +4.8869e+000
4627 +3.312551597e+000 +3.312551597e+000 +3.322551597e+000 +3.322551597e+000 +8.6658e-001 +2.1358e+000 -6.6548e-001 +3.2292e+000 -7.0378e-001 -3.5876e-001 -1.0178e+000 +3.3155e-001 +4.2801e+000 -3.0869e+000 -2.3233e+000 +3.5572e+000 +8.1383e-001 +3.6141e-001 -7.9085e-001 +1.5179e+000 +1.6829e+000 -4.3846e-001 -3.8338e-001 +1.5500e+000
8262 +3.250511532e+000 +3.250511532e+000 +3.260511532e+000 +3.260511532e+000 -4.3059e+000 -5.3527e+000 +2.7227e-001 +2.5837e+000 +8.9089e-002 -2.9084e-001 -2.1962e+000 -1.8045e+000 +1.9042e+000 -1.9462e+000 -1.1230e+000 -2.4986e-001 -4.6060e-001 +7.7313e-001 -8.9452e-001 -1.8378e+000 +2.7881e-001 +1.9555e-001 -1.9625e-001 -8.9869e-001
8368 +2.868610519e+000 +2.868610519e+000 +2.878610519e+000 +2.878610519e+000 +1.8200e+000 -5.5525e-002 +8.1626e-001 +2.9357e+000 +8.7461e-001 -9.8179e-001 -1.3779e+000 -1.7775e+000 +1.1241e+000 +3.0522e-001 -5.3756e-001 -6.5500e-001 -1.0593e-001 +4.8480e-001 +4.9387e+000 -8.1589e-002 +2.5642e+000 +8.5266e-002 -1.9558e+000 -7.9924e-001
46053 +2.312155793e+000 +2.312155793e+000 +2.322155793e+000 +2.322155793e+000 +9.1877e-002 -4.6487e+000 +3.3720e+000 +9.5781e-001 +1.0794e+000 -1.1945e+000 +4.6595e+000 -1.3873e+000 -8.5228e-001 +2.4291e+000 -1.3488e+000 +1.8540e+000 -1.6926e+000 +5.0000e+000 -4.6837e-001 -1.9770e+000 +1.0344e+000 -2.3711e-002 -5.9424e-002 +1.3282e+000
333359 +2.152881823e+000 +2.152881823e+000 +2.162881823e+000 +2.162881823e+000 +1.8063e+000 +1.4954e+000 -1.2764e+000 -3.4442e-001 -1.4007e+000 -1.0260e+000 -1.6424e+000 -1.7975e+000 +1.5285e-001 +1.5440e+000 +5.5295e-001 -1.7318e+000 -2.7649e+000 +9.9681e-002 -4.6277e-001 -2.6200e+000 +1.0520e+000 -1.2621e-001 -1.3534e+000 +3.8070e-001
914052 +2.000093602e+000 +2.000093602e+000 +2.010093602e+000 +2.010093602e+000 -4.1217e-001 +6.0641e-001 +6.0107e-001 +1.3444e+000 -1.1775e+000 +1.1794e+000 -1.2670e-001 +5.4798e-001 -1.1453e+000 -5.2399e-001 -1.2344e-001 -2.6716e-001 -2.4966e+000 -1.1531e+000 +1.6499e+000 -3.8881e+000 +4.9481e+000 +6.5425e-001 -1.4280e+000 -3.1210e+000
% function evaluation | noise-free fitness - Fopt (-1.306100000000e+002) | best noise-free fitness - Fopt | measured fitness | best measured fitness | x1 | x2...
1 +2.378598046e+001 +2.378598046e+001 -1.068240195e+002 -1.068240195e+002 -3.0769e+000 -3.8236e+000 -5.7682e-001 -2.7278e-001 +3.9643e+000 -5.7922e+000 +1.9486e+000 -1.4702e+000 +2.0377e+000 +5.3271e-001 +3.5640e+000 -3.6333e+000 +7.2509e-001 +1.9659e+000 -4.4736e-001 +8.5461e-001 +3.0841e+000 +4.5189e+000 -8.6041e-001 +4.1238e-001
2 +9.810923343e+000 +9.810923343e+000 -1.207990767e+002 -1.207990767e+002 -2.5131e+000 -3.9851e+000 +4.6959e-001 -9.7524e-001 +3.6376e+000 -5.2370e+000 -2.1618e-001 -9.0791e-001 +1.8250e+000 -2.6857e-001 +4.0546e+000 -2.0628e+000 -2.3770e-001 +1.9695e+000 +2.4570e+000 +1.7819e+000 +2.5426e+000 +3.9302e+000 -1.6908e+000 -4.1175e-001
15 +9.462422048e+000 +9.462422048e+000 -1.211475780e+002 -1.211475780e+002 -3.3594e+000 -3.6655e+000 +1.9674e-001 +9.5840e-001 +3.7849e+000 -4.8563e+000 -2.2548e-001 -2.1291e-001 +3.4981e+000 +1.8615e-002 +5.9515e+000 -2.5407e+000 -9.3622e-002 +1.7181e+000 +2.0959e+000 +1.3415e+000 +3.7814e+000 +5.0126e+000 -1.6264e+000 -1.3385e-001
40 +8.962270252e+000 +8.962270252e+000 -1.216477297e+002 -1.216477297e+002 -3.2835e+000 -2.4557e+000 +4.9957e-001 +4.4681e-002 +5.0465e+000 -6.0337e+000 -1.8543e-001 -6.7198e-001 +1.8279e+000 +5.6220e-001 +4.5804e+000 -2.7960e+000 +6.2138e-001 +2.7284e+000 +2.5631e+000 +1.5440e+000 +3.0470e+000 +4.1402e+000 -2.1165e+000 -1.4673e-004
42 +6.090313477e+000 +6.090313477e+000 -1.245196865e+002 -1.245196865e+002 -1.6018e+000 -2.2706e+000 -5.6159e-001 -2.1753e-001 +3.8860e+000 -4.7301e+000 -1.0844e+000 -3.2779e-002 +2.4382e+000 -4.2043e-001 +4.5368e+000 -2.5553e+000 +2.4127e-001 +9.4250e-001 +1.5726e+000 +2.2597e+000 +2.8815e+000 +3.7934e+000 -1.3015e-001 -5.4517e-001
44 +3.388725948e+000 +3.388725948e+000 -1.272212741e+002 -1.272212741e+002 -2.4080e+000 -3.3383e+000 +2.7585e-001 +2.1706e-001 +4.1583e+000 -4.9043e+000 +3.0372e-001 -3.9195e-001 +2.0276e+000 -4.5496e-002 +3.1825e+000 -3.7636e+000 +3.7829e-001 +2.1375e+000 +2.1660e+000 +1.6491e+000 +3.1708e+000 +3.7644e+000 -1.0201e+000 -6.2572e-001
891 +2.977412621e+000 +2.977412621e+000 -1.276325874e+002 -1.276325874e+002 -1.4651e+000 -2.9707e+000 -2.0012e+000 +9.5992e-001 +4.8132e+000 -5.0098e+000 +2.4367e+000 +8.1450e-001 +2.4355e+000 +5.0863e-001 +2.8678e+000 -2.7469e+000 -3.4666e-001 +7.0734e-001 +3.2362e+000 +1.8090e+000 +2.7127e+000 +4.3699e+000 -7.7147e-001 +8.2554e-003
31985 +2.680538758e+000 +2.680538758e+000 -1.279294612e+002 -1.279294612e+002 +1.2948e+000 -5.7401e-001 -1.2953e-001 -9.2290e-002 +1.0358e+000 +2.3253e+000 -1.7666e+000 +2.7884e-001 -1.7772e+000 -1.1643e+000 +8.4633e-001 +1.3679e+000 -2.1409e+000 -2.7780e+000 -1.3601e+000 -4.9697e-001 +9.6244e-001 +2.4280e+000 +9.3893e-001 -8.0101e-001
53277 +1.981897510e+000 +1.981897510e+000 -1.286281025e+002 -1.286281025e+002 -1.2403e+000 +1.4625e+000 -3.8374e+000 -2.4677e+000 +1.2358e+000 +9.5324e-001 -9.4856e-001 +1.6633e-001 +3.6844e-002 +1.5286e+000 +2.8845e-003 -2.2090e+000 -2.2051e+000 +1.0663e-001 +1.4939e+000 +2.6916e-001 +3.9010e+000 +7.7681e-001 -1.5975e+000 +9.5261e-001
% function evaluation | noise-free fitness - Fopt (-2.231200000000e+002) | best noise-free fitness - Fopt | measured fitness | best measured fitness | x1 | x2...
1 +8.718784692e+000 +8.718784692e+000 -2.144012153e+002 -2.144012153e+002 +6.5838e-001 +4.4529e+000 -5.5959e-001 -3.0006e-001 +3.5566e+000 -4.8021e+000 -6.9501e-001 +2.9261e+000 -3.7130e+000 +2.4421e-001 -4.4243e+000 +2.0948e+000 +4.2726e+000 -3.3854e+000 +5.9839e-001 -1.7150e+000 +5.4803e-001 +2.2499e+000 -4.9508e+000 -1.2106e+000
8 +6.820026693e+000 +6.820026693e+000 -2.162999733e+002 -2.162999733e+002 +5.3497e-002 +4.2980e+000 -1.4197e+000 -6.5254e-001 +4.1750e+000 -4.1406e+000 -3.8606e-001 +3.2711e+000 -4.0798e+000 +5.8038e-001 -5.4685e+000 +1.7013e+000 +4.5919e+000 -3.5322e+000 +1.3894e-001 -1.5768e+000 -3.0028e-001 +1.7337e+000 -5.1080e+000 -3.1602e+000
53 +5.959037406e+000 +5.959037406e+000 -2.171609626e+002 -2.171609626e+002 +1.2962e+000 +4.6416e+000 -5.8007e-001 +1.0804e+000 +5.1501e+000 -3.7803e+000 +1.2351e-001 +3.0117e+000 -4.5268e+000 +9.6885e-001 -4.6994e+000 +2.2958e+000 +5.0202e+000 -2.9850e+000 -1.7395e-001 -1.2461e+000 -3.6543e-002 +2.0498e+000 -4.9330e+000 -2.8004e+000
63 +4.987259620e+000 +4.987259620e+000 -2.181327404e+002 -2.181327404e+002 +1.5088e+000 +4.8941e+000 -5.1299e-001 -1.5508e-001 +5.1332e+000 -4.1619e+000 -8.7558e-001 +4.1615e+000 -3.8997e+000 +8.7318e-001 -5.1218e+000 +3.3382e+000 +4.4151e+000 -3.4001e+000 -3.5729e-002 -1.2302e+000 -1.3146e-001 +1.3542e+000 -4.6263e+000 -3.3203e+000
352 +3.653443779e+000 +3.653443779e+000 -2.194665562e+002 -2.194665562e+002 +1.5179e+000 +4.3263e+000 -9.9379e-001 -4.1015e-001 +5.1724e+000 -5.0593e+000 +9.1089e-001 +3.6411e+000 -4.2423e+000 -2.3187e-002 -4.2047e+000 +1.6960e+000 +4.2198e+000 -5.2512e-001 +5.0351e-001 -1.5490e+000 +1.4475e-001 +1.8935e+000 -4.0605e+000 -3.0844e+000
859 +3.437538922e+000 +3.437538922e+000 -2.196824611e+002 -2.196824611e+002 +2.3779e+000 +3.3160e+000 -1.2918e+000 -2.0364e-001 +4.4392e+000 -3.0341e+000 -1.7436e+000 +3.6393e+000 -3.7409e+000 -2.4629e+000 -3.5348e+000 +1.9787e+000 +4.8794e+000 -2.5916e+000 -1.6862e-002 -2.5578e+000 +2.0587e+000 +1.2654e+000 -5.4427e+000 -2.5813e+000
5927 +2.828428188e+000 +2.828428188e+000 -2.202915718e+002 -2.202915718e+002 +4.3488e-002 +4.7305e-001 +1.0297e+000 -3.5825e+000 +3.8926e+000 -1.8874e+000 -9.2839e-001 -5.1315e+000 +1.8625e-001 +1.4382e+000 +2.8091e+000 +1.3866e+000 -1.9636e+000 +8.5697e-001 +6.0520e-001 +1.2526e+000 -5.1891e+000 +2.2926e-003 -2.2660e+000 -1.2992e+000
14368 +2.527330379e+000 +2.527330379e+000 -2.205926696e+002 -2.205926696e+002 +1.4828e+000 +1.1833e+000 +2.1439e+000 -2.4511e+000 -9.4901e-001 +4.1517e+000 +1.2188e+000 -2.9805e+000 +1.6738e+000 -3.7541e+000 +2.7012e+000 +4.0032e+000 -1.5668e+000 -2.6682e-001 -1.2182e+000 +3.3790e-002 +1.4988e+000 -2.5248e+000 +1.7902e+000 +3.1497e+000
73947 +2.467183627e+000 +2.467183627e+000 -2.206528164e+002 -2.206528164e+002 +9.6088e-003 -2.7361e-001 -2.6481e+000 +2.0519e+000 +2.6419e+000 +3.2162e-001 +1.6409e+000 -1.1067e+000 +1.4169e+000 +3.7013e+000 +1.6717e+000 +1.9288e+000 -2.8400e+000 -1.0366e-001 -2.3683e+000 +9.1287e-002 +1.3698e-001 -1.5804e+000 -1.7232e-001 -2.0419e-001
101368 +1.964200076e+000 +1.964200076e+000 -2.211557999e+002 -2.211557999e+002 -1.7923e+000 +9.2070e-001 +1.2717e+000 -2.8364e+000 +6.6799e-003 -9.6735e-001 +1.1309e+000 +1.1817e+000 -3.0644e+000 -1.5986e+000 -2.3936e+000 -6.5303e-001 +2.1673e+000 -4.0811e+000 +5.3143e+000 -1.1450e+000 -1.5711e+000 -1.4943e+000 +1.1511e+000 +2.2971e-001
979939 +1.894307582e+000 +1.894307582e+000 -2.212256924e+002 -2.212256924e+002 -5.8285e-001 -1.9419e-001 +1.4873e+000 +4.8824e+000 +2.0575e+000 +1.4912e+000 +2.6124e+000 +1.4722e-001 -1.7240e+000 -2.7615e-001 -2.3721e+000 -4.6079e+000 +1.5016e+000 -4.0922e+000 -9.6574e-001 +1.0586e+000 +1.1969e+000 +1.8110e+000 +1.3671e+000 -3.4870e-001
% function evaluation | noise-free fitness - Fopt (-4.443000000000e+001) | best noise-free fitness - Fopt | measured fitness | best measured fitness | x1 | x2...
1 +2.684464174e+001 +2.684464174e+001 -1.758535826e+001 -1.758535826e+001 +3.4252e+000 +1.8339e+000 +8.3740e-001 -3.5289e+000 -1.9364e+000 -2.4446e+000 +2.4756e+000 -3.9771e+000 +4.8625e+000 +1.1585e+000 -2.7303e-001 -2.4703e+000 +3.8832e+000 +3.3826e+000 -4.1760e-001 +1.9993e+000 -2.8171e-001 +3.4017e-001 +3.9752e-003 -1.5878e+000
2 +1.394877309e+001 +1.394877309e+001 -3.048122691e+001 -3.048122691e+001 +3.6170e+000 +2.4870e+000 +1.2057e+000 -4.3189e+000 -4.1320e+000 -2.1781e+000 +2.6181e+000 -3.6317e+000 +4.1519e+000 +3.9710e-001 +2.4014e+000 -3.0844e+000 +4.0071e+000 +5.1177e+000 +1.0509e-001 +1.1530e+000 +8.8456e-001 +1.1609e+000 +9.1642e-001 -1.9865e+000
3 +1.298554481e+001 +1.298554481e+001 -3.144445519e+001 -3.144445519e+001 +3.3332e+000 +2.6250e+000 +6.1550e-001 -4.3873e+000 -1.0847e+000 -2.8695e+000 +3.4169e+000 -3.8212e+000 +4.6954e+000 +1.2025e+000 -3.2113e-001 -2.6490e+000 +4.3306e+000 +3.5513e+000 +1.1361e-001 +1.0975e+000 +4.0444e-001 +2.9874e-001 +5.0874e-001 -2.1375e+000
14 +1.232588317e+001 +1.232588317e+001 -3.210411683e+001 -3.210411683e+001 +2.7364e+000 +2.2188e+000 -8.9309e-002 -3.6961e+000 -1.7618e+000 -2.5738e+000 +2.1648e+000 -3.7452e+000 +4.8981e+000 +7.6618e-001 +3.9270e-001 -1.8953e+000 +4.1437e+000 +4.3513e+000 -1.7586e-001 +2.0140e+000 +4.7880e-002 +5.6486e-001 +2.1585e-001 -2.2999e+000
16 +1.150640743e+001 +1.150640743e+001 -3.292359257e+001 -3.292359257e+001 +3.0036e+000 +2.3343e+000 +1.3002e+000 -3.7841e+000 -1.8349e+000 -2.1219e+000 +2.6566e+000 -4.1587e+000 +5.4450e+000 +4.4840e-001 +6.5639e-001 -3.9429e+000 +3.7933e+000 +3.9623e+000 +4.0472e-001 +1.5369e+000 +8.6603e-001 +2.5203e-001 +3.8165e-001 -1.9098e+000
17 +1.048055861e+001 +1.048055861e+001 -3.394944139e+001 -3.394944139e+001 +3.1618e+000 +1.9289e+000 +8.2187e-001 -4.5154e+000 -1.6710e+000 -2.4263e+000 +3.9449e+000 -3.9036e+000 +4.7582e+000 -2.1165e-001 +5.6503e-001 -2.2063e+000 +3.2014e+000 +3.9975e+000 +3.0523e-001 +2.5679e+000 +9.5678e-001 +3.6296e-001 -3.6632e-001 -1.2329e+000
21 +5.169810842e+000 +5.169810842e+000 -3.926018916e+001 -3.926018916e+001 +3.4161e+000 +2.2021e+000 -8.3846e-002 -3.8920e+000 -1.1892e+000 -2.9476e+000 +2.8806e+000 -3.8225e+000 +4.1566e+000 +1.4799e-001 +8.5947e-001 -1.7226e+000 +4.5723e+000 +3.3133e+000 +1.1560e+000 +1.6165e+000 +8.1004e-001 +9.2553e-001 +1.1263e+000 -1.6550e+000
40 +3.272095349e+000 +3.272095349e+000 -4.115790465e+001 -4.115790465e+001 +3.7492e+000 +2.4781e+000 +9.8517e-001 -3.9839e+000 -1.7877e+000 -2.4824e+000 +2.9469e+000 -4.7830e+000 +4.9034e+000 +6.8990e-002 +9.9042e-001 -1.7193e+000 +3.5402e+000 +1.3601e+000 -5.4463e-001 +1.9635e+000 +8.2191e-001 +3.7245e-001 +2.2014e+000 -1.0672e+000
3903 +2.997189605e+000 +2.997189605e+000 -4.143281039e+001 -4.143281039e+001 +1.2094e+000 +1.1886e+000 -4.0697e+000 +8.0994e-001 +1.3665e+000 -2.5568e+000 +4.9036e-001 -1.8953e-001 +2.6128e-001 +3.0798e+000 +2.5652e+000 +2.9016e+000 +1.2441e+000 -3.0555e+000 -4.6781e-001 -1.1279e-001 +9.2562e-002 +2.3545e+000 -6.9957e-001 -2.1159e+000
31710 +2.803906099e+000 +2.803906099e+000 -4.162609390e+001 -4.162609390e+001 -2.2330e-001 +2.4675e+000 -3.0155e+000 -1.5639e+000 +5.3002e-001 -1.6089e+000 -3.7692e+000 +2.7084e+000 +5.4239e-001 -9.3580e-001 +4.9026e+000 -4.1602e-001 -6.0321e-001 +3.2970e+000 -2.7635e+000 -4.9374e+000 +5.0824e+000 -1.8576e+000 -1.2218e-001 +1.9168e+000
46192 +2.725746402e+000 +2.725746402e+000 -4.170425360e+001 -4.170425360e+001 -2.3331e+000 +1.5027e+000 -1.0899e+000 +8.4822e-001 +4.5733e-001 +1.2895e+000 +1.5057e+000 +6.7876e-002 -1.4793e+000 +1.1280e+000 -2.5773e+000 +8.7365e-001 +3.1704e-001 +1.9247e+000 -1.5839e+000 -3.3919e-001 -1.3558e+000 -1.2643e+000 -3.9602e+000 -1.4639e+000
96533 +2.234520279e+000 +2.234520279e+000 -4.219547972e+001 -4.219547972e+001 +2.0214e+000 -2.5141e-001 +1.2350e+000 -4.9941e-003 -2.7713e+000 -2.8667e+000 +4.6727e+000 +4.4769e-001 +6.1830e-001 -9.9371e-001 -9.2498e-001 -2.3570e+000 -1.1422e+000 +5.6735e-001 +1.4671e-002 +6.2536e-001 -9.7821e-001 -8.2218e-001 -4.9566e-001 +2.5587e+000
147488 +2.108963851e+000 +2.108963851e+000 -4.232103615e+001 -4.232103615e+001 +1.2486e+000 -3.3570e-001 -6.9032e-001 +1.6645e+000 +2.1585e-001 -2.9138e+000 +2.2689e+000 -3.6994e-001 -2.0112e+000 +8.7305e-001 -8.9656e-001 -8.5119e-002 +3.1784e+000 -2.6659e+000 +3.1599e-001 -1.0694e+000 +3.2185e+000 -3.1368e-001 +2.3199e-001 +2.0784e+000
762664 +2.033193841e+000 +2.033193841e+000 -4.239680616e+001 -4.239680616e+001 +1.6228e+000 +1.4360e+000 -1.9707e+000 -1.9529e+000 -2.6148e+000 +4.6284e+000 +8.9292e-001 -1.1374e+000 +3.9028e+000 -2.4443e+000 +1.1896e-001 +4.2853e+000 +3.7804e-001 +4.4237e+000 -2.9783e+000 +2.2665e+000 -2.0049e+000 +1.8522e+000 +1.3559e+000 +1.2528e+000
% function evaluation | noise-free fitness - Fopt (-3.845400000000e+002) | best noise-free fitness - Fopt | measured fitness | best measured fitness | x1 | x2...
1 +2.795728335e+001 +2.795728335e+001 -3.565827167e+002 -3.565827167e+002 -1.0698e-002 +4.9298e+000 -1.9126e+000 -9.8915e-002 +1.8029e+000 -1.9471e+000 -2.6564e+000 +1.4067e+000 -7.1557e-001 -3.5249e+000 +2.8621e+000 +4.8277e+000 -2.9585e+000 -3.3999e+000 +5.3454e+000 +4.4994e+000 +3.3487e-001 -2.2585e+000 +3.5299e+000 +4.2045e+000
2 +1.829903737e+001 +1.829903737e+001 -3.662409626e+002 -3.662409626e+002 -2.2155e+000 +4.8916e+000 -1.0386e+000 +8.4682e-001 +6.4541e-001 -3.8406e+000 -2.1528e+000 +3.6460e-001 -1.1829e+000 -2.2249e+000 +3.8281e-001 +4.3880e+000 -4.2370e+000 -4.6054e+000 +4.3485e+000 +2.6178e+000 -3.8724e-002 -2.5607e+000 +4.5168e+000 +3.6118e+000
4 +1.744314427e+001 +1.744314427e+001 -3.670968557e+002 -3.670968557e+002 -1.2058e+000 +1.9397e+000 -1.9141e+000 +1.4589e-001 +1.8047e+000 -3.5053e+000 -2.0702e+000 +8.5972e-002 -8.5158e-001 -1.4736e+000 +3.7076e-001 +4.6260e+000 -3.7268e+000 -1.7470e+000 +4.7138e+000 +3.4027e+000 +9.4137e-003 -2.5124e+000 +3.9319e+000 +4.1031e+000
5 +1.388847848e+001 +1.388847848e+001 -3.706515215e+002 -3.706515215e+002 -2.3906e+000 +3.6137e+000 +4.1525e-001 +4.7620e-001 +5.4785e-001 -3.6240e+000 -2.2887e+000 +1.4001e+000 -3.4192e-001 -2.0338e+000 +4.7107e-001 +5.3865e+000 -4.4318e+000 -3.0575e+000 +4.7682e+000 +2.3363e+000 +2.3267e-002 -2.3010e+000 +5.5146e+000 +3.2114e+000
8 +5.668551800e+000 +5.668551800e+000 -3.788714482e+002 -3.788714482e+002 -2.4893e+000 +4.3511e+000 -9.9761e-001 +1.3279e+000 +1.2169e+000 -3.9451e+000 -2.8399e+000 +6.2024e-001 -1.2996e+000 -1.9428e+000 -3.4645e-001 +4.4528e+000 -3.9398e+000 -3.0233e+000 +4.9387e+000 +3.1715e+000 -2.3405e-001 -2.0047e+000 +4.4681e+000 +4.8986e+000
209 +4.662167462e+000 +4.662167462e+000 -3.798778325e+002 -3.798778325e+002 -3.3496e+000 +4.5035e+000 -5.0383e-001 +1.8008e-001 +4.4128e-001 -3.4318e+000 -1.7961e+000 +1.4243e+000 -1.8228e+000 -2.4288e+000 +2.5992e-001 +4.2588e+000 -3.8384e+000 -3.0736e+000 +5.0176e+000 +3.1194e+000 -4.0523e-001 -2.2088e+000 +4.1636e+000 +3.8845e+000
279 +3.420477787e+000 +3.420477787e+000 -3.811195222e+002 -3.811195222e+002 -2.5080e+000 +5.3061e+000 -2.7571e+000 +8.0038e-001 +1.3309e+000 -2.9519e+000 -2.8559e+000 +8.2628e-001 -2.2946e+000 -3.6919e+000 -8.6536e-001 +4.1827e+000 -1.9329e+000 -3.1411e+000 +4.0666e+000 +2.8137e+000 +3.9864e-001 -2.1442e+000 +4.5584e+000 +4.4162e+000
8890 +3.119865612e+000 +3.119865612e+000 -3.814201344e+002 -3.814201344e+002 -2.2386e-001 -2.9659e-001 -1.4009e+000 -1.6754e+000 -1.6783e+000 -7.7536e-001 +1.1649e+000 +1.1824e+000 -9.8684e-001 -3.6965e+000 +4.1625e+000 +4.1417e+000 +1.5439e+000 +2.1863e-002 -2.4916e+000 -9.5628e-001 +1.8473e+000 -1.9665e+000 +3.8564e+000 +2.4848e+000
17102 +3.035179617e+000 +3.035179617e+000 -3.815048204e+002 -3.815048204e+002 -1.1145e+000 +5.5642e+000 -2.9874e-001 +3.7004e+000 +6.0832e-001 +2.3596e+000 +3.1380e-001 +2.7239e+000 +2.3498e+000 +4.7550e+000 +1.3912e+000 -1.1803e+000 -1.7812e+000 +4.2552e-001 +6.2870e-001 -1.1089e+000 +1.7288e+000 +1.6148e+000 -3.3534e-001 -4.2522e+000
34039 +2.971036820e+000 +2.971036820e+000 -3.815689632e+002 -3.815689632e+002 +1.3140e+000 -8.6079e-002 -5.0953e-001 +2.6233e-001 +1.2188e+000 +2.5428e+000 +1.0768e+000 -1.0960e+000 -9.3630e-001 +8.6590e-001 -8.8464e-001 -2.1106e-001 -1.2300e+000 -1.1270e+000 -5.8329e-002 -1.7587e+000 +4.1694e+000 -2.2210e+000 -1.7765e+000 +3.8701e+000
90345 +2.808279735e+000 +2.808279735e+000 -3.817317203e+002 -3.817317203e+002 -2.7399e+000 +1.0799e+000 +3.3742e+000 -2.5017e+000 -7.9277e-001 -8.1456e-001 -1.0184e+000 -1.9267e+000 -5.1987e+000 +1.0801e+000 -1.2375e+000 +1.1012e+000 +1.4344e+000 -1.9066e-001 -2.3324e+000 -4.3326e+000 +1.1725e+000 -4.5989e-001 -1.2071e+000 +2.9154e-001
150021 +2.582627199e+000 +2.582627199e+000 -3.819573728e+002 -3.819573728e+002 -2.5800e+000 +2.9552e+000 +2.5016e+000 -1.4968e+000 +1.6318e+000 +9.2415e-001 +2.7268e+000 +7.9063e-001 -1.2323e+000 +1.7195e+000 -3.1151e+000 +9.9862e-001 -3.6734e+000 -1.7434e+000 +2.5234e+000 +2.8865e+000 -2.7737e+000 -2.2987e+000 +1.9429e+000 -2.4573e+000
590551 +2.223781754e+000 +2.223781754e+000 -3.823162182e+002 -3.823162182e+002 +8.8249e-002 -6.5831e-001 -4.0892e+000 -2.7998e-001 -6.8053e-001 -4.8981e+000 -8.9083e-001 -2.6773e+000 -2.8671e+000 -1.9411e+000 -9.8930e-001 -1.1300e+000 -4.3728e+000 +1.6060e+000 -1.9698e+000 -1.7316e+000 +2.1528e-001 +3.5533e+000 -1.1333e+000 +4.0429e+000
679217 +2.129088365e+000 +2.129088365e+000 -3.824109116e+002 -3.824109116e+002 -1.4493e+000 -3.8778e+000 -1.6016e+000 +3.5124e+000 +1.6506e-002 -5.5749e-001 -4.6372e-001 +1.7795e+000 -3.2878e+000 -3.3620e+000 +2.3167e+000 -1.2071e+000 -4.3513e+000 +3.4424e-001 -2.3338e+000 +9.0683e-001 -5.2733e-001 -9.2542e-001 +4.9391e+000 +3.6956e+000
983907 +1.968888224e+000 +1.968888224e+000 -3.825711118e+002 -3.825711118e+002 -2.5082e-001 -3.0188e-001 +3.3662e+000 +8.2896e-001 -2.8504e+000 +1.8478e+000 -2.8128e+000 +1.7597e+000 -2.8894e+000 +8.2314e-001 -1.3445e+000 -4.7162e-001 +4.8760e+000 -1.4670e+000 -4.8475e+000 -2.4586e+000 -1.7193e+000 -2.2574e+000 +3.2585e-001 +9.6527e-001
% function evaluation | noise-free fitness - Fopt (-6.071200000000e+002) | best noise-free fitness - Fopt | measured fitness | best measured fitness | x1 | x2...
1 +8.013759097e+000 +8.013759097e+000 -5.991062409e+002 -5.991062409e+002 -4.5006e+000 +8.9561e-001 +1.3147e+000 -1.1733e+000 +3.9194e+000 -2.7645e+000 +1.2852e+000 -3.3282e+000 -1.8085e-001 +4.0365e+000 -1.5011e+000 -7.6837e-001 -4.2755e+000 -4.2624e+000 +5.9277e-001 -4.2331e+000 +2.6703e+000 -1.5727e+000 -1.7588e+000 -4.3978e+000
30 +7.810697584e+000 +7.810697584e+000 -5.993093024e+002 -5.993093024e+002 -5.1378e+000 -1.2746e+000 +1.7940e+000 -3.1182e+000 +4.4448e+000 -2.8438e+000 +3.6468e+000 -3.2995e+000 +1.7037e+000 +4.8044e+000 -2.2659e+000 -7.8044e-001 -3.8290e+000 -4.2363e+000 -1.6860e-001 -5.6553e+000 +2.8985e+000 -9.9585e-001 -1.1630e+000 -4.5729e+000
32 +4.418641870e+000 +4.418641870e+000 -6.027013581e+002 -6.027013581e+002 -4.9896e+000 -1.1908e+000 +1.6584e+000 -2.1677e+000 +4.6126e+000 -4.0665e+000 +3.8485e+000 -3.5378e+000 +1.2957e+000 +4.8750e+000 -2.0168e+000 -1.4075e+000 -1.1113e+000 -4.0898e+000 -1.8925e-001 -3.4639e+000 +1.5910e+000 -1.7107e+000 -1.2027e+000 -4.9600e+000
575 +3.927222725e+000 +3.927222725e+000 -6.031927773e+002 -6.031927773e+002 -4.3197e+000 -2.1971e-001 +1.9189e+000 -1.5795e+000 +4.2388e+000 -1.7716e+000 +3.4949e+000 -2.0445e+000 +1.6864e+000 +3.8079e+000 -7.7027e-001 -6.1241e-002 -3.6449e+000 -3.5885e+000 -1.9424e-001 -3.6996e+000 +3.2164e+000 -2.5081e+000 -1.5214e+000 -5.0642e+000
10954 +3.699920442e+000 +3.699920442e+000 -6.034200796e+002 -6.034200796e+002 -3.5496e+000 +2.7630e+000 -4.8069e-001 +2.5695e+000 +8.7001e-001 +2.4963e+000 -3.3221e-001 -3.8977e+000 +1.0821e-001 +8.7342e-001 +2.4576e+000 +1.9113e+000 +8.9309e-001 +2.9764e+000 +1.0940e+000 -9.8345e-001 +1.8706e-001 -2.6888e-001 -3.8558e+000 +1.6279e+000
15792 +2.841797520e+000 +2.841797520e+000 -6.042782025e+002 -6.042782025e+002 +4.7611e+000 +8.1367e-001 +2.8707e-001 +3.8988e+000 +2.9543e+000 +8.9359e-001 -3.1304e-002 -2.3696e+000 +4.7234e-003 +2.4412e+000 +3.5655e+000 +1.0645e+000 -1.3507e+000 +4.1494e+000 +6.8941e-001 +1.0153e+000 -1.0150e+000 +8.4614e-001 +2.5421e+000 -7.0142e-001
45220 +2.474656026e+000 +2.474656026e+000 -6.046453440e+002 -6.046453440e+002 +6.8006e-001 +6.8755e-001 -5.1334e+000 +2.3041e+000 +3.1799e+000 -1.1014e+000 -1.3468e+000 +1.7663e+000 +1.8094e+000 +1.4914e+000 -2.2799e+000 -2.5587e-001 +2.0395e-001 -3.0753e+000 -9.2868e-001 +1.2912e+000 +1.5311e+000 -4.2581e+000 -4.3397e-001 -4.8196e-001
94089 +2.265195026e+000 +2.265195026e+000 -6.048548050e+002 -6.048548050e+002 -1.3474e+000 +4.5223e-001 -1.3803e+000 -1.3876e+000 -2.1399e+000 +2.6324e-001 +7.0050e-002 -1.7809e+000 +3.3641e+000 -7.7913e-001 -2.0139e+000 -2.7785e-001 +3.1497e+000 +3.5677e-002 -1.2247e+000 +3.9952e+000 +5.3016e-001 +1.2883e+000 -1.7447e-002 -2.9125e+000
484913 +2.136552159e+000 +2.136552159e+000 -6.049834478e+002 -6.049834478e+002 +6.4713e-001 +1.5279e+000 +1.6345e+000 +1.9908e+000 +1.0660e+000 -1.5296e-001 +5.0414e+000 -1.3175e-001 -2.5213e+000 +1.8883e-001 -3.1697e+000 -1.3563e+000 +6.7284e-001 +7.4776e-001 +3.1165e-001 +1.3743e+000 +1.3314e+000 -2.0646e+000 -1.6043e+000 +3.3239e+000
647563 +2.007366185e+000 +2.007366185e+000 -6.051126338e+002 -6.051126338e+002 -4.8681e-001 -2.0140e+000 +1.5527e+000 -3.3133e-001 +1.3138e+000 -5.3088e-001 -4.8587e+000 +5.0402e-001 -4.9148e+000 +3.7654e+000 +2.0745e+000 +2.9399e+000 -2.2430e-001 -4.9816e+000 +1.6086e-001 +1.5650e+000 -1.5636e+000 -4.2304e+000 +7.3955e-001 +1.4752e+000
940219 +1.868010007e+000 +1.868010007e+000 -6.052519900e+002 -6.052519900e+002 +4.5461e+000 -2.8736e-001 -2.9740e-001 +2.5549e+000 +1.5578e+000 +4.7676e+000 +4.6559e-001 +2.3504e+000 +3.8639e+000 -5.3277e+000 -1.9423e+000 -4.4876e-001 +1.6438e+000 -2.4953e-001 +8.3719e-001 -9.6161e-001 +1.1797e+000 +4.4568e-001 -4.9574e+000 +9.5588e-001
% function evaluation | noise-free fitness - Fopt (-2.955000000000e+001) | best noise-free fitness - Fopt | measured fitness | best measured fitness | x1 | x2...
1 +1.168161058e+001 +1.168161058e+001 -1.786838942e+001 -1.786838942e+001 +1.8452e+000 +3.2563e+000 +4.6914e+000 +3.6433e+000 -2.7206e+000 -8.0973e-002 +1.9432e+000 +1.8284e+000 -4.4170e+000 -2.2961e+000 +2.8792e+000 -4.5405e+000 -3.4321e+000 -2.2737e+000 +1.0922e+000 -2.7047e+000 +2.5024e+000 -2.7302e-001 +1.8734e+000 -2.2923e+000
6 +1.027129658e+001 +1.027129658e+001 -1.927870342e+001 -1.927870342e+001 +2.1842e+000 +3.6138e+000 +4.3178e+000 +3.1637e+000 -3.6566e+000 -9.3428e-002 +2.1582e+000 +2.2211e+000 -3.9453e+000 -1.8034e+000 +1.3254e+000 -2.0878e+000 -4.5307e+000 -1.2241e+000 +1.2169e+000 -2.6192e+000 +2.8359e+000 -7.1035e-002 +1.8595e+000 -1.8902e+000
7 +7.720260239e+000 +7.720260239e+000 -2.182973976e+001 -2.182973976e+001 +2.0317e+000 +3.1190e+000 +3.3306e+000 +4.0161e+000 -2.1647e+000 -6.0013e-001 +3.2624e+000 +2.2814e+000 -3.4373e+000 -2.0698e+000 +3.6031e-001 -1.4374e+000 -4.0143e+000 -2.2067e+000 +7.7739e-001 -2.9804e+000 +4.3833e+000 -1.1862e+000 +1.4451e+000 -3.3238e-001
12 +7.080201316e+000 +7.080201316e+000 -2.246979868e+001 -2.246979868e+001 +2.8478e+000 +3.1114e+000 +4.4409e+000 +3.0926e+000 -3.9586e+000 +9.0255e-001 +3.8536e+000 +9.8937e-001 -3.7393e+000 -1.7992e+000 +1.9422e+000 -4.8680e+000 -4.2252e+000 -1.0741e+000 +2.6880e+000 -2.7092e+000 +2.8209e+000 -1.5915e-001 +1.4213e+000 -3.1129e+000
78 +6.867235087e+000 +6.867235087e+000 -2.268276491e+001 -2.268276491e+001 +2.0908e+000 +3.2946e+000 +4.1157e+000 +3.9313e+000 -2.2339e+000 -7.2274e-001 +2.1617e+000 +8.1542e-001 -3.8061e+000 -1.9810e+000 +6.8518e-001 -2.1443e+000 -3.7427e+000 -1.2601e+000 +1.0722e+000 -2.8650e+000 +2.7262e+000 -4.8217e-002 +1.6080e+000 -2.0579e+000
130 +6.424896938e+000 +6.424896938e+000 -2.312510306e+001 -2.312510306e+001 +2.5789e+000 +3.4317e+000 +4.3805e+000 +4.0215e+000 -2.2816e+000 -1.9571e-002 +2.8298e+000 +6.3403e-001 -3.4728e+000 -1.6898e+000 +1.0742e+000 -2.3055e+000 -5.2745e+000 -2.0246e+000 +1.6912e+000 -3.1880e+000 +2.8301e+000 -3.3201e-001 +1.0962e+000 -1.7434e+000
138 +5.211692053e+000 +5.211692053e+000 -2.433830795e+001 -2.433830795e+001 +1.1709e+000 +3.9326e+000 +3.7962e+000 +3.4152e+000 -2.4932e+000 -4.0509e-001 +2.8282e+000 +5.3411e-001 -3.3160e+000 -1.1129e+000 +8.1701e-001 -2.1960e+000 -4.0470e+000 -2.0328e+000 +3.5711e-001 -3.0304e+000 +2.5510e+000 -3.6048e-001 +5.1631e-001 -2.9236e+000
427 +4.626747337e+000 +4.626747337e+000 -2.492325266e+001 -2.492325266e+001 +3.0856e+000 +3.4356e+000 +4.1704e+000 +4.5684e+000 -2.7988e+000 -9.4047e-001 +4.4647e+000 +2.7855e+000 -3.5344e+000 +1.2115e-001 +3.9601e-001 -1.2046e+000 -2.9701e+000 -2.0969e+000 +2.7268e+000 -2.4315e+000 +3.0756e+000 -2.0656e-001 +6.0787e-002 -1.4930e+000
1447 +3.458758516e+000 +3.458758516e+000 -2.609124148e+001 -2.609124148e+001 +1.1366e+000 +3.1939e+000 +4.4514e+000 +1.8301e+000 -3.1247e+000 +1.0407e+000 +3.5627e+000 +1.7414e+000 -1.6609e+000 +4.4842e-001 -2.8131e-001 +6.4926e-001 -5.0262e-001 -1.8514e+000 +5.1421e+000 -5.1403e+000 +2.6931e+000 +8.2848e-001 +2.3589e+000 +5.2256e-001
3515 +3.365462564e+000 +3.365462564e+000 -2.618453744e+001 -2.618453744e+001 +2.2010e+000 -8.2291e-001 +2.9720e+000 -4.9642e-001 -1.7354e+000 -4.6403e-001 +1.1217e+000 -9.7424e-001 -2.0600e+000 +6.2659e-001 -2.1325e+000 -6.0739e-001 -3.0872e-001 +3.0638e+000 +5.2881e+000 +1.5916e+000 +2.9517e+000 -7.6523e-001 -1.3248e+000 -1.5631e+000
16125 +3.290611090e+000 +3.290611090e+000 -2.625938891e+001 -2.625938891e+001 -3.7021e-001 +3.7310e-001 +3.1867e-001 +2.5402e-001 -3.4795e+000 +4.4788e-001 +3.4905e+000 +1.2288e-001 -1.0078e+000 +1.4566e+000 +6.7556e-001 +6.1374e-001 -7.6871e-001 +8.6919e-001 -2.0725e+000 +1.3897e+000 +3.0906e+000 +5.5483e-001 +4.0604e+000 -1.8998e+000
31718 +2.794616585e+000 +2.794616585e+000 -2.675538341e+001 -2.675538341e+001 -1.5115e+000 +4.1254e+000 -2.9271e-001 +3.1615e+000 -2.1762e+000 +2.2663e+000 +2.6172e+000 +3.4267e+000 -2.5521e+000 +2.1930e-001 -1.1092e+000 +1.1506e+000 +3.5429e-001 -5.0408e-001 -2.3459e+000 +6.2188e-002 -2.6358e+000 +4.6668e-001 -1.0771e+000 +4.9492e+000
48177 +2.693802692e+000 +2.693802692e+000 -2.685619731e+001 -2.685619731e+001 -1.0730e+000 -1.9182e+000 +5.0138e+000 +2.8180e+000 -6.0606e-001 +1.8506e+000 +4.3858e+000 -1.4360e+000 -2.9676e-001 -8.7795e-001 -3.2971e-001 +1.1830e+000 +1.1034e+000 +9.7478e-001 +3.0155e+000 +7.2240e-001 -3.2997e+000 +4.6914e+000 +9.2956e-001 +2.5599e+000
89124 +2.226392834e+000 +2.226392834e+000 -2.732360717e+001 -2.732360717e+001 +2.0806e+000 +4.0130e+000 +9.4254e-002 +3.6991e+000 +4.4877e-001 -4.2542e+000 -1.0723e+000 -5.1790e-001 -2.2045e+000 +3.9851e+000 +8.9926e-001 -8.4943e-001 -4.2439e+000 +2.2840e+000 +1.1136e+000 +9.3876e-001 -3.7819e+000 -5.6387e-001 -1.8978e-001 -1.1308e+000
210435 +2.051939699e+000 +2.051939699e+000 -2.749806030e+001 -2.749806030e+001 -1.1095e+000 +1.3157e+000 +7.7114e-001 -1.7365e+000 +5.7485e-001 -1.3278e+000 +6.6303e-001 +1.8372e+000 -2.5856e+000 -2.4813e-001 -2.4718e+000 +8.2974e-001 +1.4164e+000 -3.7964e+000 +3.3188e+000 -3.9737e+000 +1.8779e+000 -1.4138e+000 +7.1358e-001 -1.8849e+000
346542 +2.033323980e+000 +2.033323980e+000 -2.751667602e+001 -2.751667602e+001 +1.7002e+000 -3.3961e-001 -8.1601e-001 +6.2361e-002 +1.0907e+000 -4.3182e-001 -1.5666e+000 +9.3322e-001 -2.0928e+000 -5.3634e-001 -4.1477e-001 +8.8827e-001 -7.6615e-001 +4.3889e-001 +2.6629e+000 +1.8817e+000 -1.6236e+000 +2.1258e-001 -3.9446e+000 +4.0982e-001
687699 +1.306762941e+000 +1.306762941e+000 -2.824323706e+001 -2.824323706e+001 -1.9839e+000 +4.6714e+000 +3.9188e+000 +5.0625e-001 -7.8949e-001 -7.0074e-001 -8.7545e-001 +2.5914e+000 +3.2384e-001 -2.2335e+000 -2.7477e+000 +9.7079e-001 +1.7869e+000 -1.3870e-002 -3.2491e+000 -7.3923e-001 -3.7511e-001 +8.3620e-001 +2.5826e+000 +2.8116e-001
% function evaluation | noise-free fitness - Fopt (1.000000000000e+003) | best noise-free fitness - Fopt | measured fitness | best measured fitness | x1 | x2...
1 +1.975349946e+001 +1.975349946e+001 +1.019753499e+003 +1.019753499e+003 -2.0652e+000 -3.9490e+000 +2.8233e+000 -3.8719e-001 +1.3307e+000 -4.5323e+000 +7.0657e+000 +3.2625e+000 -1.2878e+000 -3.6337e+000 +4.0211e+000 -6.5684e-001 -3.8921e+000 +2.8318e+000 -4.3249e+000 -1.0491e+000 -5.9342e+000 -1.8071e+000 +2.2535e+000 +3.0763e+000
2 +1.421211604e+001 +1.421211604e+001 +1.014212116e+003 +1.014212116e+003 -2.4693e+000 -3.9491e+000 +3.6321e+000 -2.9721e+000 +1.8648e+000 -2.2144e+000 +5.5031e+000 +3.7771e+000 -2.8170e+000 -2.4548e+000 +2.0962e+000 -1.1101e-001 -3.9027e+000 +2.4410e+000 -4.3688e+000 -6.7667e-002 -5.2675e+000 -4.1835e-001 +1.4678e+000 +3.7165e+000
3 +1.207580760e+001 +1.207580760e+001 +1.012075808e+003 +1.012075808e+003 -1.5531e+000 -4.6028e+000 +3.7716e+000 -2.7885e+000 +2.2546e+000 -4.2142e+000 +4.9354e+000 +3.3528e+000 -1.4928e+000 -3.0368e+000 +1.3894e+000 -3.4742e-001 -3.8409e+000 +2.4006e+000 -4.5705e+000 +7.5627e-001 -5.5117e+000 -7.7681e-001 +1.0310e+000 +3.8452e+000
4 +9.463239674e+000 +9.463239674e+000 +1.009463240e+003 +1.009463240e+003 -1.9063e+000 -4.6369e+000 +3.2962e+000 -2.6082e+000 +1.7718e+000 -4.2595e+000 +5.0522e+000 +3.9664e+000 -2.5207e+000 -4.3199e+000 +2.3035e+000 +5.0641e-001 -4.8670e+000 +1.7606e+000 -4.5806e+000 +5.1698e-001 -4.6822e+000 -1.2438e+000 +1.5339e+000 +3.9618e+000
6 +8.900921147e+000 +8.900921147e+000 +1.008900921e+003 +1.008900921e+003 -1.7068e+000 -3.5446e+000 +2.7345e+000 -2.8818e+000 +1.0828e+000 -4.4189e+000 +4.9879e+000 +3.0919e+000 -2.6374e+000 -3.8635e+000 +3.8700e+000 -4.0381e-001 -3.1267e+000 +1.5907e+000 -5.4998e+000 -8.7303e-002 -4.8549e+000 -5.1738e-001 +1.6520e+000 +3.9916e+000
53 +8.364350227e+000 +8.364350227e+000 +1.008364350e+003 +1.008364350e+003 -3.4536e+000 -4.9953e+000 +3.2284e+000 -2.8757e+000 +2.0577e+000 -4.0634e+000 +4.2383e+000 +3.6796e+000 -2.4279e+000 -4.0761e+000 +2.9780e+000 +5.4634e-001 -4.7674e+000 +2.9506e+000 -5.2611e+000 +3.4718e-001 -4.9903e+000 -3.7543e-001 +1.5923e+000 +4.0198e+000
86 +7.540884590e+000 +7.540884590e+000 +1.007540885e+003 +1.007540885e+003 -1.5662e+000 -4.2047e+000 +3.6509e+000 -3.2249e+000 +2.0443e+000 -4.0823e+000 +3.8346e+000 +2.9663e+000 -2.0659e+000 -3.8019e+000 +2.9065e+000 -2.4834e-001 -4.1428e+000 +1.6216e+000 -4.8547e+000 +1.5273e-001 -5.6252e+000 -2.9149e+000 +3.0977e+000 +4.0744e+000
165 +5.783359841e+000 +5.783359841e+000 +1.005783360e+003 +1.005783360e+003 -2.2366e+000 -4.3430e+000 +3.2951e+000 -2.9148e+000 +1.9189e+000 -3.6695e+000 +5.0357e+000 +3.8421e+000 -2.5861e+000 -3.9684e+000 +2.8483e+000 -4.5385e-001 -4.5440e+000 +3.6268e+000 -5.6594e+000 +9.8845e-001 -5.1573e+000 -1.5974e+000 +1.5139e+000 +3.7790e+000
176 +5.135743634e+000 +5.135743634e+000 +1.005135744e+003 +1.005135744e+003 -1.9616e+000 -4.3419e+000 +3.4058e+000 -2.3400e+000 +1.2149e+000 -3.5397e+000 +5.2061e+000 +3.0100e+000 -2.4636e+000 -4.3505e+000 +2.4660e+000 -2.8880e-001 -5.7543e+000 +2.0806e+000 -4.1385e+000 +9.0508e-001 -5.1996e+000 -8.3370e-002 +1.7208e+000 +3.6171e+000
307 +4.783773806e+000 +4.783773806e+000 +1.004783774e+003 +1.004783774e+003 -1.9143e+000 -4.6096e+000 +3.1453e+000 -5.6960e+000 +2.1081e+000 -3.7073e+000 +5.0988e+000 +2.7861e+000 -2.1097e+000 -3.1399e+000 +2.2885e+000 -2.5388e-001 -5.4496e+000 +1.6188e+000 -5.6624e+000 +8.0430e-002 -5.1035e+000 -4.7333e-001 +1.1865e+000 +4.6662e+000
950 +3.584999433e+000 +3.584999433e+000 +1.003584999e+003 +1.003584999e+003 -1.2353e+000 -4.7356e+000 +3.5725e+000 -1.4766e+000 +7.6348e-001 -4.4369e+000 +3.5482e+000 +5.2758e+000 -8.9060e-001 -3.6929e+000 -1.7265e+000 +4.2042e+000 -1.7894e+000 +4.2028e-001 -5.4651e+000 +7.0235e-001 -5.1079e+000 +5.0672e-002 +1.4264e+000 +2.1316e+000
2365 +3.541328151e+000 +3.541328151e+000 +1.003541328e+003 +1.003541328e+003 +7.3600e-001 -5.1055e+000 -1.7187e+000 +1.2499e+000 -6.9222e-001 +1.2794e+000 +4.5758e+000 +2.2182e+000 -1.3114e+000 -7.7404e-001 +5.0621e-001 +4.3209e+000 -1.5468e+000 +4.1119e-001 -2.6235e+000 -3.4327e+000 -1.7741e-001 -1.4768e+000 +2.1616e+000 -1.2325e+000
19239 +2.813323211e+000 +2.813323211e+000 +1.002813323e+003 +1.002813323e+003 -4.6471e+000 +1.5407e+000 -4.5292e+000 -1.9680e+000 +2.5951e+000 +1.5158e+000 -2.8163e+000 -1.5763e+000 +1.7559e+000 +4.8321e-001 +2.9161e+000 -3.5654e-001 -3.2088e+000 -2.7183e+000 -3.1283e+000 +1.4845e+000 -3.5098e+000 -1.1525e+000 -1.6012e-001 +1.2619e+000
36792 +2.515072907e+000 +2.515072907e+000 +1.002515073e+003 +1.002515073e+003 -6.5289e-001 +1.1917e+000 -3.6135e-001 +1.8338e+000 -7.3970e-001 -1.8942e+000 +1.4924e+000 +2.3547e-002 -1.5072e+000 -4.0954e-001 +2.8698e+000 -5.8059e-001 -2.0877e-001 -1.3576e+000 +2.0785e+000 +1.0274e+000 -1.7802e+000 +3.7897e+000 -1.5914e+000 +1.5588e-001
170489 +2.383327192e+000 +2.383327192e+000 +1.002383327e+003 +1.002383327e+003 +7.9999e-001 +4.6386e-001 -2.1040e+000 +1.2471e+000 -5.0196e-001 -4.8042e+000 -4.3824e-002 -3.2337e+000 -9.3570e-001 +4.0830e-001 +1.6044e+000 -5.6130e-001 -2.6656e+000 +6.3820e-001 -1.9447e+000 +3.4955e-001 -1.4191e+000 +1.6378e+000 -4.6926e+000 -2.7667e-001
192098 +2.187013089e+000 +2.187013089e+000 +1.002187013e+003 +1.002187013e+003 +1.6662e+000 -2.8359e+000 +3.5950e+000 -1.9070e+000 +1.6411e+000 +7.4752e-002 +2.5322e-001 -9.1196e-001 +4.3339e+000 -3.8853e+000 +8.1379e-002 +2.0539e+000 +2.4699e+000 +1.3024e+000 -3.5430e-001 -5.3245e-001 +1.9966e+000 +2.1807e+000 -1.7704e+000 +9.6562e-001
211195 +2.038255997e+000 +2.038255997e+000 +1.002038256e+003 +1.002038256e+003 -1.7537e+000 +5.7748e-001 +3.0798e+000 -7.6312e-001 -1.3176e+000 -1.9118e+000 -5.4709e-002 -3.0234e+000 -5.8641e-001 +2.9958e+000 +3.1466e+000 -7.1541e-001 -2.0686e-001 -1.8771e+000 -1.8713e+000 -1.0822e+000 -4.8150e-001 +1.8793e+000 +1.7672e+000 +2.3930e+000
518401 +1.691365679e+000 +1.691365679e+000 +1.001691366e+003 +1.001691366e+003 -2.5493e+000 -4.0098e-001 -1.1248e+000 +1.1052e+000 -2.8182e+000 +2.3944e+000 -1.1372e+000 +2.4685e+000 +6.9347e-001 +2.4341e+000 -5.3275e+000 -2.7290e-001 +1.0598e+000 +4.9226e-001 +1.1744e+000 -1.4897e+000 +1.6841e+000 +3.8519e+000 +3.2620e-001 -6.0333e-001
% function evaluation | noise-free fitness - Fopt (-4.456000000000e+001) | best noise-free fitness - Fopt | measured fitness | best measured fitness | x1 | x2...
1 +1.371526011e+001 +1.371526011e+001 -3.084473989e+001 -3.084473989e+001 -1.3843e+000 +4.6931e+000 -1.4485e+000 -2.0428e+000 +1.5701e+000 -2.0798e+000 +4.0663e+000 +2.9256e+000 +3.6430e+000 -4.8979e+000 -1.2701e+000 -1.0956e+000 +2.5703e+000 +2.9290e+000 +4.5396e+000 -4.1345e-001 -4.8057e+000 +4.3685e+000 -2.6088e+000 -4.2736e+000
11 +1.189131417e+001 +1.189131417e+001 -3.266868583e+001 -3.266868583e+001 -2.0564e+000 +4.5967e+000 -2.3597e+000 -2.3136e+000 +4.6492e-001 -2.1507e+000 +4.0724e+000 +2.8125e+000 +3.2351e+000 -5.5891e+000 -1.9681e+000 -9.4171e-001 +2.1880e+000 +4.3829e+000 +4.6067e+000 -9.7282e-001 -4.6631e+000 +4.5215e+000 -3.6886e+000 -3.6564e+000
20 +1.049368059e+001 +1.049368059e+001 -3.406631941e+001 -3.406631941e+001 -1.1550e+000 +5.1355e+000 -1.7016e+000 -3.1261e+000 -4.6264e-003 -5.1192e-001 +3.5294e+000 +1.8829e+000 +2.7301e+000 -4.1728e+000 -1.7444e+000 -6.2470e-001 +2.6644e+000 +3.3627e+000 +4.8978e+000 -1.9377e+000 -4.3580e+000 +4.6637e+000 -3.0934e+000 -3.2352e+000
28 +4.847827565e+000 +4.847827565e+000 -3.971217244e+001 -3.971217244e+001 -1.1110e+000 +3.9901e+000 -9.0177e-002 -2.7175e+000 -2.0189e-001 -1.8879e+000 +3.8164e+000 +2.8756e+000 +3.1526e+000 -4.3195e+000 -1.4651e+000 -1.5705e+000 +1.8624e+000 +3.2180e+000 +4.7715e+000 +5.6850e-001 -5.2759e+000 +4.4640e+000 -3.8960e+000 -2.2482e+000
146 +4.606682893e+000 +4.606682893e+000 -3.995331711e+001 -3.995331711e+001 -1.6779e+000 +4.4857e+000 -1.3663e+000 -9.9303e-001 -3.2200e-001 -1.8281e+000 +3.2094e+000 +2.3513e+000 +3.9049e+000 -4.6152e+000 -2.0162e+000 -3.4955e-001 +2.2413e+000 +4.2161e+000 +3.6935e+000 -4.6848e-001 -4.5253e+000 +4.7564e+000 -3.4212e+000 -3.5858e+000
297 +3.863416458e+000 +3.863416458e+000 -4.069658354e+001 -4.069658354e+001 -2.0032e+000 +5.3499e+000 -1.6802e+000 -2.8850e+000 +3.9533e-002 -1.0424e+000 +3.7113e+000 +2.8379e+000 +2.9173e+000 -4.5356e+000 -1.2060e+000 -1.4665e+000 +2.5381e+000 +4.1632e+000 +4.7914e+000 -1.0449e+000 -4.6708e+000 +4.5684e+000 -3.9199e+000 -3.7418e+000
372 +2.452791205e+000 +2.452791205e+000 -4.210720879e+001 -4.210720879e+001 -1.1412e+000 +4.7470e+000 -1.2184e+000 -2.5824e+000 -5.3582e-001 -1.5401e+000 +4.3492e+000 +3.4012e+000 +3.0632e+000 -3.8211e+000 -2.1056e+000 -1.7508e-002 +2.1248e+000 +3.4770e+000 +4.5792e+000 -1.0244e+000 -4.2161e+000 +4.3853e+000 -4.0519e+000 -3.1574e+000
38861 +1.886693645e+000 +1.886693645e+000 -4.267330636e+001 -4.267330636e+001 -7.4967e-001 +2.7665e+000 -1.1574e-001 -1.5146e+000 -2.6183e+000 -5.1078e+000 +6.2114e-001 -4.8977e-001 +1.6058e+000 -7.8317e-001 -1.6517e-001 -2.2271e+000 +1.6555e-001 +1.4071e+000 +1.4601e-001 +3.7798e+000 +3.7241e+000 +1.4107e+000 +5.1460e-001 -5.9468e-001
% function evaluation | noise-free fitness - Fopt (6.442000000000e+001) | best noise-free fitness - Fopt | measured fitness | best measured fitness | x1 | x2...
1 +1.972590270e+001 +1.972590270e+001 +8.414590270e+001 +8.414590270e+001 +5.1329e+000 -1.3601e+000 +2.8391e+000 -3.8091e+000 +2.8827e+000 +3.7758e-001 -1.7728e+000 +3.6849e+000 -3.5818e+000 -1.2578e+000 +1.6727e+000 +3.9779e-001 +4.9928e+000 +2.7333e+000 -1.6806e+000 +1.6787e-001 +4.0201e+000 -2.6469e+000 -1.3889e+000 +3.1285e+000
2 +1.036986779e+001 +1.036986779e+001 +7.478986779e+001 +7.478986779e+001 +4.7283e+000 -1.2595e+000 +1.5842e+000 -2.1086e+000 +2.8913e+000 -9.0933e-001 -2.4795e+000 +2.5164e+000 -3.0173e+000 -8.4985e-001 +1.4906e+000 +9.0123e-001 +5.1407e+000 +3.3098e+000 -1.8323e+000 +4.5633e-002 +3.2051e+000 -3.1063e+000 -1.6305e+000 +2.7217e+000
17 +9.782744781e+000 +9.782744781e+000 +7.420274478e+001 +7.420274478e+001 +3.6840e+000 -2.5651e-001 +2.7327e+000 -4.9673e-001 +1.5319e+000 -1.5470e+000 -2.5777e+000 +1.6064e+000 -4.1545e+000 +2.9543e+000 +2.2566e+000 +1.8197e+000 +4.7718e+000 +3.2114e+000 -3.0095e+000 -7.7185e-001 +3.9466e+000 -2.8637e+000 -1.6173e+000 +3.4236e+000
34 +8.450928032e+000 +8.450928032e+000 +7.287092803e+001 +7.287092803e+001 +4.3346e+000 -1.1458e+000 +4.0332e-001 -2.6867e+000 +2.3021e+000 -9.5786e-001 -2.4242e+000 +2.8005e+000 -3.3521e+000 -7.2831e-001 +2.7678e+000 +1.2940e+000 +3.9103e+000 +3.1676e+000 -1.3803e+000 -3.5924e-001 +4.0732e+000 -2.9861e+000 -2.7145e+000 +2.1622e+000
45 +7.091450697e+000 +7.091450697e+000 +7.151145070e+001 +7.151145070e+001 +6.5959e+000 -9.0798e-001 +1.6099e+000 -2.4841e+000 +2.4143e+000 +1.1727e+000 -1.4630e+000 +1.7500e+000 -3.6571e+000 -1.2981e-001 +1.7224e+000 +9.9847e-001 +4.6077e+000 +3.2083e+000 -2.0476e+000 +2.5225e-001 +3.9507e+000 -3.6107e+000 -1.9332e+000 +2.7084e+000
59 +6.648431592e+000 +6.648431592e+000 +7.106843159e+001 +7.106843159e+001 +4.5894e+000 -1.1342e+000 +2.2417e+000 -2.2913e+000 +3.0204e+000 +7.4244e-001 -1.6552e+000 +2.2723e+000 -3.6716e+000 +1.2048e-001 +2.0682e+000 +1.8270e+000 +4.5197e+000 +3.2547e+000 -1.4882e+000 +1.1606e-001 +3.8497e+000 -2.8878e+000 -1.7853e+000 +3.5093e+000
64 +6.337258974e+000 +6.337258974e+000 +7.075725897e+001 +7.075725897e+001 +4.6913e+000 -1.2910e+000 +2.3943e+000 -1.4606e+000 +2.3127e+000 -3.5988e-001 -1.6487e+000 +2.1630e+000 -2.2784e+000 -3.3779e-001 +1.5692e+000 +6.9666e-001 +4.6089e+000 +2.7294e+000 -2.3063e+000 +1.8402e-001 +4.5566e+000 -2.7938e+000 -5.1800e-001 +2.9277e+000
67 +6.175191172e+000 +6.175191172e+000 +7.059519117e+001 +7.059519117e+001 +3.7397e+000 -1.8888e+000 +2.5267e+000 -2.3558e+000 +2.4286e+000 -1.0855e+000 -2.1390e+000 +3.0849e+000 -2.9566e+000 -2.9354e-001 +2.7013e+000 +7.1845e-001 +4.7571e+000 +2.6231e+000 -1.5244e+000 -9.6274e-002 +4.0364e+000 -1.1222e+000 -2.2671e+000 +3.6539e+000
122 +4.745095951e+000 +4.745095951e+000 +6.916509595e+001 +6.916509595e+001 +5.6190e+000 -6.3916e-001 +2.3041e+000 -1.9194e+000 +1.5209e+000 -1.1717e-001 -2.3428e+000 +1.8355e+000 -3.7793e+000 -2.6944e-001 +2.3855e+000 +1.2641e+000 +5.0140e+000 +2.8767e+000 -2.8969e+000 -6.3208e-001 +4.0309e+000 -3.6037e+000 -1.5088e+000 +3.5271e+000
719 +4.480603347e+000 +4.480603347e+000 +6.890060335e+001 +6.890060335e+001 +4.6562e+000 -5.9750e-001 +2.4291e+000 -1.8886e+000 +1.9952e+000 +2.7803e+000 -7.5443e-001 +1.6997e+000 -3.3720e+000 -1.5666e+000 +1.2581e+000 +1.4562e+000 +1.7547e+000 +3.0425e+000 -1.2168e+000 -1.4965e+000 +1.6268e+000 -8.7525e-001 -1.7445e+000 +3.7854e+000
749 +4.096204085e+000 +4.096204085e+000 +6.851620408e+001 +6.851620408e+001 +3.7847e+000 -5.1843e-001 +2.2726e+000 -1.8047e+000 +3.0169e+000 -4.8675e+000 -4.7068e+000 +2.1366e+000 -3.0556e+000 -3.1126e+000 +5.3499e-001 -6.6954e-002 +2.9861e+000 +3.3125e+000 +8.0810e-001 -1.9293e+000 +3.1317e+000 -5.0360e+000 -6.1286e-001 +2.6103e+000
1891 +3.776152491e+000 +3.776152491e+000 +6.819615249e+001 +6.819615249e+001 +4.4077e+000 -7.1082e-001 -1.6299e+000 -5.5436e-001 +1.4098e+000 -5.0261e-001 +1.8731e-001 +1.8465e+000 -2.9131e+000 -4.1054e+000 -1.3885e-001 -2.0869e-001 +2.0669e+000 +1.6937e+000 +1.3837e+000 -2.6995e+000 +4.3674e+000 -2.1297e+000 -3.2239e+000 +4.2080e-001
7457 +3.442591170e+000 +3.442591170e+000 +6.786259117e+001 +6.786259117e+001 +2.5317e+000 +9.2264e-001 -1.2504e+000 -3.2471e-001 +3.4008e+000 -6.5560e-001 -2.2720e+000 +9.6503e-001 -3.0176e+000 +1.5019e+000 +1.5454e+000 -3.0731e+000 +9.5104e-002 +2.1297e+000 -3.7000e+000 -2.0510e+000 -1.0349e+000 +3.4247e+000 +3.1236e-001 -2.2142e-001
27012 +3.018120468e+000 +3.018120468e+000 +6.743812047e+001 +6.743812047e+001 -2.3576e+000 -1.3837e-001 +5.7503e-001 +3.0195e+000 +3.5382e+000 -1.2612e+000 +1.9181e+000 -1.3720e-001 -2.6327e+000 +1.3667e+000 -4.9236e-001 -9.5000e-001 -3.2879e+000 +1.5156e+000 -2.5301e+000 +2.5458e-001 +3.9996e+000 -1.7414e+000 +2.0530e+000 +8.0026e-001
34429 +2.943851360e+000 +2.943851360e+000 +6.736385136e+001 +6.736385136e+001 +2.7865e+000 +1.2430e+000 -1.6373e-001 -3.7436e-001 -1.6187e+000 +8.2635e-001 -1.1334e+000 +2.2361e+000 +5.9226e-001 -2.5370e+000 -3.4233e+000 -1.3299e+000 -3.0220e+000 -1.8166e-001 -1.3879e-001 +1.4634e+000 +1.1413e-001 -3.7292e+000 -1.3040e-001 +2.2338e+000
39163 +2.668925484e+000 +2.668925484e+000 +6.708892548e+001 +6.708892548e+001 +4.0890e+000 +3.7371e-001 -2.1578e+000 +1.7392e-001 +2.2949e-001 -1.2236e+000 -1.4854e+000 +2.3011e+000 -7.2254e-001 +2.1732e+000 +2.9031e-001 +1.7549e+000 +3.3613e+000 +1.0292e+000 +2.1301e+000 +2.3258e-001 -2.8179e+000 -6.5318e-001 +4.0277e+000 +3.7190e-001
79241 +2.332018472e+000 +2.332018472e+000 +6.675201847e+001 +6.675201847e+001 -1.8060e+000 +2.9614e+000 +2.0995e+000 -3.6007e+000 -1.6475e+000 -5.7157e-001 +3.3542e+000 -6.5504e-001 -3.8802e-001 -3.4380e+000 -2.4176e+000 -2.2028e+000 -3.0677e+000 +3.4913e+000 +1.3383e+000 +5.7630e-001 -2.0180e+000 -1.2733e+000 +1.9516e+000 -3.8075e-001
282893 +1.499107863e+000 +1.499107863e+000 +6.591910786e+001 +6.591910786e+001 +4.7899e-001 -1.8822e+000 -7.3818e-001 +4.4035e-002 +1.0206e+000 -3.4900e-002 +3.5226e-001 +4.3240e+000 -5.3582e-001 -1.6763e+000 +2.1026e+000 +1.8234e+000 +3.9216e-001 +2.3960e+000 +1.9835e+000 -8.0506e-001 -1.2084e+000 +1.5033e-001 -3.2937e+000 -1.1815e+000
684799 +1.319989452e+000 +1.319989452e+000 +6.573998945e+001 +6.573998945e+001 +2.1739e-001 -4.5140e+000 -2.4194e+000 -1.6805e+000 -1.3935e+000 +1.9269e+000 +6.2227e-001 -7.6284e-001 +1.6984e+000 +2.0345e+000 -4.8021e-001 +1.7985e+000 +6.8531e-001 +4.0964e+000 +1.6821e-001 +1.6560e+000 +2.3067e+000 -1.6349e+000 -1.2222e-001 +4.3243e+000
% function evaluation | noise-free fitness - Fopt (7.514000000000e+001) | best noise-free fitness - Fopt | measured fitness | best measured fitness | x1 | x2...
1 +1.884237447e+001 +1.884237447e+001 +9.398237447e+001 +9.398237447e+001 +1.0509e+000 -2.5039e+000 -2.9665e+000 -1.8845e+000 +4.6538e+000 +1.2955e+000 -2.0467e+000 +1.7129e+000 -6.2000e-001 -5.9966e+000 +1.2700e-001 -3.0353e+000 +2.5511e+000 -4.5787e-002 +2.3304e+000 +5.8948e-001 -9.0644e-001 +2.4181e+000 -8.0961e-001 -2.5357e+000
2 +9.916737517e+000 +9.916737517e+000 +8.505673752e+001 +8.505673752e+001 +1.7176e+000 -3.1081e+000 -4.1356e+000 -3.1730e+000 +4.1956e+000 +2.1711e+000 -1.4883e+000 +3.2537e+000 -1.4003e+000 -5.0241e+000 -1.0315e+000 -1.2960e+000 +2.2956e+000 -2.4893e-001 +4.0382e-001 +9.8076e-001 -9.4350e-001 +1.3300e+000 -1.6510e+000 -1.4231e+000
5 +9.233130393e+000 +9.233130393e+000 +8.437313039e+001 +8.437313039e+001 +2.4268e+000 -2.6488e+000 -3.7335e+000 -1.9033e+000 +4.3468e+000 +1.0996e+000 -1.4233e+000 +1.6527e+000 -1.3040e+000 -4.5582e+000 -4.8893e-001 -1.4034e+000 +2.4269e+000 +3.6194e-001 +1.4807e+000 +1.1764e+000 -2.4283e+000 +1.3793e+000 -1.3870e+000 -1.8810e+000
30 +7.204291239e+000 +7.204291239e+000 +8.234429124e+001 +8.234429124e+001 +2.3924e+000 -2.7594e+000 -3.5126e+000 -2.6527e+000 +4.7313e+000 +2.0635e+000 -1.9616e+000 +2.5259e+000 -8.4141e-001 -4.1777e+000 -5.5271e-001 -2.9082e+000 +2.3565e+000 +6.8153e-001 +1.1432e+000 +6.1829e-001 -5.1490e-001 +1.7215e+000 -9.1211e-001 -1.0557e+000
41 +6.068752225e+000 +6.068752225e+000 +8.120875222e+001 +8.120875222e+001 +1.9655e+000 -2.5353e+000 -3.5575e+000 -3.2417e+000 +5.1964e+000 +1.8061e+000 -1.7014e+000 +3.2180e+000 -4.7064e-001 -4.4963e+000 -1.4225e+000 -1.8445e+000 +2.0904e+000 -5.6702e-001 +1.7712e+000 +1.5156e+000 -5.5938e-001 +1.4717e+000 -1.6194e+000 -1.5757e+000
278 +5.337377320e+000 +5.337377320e+000 +8.047737732e+001 +8.047737732e+001 +3.0164e+000 -2.2763e+000 -3.5510e+000 -2.8659e+000 +3.8607e+000 +1.3754e+000 -1.8088e+000 +1.8149e+000 -1.1167e+000 -4.4882e+000 -5.3105e-001 -1.3136e+000 +1.8478e+000 -2.3819e-001 +1.1339e+000 +1.1402e+000 -7.9378e-001 +1.6536e+000 -7.9551e-001 -1.6974e+000
308 +4.957518111e+000 +4.957518111e+000 +8.009751811e+001 +8.009751811e+001 +2.6677e+000 -2.5634e+000 -3.2105e+000 -2.2068e+000 +4.2804e+000 +1.4461e+000 -1.9183e+000 +1.8795e+000 +4.8236e-001 -4.4096e+000 -4.2065e-001 -1.5763e+000 +2.6819e+000 +2.6401e-001 -2.5705e+000 -1.0868e+000 -5.9105e-001 +3.9690e+000 -4.3717e-001 -1.4973e+000
439 +4.502502009e+000 +4.502502009e+000 +7.964250201e+001 +7.964250201e+001 +2.6374e+000 -1.5966e+000 -2.9214e+000 -2.8801e+000 +2.0229e+000 +1.9038e+000 -1.1983e+000 +2.9025e-002 -6.6569e-001 -4.0109e+000 +4.6428e-001 -2.1297e+000 +2.2112e+000 -3.4930e-001 +1.5674e+000 +1.4765e+000 -9.8031e-001 +1.0635e+000 -1.4916e+000 -3.3343e+000
497 +3.615295159e+000 +3.615295159e+000 +7.875529516e+001 +7.875529516e+001 +1.4223e+000 -2.7892e-001 -3.4628e+000 -4.3723e+000 +3.5570e+000 +1.3287e+000 -1.1926e+000 +2.0247e+000 -1.1644e-001 -5.1272e+000 +1.4662e+000 -2.8474e+000 +2.7902e+000 -8.0766e-002 +2.3374e+000 -1.8684e-001 -1.5297e+000 +2.1220e+000 +4.5752e-001 -1.1412e+000
15353 +2.484752189e+000 +2.484752189e+000 +7.762475219e+001 +7.762475219e+001 -4.5918e+000 -3.5530e-001 +7.5129e-002 -5.1659e+000 -8.9335e-001 -5.4670e-002 -6.1460e-001 -4.0468e+000 -9.3441e-001 -2.9374e+000 -4.8484e-001 +1.2650e+000 -9.1733e-001 +1.8352e-001 +1.9448e+000 +3.8467e+000 -2.0413e+000 -4.0916e+000 -1.4070e+000 -3.4936e+000
245904 +2.220788471e+000 +2.220788471e+000 +7.736078847e+001 +7.736078847e+001 -1.1423e+000 -8.5483e-001 -2.3060e+000 -1.1292e-001 +3.7257e+000 -4.8275e-001 -2.9133e+000 +2.5609e+000 -1.4044e-001 -8.7484e-001 +4.5851e-001 -1.2501e-001 -1.9383e-002 -1.9704e+000 -5.4408e-001 -4.6195e-001 +1.9551e+000 +3.3067e+000 +1.9744e-001 -4.7284e-001
461416 +2.019216041e+000 +2.019216041e+000 +7.715921604e+001 +7.715921604e+001 -2.8812e+000 +5.1174e+000 +5.2654e-001 +1.5320e+000 -3.6484e+000 -1.8430e+000 -1.0883e+000 +2.5626e-001 +9.9832e-001 +3.2556e+000 +1.5878e+000 +3.3005e+000 +3.2980e+000 -3.7014e-001 -1.1446e+000 -2.0797e+000 +3.7600e+000 -1.2126e-001 +3.0863e+000 -7.3468e-001
698139 +1.917065843e+000 +1.917065843e+000 +7.705706584e+001 +7.705706584e+001 +1.1566e+000 +4.4641e+000 +1.3017e+000 -2.1233e+000 +4.5587e-001 -4.3052e+000 -3.4475e+000 -1.7491e+000 +3.0459e-001 +9.4574e-001 -6.1132e-001 -1.1747e+000 -2.4370e+000 +1.6959e+000 +1.2986e+000 -4.0936e-001 +1.3542e+000 -7.7079e-001 +3.4771e-001 +1.8482e+000
% function evaluation | noise-free fitness - Fopt (1.042500000000e+002) | best noise-free fitness - Fopt | measured fitness | best measured fitness | x1 | x2...
1 +1.466037348e+001 +1.466037348e+001 +1.189103735e+002 +1.189103735e+002 -3.8375e+000 -1.2603e+000 +6.3951e-001 +2.1552e+000 +3.6013e+000 -5.0233e+000 +3.1453e+000 +4.7491e+000 +5.2335e-001 -3.6444e+000 +2.6249e+000 -4.2379e+000 +4.1861e+000 +2.3636e+000 -2.7393e+000 +3.3688e+000 -3.6271e+000 -2.4079e+000 +3.0559e-001 -1.1331e+000
2 +1.122471798e+001 +1.122471798e+001 +1.154747180e+002 +1.154747180e+002 -6.0501e+000 -1.1087e+000 +4.2285e-001 +1.0897e+000 +2.6967e+000 -5.4885e+000 +3.1136e+000 +4.1824e+000 -7.6726e-001 -2.9188e+000 +3.1889e+000 -4.1172e+000 +4.7736e+000 +2.5929e+000 -2.4880e+000 +3.4339e+000 -3.8456e+000 -2.7899e+000 +8.4456e-001 -1.7625e+000
3 +1.007202985e+001 +1.007202985e+001 +1.143220298e+002 +1.143220298e+002 -5.3766e+000 +4.8698e-001 +2.3834e-001 +1.2870e+000 +2.8601e+000 -5.1982e+000 +3.1135e+000 +5.2771e+000 -1.6915e-001 -3.3024e+000 +2.4044e+000 -3.5791e+000 +4.4874e+000 +2.0906e+000 -3.5815e+000 +3.4998e+000 -4.5951e+000 -3.3769e+000 -6.1749e-002 -4.6385e-001
9 +9.036617690e+000 +9.036617690e+000 +1.132866177e+002 +1.132866177e+002 -4.3024e+000 -8.1156e-001 +4.4382e-001 +2.9841e+000 +1.5300e+000 -4.9401e+000 +2.7581e+000 +4.2643e+000 -2.2419e+000 -3.4260e+000 +3.4146e+000 -4.2270e+000 +4.2672e+000 +2.2781e+000 -2.8479e+000 +3.3486e+000 -4.3925e+000 -2.1280e+000 +1.2369e+000 -1.4388e+000
11 +5.956003037e+000 +5.956003037e+000 +1.102060030e+002 +1.102060030e+002 -5.2076e+000 +7.5983e-001 +3.6511e-001 +1.4942e+000 +3.4398e+000 -4.6095e+000 +2.4528e+000 +5.9086e+000 -3.1600e-002 -4.0621e+000 +3.0395e+000 -4.0470e+000 +3.9691e+000 +2.5315e+000 -3.9021e+000 +2.8066e+000 -4.7093e+000 -3.2772e+000 -1.5153e-002 -8.7620e-001
121 +5.695386096e+000 +5.695386096e+000 +1.099453861e+002 +1.099453861e+002 -5.2357e+000 -1.0764e+000 -2.4164e-001 +2.9185e+000 +3.1921e+000 -4.8704e+000 +8.9311e-001 +5.0971e+000 -2.9532e-001 -3.2236e+000 +3.3178e+000 -5.2921e+000 +5.2753e+000 +2.2030e+000 -3.5604e+000 +4.4938e+000 -3.1910e+000 -2.2893e+000 +9.8535e-001 -5.6955e-001
218 +4.284748187e+000 +4.284748187e+000 +1.085347482e+002 +1.085347482e+002 -4.6563e+000 -9.0032e-001 +8.2453e-001 -4.4660e-002 +2.9070e+000 -4.1445e+000 +1.9488e+000 +4.7532e+000 +1.6021e-001 -3.7815e+000 +2.9566e+000 -4.5787e+000 +3.7251e+000 +2.6448e+000 -3.2013e+000 +2.8483e+000 -4.6101e+000 -1.0806e+000 +1.3907e+000 -1.1226e+000
852 +3.912290470e+000 +3.912290470e+000 +1.081622905e+002 +1.081622905e+002 -4.8183e+000 -1.1453e+000 +3.2815e-001 +2.8019e+000 +1.5954e+000 -4.0477e+000 +2.0481e+000 +4.8309e+000 -1.8420e+000 -2.7379e+000 +4.6373e+000 -3.5985e+000 +3.1001e+000 +1.8533e+000 -3.3380e+000 +2.3727e-001 -3.9906e+000 -4.8939e+000 +1.3782e+000 -8.1510e-001
8078 +3.652241189e+000 +3.652241189e+000 +1.079022412e+002 +1.079022412e+002 +3.1156e+000 +1.1517e+000 -2.6310e+000 -3.3359e+000 -1.8017e+000 -2.9461e+000 -2.5463e+000 +1.5934e+000 -5.4591e+000 +2.0491e+000 +1.1509e-001 +8.4624e-001 +1.4751e+000 +1.7727e+000 -1.1418e+000 +5.8419e-001 -3.4155e-001 -1.9786e-001 -5.8556e-001 -1.3441e+000
8188 +3.022570229e+000 +3.022570229e+000 +1.072725702e+002 +1.072725702e+002 +4.3634e+000 +1.2425e+000 -5.4198e-001 -8.8690e-001 -2.9636e+000 -1.9724e+000 -3.0814e+000 +1.2691e+000 +2.3998e+000 +3.5023e+000 +1.5513e+000 +7.1781e-001 +1.6489e+000 +9.0203e-001 -4.0538e+000 +2.1462e+000 +2.5449e-001 -5.6648e-001 +2.3072e-001 +9.9970e-002
15430 +2.716249376e+000 +2.716249376e+000 +1.069662494e+002 +1.069662494e+002 +3.0353e+000 -4.3981e+000 +1.5146e-002 +1.4057e+000 +4.8089e+000 +2.6258e+000 -1.4691e+000 +2.7770e-001 +4.1133e-001 -1.5787e+000 -2.2404e+000 +5.2726e-001 -1.3930e+000 -1.0469e+000 +1.2150e+000 -1.8655e-001 +2.8675e+000 -8.1997e-002 +2.4349e+000 +1.9842e+000
20195 +2.681715052e+000 +2.681715052e+000 +1.069317151e+002 +1.069317151e+002 -1.9271e+000 -1.0337e+000 -1.5966e+000 -4.4135e+000 +1.1553e+000 +3.8133e+000 +7.4674e-001 -4.5849e+000 +1.5325e+000 -1.2931e+000 +5.8184e-001 -2.9394e+000 -2.5667e+000 -7.7783e-001 -1.5666e-001 +9.1343e-001 -1.5444e+000 -7.1322e-001 +1.5679e+000 -3.2548e-001
358167 +1.922419662e+000 +1.922419662e+000 +1.061724197e+002 +1.061724197e+002 -6.5075e-001 +1.4351e+000 +1.1037e+000 +2.6253e+000 -6.8612e-002 +1.1206e-001 +3.7451e-001 -8.3335e-001 +3.0287e-001 +8.6521e-001 -3.6298e+000 -1.7749e+000 +6.5553e-001 -3.7671e-001 +5.3775e-002 +7.5405e-001 -1.6491e+000 +1.0352e-001 -2.2761e+000 -2.4316e+000
% function evaluation | noise-free fitness - Fopt (-8.550000000000e+000) | best noise-free fitness - Fopt | measured fitness | best measured fitness | x1 | x2...
1 +1.111807012e+001 +1.111807012e+001 +2.568070117e+000 +2.568070117e+000 -3.6902e+000 -2.6002e+000 +1.4918e+000 +2.5696e+000 -3.5511e+000 +1.6509e+000 +4.0125e+000 +4.9689e+000 +1.1105e+000 +3.7011e+000 -3.9696e+000 +2.4929e+000 +1.2237e+000 +1.5070e+000 -2.2544e-001 -1.6025e+000 +3.9833e+000 -8.2788e-001 -2.0207e-001 +3.5222e+000
14 +5.970305483e+000 +5.970305483e+000 -2.579694517e+000 -2.579694517e+000 -2.8875e+000 -2.1532e+000 -6.8600e-001 +3.0073e+000 -4.2972e+000 +1.7176e+000 +4.1141e+000 +4.5893e+000 +1.3755e+000 +3.4521e+000 -4.2971e+000 +2.0190e+000 +2.5977e+000 +9.6765e-001 -8.0733e-001 -1.5118e+000 +4.5110e+000 -3.4150e-001 +3.6412e-001 +1.2847e+000
97 +4.842389097e+000 +4.842389097e+000 -3.707610903e+000 -3.707610903e+000 -4.2324e+000 -4.0242e+000 -3.4049e-001 +3.9730e+000 -3.8578e+000 +1.8825e+000 +2.6795e+000 +3.2076e+000 +2.0895e+000 +5.7738e+000 -3.5696e+000 +3.2680e+000 +1.6418e+000 +1.2887e+000 -4.5744e-001 -1.5931e+000 +4.5989e+000 +3.0626e-001 -1.4230e-001 +1.6093e+000
557 +3.463019593e+000 +3.463019593e+000 -5.086980407e+000 -5.086980407e+000 -3.6689e+000 -5.2196e+000 -1.2820e-001 +2.9619e+000 -3.3537e+000 +1.8208e+000 +3.1185e+000 +4.0504e+000 +1.5228e+000 +3.6644e+000 -2.9526e+000 +2.1610e+000 +8.7860e-001 +1.0625e+000 +4.4627e-001 +1.0392e+000 +4.4235e+000 -2.1301e+000 +1.1888e+000 +3.9706e+000
2948 +3.084932562e+000 +3.084932562e+000 -5.465067438e+000 -5.465067438e+000 +4.5334e-001 -7.6438e-001 +1.0177e+000 +3.7633e+000 -3.9668e+000 +7.5812e-001 +2.5389e-001 +2.4735e+000 -2.8631e+000 -1.2892e+000 -2.9989e+000 +1.9832e+000 +3.3755e+000 -1.4376e+000 -4.6991e+000 -1.2178e-001 +6.5699e-001 -4.5507e-001 -1.0471e+000 +7.1898e-002
64640 +2.531363840e+000 +2.531363840e+000 -6.018636160e+000 -6.018636160e+000 -9.7671e-001 -3.0483e-001 -1.1949e+000 -4.4816e+000 +4.9236e+000 +8.7824e-001 +3.0616e+000 -1.1628e+000 +2.4574e+000 +3.9347e+000 -2.4800e+000 +2.7511e+000 +1.8318e+000 -7.1657e-001 +3.1210e-001 +2.3009e+000 -9.7287e-001 -4.1492e+000 +9.3123e-001 +1.5657e+000
126127 +2.104341146e+000 +2.104341146e+000 -6.445658854e+000 -6.445658854e+000 -1.9818e+000 -2.0219e+000 -1.3383e+000 +1.6902e-001 -2.4044e+000 -2.3902e-001 +3.1829e+000 +1.6992e+000 +1.9386e+000 +7.3214e-001 +7.3470e-001 +6.6484e-001 -3.4718e+000 +8.4155e-001 +1.0035e+000 -4.8218e+000 -3.1069e+000 +1.2084e+000 -1.6081e-001 -2.1689e+000
473784 +1.853561690e+000 +1.853561690e+000 -6.696438310e+000 -6.696438310e+000 -1.3006e+000 +6.9345e-001 +4.4346e-001 +1.9482e+000 +1.9880e-001 +1.4996e-001 -1.2672e+000 -4.0084e+000 -9.1799e-001 +1.9083e-002 +2.8234e+000 +3.6923e+000 -1.7757e+000 -6.4102e-001 -9.1884e-001 -1.9271e+000 -4.3254e+000 -9.3097e-001 +4.8873e-001 -7.0597e-001
% function evaluation | noise-free fitness - Fopt (-1.014500000000e+002) | best noise-free fitness - Fopt | measured fitness | best measured fitness | x1 | x2...
1 +1.188733322e+001 +1.188733322e+001 -8.956266678e+001 -8.956266678e+001 -3.3921e+000 -4.8711e-001 -2.5554e+000 +1.3841e+000 +3.7424e+000 -6.0622e-001 -4.1121e+000 -2.2315e+000 -1.5745e+000 -1.1741e+000 +3.7077e+000 +4.6434e+000 +2.1043e-001 -1.4792e+000 +3.1634e-001 +5.1174e+000 -6.4002e-001 +3.8245e+000 +1.7303e+000 +1.5281e+000
2 +7.806165214e+000 +7.806165214e+000 -9.364383479e+001 -9.364383479e+001 -5.0060e+000 +1.0634e-001 -7.6816e-001 +2.7701e+000 +4.3475e+000 -7.6871e-001 -4.0357e+000 -2.1860e+000 -3.7524e-001 -1.1434e+000 +2.8569e+000 +4.5965e+000 +5.2261e-001 -1.7036e+000 +1.0285e-001 +4.4539e+000 +3.2145e-001 +3.9571e+000 +1.8066e+000 +1.1265e+000
36 +7.628049454e+000 +7.628049454e+000 -9.382195055e+001 -9.382195055e+001 -4.9485e+000 -3.9648e-001 -1.4588e+000 +2.9289e+000 +5.1644e+000 -2.0211e+000 -3.2796e+000 -1.9118e+000 +4.0742e-001 -1.9553e+000 +3.3851e+000 +4.2739e+000 +7.7133e-002 -1.9711e+000 -2.7360e-001 +6.0929e+000 +7.1017e-001 +4.0269e+000 +1.9534e+000 +1.8604e+000
69 +6.015649523e+000 +6.015649523e+000 -9.543435048e+001 -9.543435048e+001 -3.9255e+000 -1.0078e+000 -2.5369e+000 +2.8636e+000 +4.2178e+000 -6.0545e-001 -2.8364e+000 -1.3723e+000 -4.2377e-001 -2.4099e+000 +3.6933e+000 +4.1106e+000 -3.1584e-001 -1.4794e+000 +1.9041e-001 +5.7442e+000 +2.8188e-001 +3.8894e+000 +1.7118e+000 +1.8557e+000
193 +3.553338831e+000 +3.553338831e+000 -9.789666117e+001 -9.789666117e+001 -4.1424e+000 +6.2122e-001 -1.4413e+000 +2.8535e+000 +2.3772e+000 -9.1114e-001 -3.7591e+000 -2.5129e+000 -6.5434e-001 -1.4300e+000 +4.0270e+000 +3.9875e+000 -5.0174e-002 -5.8435e-001 -4.1071e-001 +4.1266e+000 -1.1700e-002 +8.2747e-001 +1.8148e+000 +2.6570e+000
595 +3.420428223e+000 +3.420428223e+000 -9.802957178e+001 -9.802957178e+001 -4.9240e+000 -9.5731e-001 -1.4562e+000 +2.8473e+000 +4.9474e+000 +8.4884e-001 -3.8618e+000 +5.8215e-001 -1.0927e+000 -2.0175e+000 +3.6059e+000 +3.2683e+000 -2.0164e+000 -3.2021e+000 -7.6793e-002 +4.2515e+000 +2.6935e-001 +4.3011e+000 +1.7946e+000 +1.0833e+000
11893 +3.253205923e+000 +3.253205923e+000 -9.819679408e+001 -9.819679408e+001 +5.8833e-002 -1.2360e+000 +3.3053e+000 +2.9056e+000 +2.5407e+000 -3.9238e-001 -2.2365e+000 -7.3497e-001 +1.4499e+000 +9.7798e-001 +1.1907e+000 +4.8686e+000 -1.3355e+000 +5.8982e-001 -1.8561e+000 +7.9944e-001 -1.2073e+000 +2.9239e-001 -1.0854e+000 +7.6949e-001
47528 +2.833219088e+000 +2.833219088e+000 -9.861678091e+001 -9.861678091e+001 +2.1407e+000 -2.5554e+000 +5.3541e-001 +1.3382e-001 +8.7595e-001 -9.6565e-003 -1.2309e+000 +6.8600e-001 -1.7180e+000 +2.2538e+000 -1.1620e+000 +4.4448e-001 +5.1219e-001 -1.9081e+000 +3.2448e-001 -4.1918e+000 -1.5749e-001 -1.9433e+000 -6.6334e-001 +6.4416e-001
52475 +2.743437019e+000 +2.743437019e+000 -9.870656298e+001 -9.870656298e+001 -2.3242e+000 -1.3467e+000 +1.8400e+000 +3.3463e+000 +1.5489e+000 -1.8858e-001 +9.0025e-001 -2.0239e+000 -2.6270e+000 +6.2158e-001 -2.6917e+000 -1.7693e+000 +2.2308e+000 -1.5509e+000 +3.8905e+000 -1.8622e-001 -1.5167e+000 -4.1250e+000 -2.6828e+000 +2.1220e+000
144410 +2.611980663e+000 +2.611980663e+000 -9.883801934e+001 -9.883801934e+001 -1.3301e+000 +6.2150e-001 -3.5962e+000 +3.1181e+000 +1.4373e+000 -4.2348e-001 +1.6969e-001 -3.6459e+000 -2.4600e-001 -7.9600e-001 +1.1874e+000 +1.6027e+000 -2.6263e+000 -1.2799e+000 -2.2679e+000 -1.0012e+000 -6.9627e-001 -3.1266e+000 +1.0589e+000 +1.2728e+000
175212 +2.510571977e+000 +2.510571977e+000 -9.893942802e+001 -9.893942802e+001 -3.1853e-001 -4.4260e-001 -5.7018e-001 +4.0780e+000 +7.4991e-001 +6.1807e-002 -9.5676e-001 -6.8847e-001 -4.7168e+000 -3.0411e-001 -5.2704e-001 -1.7409e+000 -4.5807e-001 -7.7685e-001 -6.4834e-001 +1.5437e-001 -1.7691e+000 +1.1279e+000 -1.2613e+000 -4.8184e-001
206250 +2.339995849e+000 +2.339995849e+000 -9.911000415e+001 -9.911000415e+001 -2.3877e-001 +2.4983e+000 -9.3625e-001 -1.3060e-001 -3.9879e+000 -6.0978e-001 -1.1604e+000 -1.4842e+000 +9.5820e-001 +2.5239e-001 -3.0815e+000 +2.8772e-001 -8.2990e-002 +1.6561e-001 +2.3251e+000 -5.1342e+000 -2.2051e-001 +2.3347e+000 +6.9539e-001 -2.8251e-001
278519 +2.048793040e+000 +2.048793040e+000 -9.940120696e+001 -9.940120696e+001 -1.8522e+000 +8.9127e-001 +2.8994e-001 -7.3654e-002 -2.2675e+000 +2.9019e-001 -2.6239e+000 -2.2852e+000 -2.1249e+000 +3.3228e+000 +2.4017e+000 +2.3544e+000 +5.2560e+000 -2.0647e+000 -6.6481e-001 -1.6499e+000 +2.6760e+000 +3.3770e+000 +3.1952e+000 +5.0183e+000
425573 +2.026868273e+000 +2.026868273e+000 -9.942313173e+001 -9.942313173e+001 +4.7670e-001 +4.0671e-001 +9.4288e-002 +7.5550e-001 +2.8626e+000 -2.7522e-001 -4.8985e+000 +1.2973e+000 +4.5163e+000 +3.1402e+000 +3.3081e+000 +6.8343e-001 +2.7898e+000 +6.3041e-001 +1.2424e+000 +8.9129e-001 -2.1444e+000 +5.3552e-002 -1.6256e+000 +1.6239e+000
711899 +1.956252181e+000 +1.956252181e+000 -9.949374782e+001 -9.949374782e+001 -2.3628e+000 +1.0861e+000 +1.1794e+000 +4.4610e-001 +3.7112e-002 +9.4876e-001 -2.3718e+000 -1.7773e+000 -3.3101e-001 -6.1658e-002 -3.8279e-001 -1.3764e+000 -9.1394e-001 -4.0418e-001 +2.1857e+000 -4.8533e-001 +1.3635e+000 -2.9190e+000 -1.6449e+000 +2.3631e+000
