% function evaluation | noise-free fitness - Fopt (-5.465000000000e+002) | best noise-free fitness - Fopt | measured fitness | best measured fitness | x1 | x2...
1 +1.327597020e+005 +1.327597020e+005 +1.322132020e+005 +1.322132020e+005 +2.5611e+000 -9.1146e-001 -4.2878e+000
3 +3.126440245e+004 +3.126440245e+004 +3.071790245e+004 +3.071790245e+004 -1.2879e+000 -2.4694e+000 +5.8838e+000
4 +4.392028089e+000 +4.392028089e+000 -5.421079719e+002 -5.421079719e+002 +1.8097e+000 +1.2235e+000 +1.9215e+000
30 +2.346919197e+000 +2.346919197e+000 -5.441530808e+002 -5.441530808e+002 +6.9538e-001 +2.7331e+000 +7.4069e-001
53 +2.198175497e+000 +2.198175497e+000 -5.443018245e+002 -5.443018245e+002 -2.3974e+000 +1.9268e+000 +2.2000e+000
177 +2.065048416e+000 +2.065048416e+000 -5.444349516e+002 -5.444349516e+002 +5.6886e-001 +2.1839e+000 +2.0434e+000
190 +2.017860558e+000 +2.017860558e+000 -5.444821394e+002 -5.444821394e+002 -2.0024e+000 +3.3573e-002 +2.0411e+000
262 +1.167627806e+000 +1.167627806e+000 -5.453323722e+002 -5.453323722e+002 -2.0117e+000 +1.4695e+000 +2.2302e+000
546 +8.396669888e-001 +8.396669888e-001 -5.456603330e+002 -5.456603330e+002 -2.0518e+000 +1.5003e+000 +2.2360e+000
693 +3.047544389e-001 +3.047544389e-001 -5.461952456e+002 -5.461952456e+002 -2.0813e+000 +2.0535e+000 +2.1452e+000
810 +2.853141767e-001 +2.853141767e-001 -5.462146858e+002 -5.462146858e+002 -2.1565e+000 +2.0490e+000 +2.0892e+000
% function evaluation | noise-free fitness - Fopt (1.000000000000e+003) | best noise-free fitness - Fopt | measured fitness | best measured fitness | x1 | x2...
1 +4.238380011e+004 +4.238380011e+004 +4.338380011e+004 +4.338380011e+004 +8.9935e-001 -3.4252e+000 +4.7584e-001
3 +2.623758314e+004 +2.623758314e+004 +2.723758314e+004 +2.723758314e+004 +2.7631e+000 -2.5452e+000 -3.5159e-002
6 +7.743476731e+003 +7.743476731e+003 +8.743476731e+003 +8.743476731e+003 +6.8994e+000 +2.8781e+000 -1.2444e+000
7 +2.040605388e+001 +2.040605388e+001 +1.020406054e+003 +1.020406054e+003 +6.6278e-003 +4.6921e-001 -2.6994e+000
59 +4.718526808e+000 +4.718526808e+000 +1.004718527e+003 +1.004718527e+003 +1.9553e-001 +9.2826e-001 -1.4947e+000
61 +4.055317015e+000 +4.055317015e+000 +1.004055317e+003 +1.004055317e+003 -1.3061e-001 +6.1113e-001 -1.4916e+000
66 +2.987881541e+000 +2.987881541e+000 +1.002987882e+003 +1.002987882e+003 +5.4218e-002 +5.3154e-001 -2.1858e+000
78 +2.073370783e+000 +2.073370783e+000 +1.002073371e+003 +1.002073371e+003 +1.3996e+000 +9.8856e-001 -1.5214e+000
377 +1.602038315e+000 +1.602038315e+000 +1.001602038e+003 +1.001602038e+003 +6.9485e-001 +7.2893e-001 -2.4650e+000
404 +1.478330323e+000 +1.478330323e+000 +1.001478330e+003 +1.001478330e+003 +6.8928e-001 +7.4780e-001 -2.4430e+000
422 +1.401596395e+000 +1.401596395e+000 +1.001401596e+003 +1.001401596e+003 +6.3371e-001 +7.5091e-001 -2.4332e+000
% function evaluation | noise-free fitness - Fopt (2.083800000000e+002) | best noise-free fitness - Fopt | measured fitness | best measured fitness | x1 | x2...
1 +8.599652354e+002 +8.599652354e+002 +1.068345235e+003 +1.068345235e+003 +1.3897e-001 +3.7113e+000 +1.7331e+000
2 +5.250500138e+002 +5.250500138e+002 +7.334300138e+002 +7.334300138e+002 -8.1648e-001 +3.2921e+000 +7.7360e-001
12 +5.841594893e+000 +5.841594893e+000 +2.142215949e+002 +2.142215949e+002 -1.9928e-001 +8.2841e-001 +2.2470e+000
19 +3.663666353e+000 +3.663666353e+000 +2.120436664e+002 +2.120436664e+002 -3.4195e-001 +2.7581e+000 +8.3344e-001
20 +1.953462143e+000 +1.953462143e+000 +2.103334621e+002 +2.103334621e+002 -1.1462e+000 +2.3625e+000 +1.6590e+000
244 +1.926803450e+000 +1.926803450e+000 +2.103068034e+002 +2.103068034e+002 +5.9275e-001 +7.0301e-001 +1.2959e+000
262 +1.881474531e+000 +1.881474531e+000 +2.102614745e+002 +2.102614745e+002 +6.7079e-001 +7.7067e-001 +1.3143e+000
302 +1.825779104e+000 +1.825779104e+000 +2.102057791e+002 +2.102057791e+002 +6.3162e-001 +7.2479e-001 +1.3077e+000
316 +1.798586600e+000 +1.798586600e+000 +2.101785866e+002 +2.101785866e+002 +6.0938e-001 +7.4250e-001 +1.3112e+000
400 +1.777669541e+000 +1.777669541e+000 +2.101576695e+002 +2.101576695e+002 +6.1704e-001 +7.5027e-001 +1.2986e+000
% function evaluation | noise-free fitness - Fopt (-1.449600000000e+002) | best noise-free fitness - Fopt | measured fitness | best measured fitness | x1 | x2...
1 +3.256909133e+005 +3.256909133e+005 +3.255459533e+005 +3.255459533e+005 -1.0262e+000 +4.1748e+000 +6.5256e+000
2 +9.107464958e+003 +9.107464958e+003 +8.962504958e+003 +8.962504958e+003 -1.8585e+000 +2.7868e+000 -1.1571e+000
5 +4.874475618e+002 +4.874475618e+002 +3.424875618e+002 +3.424875618e+002 +3.5958e+000 -3.7482e+000 -1.0810e+000
12 +4.149503311e+000 +4.149503311e+000 -1.408104967e+002 -1.408104967e+002 -1.1580e+000 -3.5145e-001 -1.1796e+000
76 +3.328839097e+000 +3.328839097e+000 -1.416311609e+002 -1.416311609e+002 -7.1054e-001 -2.3999e+000 -1.5159e+000
113 +3.039337255e+000 +3.039337255e+000 -1.419206627e+002 -1.419206627e+002 -1.0290e+000 -1.8313e+000 -1.4530e+000
126 +2.847144772e+000 +2.847144772e+000 -1.421128552e+002 -1.421128552e+002 -2.2063e+000 -1.6204e+000 -1.3594e+000
153 +2.692693240e+000 +2.692693240e+000 -1.422673068e+002 -1.422673068e+002 -9.1094e-001 -1.7849e+000 -1.3017e+000
165 +2.064394788e+000 +2.064394788e+000 -1.428956052e+002 -1.428956052e+002 -2.0109e+000 -1.5082e+000 -1.3556e+000
198 +1.040894898e+000 +1.040894898e+000 -1.439191051e+002 -1.439191051e+002 -2.0891e+000 -2.0100e+000 -1.0162e+000
587 +4.687968239e-001 +4.687968239e-001 -1.444912032e+002 -1.444912032e+002 -2.0880e+000 -1.1081e-001 -2.6061e+000
% function evaluation | noise-free fitness - Fopt (-6.300000000000e+000) | best noise-free fitness - Fopt | measured fitness | best measured fitness | x1 | x2...
1 +6.404925592e+004 +6.404925592e+004 +6.404295592e+004 +6.404295592e+004 +8.5810e+000 -1.5920e+000 -5.8318e+000
2 +4.865513568e+004 +4.865513568e+004 +4.864883568e+004 +4.864883568e+004 +1.2467e-001 -6.3472e-002 -6.2280e+000
4 +2.849812290e+003 +2.849812290e+003 +2.843512290e+003 +2.843512290e+003 -1.8335e-001 +1.4094e+000 -1.4745e+000
19 +1.267426343e+003 +1.267426343e+003 +1.261126343e+003 +1.261126343e+003 +2.0882e+000 +1.4812e+000 -2.2450e+000
31 +4.301832132e+000 +4.301832132e+000 -1.998167868e+000 -1.998167868e+000 +4.6054e-001 -1.2694e+000 -1.8872e+000
83 +4.214539088e+000 +4.214539088e+000 -2.085460912e+000 -2.085460912e+000 +1.2753e+000 -3.9214e-001 -1.7706e+000
124 +3.878812248e+000 +3.878812248e+000 -2.421187752e+000 -2.421187752e+000 -6.2734e-001 -9.7492e-001 -1.5267e+000
129 +2.798451316e+000 +2.798451316e+000 -3.501548684e+000 -3.501548684e+000 -1.6192e-001 -2.7249e+000 -8.8902e-001
172 +2.164898337e+000 +2.164898337e+000 -4.135101663e+000 -4.135101663e+000 +2.3725e-001 -2.5513e+000 -1.6236e+000
273 +2.124582938e+000 +2.124582938e+000 -4.175417062e+000 -4.175417062e+000 +2.1265e+000 -1.4786e+000 -1.5348e+000
283 +1.731670492e+000 +1.731670492e+000 -4.568329508e+000 -4.568329508e+000 +2.0044e+000 -2.0945e+000 -1.8382e+000
439 +1.408074093e+000 +1.408074093e+000 -4.891925907e+000 -4.891925907e+000 +2.0779e+000 -2.0600e+000 -1.5327e+000
497 +1.163757274e+000 +1.163757274e+000 -5.136242726e+000 -5.136242726e+000 +2.2073e+000 -1.9995e+000 -2.0646e+000
529 +1.136616567e+000 +1.136616567e+000 -5.163383433e+000 -5.163383433e+000 +2.1529e+000 -2.0119e+000 -1.8008e+000
666 +1.015478562e+000 +1.015478562e+000 -5.284521438e+000 -5.284521438e+000 +2.0875e+000 -2.1234e+000 -1.2458e+000
% function evaluation | noise-free fitness - Fopt (2.796000000000e+001) | best noise-free fitness - Fopt | measured fitness | best measured fitness | x1 | x2...
1 +4.733756263e+004 +4.733756263e+004 +4.736552263e+004 +4.736552263e+004 -4.6218e+000 +6.4724e+000 -2.4866e+000
6 +4.194114506e+004 +4.194114506e+004 +4.196910506e+004 +4.196910506e+004 -7.1669e-001 +3.5707e+000 -2.9162e+000
18 +4.100183828e+004 +4.100183828e+004 +4.102979828e+004 +4.102979828e+004 -1.2033e+000 +5.0485e+000 -2.9648e+000
21 +3.205440157e+004 +3.205440157e+004 +3.208236157e+004 +3.208236157e+004 +4.1692e-001 +7.9908e+000 +2.8146e-001
33 +1.224986437e+004 +1.224986437e+004 +1.227782437e+004 +1.227782437e+004 -1.8278e-001 +4.8199e+000 -1.3648e+000
40 +9.859013750e+003 +9.859013750e+003 +9.886973750e+003 +9.886973750e+003 +2.1787e+000 +5.5626e+000 -1.2057e+000
46 +7.126100455e+003 +7.126100455e+003 +7.154060455e+003 +7.154060455e+003 -2.5809e-002 +5.1690e+000 -3.8884e-001
57 +6.500920332e+003 +6.500920332e+003 +6.528880332e+003 +6.528880332e+003 +8.5674e-001 +5.2729e+000 -4.3389e-001
61 +6.070618979e+003 +6.070618979e+003 +6.098578979e+003 +6.098578979e+003 -7.2391e-001 +4.8616e+000 +2.3823e-001
70 +2.368097290e+003 +2.368097290e+003 +2.396057290e+003 +2.396057290e+003 +9.7511e-001 +4.4309e+000 +1.8149e+000
80 +1.507959814e+002 +1.507959814e+002 +1.787559814e+002 +1.787559814e+002 +1.5158e+000 +3.5732e+000 +9.9846e-001
105 +6.315794234e+001 +6.315794234e+001 +9.111794234e+001 +9.111794234e+001 -3.6944e-001 +2.9740e+000 +1.2358e+000
106 +8.826943992e+000 +8.826943992e+000 +3.678694399e+001 +3.678694399e+001 +2.3962e+000 +3.5104e+000 +1.7085e+000
110 +4.380286997e+000 +4.380286997e+000 +3.234028700e+001 +3.234028700e+001 +1.1608e+000 +1.9939e+000 +1.5795e+000
118 +3.873043903e+000 +3.873043903e+000 +3.183304390e+001 +3.183304390e+001 +7.7532e-001 +3.0212e+000 +1.5624e+000
122 +3.710519164e+000 +3.710519164e+000 +3.167051916e+001 +3.167051916e+001 +1.6416e+000 +2.8543e+000 +1.6552e+000
134 +2.828414783e+000 +2.828414783e+000 +3.078841478e+001 +3.078841478e+001 +1.5924e+000 +2.5432e+000 +1.6840e+000
167 +2.581031749e+000 +2.581031749e+000 +3.054103175e+001 +3.054103175e+001 +5.7953e-001 +6.3010e-001 +1.3611e+000
215 +2.547854150e+000 +2.547854150e+000 +3.050785415e+001 +3.050785415e+001 +5.8220e-001 +2.7133e+000 +1.2394e+000
343 +2.241715032e+000 +2.241715032e+000 +3.020171503e+001 +3.020171503e+001 +1.3960e-001 +2.0899e+000 +2.1372e+000
501 +2.168036216e+000 +2.168036216e+000 +3.012803622e+001 +3.012803622e+001 -7.7401e-002 +6.4333e-001 +2.4432e+000
709 +1.884661112e+000 +1.884661112e+000 +2.984466111e+001 +2.984466111e+001 -1.9155e-001 +2.5544e+000 +1.9399e+000
796 +1.684615750e+000 +1.684615750e+000 +2.964461575e+001 +2.964461575e+001 +1.2029e+000 +2.9608e+000 +1.8681e+000
864 +1.530485917e+000 +1.530485917e+000 +2.949048592e+001 +2.949048592e+001 -2.2162e+000 +2.0255e+000 +1.5668e+000
1151 +1.065901024e+000 +1.065901024e+000 +2.902590102e+001 +2.902590102e+001 -1.8592e+000 +2.1554e+000 +2.0586e+000
1445 +8.984725979e-001 +8.984725979e-001 +2.885847260e+001 +2.885847260e+001 -2.0489e+000 +2.1187e+000 +1.7305e+000
1498 +8.892650872e-001 +8.892650872e-001 +2.884926509e+001 +2.884926509e+001 -2.1477e+000 +2.0652e+000 +1.7946e+000
1520 +8.497651920e-001 +8.497651920e-001 +2.880976519e+001 +2.880976519e+001 -2.0372e+000 +2.1517e+000 +1.7460e+000
1526 +7.423068232e-001 +7.423068232e-001 +2.870230682e+001 +2.870230682e+001 -2.1323e+000 +2.0971e+000 +1.7576e+000
1595 +7.300688875e-001 +7.300688875e-001 +2.869006889e+001 +2.869006889e+001 -2.0986e+000 +2.0990e+000 +1.7589e+000
1638 +7.242403882e-001 +7.242403882e-001 +2.868424039e+001 +2.868424039e+001 -2.1035e+000 +2.1078e+000 +1.7603e+000
% function evaluation | noise-free fitness - Fopt (-6.338000000000e+001) | best noise-free fitness - Fopt | measured fitness | best measured fitness | x1 | x2...
1 +2.280833049e+005 +2.280833049e+005 +2.280199249e+005 +2.280199249e+005 +1.4859e+001 -5.5061e+000 -3.8269e+000
2 +1.328449421e+005 +1.328449421e+005 +1.327815621e+005 +1.327815621e+005 +3.3138e+000 +6.0006e+000 -5.6307e+000
3 +1.962472964e+003 +1.962472964e+003 +1.899092964e+003 +1.899092964e+003 +2.8018e+000 +1.3042e+000 +1.5549e-001
38 +5.422267352e+001 +5.422267352e+001 -9.157326483e+000 -9.157326483e+000 +2.6083e-001 +1.3756e+000 +7.1702e-001
42 +2.996193333e+000 +2.996193333e+000 -6.038380667e+001 -6.038380667e+001 +5.3863e-001 +2.5936e+000 +1.6641e+000
89 +2.917439827e+000 +2.917439827e+000 -6.046256017e+001 -6.046256017e+001 -5.1164e-001 +8.7272e-001 +1.2556e+000
107 +2.686323111e+000 +2.686323111e+000 -6.069367689e+001 -6.069367689e+001 -1.6316e+000 +2.5223e+000 +1.6898e+000
115 +1.880281051e+000 +1.880281051e+000 -6.149971895e+001 -6.149971895e+001 +2.0120e+000 +2.0347e+000 +1.5319e+000
490 +1.859430226e+000 +1.859430226e+000 -6.152056977e+001 -6.152056977e+001 +1.0371e+000 +1.7678e+000 +1.0525e+000
% function evaluation | noise-free fitness - Fopt (-1.337200000000e+002) | best noise-free fitness - Fopt | measured fitness | best measured fitness | x1 | x2...
1 +4.441697262e+004 +4.441697262e+004 +4.428325262e+004 +4.428325262e+004 +4.2001e+000 +4.3625e+000 -2.8728e+000
2 +9.911980614e+003 +9.911980614e+003 +9.778260614e+003 +9.778260614e+003 -1.9567e-001 +3.2533e+000 -1.1995e+000
4 +5.994630689e+000 +5.994630689e+000 -1.277253693e+002 -1.277253693e+002 -2.3392e+000 +1.7943e+000 +8.8689e-001
35 +4.615295350e+000 +4.615295350e+000 -1.291047047e+002 -1.291047047e+002 -2.1735e+000 +3.0617e+000 +1.2775e+000
56 +2.878754842e+000 +2.878754842e+000 -1.308412452e+002 -1.308412452e+002 -2.3101e+000 +3.2384e+000 +6.3412e-001
58 +2.702874699e+000 +2.702874699e+000 -1.310171253e+002 -1.310171253e+002 -2.3728e+000 +3.1512e+000 +6.5528e-001
101 +2.344468507e+000 +2.344468507e+000 -1.313755315e+002 -1.313755315e+002 -1.8808e+000 +3.0436e+000 +1.8424e+000
114 +1.884978439e+000 +1.884978439e+000 -1.318350216e+002 -1.318350216e+002 -1.5082e+000 +3.0444e+000 +1.2258e+000
127 +1.528655753e+000 +1.528655753e+000 -1.321913442e+002 -1.321913442e+002 -1.5960e+000 +3.1039e+000 +1.5196e+000
164 +1.133730524e+000 +1.133730524e+000 -1.325862695e+002 -1.325862695e+002 -1.6390e+000 +3.1153e+000 +1.8860e+000
178 +7.601236603e-001 +7.601236603e-001 -1.329598763e+002 -1.329598763e+002 -1.5903e+000 +3.0724e+000 +1.8314e+000
210 +5.505688319e-001 +5.505688319e-001 -1.331694312e+002 -1.331694312e+002 -1.5907e+000 +3.0389e+000 +1.8543e+000
% function evaluation | noise-free fitness - Fopt (-4.039900000000e+002) | best noise-free fitness - Fopt | measured fitness | best measured fitness | x1 | x2...
1 +5.759095640e+004 +5.759095640e+004 +5.718696640e+004 +5.718696640e+004 -1.1477e+001 +1.5656e+000 +2.9575e+000
2 +9.368733639e+003 +9.368733639e+003 +8.964743639e+003 +8.964743639e+003 -3.4856e+000 -2.9286e+000 +3.5219e+000
3 +6.421606885e+002 +6.421606885e+002 +2.381706885e+002 +2.381706885e+002 -3.4078e+000 -3.2034e+000 +2.2323e+000
4 +3.640557811e+001 +3.640557811e+001 -3.675844219e+002 -3.675844219e+002 -7.5021e-001 -2.4864e+000 +2.2203e+000
13 +5.212897657e+000 +5.212897657e+000 -3.987771023e+002 -3.987771023e+002 -2.2183e+000 -2.1256e+000 +2.1939e+000
25 +4.463108928e+000 +4.463108928e+000 -3.995268911e+002 -3.995268911e+002 -1.6882e+000 -2.2743e+000 +1.1044e+000
39 +4.039289387e+000 +4.039289387e+000 -3.999507106e+002 -3.999507106e+002 -4.3497e-001 -5.2817e-001 +2.1233e+000
43 +2.797078173e+000 +2.797078173e+000 -4.011929218e+002 -4.011929218e+002 +1.1367e+000 -1.4167e+000 +1.1474e+000
67 +1.982302109e+000 +1.982302109e+000 -4.020076979e+002 -4.020076979e+002 -1.8145e-001 -6.4518e-001 +2.4328e+000
154 +1.766056641e+000 +1.766056641e+000 -4.022239434e+002 -4.022239434e+002 -1.5522e+000 -2.0745e+000 +2.1066e+000
251 +1.275851845e+000 +1.275851845e+000 -4.027141482e+002 -4.027141482e+002 -1.2578e+000 -2.9350e+000 +1.8948e+000
530 +1.039884440e+000 +1.039884440e+000 -4.029501156e+002 -4.029501156e+002 -1.4392e+000 -2.9903e+000 +7.7105e-001
592 +9.020742833e-001 +9.020742833e-001 -4.030879257e+002 -4.030879257e+002 -1.4996e+000 -3.0425e+000 +7.1132e-001
% function evaluation | noise-free fitness - Fopt (1.000000000000e+003) | best noise-free fitness - Fopt | measured fitness | best measured fitness | x1 | x2...
1 +3.059165419e+004 +3.059165419e+004 +3.159165419e+004 +3.159165419e+004 +2.1734e+000 -4.3102e+000 -5.0292e-001
2 +2.008140347e+003 +2.008140347e+003 +3.008140347e+003 +3.008140347e+003 +1.0466e+000 -1.3391e+000 -3.4171e+000
18 +3.441003989e+000 +3.441003989e+000 +1.003441004e+003 +1.003441004e+003 +8.2644e-001 +1.0558e+000 -1.2583e+000
86 +2.410542649e+000 +2.410542649e+000 +1.002410543e+003 +1.002410543e+003 -7.1120e-001 +2.8262e+000 -8.6187e-001
144 +2.384652181e+000 +2.384652181e+000 +1.002384652e+003 +1.002384652e+003 +2.7797e-001 +5.9849e-001 -1.3113e+000
174 +2.157499406e+000 +2.157499406e+000 +1.002157499e+003 +1.002157499e+003 +4.1138e-001 +5.2251e-001 -1.3683e+000
266 +1.923873076e+000 +1.923873076e+000 +1.001923873e+003 +1.001923873e+003 -5.9960e-001 +6.9895e-001 -1.3223e+000
296 +1.709672235e+000 +1.709672235e+000 +1.001709672e+003 +1.001709672e+003 +1.8957e+000 +1.8106e-001 -1.4191e+000
372 +1.668641625e+000 +1.668641625e+000 +1.001668642e+003 +1.001668642e+003 +9.2559e-001 +3.6335e-001 -1.4055e+000
% function evaluation | noise-free fitness - Fopt (1.005700000000e+002) | best noise-free fitness - Fopt | measured fitness | best measured fitness | x1 | x2...
1 +6.042745003e+004 +6.042745003e+004 +6.052802003e+004 +6.052802003e+004 -8.0436e+000 +3.9584e+000 +4.5231e+000
2 +3.336706418e+004 +3.336706418e+004 +3.346763418e+004 +3.346763418e+004 +2.1286e+000 +9.2824e-001 +5.8653e+000
12 +3.137058368e+004 +3.137058368e+004 +3.147115368e+004 +3.147115368e+004 -2.4123e+000 +9.0089e-001 -1.2616e+000
17 +1.468794090e+004 +1.468794090e+004 +1.478851090e+004 +1.478851090e+004 +9.7511e-001 +6.8278e-001 +4.8233e+000
26 +9.648687493e+003 +9.648687493e+003 +9.749257493e+003 +9.749257493e+003 +4.8071e+000 +3.5969e+000 +3.6925e+000
47 +6.102472158e+003 +6.102472158e+003 +6.203042158e+003 +6.203042158e+003 +5.3243e+000 +2.7785e+000 +1.7072e+000
53 +2.799235572e+003 +2.799235572e+003 +2.899805572e+003 +2.899805572e+003 +3.5034e+000 +2.2098e+000 +1.8402e+000
72 +1.191161852e+003 +1.191161852e+003 +1.291731852e+003 +1.291731852e+003 +3.7333e+000 +1.5680e+000 +2.3162e+000
121 +5.633952167e+002 +5.633952167e+002 +6.639652167e+002 +6.639652167e+002 +3.1887e+000 +1.2946e+000 +2.5222e+000
141 +5.358218526e+002 +5.358218526e+002 +6.363918526e+002 +6.363918526e+002 +1.3860e+000 -3.1563e+000 +3.9431e-001
145 +6.455414808e+000 +6.455414808e+000 +1.070254148e+002 +1.070254148e+002 +1.2321e-001 +4.0668e-002 +2.2215e+000
155 +3.283967434e+000 +3.283967434e+000 +1.038539674e+002 +1.038539674e+002 +1.8871e+000 -6.4617e-002 +1.6492e+000
266 +3.183761610e+000 +3.183761610e+000 +1.037537616e+002 +1.037537616e+002 -3.3707e-002 -1.7026e+000 +1.0599e+000
272 +3.142905156e+000 +3.142905156e+000 +1.037129052e+002 +1.037129052e+002 +1.0483e-001 -2.0979e+000 +9.4717e-001
279 +2.924595653e+000 +2.924595653e+000 +1.034945957e+002 +1.034945957e+002 +3.8359e-002 -2.0994e+000 +9.4922e-001
326 +2.813656336e+000 +2.813656336e+000 +1.033836563e+002 +1.033836563e+002 -8.8919e-002 -2.6278e+000 +1.4527e+000
342 +1.851297514e+000 +1.851297514e+000 +1.024212975e+002 +1.024212975e+002 -1.3705e+000 -2.3299e+000 +2.0955e+000
639 +1.697088064e+000 +1.697088064e+000 +1.022670881e+002 +1.022670881e+002 -6.4547e-001 -6.8089e-001 +2.4598e+000
751 +1.424983187e+000 +1.424983187e+000 +1.019949832e+002 +1.019949832e+002 -6.2869e-001 -7.8234e-001 +2.4370e+000
1134 +1.405604530e+000 +1.405604530e+000 +1.019756045e+002 +1.019756045e+002 -6.1199e-001 -7.2998e-001 +2.4498e+000
% function evaluation | noise-free fitness - Fopt (1.149000000000e+001) | best noise-free fitness - Fopt | measured fitness | best measured fitness | x1 | x2...
1 +2.445738433e+005 +2.445738433e+005 +2.445853333e+005 +2.445853333e+005 +3.9124e+000 -1.2609e+000 +6.3147e+000
2 +5.263971245e+004 +5.263971245e+004 +5.265120245e+004 +5.265120245e+004 -2.5262e+000 +1.8563e+000 +2.9166e+000
10 +2.493884673e+004 +2.493884673e+004 +2.495033673e+004 +2.495033673e+004 -3.1499e+000 +5.8745e+000 +2.4417e+000
31 +1.768385045e+004 +1.768385045e+004 +1.769534045e+004 +1.769534045e+004 -8.8921e+000 +1.2336e+000 -2.0348e+000
32 +1.631048090e+004 +1.631048090e+004 +1.632197090e+004 +1.632197090e+004 -6.3679e+000 -7.4639e-001 -4.7240e-001
50 +1.460900483e+004 +1.460900483e+004 +1.462049483e+004 +1.462049483e+004 -6.9911e+000 -4.8496e-001 -2.2190e+000
70 +1.164786887e+004 +1.164786887e+004 +1.165935887e+004 +1.165935887e+004 -7.2260e+000 +3.8619e-001 -2.6832e+000
80 +1.060870821e+004 +1.060870821e+004 +1.062019821e+004 +1.062019821e+004 -7.5863e+000 +1.4927e+000 -1.1577e+000
125 +3.414456381e+003 +3.414456381e+003 +3.425946381e+003 +3.425946381e+003 -5.4178e+000 +3.7166e+000 -1.2305e+000
140 +1.639978434e+003 +1.639978434e+003 +1.651468434e+003 +1.651468434e+003 -4.5245e+000 +2.2169e+000 -1.9889e+000
159 +3.665448587e+000 +3.665448587e+000 +1.515544859e+001 +1.515544859e+001 -2.5323e+000 +2.5581e+000 -1.2432e+000
181 +2.435025695e+000 +2.435025695e+000 +1.392502570e+001 +1.392502570e+001 -2.5001e+000 +2.5945e+000 -1.6580e+000
184 +2.264850549e+000 +2.264850549e+000 +1.375485055e+001 +1.375485055e+001 -1.4894e+000 +1.7961e+000 -1.0187e+000
207 +2.100330620e+000 +2.100330620e+000 +1.359033062e+001 +1.359033062e+001 -1.4657e+000 +2.9486e+000 -1.3831e+000
454 +1.997017178e+000 +1.997017178e+000 +1.348701718e+001 +1.348701718e+001 -1.4072e+000 +1.3567e+000 -2.3067e+000
475 +1.858392440e+000 +1.858392440e+000 +1.334839244e+001 +1.334839244e+001 -1.3718e+000 +1.3851e+000 -2.2929e+000
492 +1.585433722e+000 +1.585433722e+000 +1.307543372e+001 +1.307543372e+001 -1.5986e+000 +1.5172e+000 -2.2701e+000
498 +1.572857043e+000 +1.572857043e+000 +1.306285704e+001 +1.306285704e+001 -1.5451e+000 +1.4645e+000 -2.2955e+000
503 +1.469214659e+000 +1.469214659e+000 +1.295921466e+001 +1.295921466e+001 -1.5274e+000 +1.4397e+000 -2.2761e+000
533 +1.402999950e+000 +1.402999950e+000 +1.289299995e+001 +1.289299995e+001 -1.4889e+000 +1.4579e+000 -2.2723e+000
% function evaluation | noise-free fitness - Fopt (7.731000000000e+001) | best noise-free fitness - Fopt | measured fitness | best measured fitness | x1 | x2...
1 +1.189788149e+005 +1.189788149e+005 +1.190561249e+005 +1.190561249e+005 -1.2675e+000 +4.2753e+000 +2.7248e+000
2 +5.666159313e+004 +5.666159313e+004 +5.673890313e+004 +5.673890313e+004 +2.2850e+000 +5.7859e+000 -1.5190e+000
8 +3.253074211e+004 +3.253074211e+004 +3.260805211e+004 +3.260805211e+004 +1.2092e+000 -5.0019e+000 +2.7314e+000
16 +3.471882034e+003 +3.471882034e+003 +3.549192034e+003 +3.549192034e+003 +3.7071e+000 -4.5861e-001 -2.6158e-001
22 +2.842300667e+003 +2.842300667e+003 +2.919610667e+003 +2.919610667e+003 +1.0581e+000 -1.5562e+000 +5.6042e-002
36 +2.166843596e+003 +2.166843596e+003 +2.244153596e+003 +2.244153596e+003 +1.5379e-001 -1.4915e+000 -6.6510e-002
46 +5.556246898e+002 +5.556246898e+002 +6.329346898e+002 +6.329346898e+002 +9.6326e-001 -2.5986e+000 -1.5518e-001
55 +2.409799411e+002 +2.409799411e+002 +3.182899411e+002 +3.182899411e+002 +9.8337e-001 +1.4400e-001 -2.7583e+000
63 +1.458281333e+002 +1.458281333e+002 +2.231381333e+002 +2.231381333e+002 -1.0306e+000 +3.9216e-001 -1.1101e+000
72 +3.518415627e+000 +3.518415627e+000 +8.082841563e+001 +8.082841563e+001 -9.1018e-001 -2.1341e+000 -9.4160e-001
98 +3.327186339e+000 +3.327186339e+000 +8.063718634e+001 +8.063718634e+001 -2.3712e+000 -4.9225e-001 -1.9224e+000
108 +3.291947545e+000 +3.291947545e+000 +8.060194755e+001 +8.060194755e+001 +2.2279e-001 -1.1223e+000 -1.2582e+000
122 +2.858188482e+000 +2.858188482e+000 +8.016818848e+001 +8.016818848e+001 -2.1441e+000 -1.0139e+000 -1.7302e+000
199 +2.269236793e+000 +2.269236793e+000 +7.957923679e+001 +7.957923679e+001 -2.1612e+000 -1.4787e+000 -1.7455e+000
255 +1.972385897e+000 +1.972385897e+000 +7.928238590e+001 +7.928238590e+001 +1.2695e-002 -6.3767e-001 -2.4959e+000
357 +1.540444011e+000 +1.540444011e+000 +7.885044401e+001 +7.885044401e+001 -1.0171e+000 -3.5865e-001 -1.4063e+000
559 +1.508101642e+000 +1.508101642e+000 +7.881810164e+001 +7.881810164e+001 -2.0871e+000 -6.1226e-001 -1.3172e+000
576 +1.459909248e+000 +1.459909248e+000 +7.876990925e+001 +7.876990925e+001 -2.0869e+000 -6.1058e-001 -1.3286e+000
590 +1.428317826e+000 +1.428317826e+000 +7.873831783e+001 +7.873831783e+001 -2.1144e+000 -5.6909e-001 -1.3613e+000
608 +1.407328887e+000 +1.407328887e+000 +7.871732889e+001 +7.871732889e+001 -2.0742e+000 -5.8814e-001 -1.3450e+000
% function evaluation | noise-free fitness - Fopt (3.207700000000e+002) | best noise-free fitness - Fopt | measured fitness | best measured fitness | x1 | x2...
1 +4.061420566e+001 +4.061420566e+001 +3.613842057e+002 +3.613842057e+002 -2.7031e+000 +7.5996e-001 +2.1338e+000
18 +4.378441355e+000 +4.378441355e+000 +3.251484414e+002 +3.251484414e+002 -2.5163e+000 -4.3943e-001 +1.3077e+000
42 +4.293451518e+000 +4.293451518e+000 +3.250634515e+002 +3.250634515e+002 -2.4228e+000 -6.8817e-001 +1.6438e+000
57 +3.650086096e+000 +3.650086096e+000 +3.244200861e+002 +3.244200861e+002 -2.4518e+000 -4.6057e-001 +1.6562e+000
61 +3.408770405e+000 +3.408770405e+000 +3.241787704e+002 +3.241787704e+002 -2.2632e+000 -9.1598e-001 +1.6429e+000
79 +3.273021038e+000 +3.273021038e+000 +3.240430210e+002 +3.240430210e+002 -2.3355e+000 -1.3609e+000 +1.6781e+000
83 +3.119359043e+000 +3.119359043e+000 +3.238893590e+002 +3.238893590e+002 -2.2876e+000 -1.0914e+000 +1.6650e+000
85 +2.008033774e+000 +2.008033774e+000 +3.227780338e+002 +3.227780338e+002 -2.2172e+000 -1.0853e+000 +1.2525e+000
173 +1.039080166e+000 +1.039080166e+000 +3.218090802e+002 +3.218090802e+002 -2.1521e+000 -8.0202e-002 +1.5012e+000
281 +8.417389119e-001 +8.417389119e-001 +3.216117389e+002 +3.216117389e+002 -2.1294e+000 -2.0492e+000 +2.0502e+000
377 +5.566231501e-001 +5.566231501e-001 +3.213266232e+002 +3.213266232e+002 -2.1501e+000 -2.1230e+000 +9.7854e-001
380 +4.526394457e-001 +4.526394457e-001 +3.212226394e+002 +3.212226394e+002 -2.1450e+000 -2.0032e+000 +2.1373e+000
389 +4.039950678e-001 +4.039950678e-001 +3.211739951e+002 +3.211739951e+002 -2.1280e+000 -2.0169e+000 +2.1085e+000
431 +2.131398749e-001 +2.131398749e-001 +3.209831399e+002 +3.209831399e+002 -2.1394e+000 -2.0450e+000 +2.1382e+000
462 +1.070605232e-001 +1.070605232e-001 +3.208770605e+002 +3.208770605e+002 -2.1446e+000 -2.1216e+000 +2.0847e+000
% function evaluation | noise-free fitness - Fopt (1.893000000000e+001) | best noise-free fitness - Fopt | measured fitness | best measured fitness | x1 | x2...
1 +1.143646853e+004 +1.143646853e+004 +1.145539853e+004 +1.145539853e+004 +5.6282e-002 -4.2193e-001 +6.2081e-001
5 +7.264857907e+003 +7.264857907e+003 +7.283787907e+003 +7.283787907e+003 -1.5605e+000 -5.3846e+000 +7.7578e-001
9 +4.298174503e+002 +4.298174503e+002 +4.487474503e+002 +4.487474503e+002 -1.3708e+000 -2.9758e+000 -1.0481e-001
24 +2.021348256e+002 +2.021348256e+002 +2.210648256e+002 +2.210648256e+002 -2.4599e-001 -3.3096e+000 -5.2344e-001
31 +2.038559804e+000 +2.038559804e+000 +2.096855980e+001 +2.096855980e+001 +3.2293e-001 -2.4948e+000 -9.0702e-001
179 +1.638534062e+000 +1.638534062e+000 +2.056853406e+001 +2.056853406e+001 +7.6871e-001 -2.4283e+000 -2.0541e+000
444 +1.503609163e+000 +1.503609163e+000 +2.043360916e+001 +2.043360916e+001 +1.9261e+000 -2.1671e+000 -1.2312e+000
475 +5.752173340e-001 +5.752173340e-001 +1.950521733e+001 +1.950521733e+001 +1.9888e+000 -2.2060e+000 -2.0568e+000
