% function evaluation | noise-free fitness - Fopt (1.026100000000e+002) | best noise-free fitness - Fopt | measured fitness | best measured fitness | x1 | x2...
1 +9.080623385e+001 +9.080623385e+001 +1.934162338e+002 +1.934162338e+002 +1.4205e+000 -2.4730e+000 +2.8909e+000 +3.2922e+000 +3.7622e+000
2 +5.972211693e+001 +5.972211693e+001 +1.623321169e+002 +1.623321169e+002 -1.7010e-001 -1.7987e+000 +3.0558e+000 -7.4731e-001 +3.6977e+000
22 +4.744198250e+001 +4.744198250e+001 +1.500519825e+002 +1.500519825e+002 +1.7878e-001 -1.5302e+000 +2.5311e+000 -5.9785e-001 +3.7554e+000
27 +4.032927203e+001 +4.032927203e+001 +1.429392720e+002 +1.429392720e+002 -1.0354e+000 -2.5417e+000 +2.9837e+000 -1.6206e-001 +4.0299e+000
76 +3.970948343e+001 +3.970948343e+001 +1.423194834e+002 +1.423194834e+002 +2.2754e-001 -1.7027e+000 +3.1524e+000 +6.3258e-002 +2.8015e+000
102 +2.484040724e+001 +2.484040724e+001 +1.274504072e+002 +1.274504072e+002 -1.4644e+000 -1.9162e+000 +2.4571e+000 +4.5111e-001 +3.4649e+000
305 +1.917930268e+001 +1.917930268e+001 +1.217893027e+002 +1.217893027e+002 -8.0898e-001 -1.6699e+000 +2.8229e+000 +2.4929e+000 +2.4324e+000
2503 +1.766939160e+001 +1.766939160e+001 +1.202793916e+002 +1.202793916e+002 -1.3179e+000 -2.5569e+000 +1.5655e+000 +1.4263e+000 +8.6810e-001
4598 +1.719768271e+001 +1.719768271e+001 +1.198076827e+002 +1.198076827e+002 -2.5298e+000 -1.7174e+000 +5.5798e-001 +1.6274e+000 +1.7679e+000
4645 +1.083129428e+001 +1.083129428e+001 +1.134412943e+002 +1.134412943e+002 -2.6522e+000 -2.0983e+000 +2.2157e+000 +2.8341e+000 +1.9230e+000
83927 +9.933223937e+000 +9.933223937e+000 +1.125432239e+002 +1.125432239e+002 -1.8943e+000 -1.3710e+000 +1.4981e+000 +1.9328e+000 +7.7810e-001
151360 +7.228069393e+000 +7.228069393e+000 +1.098380694e+002 +1.098380694e+002 -2.2085e+000 -1.7335e+000 +2.0872e+000 +1.4944e+000 +1.3832e+000
2583467 +7.060871338e+000 +7.060871338e+000 +1.096708713e+002 +1.096708713e+002 -1.4520e+000 -1.9202e+000 +1.4943e+000 +1.6668e+000 +1.3091e+000
2747392 +6.534017660e+000 +6.534017660e+000 +1.091440177e+002 +1.091440177e+002 -1.5685e+000 -1.4526e+000 +1.5610e+000 +1.5410e+000 +1.2850e+000
% function evaluation | noise-free fitness - Fopt (9.330000000000e+001) | best noise-free fitness - Fopt | measured fitness | best measured fitness | x1 | x2...
1 +1.540462738e+002 +1.540462738e+002 +2.473462738e+002 +2.473462738e+002 +2.5038e+000 +3.2873e+000 +3.9523e+000 -1.0755e+000 +3.4618e+000
3 +1.383022167e+002 +1.383022167e+002 +2.316022167e+002 +2.316022167e+002 +1.5069e+000 +2.6917e+000 +2.7308e+000 -8.8117e-001 +1.4012e+000
4 +1.340517717e+002 +1.340517717e+002 +2.273517717e+002 +2.273517717e+002 +2.7156e+000 +3.0431e+000 +1.9826e+000 -1.0812e+000 -5.5453e-001
6 +1.154411904e+002 +1.154411904e+002 +2.087411904e+002 +2.087411904e+002 +3.1533e+000 +4.1235e+000 -2.8318e+000 -1.5439e+000 -4.3145e-001
8 +8.700924062e+001 +8.700924062e+001 +1.803092406e+002 +1.803092406e+002 +7.0240e-001 +2.8136e+000 +1.8414e+000 -1.7064e+000 +4.1092e-001
52 +7.261896955e+001 +7.261896955e+001 +1.659189695e+002 +1.659189695e+002 +8.1259e-001 -2.1453e-001 -4.0443e+000 -1.9632e+000 +8.1851e-001
93 +5.769247662e+001 +5.769247662e+001 +1.509924766e+002 +1.509924766e+002 +2.3601e+000 +7.7180e-001 -1.4434e-001 -3.1551e-001 -4.6584e-001
107 +5.458315343e+001 +5.458315343e+001 +1.478831534e+002 +1.478831534e+002 -1.5080e+000 +1.6447e+000 -3.6116e-001 +1.7094e-001 -6.4139e-001
116 +5.275561147e+001 +5.275561147e+001 +1.460556115e+002 +1.460556115e+002 +7.2765e-001 +3.3414e+000 -1.5253e-001 +3.8820e-001 -2.8930e-002
127 +4.222940093e+001 +4.222940093e+001 +1.355294009e+002 +1.355294009e+002 -1.6172e+000 +2.3126e+000 -2.1779e-001 -4.0797e-001 -4.1280e-001
132 +3.544650497e+001 +3.544650497e+001 +1.287465050e+002 +1.287465050e+002 -7.7230e-001 +2.2691e+000 -1.1555e+000 -2.5491e-001 -3.6389e-001
164 +3.135005718e+001 +3.135005718e+001 +1.246500572e+002 +1.246500572e+002 -1.9958e+000 +2.1246e+000 -2.6841e+000 +4.4736e-001 +8.1846e-001
230 +2.934451839e+001 +2.934451839e+001 +1.226445184e+002 +1.226445184e+002 -1.3589e+000 +2.5016e+000 -1.5942e+000 -5.5624e-001 -2.6138e-001
406 +2.785036813e+001 +2.785036813e+001 +1.211503681e+002 +1.211503681e+002 -9.2879e-001 +2.0381e+000 -2.0740e+000 +1.1298e+000 +2.6382e-001
724 +2.563210507e+001 +2.563210507e+001 +1.189321051e+002 +1.189321051e+002 -1.5160e+000 +2.2992e+000 -2.0178e+000 +2.2452e+000 +1.0758e+000
825 +2.158052130e+001 +2.158052130e+001 +1.148805213e+002 +1.148805213e+002 -3.5537e+000 +1.7317e+000 -1.7800e+000 +9.5478e-001 +8.5175e-001
1312 +2.047922973e+001 +2.047922973e+001 +1.137792297e+002 +1.137792297e+002 -1.6434e+000 +1.6649e+000 -1.8102e+000 +8.6617e-001 +2.0241e+000
1687 +1.556106453e+001 +1.556106453e+001 +1.088610645e+002 +1.088610645e+002 -1.5150e+000 +1.2085e+000 -1.6759e+000 +1.8218e+000 +1.3233e+000
3758 +1.543869416e+001 +1.543869416e+001 +1.087386942e+002 +1.087386942e+002 -2.4601e+000 +2.2182e+000 -1.6917e+000 +2.2847e+000 +1.5659e+000
4136 +1.207253811e+001 +1.207253811e+001 +1.053725381e+002 +1.053725381e+002 -2.1381e+000 +1.6552e+000 -1.8343e+000 +1.9948e+000 +1.8656e+000
22549 +9.067919836e+000 +9.067919836e+000 +1.023679198e+002 +1.023679198e+002 -1.6202e+000 +1.7860e+000 -1.6420e+000 +1.2015e+000 +1.8328e+000
113289 +6.589254536e+000 +6.589254536e+000 +9.988925454e+001 +9.988925454e+001 -1.9890e+000 +1.1235e+000 -1.5287e+000 +1.4805e+000 +1.6628e+000
1322389 +5.989365046e+000 +5.989365046e+000 +9.928936505e+001 +9.928936505e+001 -1.6255e+000 +1.9896e+000 -1.9484e+000 +1.7013e+000 +1.6531e+000
% function evaluation | noise-free fitness - Fopt (1.364000000000e+001) | best noise-free fitness - Fopt | measured fitness | best measured fitness | x1 | x2...
1 +1.593109949e+002 +1.593109949e+002 +1.729509949e+002 +1.729509949e+002 -4.5501e+000 -3.4914e+000 +4.3684e+000 +2.4940e+000 -3.4082e+000
10 +1.369204288e+002 +1.369204288e+002 +1.505604288e+002 +1.505604288e+002 -4.4110e+000 -2.9699e+000 +4.5942e+000 +2.7930e+000 -3.2835e+000
16 +1.188123722e+002 +1.188123722e+002 +1.324523722e+002 +1.324523722e+002 -3.0459e+000 -3.1659e+000 +4.6264e+000 +2.0510e+000 -4.5948e+000
27 +1.159178906e+002 +1.159178906e+002 +1.295578906e+002 +1.295578906e+002 -6.1907e-001 -2.2617e+000 +3.8638e+000 +2.6319e+000 -3.8645e+000
31 +1.133419339e+002 +1.133419339e+002 +1.269819339e+002 +1.269819339e+002 -4.3429e+000 -3.1701e+000 +4.2576e+000 +2.6828e+000 -3.7167e+000
36 +1.050296755e+002 +1.050296755e+002 +1.186696755e+002 +1.186696755e+002 -3.6399e+000 -4.6187e+000 +3.2224e+000 +3.3082e+000 -3.4496e+000
40 +9.034347024e+001 +9.034347024e+001 +1.039834702e+002 +1.039834702e+002 -4.3803e+000 -3.2051e+000 +2.9543e+000 +2.4603e+000 -3.2998e+000
57 +8.587330382e+001 +8.587330382e+001 +9.951330382e+001 +9.951330382e+001 -4.6069e+000 -1.7263e+000 +1.2675e+000 +2.8203e+000 -3.5342e+000
76 +6.240337179e+001 +6.240337179e+001 +7.604337179e+001 +7.604337179e+001 -3.0394e+000 -3.6567e+000 +6.4559e-001 +2.5178e+000 -3.5165e+000
78 +3.477773015e+001 +3.477773015e+001 +4.841773015e+001 +4.841773015e+001 -2.4149e+000 -3.1128e+000 +9.7468e-001 +2.3441e+000 -2.8313e+000
134 +1.922344871e+001 +1.922344871e+001 +3.286344871e+001 +3.286344871e+001 -2.0172e+000 -4.4528e-001 -2.8043e+000 +1.6040e+000 -1.7608e+000
813 +1.602024021e+001 +1.602024021e+001 +2.966024021e+001 +2.966024021e+001 -1.7731e+000 -2.7466e+000 -1.5115e+000 +1.1276e+000 -1.1528e+000
1471 +1.038792640e+001 +1.038792640e+001 +2.402792640e+001 +2.402792640e+001 -9.9764e-001 -1.8723e+000 -1.6208e+000 +1.7942e+000 -2.3609e+000
23736 +9.402457760e+000 +9.402457760e+000 +2.304245776e+001 +2.304245776e+001 -2.1346e+000 -9.2053e-001 -1.0567e+000 +1.5934e+000 -2.1822e+000
47996 +7.564229106e+000 +7.564229106e+000 +2.120422911e+001 +2.120422911e+001 -2.1531e+000 -1.4287e+000 -1.4046e+000 +1.3911e+000 -1.5561e+000
314053 +7.218112974e+000 +7.218112974e+000 +2.085811297e+001 +2.085811297e+001 -1.0162e+000 -2.0150e+000 -1.0862e+000 +1.6881e+000 -1.5849e+000
1369720 +6.310326244e+000 +6.310326244e+000 +1.995032624e+001 +1.995032624e+001 -1.9268e+000 -1.4280e+000 -1.4101e+000 +1.4860e+000 -1.6199e+000
% function evaluation | noise-free fitness - Fopt (1.948000000000e+002) | best noise-free fitness - Fopt | measured fitness | best measured fitness | x1 | x2...
1 +2.291081065e+003 +2.291081065e+003 +2.485881065e+003 +2.485881065e+003 +2.5878e+000 +3.9566e+000 -5.4269e+000 -5.1706e+000 -6.7056e-001
3 +1.745914493e+002 +1.745914493e+002 +3.693914493e+002 +3.693914493e+002 -6.4412e-002 +3.5695e+000 -4.9141e+000 -4.8584e+000 +6.5542e-001
5 +1.609987852e+002 +1.609987852e+002 +3.557987852e+002 +3.557987852e+002 +5.5711e-001 +2.2215e+000 -5.0138e+000 -4.0992e+000 -3.8248e-001
8 +1.437956425e+002 +1.437956425e+002 +3.385956425e+002 +3.385956425e+002 -1.1932e-001 +3.4752e+000 -4.7170e+000 -4.2337e+000 -3.9392e-001
31 +1.300523881e+002 +1.300523881e+002 +3.248523881e+002 +3.248523881e+002 +1.6853e+000 +2.3790e+000 -4.6443e+000 -4.5838e+000 +1.1737e+000
40 +1.247549468e+002 +1.247549468e+002 +3.195549468e+002 +3.195549468e+002 -5.6442e-001 +2.0354e+000 -4.3997e+000 -2.6142e+000 -6.7092e-001
60 +1.040461832e+002 +1.040461832e+002 +2.988461832e+002 +2.988461832e+002 +9.5163e-001 +1.4186e+000 -4.2980e+000 -2.0602e+000 -1.0376e-001
110 +8.956093363e+001 +8.956093363e+001 +2.843609336e+002 +2.843609336e+002 -5.8698e-001 +4.4703e+000 -1.2100e+000 -3.5682e+000 -1.2086e+000
157 +8.835679897e+001 +8.835679897e+001 +2.831567990e+002 +2.831567990e+002 +2.6832e+000 +3.4325e+000 -2.6316e+000 -3.5890e+000 -4.7794e-001
160 +5.440492069e+001 +5.440492069e+001 +2.492049207e+002 +2.492049207e+002 +4.3337e-002 +2.1550e+000 -1.2610e+000 -4.0778e+000 -1.5219e+000
254 +3.816938464e+001 +3.816938464e+001 +2.329693846e+002 +2.329693846e+002 +3.6101e+000 +7.8331e-001 +3.9569e+000 -2.8667e+000 +4.1515e-001
315 +3.645782403e+001 +3.645782403e+001 +2.312578240e+002 +2.312578240e+002 +1.2218e+000 +1.6378e+000 +1.2702e-002 -3.2572e+000 -2.9295e-001
354 +2.648742759e+001 +2.648742759e+001 +2.212874276e+002 +2.212874276e+002 +1.1532e+000 +1.9227e+000 +1.7844e+000 -2.6459e+000 +9.6627e-001
718 +2.576833916e+001 +2.576833916e+001 +2.205683392e+002 +2.205683392e+002 +1.7490e+000 +1.9373e-001 +1.8011e+000 -1.5263e+000 -1.7437e+000
1024 +2.160621208e+001 +2.160621208e+001 +2.164062121e+002 +2.164062121e+002 +2.2031e+000 +1.3078e+000 +1.9797e+000 -2.6026e+000 -1.6523e+000
1225 +2.133132074e+001 +2.133132074e+001 +2.161313207e+002 +2.161313207e+002 +3.2105e+000 +1.4609e+000 +2.2242e+000 -2.1050e+000 -1.3697e+000
1339 +1.853996398e+001 +1.853996398e+001 +2.133399640e+002 +2.133399640e+002 +3.1062e+000 +2.4403e+000 +2.5077e+000 -2.3976e+000 -1.6629e+000
2740 +1.811896827e+001 +1.811896827e+001 +2.129189683e+002 +2.129189683e+002 +1.1991e+000 +2.3810e+000 +1.5080e+000 -1.1614e+000 -8.1333e-001
3830 +1.287629102e+001 +1.287629102e+001 +2.076762910e+002 +2.076762910e+002 +2.5239e+000 +2.1887e+000 +9.4602e-001 -2.4321e+000 -1.0305e+000
18875 +8.992343728e+000 +8.992343728e+000 +2.037923437e+002 +2.037923437e+002 +2.8802e+000 +1.8713e+000 +1.9966e+000 -1.5375e+000 -1.9329e+000
108183 +8.215308915e+000 +8.215308915e+000 +2.030153089e+002 +2.030153089e+002 +1.3207e+000 +1.3262e+000 +1.6269e+000 -1.3739e+000 -2.0300e+000
152370 +7.220693753e+000 +7.220693753e+000 +2.020206938e+002 +2.020206938e+002 +2.0391e+000 +2.1746e+000 +2.0578e+000 -1.3939e+000 -1.8569e+000
283693 +6.385173852e+000 +6.385173852e+000 +2.011851739e+002 +2.011851739e+002 +1.6423e+000 +1.6039e+000 +1.5909e+000 -1.5540e+000 -1.4222e+000
% function evaluation | noise-free fitness - Fopt (-1.335900000000e+002) | best noise-free fitness - Fopt | measured fitness | best measured fitness | x1 | x2...
1 +1.269965419e+002 +1.269965419e+002 -6.593458083e+000 -6.593458083e+000 +4.9830e-001 +2.7097e+000 +3.5622e+000 +1.0734e+000 -8.1471e-001
2 +1.117301532e+002 +1.117301532e+002 -2.185984678e+001 -2.185984678e+001 +9.5185e-001 +4.6687e+000 +3.4285e+000 -1.4517e-001 -4.2120e-001
3 +1.068442186e+002 +1.068442186e+002 -2.674578140e+001 -2.674578140e+001 +1.3126e-001 +3.9046e+000 +3.7752e+000 +5.7309e-001 -1.6420e+000
22 +6.744651959e+001 +6.744651959e+001 -6.614348041e+001 -6.614348041e+001 -7.0855e-002 +4.1267e+000 +1.4754e+000 +1.0636e+000 -7.2155e-001
45 +6.004037210e+001 +6.004037210e+001 -7.354962790e+001 -7.354962790e+001 -2.0431e+000 +3.5833e+000 +1.4285e-001 +4.7797e-001 -1.3294e-001
104 +4.735462499e+001 +4.735462499e+001 -8.623537501e+001 -8.623537501e+001 -2.2728e+000 +2.9187e+000 +4.0593e-001 -1.8328e-001 -7.2688e-001
110 +3.859967213e+001 +3.859967213e+001 -9.499032787e+001 -9.499032787e+001 -1.3017e+000 +4.0600e+000 -1.3523e+000 -2.0847e-001 -1.4958e-001
228 +3.767372245e+001 +3.767372245e+001 -9.591627755e+001 -9.591627755e+001 -9.5361e-001 +1.1876e+000 -1.6926e+000 -2.0933e-002 -1.1588e+000
407 +3.346274990e+001 +3.346274990e+001 -1.001272501e+002 -1.001272501e+002 -8.5070e-001 +1.3864e+000 -3.0718e+000 -2.4158e+000 -1.3576e+000
453 +2.686796322e+001 +2.686796322e+001 -1.067220368e+002 -1.067220368e+002 -1.3248e+000 +1.2941e+000 -1.3334e+000 -2.3848e+000 -2.1005e+000
497 +1.521119857e+001 +1.521119857e+001 -1.183788014e+002 -1.183788014e+002 -1.0311e+000 +8.7619e-001 -9.0388e-001 -1.8170e+000 -2.1553e+000
3835 +1.195589354e+001 +1.195589354e+001 -1.216341065e+002 -1.216341065e+002 -1.4650e+000 +2.0640e+000 -4.6974e-001 -2.7998e+000 -2.2358e+000
45311 +1.136324941e+001 +1.136324941e+001 -1.222267506e+002 -1.222267506e+002 -1.4120e+000 +1.5628e+000 -1.0501e+000 -2.2370e+000 -1.1559e+000
70297 +9.171466186e+000 +9.171466186e+000 -1.244185338e+002 -1.244185338e+002 -1.3392e+000 +2.3316e+000 -2.0655e+000 -1.3939e+000 -6.5544e-001
72256 +9.003896753e+000 +9.003896753e+000 -1.245861032e+002 -1.245861032e+002 -1.1435e+000 +2.6404e+000 -1.6574e+000 -2.2735e+000 -1.5444e+000
199588 +8.161661196e+000 +8.161661196e+000 -1.254283388e+002 -1.254283388e+002 -1.1561e+000 +1.4519e+000 -1.5662e+000 -8.6111e-001 -1.8217e+000
490387 +7.178132574e+000 +7.178132574e+000 -1.264118674e+002 -1.264118674e+002 -1.5292e+000 +1.2626e+000 -2.0440e+000 -1.4799e+000 -1.7128e+000
3333285 +6.490331467e+000 +6.490331467e+000 -1.270996685e+002 -1.270996685e+002 -2.1193e+000 +2.1490e+000 -1.6930e+000 -1.6286e+000 -1.7119e+000
% function evaluation | noise-free fitness - Fopt (1.955000000000e+001) | best noise-free fitness - Fopt | measured fitness | best measured fitness | x1 | x2...
1 +7.350237530e+001 +7.350237530e+001 +9.305237530e+001 +9.305237530e+001 +2.6159e+000 -2.0325e-001 +1.1857e+000 -4.4327e+000 +1.3538e+000
11 +6.400971286e+001 +6.400971286e+001 +8.355971286e+001 +8.355971286e+001 +1.8754e+000 +4.9963e-001 +2.0129e-002 -4.7973e+000 +1.8436e+000
14 +6.053331503e+001 +6.053331503e+001 +8.008331503e+001 +8.008331503e+001 +2.6435e+000 +1.2454e+000 +1.5565e-001 -4.2762e+000 +2.1360e+000
16 +5.820610701e+001 +5.820610701e+001 +7.775610701e+001 +7.775610701e+001 +2.2464e+000 +2.4853e-002 +2.0674e-002 -4.9087e+000 +9.4765e-001
18 +4.719835659e+001 +4.719835659e+001 +6.674835659e+001 +6.674835659e+001 +2.4807e+000 -7.1323e-002 +9.1537e-002 -4.7506e+000 +1.2275e+000
29 +3.851107932e+001 +3.851107932e+001 +5.806107932e+001 +5.806107932e+001 +2.0734e+000 +9.9492e-001 +3.8832e-001 -4.5043e+000 +1.4267e+000
100 +3.542111671e+001 +3.542111671e+001 +5.497111671e+001 +5.497111671e+001 +2.1897e+000 +1.8905e+000 -9.7312e-002 -3.3471e+000 +1.4479e+000
139 +3.180364772e+001 +3.180364772e+001 +5.135364772e+001 +5.135364772e+001 +2.7518e+000 +8.8560e-001 +6.9336e-002 -1.1050e+000 +1.1914e+000
353 +3.143308508e+001 +3.143308508e+001 +5.098308508e+001 +5.098308508e+001 +1.7269e+000 +2.1834e+000 +1.1672e+000 -2.2121e+000 +2.1015e+000
474 +1.185140869e+001 +1.185140869e+001 +3.140140869e+001 +3.140140869e+001 +1.3269e+000 +2.1749e+000 +1.5527e+000 -2.5560e+000 +2.6571e+000
1002 +1.099525864e+001 +1.099525864e+001 +3.054525864e+001 +3.054525864e+001 +1.6000e+000 +9.2589e-001 +1.5980e+000 -1.1908e+000 +1.8806e+000
6205 +9.038044890e+000 +9.038044890e+000 +2.858804489e+001 +2.858804489e+001 +1.1198e+000 +1.7168e+000 +2.2278e+000 -1.8747e+000 +1.0967e+000
333816 +8.530294958e+000 +8.530294958e+000 +2.808029496e+001 +2.808029496e+001 +2.0443e+000 +2.3654e+000 +1.6016e+000 -1.7871e+000 +1.3473e+000
392900 +6.286648382e+000 +6.286648382e+000 +2.583664838e+001 +2.583664838e+001 +1.7169e+000 +9.8951e-001 +1.9539e+000 -1.7609e+000 +1.5432e+000
% function evaluation | noise-free fitness - Fopt (-1.307000000000e+001) | best noise-free fitness - Fopt | measured fitness | best measured fitness | x1 | x2...
1 +2.283119437e+002 +2.283119437e+002 +2.152419437e+002 +2.152419437e+002 +5.0774e+000 +2.0781e+000 -3.8354e-001 +4.3358e+000 -2.8666e+000
2 +1.767385522e+002 +1.767385522e+002 +1.636685522e+002 +1.636685522e+002 +3.9472e+000 +2.0932e+000 -9.4086e-001 +4.7181e+000 -4.1487e+000
3 +1.357224474e+002 +1.357224474e+002 +1.226524474e+002 +1.226524474e+002 +4.0906e+000 +1.3486e+000 -1.7414e-001 +3.4466e+000 -2.3172e+000
19 +1.251366733e+002 +1.251366733e+002 +1.120666733e+002 +1.120666733e+002 +4.6603e+000 +1.7195e+000 -4.0503e-001 +3.1695e+000 -3.4293e+000
32 +8.423866205e+001 +8.423866205e+001 +7.116866205e+001 +7.116866205e+001 +4.6806e+000 +8.4563e-001 -6.3656e-001 -1.0261e+000 -3.9007e+000
35 +7.409008241e+001 +7.409008241e+001 +6.102008241e+001 +6.102008241e+001 +2.9243e+000 +9.6456e-001 -5.3473e-001 +2.9451e+000 -2.8041e+000
48 +5.775653095e+001 +5.775653095e+001 +4.468653095e+001 +4.468653095e+001 +4.0202e+000 +1.3808e+000 -5.7908e-001 -3.7482e+000 -3.2893e+000
61 +4.778706657e+001 +4.778706657e+001 +3.471706657e+001 +3.471706657e+001 +2.4909e+000 +2.6336e-001 -1.1549e-001 +4.0907e-001 -1.5347e+000
100 +4.561474733e+001 +4.561474733e+001 +3.254474733e+001 +3.254474733e+001 +1.2079e+000 -2.8363e-001 -1.7824e-001 -3.3098e-001 -4.6860e-001
173 +3.208572157e+001 +3.208572157e+001 +1.901572157e+001 +1.901572157e+001 +2.2374e+000 -9.0745e-001 -8.2549e-003 -6.8685e-001 -2.0332e+000
317 +2.624315776e+001 +2.624315776e+001 +1.317315776e+001 +1.317315776e+001 +1.4829e+000 -1.3513e+000 -3.0595e+000 -6.6075e-001 -2.4652e+000
1197 +1.716151095e+001 +1.716151095e+001 +4.091510948e+000 +4.091510948e+000 +1.2261e+000 -1.5168e+000 -1.5331e+000 -7.9029e-001 -2.3291e+000
1257 +1.659432430e+001 +1.659432430e+001 +3.524324303e+000 +3.524324303e+000 +2.7890e+000 -1.7759e+000 -1.9440e+000 -1.5848e+000 -2.4649e+000
3516 +1.596512324e+001 +1.596512324e+001 +2.895123235e+000 +2.895123235e+000 +1.8985e+000 -2.1940e+000 -2.4025e+000 -2.0206e+000 -1.9440e+000
5732 +1.572930113e+001 +1.572930113e+001 +2.659301134e+000 +2.659301134e+000 +1.5147e+000 -2.2722e+000 -2.1494e-001 -2.0846e+000 -1.4288e+000
5876 +1.406325981e+001 +1.406325981e+001 +9.932598077e-001 +9.932598077e-001 +4.5928e-001 -2.3186e+000 -9.9705e-001 -2.0468e+000 -5.4738e-001
15981 +1.133058534e+001 +1.133058534e+001 -1.739414656e+000 -1.739414656e+000 +2.0843e+000 -1.0919e+000 -2.4444e+000 -1.3656e+000 -1.2356e+000
29822 +1.118452755e+001 +1.118452755e+001 -1.885472453e+000 -1.885472453e+000 +1.2071e+000 -1.6606e+000 -5.9820e-001 -2.6031e+000 -2.3860e+000
33492 +1.038116951e+001 +1.038116951e+001 -2.688830488e+000 -2.688830488e+000 +1.6192e+000 -9.1978e-001 -1.7617e+000 -2.2938e+000 -1.9489e+000
33766 +8.886158267e+000 +8.886158267e+000 -4.183841733e+000 -4.183841733e+000 +1.6045e+000 -2.1146e+000 -1.5362e+000 -1.3763e+000 -1.7442e+000
64586 +8.679125266e+000 +8.679125266e+000 -4.390874734e+000 -4.390874734e+000 +9.9953e-001 -1.7746e+000 -2.2533e+000 -1.9266e+000 -1.2529e+000
124667 +8.227939255e+000 +8.227939255e+000 -4.842060745e+000 -4.842060745e+000 +9.2300e-001 -1.8100e+000 -1.2510e+000 -1.5391e+000 -1.5833e+000
404347 +6.779032999e+000 +6.779032999e+000 -6.290967001e+000 -6.290967001e+000 +1.8178e+000 -2.0694e+000 -1.3469e+000 -1.8307e+000 -1.2766e+000
600667 +6.515447095e+000 +6.515447095e+000 -6.554552905e+000 -6.554552905e+000 +1.3726e+000 -1.9944e+000 -1.9619e+000 -1.7288e+000 -2.0194e+000
% function evaluation | noise-free fitness - Fopt (7.965000000000e+001) | best noise-free fitness - Fopt | measured fitness | best measured fitness | x1 | x2...
1 +8.950072022e+003 +8.950072022e+003 +9.029722022e+003 +9.029722022e+003 -3.0560e+000 +5.9354e+000 +1.9037e+000 +7.9909e-001 +3.4204e+000
2 +2.138124990e+002 +2.138124990e+002 +2.934624990e+002 +2.934624990e+002 -4.0660e+000 +5.0268e+000 +2.0802e+000 +1.0187e+000 +2.9873e+000
3 +2.036076393e+002 +2.036076393e+002 +2.832576393e+002 +2.832576393e+002 -3.0712e+000 +2.9633e+000 +3.4670e+000 +9.0021e-001 +3.2400e+000
6 +1.916113701e+002 +1.916113701e+002 +2.712613701e+002 +2.712613701e+002 -2.9817e+000 +4.6131e+000 +2.7435e+000 +1.0494e+000 +3.6186e+000
13 +1.772813969e+002 +1.772813969e+002 +2.569313969e+002 +2.569313969e+002 -2.7615e+000 +4.7985e+000 +1.5041e+000 +1.1423e+000 +3.9679e+000
19 +1.642731699e+002 +1.642731699e+002 +2.439231699e+002 +2.439231699e+002 -4.1730e+000 +4.6688e+000 +2.5508e+000 +7.2443e-001 +3.3106e+000
23 +1.472493847e+002 +1.472493847e+002 +2.268993847e+002 +2.268993847e+002 -2.8738e+000 +1.3767e+000 +2.8977e+000 +1.6007e+000 +3.5232e+000
28 +9.355429875e+001 +9.355429875e+001 +1.732042988e+002 +1.732042988e+002 -2.7729e+000 -2.1782e-001 -8.5314e-001 +4.8963e-002 +2.8587e+000
52 +6.178160121e+001 +6.178160121e+001 +1.414316012e+002 +1.414316012e+002 -2.8932e+000 +5.6229e-001 +1.7616e+000 -1.2041e-001 +1.6535e+000
90 +5.509622397e+001 +5.509622397e+001 +1.347462240e+002 +1.347462240e+002 -2.0403e+000 -8.7369e-001 +1.6372e+000 +2.8952e-001 +2.1594e+000
104 +5.046422214e+001 +5.046422214e+001 +1.301142221e+002 +1.301142221e+002 -2.8060e+000 -5.9722e-001 +1.8777e+000 -8.5202e-002 +2.2418e+000
122 +4.557277625e+001 +4.557277625e+001 +1.252227762e+002 +1.252227762e+002 -1.8671e+000 -8.5227e-001 +1.8931e+000 -4.0295e-002 +1.9009e+000
161 +3.351032070e+001 +3.351032070e+001 +1.131603207e+002 +1.131603207e+002 -9.2936e-001 -1.0973e+000 +1.8845e+000 -4.7908e-001 +1.9893e+000
193 +2.463038075e+001 +2.463038075e+001 +1.042803808e+002 +1.042803808e+002 -1.2056e+000 +4.7540e-002 +1.7990e+000 -8.9814e-001 +1.8349e+000
408 +2.202305381e+001 +2.202305381e+001 +1.016730538e+002 +1.016730538e+002 -1.8450e+000 -1.2629e+000 +1.7355e+000 -8.2245e-001 +1.5832e+000
424 +2.142269274e+001 +2.142269274e+001 +1.010726927e+002 +1.010726927e+002 -1.3416e+000 -1.5996e+000 +1.7860e+000 -1.0586e+000 +8.3181e-001
888 +1.811601220e+001 +1.811601220e+001 +9.776601220e+001 +9.776601220e+001 -1.4518e+000 -6.5748e-001 +2.7824e-001 -7.6713e-001 +1.5955e+000
1142 +1.266641857e+001 +1.266641857e+001 +9.231641857e+001 +9.231641857e+001 -3.0536e-001 -9.5835e-001 +1.6676e+000 -6.6954e-001 +1.1884e+000
1809 +1.052429040e+001 +1.052429040e+001 +9.017429040e+001 +9.017429040e+001 -1.2490e+000 -6.7724e-001 +2.7706e-001 -5.8909e-001 +1.0522e+000
2601 +6.922268162e+000 +6.922268162e+000 +8.657226816e+001 +8.657226816e+001 -1.1111e+000 -1.0886e+000 +1.2482e+000 -1.1771e+000 +9.7705e-001
4427 +4.759460006e+000 +4.759460006e+000 +8.440946001e+001 +8.440946001e+001 -1.4567e+000 -1.2421e+000 +1.1499e+000 -1.2338e+000 +1.1790e+000
8653 +4.335611464e+000 +4.335611464e+000 +8.398561146e+001 +8.398561146e+001 -1.0838e+000 -8.7090e-001 +1.6620e+000 -1.4187e+000 +7.0946e-001
1250601 +2.989457539e+000 +2.989457539e+000 +8.263945754e+001 +8.263945754e+001 -1.4063e+000 -1.3206e+000 +1.0002e+000 -1.1633e+000 +1.1806e+000
% function evaluation | noise-free fitness - Fopt (1.160000000000e+000) | best noise-free fitness - Fopt | measured fitness | best measured fitness | x1 | x2...
1 +1.854089376e+002 +1.854089376e+002 +1.865689376e+002 +1.865689376e+002 -1.5981e+000 +2.9651e+000 -4.4369e+000 +4.1360e+000 -3.7381e-002
2 +1.650175705e+002 +1.650175705e+002 +1.661775705e+002 +1.661775705e+002 -1.4617e-001 +2.7523e+000 -3.4682e+000 +3.7065e+000 +1.0191e+000
5 +1.542882171e+002 +1.542882171e+002 +1.554482171e+002 +1.554482171e+002 -1.2468e+000 +3.4351e+000 -2.9413e+000 +3.5502e+000 +5.1133e-001
7 +1.469923589e+002 +1.469923589e+002 +1.481523589e+002 +1.481523589e+002 +5.5337e-002 +2.8652e+000 -3.7857e+000 +3.6803e+000 +7.9161e-002
8 +1.062904299e+002 +1.062904299e+002 +1.074504299e+002 +1.074504299e+002 -9.4572e-001 +2.6289e+000 -3.0705e+000 -3.6828e-001 -7.4187e-001
37 +1.011993812e+002 +1.011993812e+002 +1.023593812e+002 +1.023593812e+002 -1.4931e+000 +3.6383e+000 +2.6204e+000 +2.4961e+000 +5.1227e-002
38 +8.824845671e+001 +8.824845671e+001 +8.940845671e+001 +8.940845671e+001 -4.3387e-001 +7.9725e-001 -1.9022e+000 -2.5267e+000 +4.6543e-001
51 +7.478791725e+001 +7.478791725e+001 +7.594791725e+001 +7.594791725e+001 +1.3906e-001 +2.6042e-001 -1.9796e+000 +1.3708e+000 -8.6135e-001
53 +6.205971694e+001 +6.205971694e+001 +6.321971694e+001 +6.321971694e+001 -9.8305e-001 +1.8320e+000 -2.1360e+000 +9.2107e-001 +1.8919e-001
80 +5.221012229e+001 +5.221012229e+001 +5.337012229e+001 +5.337012229e+001 -1.5530e+000 -9.4006e-001 -9.1110e-001 -3.1187e+000 +8.2882e-001
101 +5.043643936e+001 +5.043643936e+001 +5.159643936e+001 +5.159643936e+001 -1.0652e+000 +6.8455e-001 -8.5252e-001 -1.2025e+000 +6.4665e-001
120 +4.706275218e+001 +4.706275218e+001 +4.822275218e+001 +4.822275218e+001 -7.7374e-001 -1.6657e+000 -1.3618e+000 -3.7506e-001 +2.2770e-001
151 +4.332381801e+001 +4.332381801e+001 +4.448381801e+001 +4.448381801e+001 -3.4904e+000 -6.8453e-001 -1.2358e+000 -1.9689e+000 -4.0574e+000
168 +3.634978971e+001 +3.634978971e+001 +3.750978971e+001 +3.750978971e+001 -1.3745e+000 +1.2363e+000 -8.6459e-001 -1.7297e+000 -2.8280e+000
297 +2.950863263e+001 +2.950863263e+001 +3.066863263e+001 +3.066863263e+001 -2.1201e+000 -1.3785e+000 -2.0120e+000 -1.5702e+000 -2.4473e+000
396 +2.394603513e+001 +2.394603513e+001 +2.510603513e+001 +2.510603513e+001 -1.8369e+000 -1.7897e+000 -1.0994e+000 -1.8565e+000 -1.8717e+000
1200 +1.306114375e+001 +1.306114375e+001 +1.422114375e+001 +1.422114375e+001 -2.0935e+000 -1.7451e+000 -1.1778e+000 -1.5685e+000 -1.9190e+000
8616 +1.096228805e+001 +1.096228805e+001 +1.212228805e+001 +1.212228805e+001 -1.7730e+000 -1.3377e+000 -1.5649e+000 -1.1709e+000 -8.5969e-001
13632 +1.029585829e+001 +1.029585829e+001 +1.145585829e+001 +1.145585829e+001 -1.4252e+000 -1.6494e+000 -1.5604e+000 -1.5824e+000 -1.8242e+000
51885 +9.461261606e+000 +9.461261606e+000 +1.062126161e+001 +1.062126161e+001 -2.3703e+000 -1.6026e+000 -1.1199e+000 -2.4471e+000 -1.1355e+000
88318 +8.887407984e+000 +8.887407984e+000 +1.004740798e+001 +1.004740798e+001 -1.3044e+000 -2.3084e+000 -2.3226e+000 -1.0552e+000 -2.1986e+000
150438 +8.524754763e+000 +8.524754763e+000 +9.684754763e+000 +9.684754763e+000 -1.1210e+000 -1.1932e+000 -1.8431e+000 -1.8173e+000 -1.8816e+000
285682 +7.063300309e+000 +7.063300309e+000 +8.223300309e+000 +8.223300309e+000 -1.7618e+000 -1.5238e+000 -1.2673e+000 -1.4690e+000 -1.5232e+000
739299 +5.761497470e+000 +5.761497470e+000 +6.921497470e+000 +6.921497470e+000 -1.4214e+000 -1.9114e+000 -1.5911e+000 -1.6956e+000 -1.6039e+000
% function evaluation | noise-free fitness - Fopt (2.407100000000e+002) | best noise-free fitness - Fopt | measured fitness | best measured fitness | x1 | x2...
1 +7.155053974e+001 +7.155053974e+001 +3.122605397e+002 +3.122605397e+002 +2.9995e-001 -3.7741e+000 +9.4634e-001 +8.5569e-001 -8.5774e-001
22 +5.285669927e+001 +5.285669927e+001 +2.935666993e+002 +2.935666993e+002 +1.8625e+000 -4.4041e+000 +1.1023e-001 +1.8788e+000 +1.1700e+000
53 +4.924811799e+001 +4.924811799e+001 +2.899581180e+002 +2.899581180e+002 +2.4949e+000 -1.4616e+000 +1.7652e-001 +3.9033e-001 +2.7367e+000
110 +2.511761468e+001 +2.511761468e+001 +2.658276147e+002 +2.658276147e+002 +1.0851e+000 -7.9391e-001 +5.7771e-002 +2.3286e+000 +1.8378e+000
772 +2.343259148e+001 +2.343259148e+001 +2.641425915e+002 +2.641425915e+002 +1.3122e+000 -2.1165e+000 -1.8455e+000 +2.1022e+000 +2.1003e+000
945 +2.090856580e+001 +2.090856580e+001 +2.616185658e+002 +2.616185658e+002 +2.3269e+000 -1.7269e+000 -6.8192e-001 +1.7275e+000 +2.7096e+000
1094 +1.583291649e+001 +1.583291649e+001 +2.565429165e+002 +2.565429165e+002 +1.4304e+000 -2.5227e+000 -1.3717e+000 +2.9318e+000 +2.8550e+000
4135 +1.244948177e+001 +1.244948177e+001 +2.531594818e+002 +2.531594818e+002 +1.2961e+000 -1.6713e+000 -2.1375e+000 +4.5913e-001 +2.2829e+000
7143 +1.192639393e+001 +1.192639393e+001 +2.526363939e+002 +2.526363939e+002 +1.7173e+000 -2.4550e+000 -1.3463e+000 +1.9842e+000 +1.3019e+000
7871 +9.755402105e+000 +9.755402105e+000 +2.504654021e+002 +2.504654021e+002 +1.3994e+000 -1.8808e+000 -1.9028e+000 +1.2687e+000 +2.3486e+000
8767 +8.225897620e+000 +8.225897620e+000 +2.489358976e+002 +2.489358976e+002 +1.9920e+000 -1.3901e+000 -1.5225e+000 +1.6060e+000 +1.6405e+000
72798 +7.137110970e+000 +7.137110970e+000 +2.478471110e+002 +2.478471110e+002 +1.2840e+000 -1.5723e+000 -1.6441e+000 +1.5993e+000 +1.1753e+000
441965 +6.992928709e+000 +6.992928709e+000 +2.477029287e+002 +2.477029287e+002 +1.9643e+000 -1.2410e+000 -1.6385e+000 +2.2348e+000 +1.3407e+000
1730970 +6.543894959e+000 +6.543894959e+000 +2.472538950e+002 +2.472538950e+002 +1.3599e+000 -1.3860e+000 -1.7875e+000 +1.5163e+000 +1.5525e+000
% function evaluation | noise-free fitness - Fopt (-2.707900000000e+002) | best noise-free fitness - Fopt | measured fitness | best measured fitness | x1 | x2...
1 +1.045206629e+002 +1.045206629e+002 -1.662693371e+002 -1.662693371e+002 +3.4567e+000 +2.0661e-001 +3.1175e+000 -2.1440e-001 +2.3978e+000
11 +9.179897983e+001 +9.179897983e+001 -1.789910202e+002 -1.789910202e+002 +3.0780e+000 -2.9263e+000 +4.0181e+000 -6.5552e-001 +9.2718e-001
12 +8.718166668e+001 +8.718166668e+001 -1.836083333e+002 -1.836083333e+002 +2.6885e+000 -4.1548e+000 +3.5426e+000 -7.1676e-002 +6.5375e-001
28 +8.478401843e+001 +8.478401843e+001 -1.860059816e+002 -1.860059816e+002 +2.6099e+000 -1.0662e+000 +3.4364e+000 -9.4488e-002 +7.4356e-001
29 +7.612173803e+001 +7.612173803e+001 -1.946682620e+002 -1.946682620e+002 +2.7128e+000 -3.1217e+000 +2.1294e+000 -4.0737e-001 +1.7000e+000
44 +7.547065571e+001 +7.547065571e+001 -1.953193443e+002 -1.953193443e+002 +2.2100e+000 -3.1259e+000 +3.2679e+000 -6.1750e-001 +1.4895e+000
58 +6.846672810e+001 +6.846672810e+001 -2.023232719e+002 -2.023232719e+002 +3.0952e+000 -1.0552e+000 +2.4877e+000 +7.4617e-003 +1.7488e+000
75 +6.716636596e+001 +6.716636596e+001 -2.036236340e+002 -2.036236340e+002 +2.1758e+000 -2.5228e+000 +3.1430e+000 -3.9869e-001 +7.5234e-001
79 +5.900153900e+001 +5.900153900e+001 -2.117884610e+002 -2.117884610e+002 +2.4391e+000 -1.2341e+000 +3.0176e+000 -4.7383e-001 +1.0557e+000
80 +4.351463963e+001 +4.351463963e+001 -2.272753604e+002 -2.272753604e+002 +2.2626e+000 -2.0606e+000 +2.7097e+000 -1.0595e-001 +1.4500e+000
117 +4.177963614e+001 +4.177963614e+001 -2.290103639e+002 -2.290103639e+002 +1.6676e+000 -1.6381e+000 +2.9318e+000 -1.2145e+000 +1.1892e+000
153 +4.134282814e+001 +4.134282814e+001 -2.294471719e+002 -2.294471719e+002 +1.8045e+000 -2.3172e+000 +5.0028e-002 -1.2013e+000 +1.4294e+000
205 +3.196126493e+001 +3.196126493e+001 -2.388287351e+002 -2.388287351e+002 +1.6600e+000 -1.9251e+000 +1.7613e+000 -9.2238e-001 +9.5087e-001
227 +3.097089896e+001 +3.097089896e+001 -2.398191010e+002 -2.398191010e+002 +1.8488e+000 -1.9530e+000 +5.9581e-001 -2.9532e+000 +2.0757e+000
280 +2.866672124e+001 +2.866672124e+001 -2.421232788e+002 -2.421232788e+002 +1.2985e+000 -1.6376e+000 +3.1066e+000 -1.5720e+000 +1.5037e+000
297 +2.611773294e+001 +2.611773294e+001 -2.446722671e+002 -2.446722671e+002 +1.8122e+000 -1.4302e+000 +1.6569e+000 -9.5050e-001 +1.8245e+000
416 +2.123388895e+001 +2.123388895e+001 -2.495561111e+002 -2.495561111e+002 +2.0086e+000 -2.0224e+000 +1.1499e+000 -1.3782e+000 +2.0197e+000
548 +1.721331959e+001 +1.721331959e+001 -2.535766804e+002 -2.535766804e+002 +1.0876e+000 -1.0818e+000 +1.7104e+000 -1.0892e+000 +7.5107e-001
784 +1.325366427e+001 +1.325366427e+001 -2.575363357e+002 -2.575363357e+002 +1.0749e+000 -1.4831e+000 +9.6699e-001 -8.9421e-001 +1.4993e+000
1022 +1.304624802e+001 +1.304624802e+001 -2.577437520e+002 -2.577437520e+002 +7.3860e-001 -1.1712e+000 +2.5921e-002 -8.0849e-001 +1.4891e+000
1494 +9.804575545e+000 +9.804575545e+000 -2.609854245e+002 -2.609854245e+002 +1.1318e+000 -3.1832e-001 +1.4918e+000 -1.3008e+000 +1.1455e+000
3025 +7.462621209e+000 +7.462621209e+000 -2.633273788e+002 -2.633273788e+002 +5.9686e-001 -1.0350e+000 +4.9079e-001 -1.6288e+000 +1.1495e+000
4290 +5.676984525e+000 +5.676984525e+000 -2.651130155e+002 -2.651130155e+002 +1.3342e+000 -1.9199e+000 +9.7301e-001 -1.0911e+000 +1.2070e+000
29266 +3.261496635e+000 +3.261496635e+000 -2.675285034e+002 -2.675285034e+002 +8.5757e-001 -1.2836e+000 +7.5313e-001 -8.4504e-001 +1.6273e+000
% function evaluation | noise-free fitness - Fopt (2.612000000000e+001) | best noise-free fitness - Fopt | measured fitness | best measured fitness | x1 | x2...
1 +6.458191946e+001 +6.458191946e+001 +9.070191946e+001 +9.070191946e+001 -9.7298e-001 +1.6475e+000 -1.1847e+000 +4.3617e+000 -8.7517e-001
5 +5.176504056e+001 +5.176504056e+001 +7.788504056e+001 +7.788504056e+001 -8.6158e-001 +3.9469e-001 -7.3784e-001 +4.3125e+000 -1.2459e+000
9 +4.649737936e+001 +4.649737936e+001 +7.261737936e+001 +7.261737936e+001 -1.3923e+000 +1.4068e+000 -1.5608e+000 +4.7951e+000 +2.8992e-002
30 +4.537426900e+001 +4.537426900e+001 +7.149426900e+001 +7.149426900e+001 -3.7705e-002 +5.1459e-001 -2.4163e+000 +3.8693e+000 +6.9077e-001
92 +4.019500868e+001 +4.019500868e+001 +6.631500868e+001 +6.631500868e+001 -1.9190e+000 +9.7097e-001 -1.8933e+000 +1.5274e+000 -1.6373e+000
94 +3.941685337e+001 +3.941685337e+001 +6.553685337e+001 +6.553685337e+001 -1.0612e+000 +1.4617e+000 -2.8630e+000 +3.2942e+000 +1.6860e-001
148 +2.838384604e+001 +2.838384604e+001 +5.450384604e+001 +5.450384604e+001 -9.8159e-001 +1.3879e+000 -2.0387e+000 +1.9578e+000 +3.2728e-001
332 +2.237916728e+001 +2.237916728e+001 +4.849916728e+001 +4.849916728e+001 -2.0790e+000 +7.5587e-002 -3.7724e-001 +3.0043e+000 +2.1019e+000
503 +2.164145185e+001 +2.164145185e+001 +4.776145185e+001 +4.776145185e+001 -2.4026e+000 +1.1462e+000 -1.3479e+000 +2.6478e+000 +4.0620e-001
708 +2.080205671e+001 +2.080205671e+001 +4.692205671e+001 +4.692205671e+001 -7.1686e-001 +1.6822e+000 -6.5958e-001 +2.4131e+000 +1.6324e+000
886 +1.930638896e+001 +1.930638896e+001 +4.542638896e+001 +4.542638896e+001 -2.3140e+000 +1.6797e+000 -5.3412e-001 +1.2273e+000 +4.4825e-001
2210 +1.838967355e+001 +1.838967355e+001 +4.450967355e+001 +4.450967355e+001 -1.1356e+000 +1.3354e+000 -1.8580e+000 +2.2359e+000 +2.3558e+000
2672 +1.522428828e+001 +1.522428828e+001 +4.134428828e+001 +4.134428828e+001 -2.1366e+000 +2.4620e+000 -2.0794e+000 +1.3586e+000 +1.8728e+000
2756 +1.137794823e+001 +1.137794823e+001 +3.749794823e+001 +3.749794823e+001 -1.8915e+000 +2.7223e+000 -1.7232e+000 +8.3049e-001 +2.5672e+000
17544 +9.933700502e+000 +9.933700502e+000 +3.605370050e+001 +3.605370050e+001 -1.9924e+000 +1.1790e+000 -1.3771e+000 +1.6297e+000 +1.9950e+000
58876 +8.831104655e+000 +8.831104655e+000 +3.495110466e+001 +3.495110466e+001 -1.2168e+000 +2.5145e+000 -2.0129e+000 +1.5005e+000 +2.0298e+000
113645 +8.473453355e+000 +8.473453355e+000 +3.459345336e+001 +3.459345336e+001 -1.6296e+000 +1.9154e+000 -1.8356e+000 +2.0153e+000 +2.3835e+000
220527 +7.250099038e+000 +7.250099038e+000 +3.337009904e+001 +3.337009904e+001 -2.0124e+000 +2.0492e+000 -2.0695e+000 +2.1568e+000 +2.1160e+000
480853 +6.905525501e+000 +6.905525501e+000 +3.302552550e+001 +3.302552550e+001 -1.8292e+000 +1.7498e+000 -1.2305e+000 +1.6475e+000 +1.7231e+000
667665 +5.751866094e+000 +5.751866094e+000 +3.187186609e+001 +3.187186609e+001 -1.4972e+000 +1.3423e+000 -1.6650e+000 +1.3572e+000 +1.7854e+000
% function evaluation | noise-free fitness - Fopt (-6.252000000000e+001) | best noise-free fitness - Fopt | measured fitness | best measured fitness | x1 | x2...
1 +1.370201416e+002 +1.370201416e+002 +7.450014158e+001 +7.450014158e+001 +1.4479e+000 +2.8892e+000 +1.4462e+000 +2.2488e+000 +1.7523e+000
4 +1.196800281e+002 +1.196800281e+002 +5.716002805e+001 +5.716002805e+001 +1.7871e+000 +6.4925e-001 +1.3986e+000 +4.1904e+000 -9.4567e-002
5 +1.062547506e+002 +1.062547506e+002 +4.373475056e+001 +4.373475056e+001 +1.0284e+000 +2.3259e+000 +1.2999e+000 +1.9239e+000 +3.1192e-002
15 +1.034583381e+002 +1.034583381e+002 +4.093833810e+001 +4.093833810e+001 +1.2694e+000 +3.7780e+000 +5.7663e-001 +1.8652e+000 +3.6405e-001
31 +9.916643688e+001 +9.916643688e+001 +3.664643688e+001 +3.664643688e+001 +5.8071e-001 +3.1356e+000 +7.5355e-001 +1.2676e+000 -3.2380e-001
34 +8.331446906e+001 +8.331446906e+001 +2.079446906e+001 +2.079446906e+001 +9.7563e-001 +2.5113e+000 +3.7657e-002 +5.8765e-001 +6.0472e-001
53 +6.888168153e+001 +6.888168153e+001 +6.361681527e+000 +6.361681527e+000 +5.2796e-001 +2.8536e+000 +8.5904e-001 +8.7405e-001 -9.5807e-002
93 +6.420708207e+001 +6.420708207e+001 +1.687082067e+000 +1.687082067e+000 +9.0971e-001 +3.1534e+000 +5.2155e-001 +4.6190e-001 -1.4565e+000
94 +5.582723208e+001 +5.582723208e+001 -6.692767921e+000 -6.692767921e+000 +8.1038e-001 +2.7482e+000 +1.8902e+000 +1.0476e+000 -5.9190e-001
165 +5.332300677e+001 +5.332300677e+001 -9.196993231e+000 -9.196993231e+000 +5.7799e-001 +3.1159e+000 +6.6476e-001 +5.7075e-001 -1.3826e+000
188 +5.219670222e+001 +5.219670222e+001 -1.032329778e+001 -1.032329778e+001 +2.2648e-001 +2.1397e+000 +1.3092e+000 -6.7094e-002 -8.8632e-001
276 +4.582769547e+001 +4.582769547e+001 -1.669230453e+001 -1.669230453e+001 +1.9334e-001 +1.5828e+000 +1.1018e+000 +4.7299e-001 -7.4213e-001
377 +4.445797876e+001 +4.445797876e+001 -1.806202124e+001 -1.806202124e+001 -4.1864e-002 +3.0338e+000 +1.6824e+000 -4.1045e-001 -6.4354e-001
382 +2.845074492e+001 +2.845074492e+001 -3.406925508e+001 -3.406925508e+001 +1.0305e-001 +1.5439e+000 +1.4528e+000 -2.4848e-001 -1.1983e+000
473 +2.045161523e+001 +2.045161523e+001 -4.206838477e+001 -4.206838477e+001 -9.2641e-001 +2.2744e+000 +1.6865e+000 -7.8811e-001 -7.5036e-001
537 +1.905448357e+001 +1.905448357e+001 -4.346551643e+001 -4.346551643e+001 +1.3323e-001 +1.4410e+000 +1.1465e+000 -9.0994e-001 -7.3400e-001
610 +1.095300427e+001 +1.095300427e+001 -5.156699573e+001 -5.156699573e+001 -1.8300e+000 +1.5646e+000 +1.2727e+000 -9.3703e-001 -6.9149e-001
8563 +4.714082839e+000 +4.714082839e+000 -5.780591716e+001 -5.780591716e+001 -1.7013e+000 +1.8044e+000 +1.5425e+000 -1.2833e+000 -1.0492e+000
12565 +4.252785527e+000 +4.252785527e+000 -5.826721447e+001 -5.826721447e+001 -1.0842e+000 +2.0030e+000 +1.0177e+000 -1.1237e+000 -1.6949e+000
73918 +3.471730237e+000 +3.471730237e+000 -5.904826976e+001 -5.904826976e+001 -1.3560e+000 +8.9683e-001 +1.0834e+000 -1.2348e+000 -1.0882e+000
125114 +3.156155279e+000 +3.156155279e+000 -5.936384472e+001 -5.936384472e+001 -9.0276e-001 +1.3883e+000 +1.4367e+000 -6.9755e-001 -9.3452e-001
1222905 +2.666021257e+000 +2.666021257e+000 -5.985397874e+001 -5.985397874e+001 -1.4363e+000 +1.1548e+000 +1.1866e+000 -1.2487e+000 -1.6106e+000
1536346 +2.369290303e+000 +2.369290303e+000 -6.015070970e+001 -6.015070970e+001 -1.3281e+000 +1.2705e+000 +1.8438e+000 -1.4925e+000 -1.2663e+000
% function evaluation | noise-free fitness - Fopt (-2.438600000000e+002) | best noise-free fitness - Fopt | measured fitness | best measured fitness | x1 | x2...
1 +1.494177870e+002 +1.494177870e+002 -9.444221297e+001 -9.444221297e+001 -3.6469e+000 -2.9148e+000 -3.3645e+000 +2.9595e+000 -4.0661e+000
2 +1.397101117e+002 +1.397101117e+002 -1.041498883e+002 -1.041498883e+002 -4.5020e+000 -3.3112e+000 -2.5460e+000 +1.0101e+000 -1.8067e+000
4 +1.143086725e+002 +1.143086725e+002 -1.295513275e+002 -1.295513275e+002 -3.5580e+000 -1.8290e+000 -2.3247e+000 +3.6158e+000 -2.6533e+000
12 +9.506857361e+001 +9.506857361e+001 -1.487914264e+002 -1.487914264e+002 -4.4749e+000 -2.6458e+000 -2.7963e+000 +3.0106e+000 -3.4752e+000
31 +7.406183738e+001 +7.406183738e+001 -1.697981626e+002 -1.697981626e+002 -1.5055e+000 -2.7247e+000 -7.7516e-001 +2.9772e+000 -3.7960e+000
40 +6.580640278e+001 +6.580640278e+001 -1.780535972e+002 -1.780535972e+002 +9.6157e-001 -2.5452e+000 -2.4216e+000 +3.2707e+000 -3.8808e+000
79 +4.931016754e+001 +4.931016754e+001 -1.945498325e+002 -1.945498325e+002 +8.0425e-002 -2.6216e+000 -1.6880e+000 +2.7546e+000 -3.6758e+000
104 +4.431336659e+001 +4.431336659e+001 -1.995466334e+002 -1.995466334e+002 +2.8473e+000 -2.4085e+000 -1.6453e+000 +2.2736e+000 -3.1614e+000
123 +3.832771131e+001 +3.832771131e+001 -2.055322887e+002 -2.055322887e+002 -6.0310e-001 -1.9651e+000 -3.5749e+000 +2.8991e+000 -3.1523e+000
185 +3.510743835e+001 +3.510743835e+001 -2.087525616e+002 -2.087525616e+002 +2.4801e+000 -2.1480e+000 -1.8200e+000 +3.6313e+000 -2.1218e+000
234 +2.717221313e+001 +2.717221313e+001 -2.166877869e+002 -2.166877869e+002 +3.1318e+000 -1.5527e+000 -1.6827e+000 +2.4325e+000 -1.8548e+000
341 +1.598308627e+001 +1.598308627e+001 -2.278769137e+002 -2.278769137e+002 +1.4925e+000 -1.8709e+000 -1.6835e+000 +2.1110e+000 -1.4002e+000
397 +1.510446507e+001 +1.510446507e+001 -2.287555349e+002 -2.287555349e+002 +1.2311e+000 -1.5231e+000 -1.4665e+000 +1.8770e+000 -1.3165e+000
1327 +1.206195412e+001 +1.206195412e+001 -2.317980459e+002 -2.317980459e+002 +1.9431e+000 -2.0183e+000 -2.0280e+000 +6.6471e-001 -1.1592e+000
32898 +1.059586895e+001 +1.059586895e+001 -2.332641310e+002 -2.332641310e+002 +6.4155e-001 -2.2476e+000 -9.8732e-001 +1.8932e+000 -1.4705e+000
55104 +6.253715507e+000 +6.253715507e+000 -2.376062845e+002 -2.376062845e+002 +1.1888e+000 -1.4073e+000 -1.5451e+000 +1.8137e+000 -2.1992e+000
% function evaluation | noise-free fitness - Fopt (-9.475000000000e+002) | best noise-free fitness - Fopt | measured fitness | best measured fitness | x1 | x2...
1 +5.619653198e+002 +5.619653198e+002 -3.855346802e+002 -3.855346802e+002 +2.1514e+000 -5.1765e+000 -3.3256e+000 +4.8346e+000 +8.2504e-001
2 +2.156166008e+002 +2.156166008e+002 -7.318833992e+002 -7.318833992e+002 +2.5982e+000 -3.7590e+000 -3.3621e+000 +4.8661e+000 +8.5488e-001
4 +1.828551365e+002 +1.828551365e+002 -7.646448635e+002 -7.646448635e+002 +2.4628e+000 -1.6896e+000 -3.8682e+000 +3.8041e+000 +1.8783e-001
6 +1.381783546e+002 +1.381783546e+002 -8.093216454e+002 -8.093216454e+002 +1.8572e+000 -2.5150e+000 -2.2910e+000 +1.2892e-001 -1.4953e-001
35 +1.247023946e+002 +1.247023946e+002 -8.227976054e+002 -8.227976054e+002 +1.3425e+000 -6.3128e-001 -2.5436e+000 +3.3156e+000 -9.3951e-001
40 +8.134615258e+001 +8.134615258e+001 -8.661538474e+002 -8.661538474e+002 -6.1303e-001 -2.1049e+000 -1.8948e+000 +1.5250e+000 +2.5559e+000
41 +5.374814050e+001 +5.374814050e+001 -8.937518595e+002 -8.937518595e+002 +4.8645e-001 -3.1596e+000 -1.2811e-001 +1.8194e+000 -9.6660e-001
130 +4.959948094e+001 +4.959948094e+001 -8.979005191e+002 -8.979005191e+002 -1.2512e-001 +6.8366e-002 -2.6472e+000 +2.1702e-002 +1.7309e+000
178 +4.511399617e+001 +4.511399617e+001 -9.023860038e+002 -9.023860038e+002 +4.6534e-001 -4.3619e-001 -1.3385e+000 -1.2505e+000 +7.5429e-002
259 +3.978088743e+001 +3.978088743e+001 -9.077191126e+002 -9.077191126e+002 -1.2962e+000 +7.6215e-001 -3.9938e-001 -7.7343e-001 +2.5032e+000
306 +3.650847585e+001 +3.650847585e+001 -9.109915241e+002 -9.109915241e+002 -1.3733e+000 -4.4395e-002 -3.2664e-001 -1.7286e+000 -5.7192e-002
369 +3.201188679e+001 +3.201188679e+001 -9.154881132e+002 -9.154881132e+002 -3.3772e-001 +1.4267e-001 -1.8393e+000 -1.9528e+000 +2.8626e-001
478 +2.617831311e+001 +2.617831311e+001 -9.213216869e+002 -9.213216869e+002 -1.8608e+000 +5.1158e-001 -1.3617e+000 -2.0234e+000 +1.0669e+000
712 +2.445213898e+001 +2.445213898e+001 -9.230478610e+002 -9.230478610e+002 -1.9982e+000 +8.9564e-001 -1.3696e+000 -2.3869e+000 +1.8811e+000
804 +2.314395221e+001 +2.314395221e+001 -9.243560478e+002 -9.243560478e+002 -1.9802e+000 +1.1436e-001 -8.5693e-001 -2.4513e+000 +1.2755e+000
1280 +1.661117525e+001 +1.661117525e+001 -9.308888247e+002 -9.308888247e+002 -9.3054e-001 +2.0963e+000 -1.0099e+000 -1.9954e+000 +2.7794e+000
2992 +1.274783680e+001 +1.274783680e+001 -9.347521632e+002 -9.347521632e+002 -2.8043e+000 +2.1340e+000 -1.4718e+000 -1.2304e+000 +1.6020e+000
6031 +1.155498064e+001 +1.155498064e+001 -9.359450194e+002 -9.359450194e+002 -9.8806e-001 +1.3400e+000 -2.1237e+000 -1.3597e+000 +2.6828e+000
17961 +1.071581817e+001 +1.071581817e+001 -9.367841818e+002 -9.367841818e+002 -1.1144e+000 +1.1885e+000 -2.0939e+000 -2.3908e+000 +2.1258e+000
26525 +8.409216747e+000 +8.409216747e+000 -9.390907833e+002 -9.390907833e+002 -1.0716e+000 +1.9336e+000 -1.9766e+000 -1.3666e+000 +1.2800e+000
214894 +7.938197176e+000 +7.938197176e+000 -9.395618028e+002 -9.395618028e+002 -1.5406e+000 +1.1890e+000 -1.8436e+000 -1.3729e+000 +2.4398e+000
848977 +7.325124814e+000 +7.325124814e+000 -9.401748752e+002 -9.401748752e+002 -1.9764e+000 +2.3026e+000 -1.3585e+000 -1.9015e+000 +1.4799e+000
1666455 +7.159578274e+000 +7.159578274e+000 -9.403404217e+002 -9.403404217e+002 -1.5079e+000 +2.5012e+000 -1.6970e+000 -1.5455e+000 +1.8038e+000
1959021 +7.068994220e+000 +7.068994220e+000 -9.404310058e+002 -9.404310058e+002 -1.5619e+000 +2.2840e+000 -1.8798e+000 -2.1825e+000 +1.7641e+000
2471939 +6.627970700e+000 +6.627970700e+000 -9.408720293e+002 -9.408720293e+002 -1.9740e+000 +1.8299e+000 -1.9378e+000 -1.8459e+000 +2.2406e+000
