% function evaluation | noise-free fitness - Fopt (1.026100000000e+002) | best noise-free fitness - Fopt | measured fitness | best measured fitness | x1 | x2...
1 +4.660990099e+004 +4.660990099e+004 +4.671251099e+004 +4.671251099e+004 -3.9299e+000 -3.7945e+000 +2.2905e-001 +5.4679e-001 +6.4310e+000 -1.1940e+000 -3.5189e+000 -1.5361e-001 +4.4369e+000 +6.6010e+000
4 +2.118036313e+004 +2.118036313e+004 +2.128297313e+004 +2.128297313e+004 +2.6326e+000 -7.7506e-001 +3.3861e+000 +3.4758e+000 +3.5454e+000 +2.7269e-001 -4.7761e+000 +4.1242e+000 -1.4993e+000 +6.4348e+000
5 +3.175530551e+002 +3.175530551e+002 +4.201630551e+002 +4.201630551e+002 +3.2455e+000 -1.8660e+000 +1.2464e+000 +1.0984e+000 +4.6524e+000 -1.5970e+000 -1.9461e+000 -1.6421e+000 -3.2060e+000 +8.7210e-001
52 +2.800906523e+002 +2.800906523e+002 +3.827006523e+002 +3.827006523e+002 +2.4149e+000 -6.7186e-001 +6.4995e-001 -6.9308e-001 +1.1486e+000 -3.8457e+000 -2.1261e+000 +2.4714e-001 -9.9345e-001 +4.8147e+000
57 +2.262675339e+002 +2.262675339e+002 +3.288775339e+002 +3.288775339e+002 -5.7917e-001 -1.2261e-001 +5.4233e-001 +1.2186e+000 +2.1549e+000 -7.3214e-001 -1.2588e+000 -1.3168e-001 -2.7719e+000 +6.0550e-001
104 +1.987694199e+002 +1.987694199e+002 +3.013794199e+002 +3.013794199e+002 +7.9242e-001 +1.2562e+000 +9.6572e-001 +1.0144e+000 +2.3644e+000 -2.0179e+000 +2.0634e+000 +3.6350e+000 -9.1252e-001 -1.8439e+000
114 +1.819901981e+002 +1.819901981e+002 +2.846001981e+002 +2.846001981e+002 +8.8368e-001 +2.1027e-001 -2.9464e-001 +1.6706e+000 +1.5187e+000 -2.5157e+000 -1.6462e+000 -3.9410e-001 -1.4037e+000 +1.4846e+000
120 +1.682385434e+002 +1.682385434e+002 +2.708485434e+002 +2.708485434e+002 -1.0780e+000 -1.2932e+000 +1.0342e+000 +1.5412e+000 -1.8462e+000 +5.3145e-001 -2.2131e+000 -3.0288e+000 +3.2837e-001 +2.8501e-001
171 +1.578546656e+002 +1.578546656e+002 +2.604646656e+002 +2.604646656e+002 +1.1861e+000 -2.7956e-001 +1.2579e+000 +7.7166e-001 +2.4488e-001 -1.4945e+000 +6.3677e-001 -1.5016e+000 +2.6087e+000 +1.3427e-001
260 +1.447246199e+002 +1.447246199e+002 +2.473346199e+002 +2.473346199e+002 +6.1483e-001 -1.2176e+000 -9.2352e-001 +1.1503e+000 -7.9842e-001 -1.1648e+000 +9.6032e-001 -2.1821e+000 +2.3929e+000 -6.6075e-001
302 +1.356362922e+002 +1.356362922e+002 +2.382462922e+002 +2.382462922e+002 +3.5609e-001 -1.0750e+000 +8.7423e-002 +7.6637e-001 -1.4544e+000 +4.0690e-001 -5.9820e-001 -4.9372e-001 -1.3076e+000 +1.9304e-003
369 +1.205097616e+002 +1.205097616e+002 +2.231197616e+002 +2.231197616e+002 -4.4254e-001 -1.1498e-001 +1.1257e+000 +1.0754e+000 -1.3960e+000 +1.4676e-001 +4.2213e+000 -2.2353e+000 +1.3391e-001 +1.7368e+000
388 +1.129251591e+002 +1.129251591e+002 +2.155351591e+002 +2.155351591e+002 -9.5862e-001 -8.6866e-001 -1.5760e+000 +1.4103e+000 -2.9521e-002 +4.4069e-001 +6.0893e-001 -6.6750e-002 +1.2269e+000 -7.1704e-001
433 +9.662345667e+001 +9.662345667e+001 +1.992334567e+002 +1.992334567e+002 -1.0609e+000 -9.8294e-001 -9.7922e-002 +3.2869e-001 -1.5409e+000 +5.3393e-001 +2.3629e+000 -1.8743e+000 +2.2987e+000 +2.6441e-001
492 +8.995932399e+001 +8.995932399e+001 +1.925693240e+002 +1.925693240e+002 -1.7405e+000 -2.1906e+000 -1.0382e+000 +1.5108e+000 +3.8117e-003 +2.2227e+000 +1.0993e+000 -1.9017e+000 +1.6682e+000 +2.3699e+000
710 +6.060160409e+001 +6.060160409e+001 +1.632116041e+002 +1.632116041e+002 -6.4584e-001 -1.0427e+000 -1.5597e-001 +8.4688e-001 -1.0788e+000 +8.2099e-001 +2.3184e+000 -1.9299e+000 +2.1736e+000 +9.4990e-002
1203 +5.656456844e+001 +5.656456844e+001 +1.591745684e+002 +1.591745684e+002 -1.8373e+000 -1.2289e+000 -3.7030e-001 +1.0409e+000 -8.1103e-001 +1.0570e+000 +8.1747e-001 -1.1118e+000 +1.9754e+000 +1.9302e+000
1310 +4.940586216e+001 +4.940586216e+001 +1.520158622e+002 +1.520158622e+002 -3.2171e+000 -1.1367e+000 -1.0874e-001 +1.1381e+000 -2.0038e+000 +1.5784e+000 +9.4938e-001 -1.1997e+000 +1.8329e+000 +1.8400e+000
9801 +4.809674990e+001 +4.809674990e+001 +1.507067499e+002 +1.507067499e+002 -7.2089e-001 -1.5940e+000 -2.0082e+000 +9.3817e-001 -1.3886e+000 +1.1532e+000 +1.5578e+000 -1.3438e+000 +1.9677e+000 +6.9040e-001
18333 +3.713380209e+001 +3.713380209e+001 +1.397438021e+002 +1.397438021e+002 -1.6866e+000 -1.6188e+000 -1.4117e+000 +1.2818e+000 -1.1570e+000 +1.6901e+000 +1.3594e+000 -1.1473e+000 +1.9029e+000 +2.0014e+000
34929 +3.428051992e+001 +3.428051992e+001 +1.368905199e+002 +1.368905199e+002 -3.3248e-001 -1.5225e+000 -1.5695e+000 +1.2855e+000 -7.2710e-001 +1.9830e+000 +1.7963e+000 -1.8790e+000 +1.8318e+000 +1.8621e+000
679527 +3.335226893e+001 +3.335226893e+001 +1.359622689e+002 +1.359622689e+002 -1.3188e+000 -2.5411e+000 -1.6745e+000 +2.0702e+000 -9.2663e-001 +1.5540e+000 +1.8192e+000 -6.7951e-001 +2.0344e+000 +1.4597e+000
% function evaluation | noise-free fitness - Fopt (9.330000000000e+001) | best noise-free fitness - Fopt | measured fitness | best measured fitness | x1 | x2...
1 +1.310653567e+005 +1.310653567e+005 +1.311586567e+005 +1.311586567e+005 -7.9517e-001 -4.6493e+000 -4.1076e+000 -4.1679e+000 -4.5837e+000 -3.2948e+000 -8.6123e+000 -3.2860e-001 +2.5629e+000 +2.3336e+000
2 +2.396239184e+004 +2.396239184e+004 +2.405569184e+004 +2.405569184e+004 -5.7062e-001 +5.2066e-001 -5.3526e-001 -6.5333e+000 -4.3421e+000 +3.5713e+000 -3.9136e+000 -3.9552e+000 +1.7870e+000 +3.3038e+000
4 +7.262399771e+003 +7.262399771e+003 +7.355699771e+003 +7.355699771e+003 -1.9219e+000 -4.7812e-001 +2.6107e-001 -5.8260e+000 -3.5186e+000 +3.6164e+000 -4.9659e+000 +3.8901e+000 +3.0751e+000 +4.0967e+000
13 +1.033402609e+003 +1.033402609e+003 +1.126702609e+003 +1.126702609e+003 +2.7249e+000 -5.1413e+000 +7.9278e-001 -5.1489e+000 -4.9951e+000 +2.1996e+000 -4.6779e+000 -2.7168e+000 +2.8558e+000 +2.9836e+000
60 +3.814933066e+002 +3.814933066e+002 +4.747933066e+002 +4.747933066e+002 -1.8116e+000 -1.5319e+000 -3.1593e+000 -4.4274e+000 -4.6400e+000 +8.4523e-001 -4.8408e+000 +3.9850e-001 +1.9342e+000 -3.7832e-001
80 +3.363278846e+002 +3.363278846e+002 +4.296278846e+002 +4.296278846e+002 -1.0844e+000 -2.1406e+000 -2.2223e+000 -1.9167e+000 -4.8207e+000 +1.8324e+000 -4.1043e+000 -3.5337e+000 +5.7104e-003 +3.0131e-001
112 +3.207967537e+002 +3.207967537e+002 +4.140967537e+002 +4.140967537e+002 -2.6336e+000 -1.1423e+000 -4.4487e+000 -2.0372e+000 -3.7786e+000 +1.2467e+000 -2.3004e-001 -1.5389e+000 +4.2080e+000 +5.4418e-001
126 +2.838000061e+002 +2.838000061e+002 +3.771000061e+002 +3.771000061e+002 -6.6745e-001 -8.5175e-001 +2.6626e+000 +3.1002e+000 -3.2120e+000 +3.4714e+000 -3.8087e+000 +5.4631e-001 +2.5038e+000 +4.4630e-001
151 +1.821484082e+002 +1.821484082e+002 +2.754484082e+002 +2.754484082e+002 -9.2492e-002 +1.9770e+000 -1.2626e+000 -1.4262e+000 +7.4846e-002 +9.5444e-001 -7.8353e-001 -7.6464e-001 +4.3353e+000 +2.3594e+000
518 +1.785136340e+002 +1.785136340e+002 +2.718136340e+002 +2.718136340e+002 +3.8797e-001 -9.6203e-001 +1.3869e-002 -1.5053e+000 -6.2331e-001 +2.1519e+000 -7.9324e-001 +4.6341e-001 +2.6715e+000 +1.7787e+000
545 +1.721526478e+002 +1.721526478e+002 +2.654526478e+002 +2.654526478e+002 +1.7501e+000 -1.0024e+000 -3.1034e-001 -1.2289e+000 -3.9520e-001 +1.0400e+000 -2.3104e-001 +4.8106e-001 +2.0907e+000 -8.3786e-001
549 +1.497598806e+002 +1.497598806e+002 +2.430598806e+002 +2.430598806e+002 +6.2015e-001 +3.7863e-001 +1.7511e+000 -1.4272e+000 +5.2888e-001 -2.2414e-001 +1.8553e+000 -7.2757e-001 +1.6708e+000 +2.1604e+000
595 +1.469382877e+002 +1.469382877e+002 +2.402382877e+002 +2.402382877e+002 -2.1620e+000 +1.1824e+000 -2.0495e+000 -1.4700e+000 +9.9811e-001 -1.3855e+000 -9.2576e-001 -1.6565e+000 +8.7993e-001 +1.4607e+000
616 +1.307945649e+002 +1.307945649e+002 +2.240945649e+002 +2.240945649e+002 -1.0645e+000 +1.3372e+000 +3.9781e-001 -1.1626e+000 -1.5890e+000 +1.0588e+000 +2.3079e+000 +1.0269e-002 +2.7102e+000 +2.5134e+000
633 +1.117209084e+002 +1.117209084e+002 +2.050209084e+002 +2.050209084e+002 -2.8153e+000 +1.0443e+000 +6.3806e-001 -1.1999e+000 +5.9123e-001 -7.9209e-002 +1.5252e+000 +5.6809e-001 +2.3902e+000 +1.2556e+000
639 +9.277023773e+001 +9.277023773e+001 +1.860702377e+002 +1.860702377e+002 -9.8913e-001 +7.3620e-001 -5.8170e-001 -1.1803e+000 -4.5301e-001 -1.1849e+000 -7.9840e-001 +5.6004e-001 +2.2289e+000 +6.3407e-001
668 +8.415660507e+001 +8.415660507e+001 +1.774566051e+002 +1.774566051e+002 -9.0325e-001 +1.5003e+000 -8.8370e-001 -6.3703e-002 +7.4623e-001 -8.8587e-001 +4.1611e-001 +2.1042e+000 +2.6316e+000 -1.3962e-001
1033 +7.934003029e+001 +7.934003029e+001 +1.726400303e+002 +1.726400303e+002 -1.4197e+000 -3.2338e-001 -1.3368e+000 -1.8576e+000 +5.3808e-001 -1.1775e+000 +1.0155e+000 +4.5821e-001 +1.1770e+000 +1.5701e+000
1161 +7.753955331e+001 +7.753955331e+001 +1.708395533e+002 +1.708395533e+002 -6.2194e-001 +1.2386e+000 -1.6261e+000 -1.6191e+000 +3.1569e-001 -1.6906e+000 +2.2110e+000 +5.9516e-001 +1.7776e+000 +8.3903e-001
1162 +7.440440343e+001 +7.440440343e+001 +1.677044034e+002 +1.677044034e+002 -6.3952e-001 +3.4261e+000 -1.6316e+000 -2.2170e+000 +1.2702e+000 -2.6167e+000 +1.3156e+000 +6.4869e-001 +1.8349e+000 +1.8199e+000
1173 +6.165020451e+001 +6.165020451e+001 +1.549502045e+002 +1.549502045e+002 -1.8416e+000 +2.1717e+000 -2.2983e+000 -1.8215e+000 +1.2378e+000 -1.4012e+000 +3.8219e-001 +2.2334e+000 +1.4186e+000 +5.3608e-001
2323 +5.946303550e+001 +5.946303550e+001 +1.527630355e+002 +1.527630355e+002 -1.9938e+000 +1.2328e+000 -1.5507e+000 -7.3924e-001 +1.5945e+000 -2.9238e+000 +6.9180e-001 +1.2376e+000 +1.1485e+000 -2.9894e-002
4063 +5.437372469e+001 +5.437372469e+001 +1.476737247e+002 +1.476737247e+002 -1.8376e-001 +1.9665e+000 -1.6108e+000 -2.3271e+000 +2.8887e+000 -1.3198e+000 +1.6943e+000 +1.6158e+000 +8.3431e-001 +1.2150e+000
7699 +5.020647777e+001 +5.020647777e+001 +1.435064778e+002 +1.435064778e+002 -1.2211e+000 +2.2945e+000 -1.6577e+000 -1.7859e+000 +1.2932e+000 -1.0614e+000 +1.6990e+000 +5.8288e-001 -7.7189e-001 +2.1450e+000
11226 +4.684502803e+001 +4.684502803e+001 +1.401450280e+002 +1.401450280e+002 -1.4692e+000 +1.6465e+000 -8.9020e-001 -1.6578e+000 +1.1449e+000 -1.3459e+000 +1.0195e+000 +1.1105e+000 +8.2446e-001 +1.5645e+000
25526 +4.281450304e+001 +4.281450304e+001 +1.361145030e+002 +1.361145030e+002 -1.4798e+000 +2.0806e+000 -1.2943e+000 -1.6797e+000 +1.3084e+000 -1.4466e+000 +2.8458e+000 +2.0345e+000 +1.0364e+000 +1.8969e+000
34656 +4.187577233e+001 +4.187577233e+001 +1.351757723e+002 +1.351757723e+002 -2.0510e+000 +1.0672e+000 -1.2370e+000 -1.3300e+000 +1.4794e+000 -1.2123e+000 +1.1452e+000 +9.7089e-001 +1.5943e+000 +1.2553e+000
57642 +3.781544496e+001 +3.781544496e+001 +1.311154450e+002 +1.311154450e+002 -1.3062e+000 +9.2258e-001 -1.4851e+000 -1.3485e+000 +1.0522e+000 -1.5571e+000 +2.3779e+000 +2.2643e+000 +1.3928e+000 +2.1386e+000
60015 +3.635141256e+001 +3.635141256e+001 +1.296514126e+002 +1.296514126e+002 -5.1938e-001 +1.5832e+000 -1.6229e+000 -1.2233e+000 +1.0194e+000 -2.4997e+000 +1.9598e+000 +1.9559e+000 +2.3537e+000 +2.1774e+000
63588 +3.327945357e+001 +3.327945357e+001 +1.265794536e+002 +1.265794536e+002 -8.2506e-001 +2.1720e+000 -1.2131e+000 -1.6229e+000 +1.6393e+000 -2.2925e+000 +9.2963e-001 +1.6854e+000 +5.0357e-001 +8.5580e-001
336071 +3.082750713e+001 +3.082750713e+001 +1.241275071e+002 +1.241275071e+002 -1.4073e+000 +5.0163e-001 -2.0603e+000 -1.5141e+000 +1.1537e+000 -8.6789e-001 +1.8311e+000 -1.2086e-002 +1.3127e+000 +1.2100e+000
678025 +2.737839798e+001 +2.737839798e+001 +1.206783980e+002 +1.206783980e+002 -1.4713e+000 +1.0642e+000 -1.1432e+000 -1.0673e+000 +8.4410e-001 -7.3665e-001 +6.8668e-001 +1.8925e+000 +1.2666e+000 +1.4083e+000
% function evaluation | noise-free fitness - Fopt (1.364000000000e+001) | best noise-free fitness - Fopt | measured fitness | best measured fitness | x1 | x2...
1 +1.046811142e+005 +1.046811142e+005 +1.046947542e+005 +1.046947542e+005 -4.9424e+000 -6.7094e+000 -4.0259e+000 -4.8045e+000 +3.1117e+000 +7.2565e+000 -6.5428e+000 -3.2600e+000 +1.5035e-001 +3.0711e+000
5 +5.005662513e+004 +5.005662513e+004 +5.007026513e+004 +5.007026513e+004 -7.2228e+000 -3.9396e+000 -4.9541e+000 -3.0005e+000 +2.1988e+000 +4.4107e+000 -5.0482e+000 -2.8276e+000 -1.3771e+000 -4.1901e+000
8 +6.716391660e+003 +6.716391660e+003 +6.730031660e+003 +6.730031660e+003 -2.2829e+000 -4.1788e+000 -1.2774e+000 -5.2179e+000 +3.9235e+000 +5.7452e+000 -5.1181e+000 -3.1709e+000 -6.4046e-001 +3.6192e+000
13 +5.996413765e+003 +5.996413765e+003 +6.010053765e+003 +6.010053765e+003 -5.7511e+000 -2.9846e+000 -7.2088e-001 -5.0092e+000 +2.2953e+000 +4.3512e+000 -4.8043e+000 -3.6636e-001 +9.6360e-001 +3.0222e+000
31 +4.401559522e+003 +4.401559522e+003 +4.415199522e+003 +4.415199522e+003 +2.5029e+000 +4.1586e+000 -4.8872e+000 +3.0720e+000 -7.9668e-002 +4.8473e+000 -5.6216e+000 -3.1196e+000 -1.8145e+000 +6.4517e-002
34 +6.246987354e+002 +6.246987354e+002 +6.383387354e+002 +6.383387354e+002 -4.8640e+000 -3.1666e+000 -9.6405e-001 -4.8383e+000 +4.5138e+000 +2.9512e+000 -5.1384e+000 +1.0756e+000 -2.6264e+000 +3.7903e+000
96 +1.972685334e+002 +1.972685334e+002 +2.109085334e+002 +2.109085334e+002 -3.5037e+000 -3.7139e+000 -1.7655e+000 -2.8530e-001 +8.8897e-001 +8.0614e-001 -3.1920e+000 -2.7852e+000 +4.1423e-002 +3.3067e+000
116 +1.887294926e+002 +1.887294926e+002 +2.023694926e+002 +2.023694926e+002 -3.5234e+000 -2.2531e+000 +2.4284e+000 -2.0254e+000 +3.2574e+000 -2.0365e+000 +2.3382e+000 +6.9916e-002 -3.5764e-001 +4.6228e-001
122 +1.741020153e+002 +1.741020153e+002 +1.877420153e+002 +1.877420153e+002 -3.3909e+000 -1.3779e+000 -8.3842e-001 -1.5912e+000 +2.2997e+000 -1.0326e+000 -9.9481e-001 -1.7522e+000 +1.8227e+000 +4.2150e+000
206 +1.584757492e+002 +1.584757492e+002 +1.721157492e+002 +1.721157492e+002 -2.2185e-001 -2.6739e+000 +7.0126e-001 -2.7671e+000 +3.7106e-001 -1.2285e+000 -2.3217e+000 +1.8149e-003 +5.8826e-001 +3.0614e+000
223 +1.308235724e+002 +1.308235724e+002 +1.444635724e+002 +1.444635724e+002 -2.2788e+000 -3.6422e+000 -1.4184e+000 -2.9006e-001 +3.1016e+000 -3.3411e-001 -1.1111e+000 -1.3433e+000 +6.6021e-001 +1.4738e+000
224 +1.236018673e+002 +1.236018673e+002 +1.372418673e+002 +1.372418673e+002 -1.7721e+000 -2.1077e+000 +1.6601e+000 -8.2124e-001 +3.5279e+000 +1.5912e-001 -2.9375e+000 -8.5728e-001 +8.8225e-001 +2.9767e+000
274 +1.167642734e+002 +1.167642734e+002 +1.304042734e+002 +1.304042734e+002 -2.3588e+000 -5.5851e-001 +1.0578e+000 +6.6796e-001 +3.0548e+000 -1.8256e+000 -3.0367e+000 -7.5346e-001 -6.5480e-002 +1.4084e+000
287 +1.067867789e+002 +1.067867789e+002 +1.204267789e+002 +1.204267789e+002 -2.3927e+000 -3.0373e+000 +1.6421e+000 -1.3996e+000 +1.1300e+000 -1.4630e+000 -3.1179e+000 -1.6044e-001 +9.7135e-001 +2.6515e+000
418 +9.182643595e+001 +9.182643595e+001 +1.054664359e+002 +1.054664359e+002 -2.5043e+000 -6.9730e-001 +8.0236e-001 +5.8099e-001 +1.4638e+000 -7.4352e-001 -3.1339e+000 -1.2663e-002 +1.5864e+000 +1.7122e+000
462 +7.327517274e+001 +7.327517274e+001 +8.691517274e+001 +8.691517274e+001 -2.2756e+000 -1.0305e+000 +7.0106e-001 -3.2441e-001 +1.0754e+000 -1.0520e+000 -2.4384e+000 +1.8651e+000 +1.2868e+000 +1.5102e+000
598 +6.743377379e+001 +6.743377379e+001 +8.107377379e+001 +8.107377379e+001 +6.8133e-002 -1.6920e+000 +1.4808e+000 +3.1654e+000 +1.3365e+000 -1.8055e+000 -1.9711e+000 +1.9738e+000 +2.2125e+000 +6.9213e-001
2054 +6.170475234e+001 +6.170475234e+001 +7.534475234e+001 +7.534475234e+001 -1.8737e+000 -1.6724e+000 +9.9491e-001 +1.8127e+000 +2.0361e+000 -1.7276e+000 -4.7139e-001 +3.0765e+000 +8.7331e-001 +1.7389e+000
3064 +4.865697615e+001 +4.865697615e+001 +6.229697615e+001 +6.229697615e+001 -1.6337e+000 -1.4155e+000 +1.0397e+000 +1.5001e+000 +9.9194e-001 -1.6118e+000 -3.8146e-001 +2.2527e+000 +1.5819e+000 +1.6334e+000
8978 +4.676709372e+001 +4.676709372e+001 +6.040709372e+001 +6.040709372e+001 -1.3818e+000 -2.2679e+000 +1.6775e+000 +1.7686e+000 +1.3916e+000 -2.8131e+000 -1.1240e+000 +7.7648e-001 +1.5796e+000 +1.4419e+000
27704 +2.683017503e+001 +2.683017503e+001 +4.047017503e+001 +4.047017503e+001 -1.7601e+000 -9.5192e-001 +1.8858e+000 +1.7766e+000 +1.1973e+000 -1.0751e+000 -1.7808e+000 +1.8475e+000 +9.5812e-001 +1.0339e+000
508466 +2.409968679e+001 +2.409968679e+001 +3.773968679e+001 +3.773968679e+001 -7.6922e-001 -1.3215e+000 +1.8350e+000 +1.9382e+000 +2.2977e+000 -9.0710e-001 -1.0077e+000 +1.4573e+000 +1.1161e+000 +1.8045e+000
% function evaluation | noise-free fitness - Fopt (1.948000000000e+002) | best noise-free fitness - Fopt | measured fitness | best measured fitness | x1 | x2...
1 +3.262921648e+004 +3.262921648e+004 +3.282401648e+004 +3.282401648e+004 +4.8328e+000 +9.1935e-001 +2.1914e+000 +1.1374e+000 -2.4959e+000 +2.5232e+000 +6.7944e+000 +1.7560e+000 +6.3938e-001 +2.8696e+000
8 +4.454703876e+002 +4.454703876e+002 +6.402703876e+002 +6.402703876e+002 +3.2818e+000 +5.0785e+000 -2.2445e+000 -8.6148e-001 +2.4438e+000 +6.6343e-002 -4.7395e+000 +3.5240e+000 -1.1995e+000 +3.4302e-001
11 +3.707666887e+002 +3.707666887e+002 +5.655666887e+002 +5.655666887e+002 +2.9106e+000 +3.7596e+000 -2.0873e+000 +7.0973e-001 -4.3727e+000 +1.1736e+000 -2.7796e+000 +4.1180e+000 -2.2149e+000 -2.8867e+000
13 +3.586425664e+002 +3.586425664e+002 +5.534425664e+002 +5.534425664e+002 +3.1668e+000 +4.9806e+000 +3.4445e+000 -4.9487e-001 +1.4504e+000 +2.0662e+000 -2.7981e+000 +4.7615e+000 -5.4949e-001 -1.8532e+000
21 +3.150157405e+002 +3.150157405e+002 +5.098157405e+002 +5.098157405e+002 +3.3348e+000 +3.0008e+000 -2.2197e-001 -5.4706e-001 -2.9704e+000 +1.8256e+000 -3.0321e+000 +4.1995e+000 -3.1107e-001 -6.7762e-001
50 +2.850888468e+002 +2.850888468e+002 +4.798888468e+002 +4.798888468e+002 +4.8424e-002 +1.1104e+000 +1.4508e+000 +1.4652e+000 +1.3039e+000 -1.9405e+000 -2.7722e+000 +4.9057e+000 -6.6950e-001 -2.3554e+000
60 +2.722270985e+002 +2.722270985e+002 +4.670270985e+002 +4.670270985e+002 +2.4068e+000 +3.6844e+000 +4.3433e-003 -3.0701e-001 +6.3843e-002 +7.0064e-001 -1.0580e+000 +4.7555e+000 -4.0843e-001 -2.8652e+000
74 +2.331512457e+002 +2.331512457e+002 +4.279512457e+002 +4.279512457e+002 +1.6079e+000 +3.7084e+000 +6.0601e-001 -7.3530e-001 -2.9078e+000 -8.3377e-002 +1.9804e+000 +4.6826e+000 -2.4056e-001 -1.8276e+000
105 +2.180322845e+002 +2.180322845e+002 +4.128322845e+002 +4.128322845e+002 +4.0607e-001 +2.6465e+000 +2.6529e-001 -5.9761e-001 +3.3288e-001 +2.5114e+000 -2.9371e+000 +2.4914e+000 -1.1687e+000 -2.3171e+000
181 +2.125695514e+002 +2.125695514e+002 +4.073695514e+002 +4.073695514e+002 -4.8327e-001 +3.6078e+000 -1.1173e-002 -1.4510e+000 +1.6210e+000 +1.6437e+000 +2.6563e-001 +4.5036e+000 -6.9272e-001 -3.3488e+000
190 +1.832528931e+002 +1.832528931e+002 +3.780528931e+002 +3.780528931e+002 +1.3254e+000 +1.7479e+000 +3.6721e-001 -3.9883e-001 -5.3995e-001 +1.7703e+000 -1.0026e-001 +1.8014e+000 -9.6494e-001 -2.6248e+000
234 +1.310345888e+002 +1.310345888e+002 +3.258345888e+002 +3.258345888e+002 +2.6237e-001 +1.0918e-001 +1.8215e-001 -1.9328e-001 -4.4386e-001 +1.1284e+000 +4.2993e-001 +2.0542e+000 -1.3247e+000 -3.1396e+000
314 +1.150733208e+002 +1.150733208e+002 +3.098733208e+002 +3.098733208e+002 -2.2053e+000 -4.1046e-001 +1.8604e-001 -9.8662e-001 -6.8010e-001 +1.4180e+000 +1.0656e-001 +1.9192e+000 -1.0090e-001 -3.2533e-001
384 +1.111922525e+002 +1.111922525e+002 +3.059922525e+002 +3.059922525e+002 -1.6155e-002 +8.5905e-002 +5.3921e-001 -9.3704e-001 -1.2274e+000 +1.3669e+000 +1.9393e+000 +2.6619e+000 -1.1663e+000 -1.9722e-001
426 +8.728673911e+001 +8.728673911e+001 +2.820867391e+002 +2.820867391e+002 -2.0152e-001 +6.5805e-001 +8.6292e-001 -1.3689e+000 -6.9315e-001 +2.3371e+000 -1.1765e-003 +2.7465e+000 -8.9484e-001 -1.7508e+000
580 +8.498118934e+001 +8.498118934e+001 +2.797811893e+002 +2.797811893e+002 -1.4338e+000 -1.0787e-001 +5.4921e-001 -1.5111e+000 -2.2086e+000 +3.2257e-001 +1.2469e+000 +2.7423e+000 -4.7006e-001 -2.1956e+000
656 +8.257618526e+001 +8.257618526e+001 +2.773761853e+002 +2.773761853e+002 -8.3473e-001 -4.6803e-001 +4.2064e-001 -1.0547e+000 -1.4549e+000 +4.2940e-001 +1.3960e-001 +2.7449e+000 -5.7340e-001 -1.6381e+000
792 +7.198447681e+001 +7.198447681e+001 +2.667844768e+002 +2.667844768e+002 -1.4515e+000 -1.0931e+000 +1.2147e+000 -2.3710e+000 -9.3217e-001 +8.5137e-001 +1.0797e+000 +1.4644e+000 +7.0643e-001 -7.7229e-001
1073 +4.144306117e+001 +4.144306117e+001 +2.362430612e+002 +2.362430612e+002 -1.1884e+000 -2.4417e+000 +1.6666e+000 -1.2165e+000 -9.4719e-001 +1.0597e+000 +7.5369e-001 +1.3738e+000 -1.2969e+000 -2.3109e+000
22138 +3.836353410e+001 +3.836353410e+001 +2.331635341e+002 +2.331635341e+002 +1.7150e-001 -1.7466e+000 +6.3665e-001 -1.0649e+000 -1.7613e+000 +2.3321e+000 +1.8888e+000 +2.8651e+000 -2.0154e+000 -1.4638e+000
141329 +2.304385766e+001 +2.304385766e+001 +2.178438577e+002 +2.178438577e+002 -1.5779e+000 -2.3075e+000 +1.7129e+000 -9.4826e-001 -1.5706e+000 +2.4768e+000 +9.4984e-001 +1.7712e+000 -1.3742e+000 -1.4722e+000
% function evaluation | noise-free fitness - Fopt (-1.335900000000e+002) | best noise-free fitness - Fopt | measured fitness | best measured fitness | x1 | x2...
1 +3.510276445e+005 +3.510276445e+005 +3.508940545e+005 +3.508940545e+005 +3.6939e+000 +6.7827e+000 +3.3204e+000 -8.6157e+000 +2.4099e+000 -3.8413e+000 -5.7467e+000 -9.2677e+000 -4.2064e+000 +2.4277e+000
2 +3.261484503e+002 +3.261484503e+002 +1.925584503e+002 +1.925584503e+002 +3.1970e+000 +4.9409e+000 +1.9049e+000 -8.3146e-001 -3.3259e-001 +1.2573e+000 -2.1502e+000 +3.8800e+000 -1.4768e+000 +4.3507e+000
34 +3.177462043e+002 +3.177462043e+002 +1.841562043e+002 +1.841562043e+002 +2.6884e+000 +4.5174e+000 -5.6843e-001 +2.0625e+000 -2.5776e+000 -3.5262e+000 +2.0440e+000 +1.9609e+000 -4.4995e-001 +3.4833e+000
35 +2.975098020e+002 +2.975098020e+002 +1.639198020e+002 +1.639198020e+002 -1.4170e+000 +4.8607e+000 +2.7028e+000 -4.1399e+000 +1.3254e-002 -1.1835e+000 -4.2362e+000 +2.7476e-001 -3.9648e+000 +3.7062e+000
60 +2.712764853e+002 +2.712764853e+002 +1.376864853e+002 +1.376864853e+002 -7.6221e-001 +3.6200e+000 +3.7574e+000 +2.5155e-001 -3.5793e+000 -4.4667e+000 -2.5884e+000 +1.1984e-001 -2.8748e+000 +2.8388e+000
121 +2.686735049e+002 +2.686735049e+002 +1.350835049e+002 +1.350835049e+002 +1.7533e+000 -3.0650e+000 +4.2814e+000 -4.9422e-002 +2.6914e+000 +3.9892e-001 -2.0902e+000 +6.4890e-002 -1.5029e+000 +2.2794e+000
170 +2.426963589e+002 +2.426963589e+002 +1.091063589e+002 +1.091063589e+002 +1.6259e+000 +3.7110e+000 +4.8910e+000 +1.4976e+000 +4.1534e-001 +6.1789e-001 -4.2021e-001 +2.5946e+000 -3.0717e+000 +1.2894e+000
171 +2.238027580e+002 +2.238027580e+002 +9.021275795e+001 +9.021275795e+001 +1.3276e+000 +1.9976e+000 +1.3288e+000 +1.1893e+000 +1.6902e-001 -1.3111e+000 -1.7164e+000 -4.6580e-001 -3.4126e+000 +2.5498e+000
179 +1.776313319e+002 +1.776313319e+002 +4.404133192e+001 +4.404133192e+001 +1.2653e+000 +2.2806e+000 +2.4193e+000 -1.6636e+000 -1.8360e+000 -9.9363e-001 -3.7249e+000 -8.5116e-001 -1.9234e+000 +3.0659e+000
203 +1.717005514e+002 +1.717005514e+002 +3.811055136e+001 +3.811055136e+001 +8.0020e-001 +1.1065e+000 +3.0144e+000 -1.3840e+000 -1.9357e+000 -1.6234e+000 -3.7204e+000 -5.6877e-001 -9.1723e-001 +2.8474e-001
262 +1.685149164e+002 +1.685149164e+002 +3.492491636e+001 +3.492491636e+001 +1.6035e+000 +1.6465e+000 +6.9167e-002 -1.0156e+000 -2.9319e+000 -1.5386e+000 -1.6014e+000 -2.5298e-001 -2.2064e+000 +2.1779e+000
268 +1.547128091e+002 +1.547128091e+002 +2.112280911e+001 +2.112280911e+001 +3.3650e+000 -1.5100e-001 +5.6761e-001 -1.1837e+000 +2.4648e+000 +3.9356e-001 -2.0832e+000 -4.7534e-001 +1.7571e+000 -8.9139e-001
317 +1.456263809e+002 +1.456263809e+002 +1.203638089e+001 +1.203638089e+001 -2.5111e+000 +2.4428e+000 +9.0345e-001 -2.1141e+000 -8.0531e-001 -2.0272e+000 +5.9870e-001 -7.9487e-001 -2.0309e+000 -4.4588e-001
343 +1.153361134e+002 +1.153361134e+002 -1.825388660e+001 -1.825388660e+001 +6.2341e-001 +3.6820e-001 +2.7338e-001 -2.4064e+000 -3.7437e+000 +7.1788e-001 +1.4553e+000 -5.7450e-002 -2.5663e+000 +8.7096e-002
423 +8.929991226e+001 +8.929991226e+001 -4.429008774e+001 -4.429008774e+001 +1.4498e-001 +2.9154e-001 +1.1074e+000 -1.5100e+000 -2.1678e+000 +5.9961e-001 +1.6190e+000 -2.6101e+000 -2.6554e+000 +1.5856e+000
475 +8.608701139e+001 +8.608701139e+001 -4.750298861e+001 -4.750298861e+001 -4.8293e-001 +9.5152e-001 -2.7013e-001 -2.0951e+000 -1.4476e+000 +1.3796e+000 +2.6305e+000 -1.7242e+000 -2.1972e+000 +5.1232e-001
571 +4.726402055e+001 +4.726402055e+001 -8.632597945e+001 -8.632597945e+001 -6.4024e-001 +3.2000e-001 +1.4082e+000 -9.5221e-001 -2.1534e+000 +6.5449e-001 +1.8046e+000 -1.6269e+000 -2.5568e+000 +6.1408e-001
2653 +4.569197013e+001 +4.569197013e+001 -8.789802987e+001 -8.789802987e+001 -1.9624e+000 +1.6867e+000 +1.8939e+000 -1.0582e+000 -9.3744e-001 +5.4824e-001 +1.8750e+000 -1.5958e+000 -1.0924e+000 +2.0956e+000
13048 +2.240260964e+001 +2.240260964e+001 -1.111873904e+002 -1.111873904e+002 -7.5380e-001 +1.7896e+000 +1.8375e+000 -1.7670e+000 -1.6876e+000 +1.1418e+000 +1.3883e+000 -1.4780e+000 -1.6431e+000 +7.2889e-001
% function evaluation | noise-free fitness - Fopt (1.955000000000e+001) | best noise-free fitness - Fopt | measured fitness | best measured fitness | x1 | x2...
1 +6.267004949e+005 +6.267004949e+005 +6.267200449e+005 +6.267200449e+005 +9.2362e-001 +9.2972e+000 +1.0129e+001 +9.2176e+000 -2.1597e+000 +7.0725e-001 -2.4475e+000 -1.5881e+000 -4.7197e+000 +4.7562e+000
2 +2.142974871e+004 +2.142974871e+004 +2.144929871e+004 +2.144929871e+004 -4.7769e+000 +3.7637e+000 +4.6259e+000 -1.3810e+000 -7.5336e-001 +1.5351e+000 +1.8192e+000 -1.2891e+000 +6.4501e+000 -4.1726e+000
8 +4.321367213e+002 +4.321367213e+002 +4.516867213e+002 +4.516867213e+002 -3.0775e+000 +4.6081e+000 +4.5648e+000 -2.8227e+000 -2.0513e+000 +4.4887e+000 -2.2802e+000 -3.9606e+000 +6.1504e-001 -4.3303e-001
19 +3.373929716e+002 +3.373929716e+002 +3.569429716e+002 +3.569429716e+002 -4.1280e+000 +5.6216e-001 +3.1337e+000 -2.5654e+000 -2.0319e+000 +3.4302e+000 -3.8855e+000 -1.7608e+000 +1.1244e+000 -1.3201e+000
80 +2.728558493e+002 +2.728558493e+002 +2.924058493e+002 +2.924058493e+002 -2.7633e+000 +1.9101e+000 +3.7027e+000 -2.4278e+000 -1.6023e+000 +2.8622e+000 -2.0320e+000 -4.7794e+000 +1.8780e+000 -2.2882e-001
111 +2.236317491e+002 +2.236317491e+002 +2.431817491e+002 +2.431817491e+002 -2.6072e+000 +2.0472e+000 +3.0885e+000 -3.2665e+000 -2.5625e+000 +2.0792e+000 +3.9009e-001 -9.9088e-002 +2.2346e+000 -3.9976e-001
132 +1.958108253e+002 +1.958108253e+002 +2.153608253e+002 +2.153608253e+002 -4.0482e+000 +1.3514e+000 +4.1553e+000 -1.2346e+000 -1.0027e+000 +2.8677e+000 +7.5291e-001 -1.3348e+000 +2.3261e+000 +6.9012e-001
258 +1.699887949e+002 +1.699887949e+002 +1.895387949e+002 +1.895387949e+002 -2.9018e+000 +5.8164e-001 +2.5204e+000 -1.6950e+000 +3.0353e-001 +1.2988e+000 -7.4072e-001 -2.8345e+000 +2.9607e+000 -2.4112e-001
288 +1.690078621e+002 +1.690078621e+002 +1.885578621e+002 +1.885578621e+002 -2.3980e+000 +5.2630e-001 +2.5689e+000 -8.6120e-001 -3.9992e-001 +1.8657e+000 -1.4100e-001 -2.0737e+000 +3.4182e+000 -7.8361e-001
357 +1.638523023e+002 +1.638523023e+002 +1.834023023e+002 +1.834023023e+002 -2.4229e+000 +1.1154e-001 +2.2716e+000 -2.0703e+000 -4.9060e-001 +1.5361e-001 -3.9229e-001 -3.6086e+000 -1.6584e+000 -5.8346e-001
402 +1.566969354e+002 +1.566969354e+002 +1.762469354e+002 +1.762469354e+002 -4.9358e-001 +1.2744e+000 +6.3606e-001 -1.2363e+000 +8.4366e-001 +2.3886e-001 -9.1623e-001 -1.7048e+000 +6.8987e-001 +6.9590e-002
414 +1.478675003e+002 +1.478675003e+002 +1.674175003e+002 +1.674175003e+002 -1.8521e+000 +1.0275e+000 +7.0199e-001 -8.9977e-001 +2.9878e-002 +1.2005e+000 -5.8897e-001 -2.0168e+000 +1.4594e+000 -2.0474e-001
458 +1.202242403e+002 +1.202242403e+002 +1.397742403e+002 +1.397742403e+002 -3.0938e+000 +1.1219e+000 +1.5270e+000 -6.3298e-001 +1.0043e-001 +2.0518e-001 -3.1629e-001 -2.2267e+000 +7.6951e-001 +1.2408e+000
585 +1.154630673e+002 +1.154630673e+002 +1.350130673e+002 +1.350130673e+002 -9.2237e-001 -1.7696e-001 -4.9392e-001 +2.0678e+000 -1.3376e+000 +9.1106e-001 -6.8122e-001 +1.7678e-001 -1.4398e-001 +9.4240e-001
616 +1.129849637e+002 +1.129849637e+002 +1.325349637e+002 +1.325349637e+002 -2.0907e+000 -3.8291e-001 +4.1164e-001 -3.0669e+000 +6.0551e-001 +9.3475e-001 -1.7909e-001 -2.1497e+000 -1.0456e-001 +3.4137e-001
730 +1.074071623e+002 +1.074071623e+002 +1.269571623e+002 +1.269571623e+002 -8.7625e-001 -1.2035e+000 +1.1574e+000 -3.6668e+000 +6.2146e-001 +9.1495e-001 -2.3738e-001 -1.4948e+000 +1.4767e+000 +7.4852e-001
788 +8.935635470e+001 +8.935635470e+001 +1.089063547e+002 +1.089063547e+002 -1.8344e+000 -1.0857e+000 +1.2853e+000 -7.6734e-001 +7.9023e-001 +1.0167e+000 +2.5457e-001 -1.0576e+000 +1.1100e+000 +1.0507e+000
936 +8.819390023e+001 +8.819390023e+001 +1.077439002e+002 +1.077439002e+002 -1.3668e+000 -2.5031e+000 +1.7221e+000 -2.4348e+000 +7.0875e-001 +2.5718e-002 +2.5272e-001 -3.7566e-001 +9.3400e-001 +2.4608e-001
937 +7.357512139e+001 +7.357512139e+001 +9.312512139e+001 +9.312512139e+001 -2.1160e+000 -1.2076e+000 +2.0095e+000 -1.2286e+000 +8.9867e-001 +4.2869e-001 -1.3846e-001 -1.0208e+000 +9.3889e-001 +1.6392e+000
1453 +7.177776333e+001 +7.177776333e+001 +9.132776333e+001 +9.132776333e+001 -1.1513e+000 -1.0768e+000 +3.5864e+000 -5.7771e-001 +1.4627e+000 -1.6610e+000 +1.0586e+000 -1.5862e+000 +1.6568e+000 +7.1810e-001
1514 +6.952708772e+001 +6.952708772e+001 +8.907708772e+001 +8.907708772e+001 -2.1484e+000 -1.2208e+000 +2.2895e+000 +4.3807e-001 +1.6403e+000 -1.3886e+000 +1.6391e+000 -1.3732e+000 +1.7942e+000 +1.3339e+000
1786 +6.674228647e+001 +6.674228647e+001 +8.629228647e+001 +8.629228647e+001 -1.4825e+000 -1.2286e+000 +1.0938e+000 -2.1079e+000 +1.3171e+000 -1.1836e+000 +1.3155e+000 -1.0532e+000 +1.8865e+000 +1.9404e+000
1790 +5.498250049e+001 +5.498250049e+001 +7.453250049e+001 +7.453250049e+001 -1.5303e+000 -1.3842e+000 +1.7388e+000 -1.3652e+000 +1.2811e+000 -7.6099e-001 +8.1519e-002 -1.2290e+000 +1.3725e+000 +2.0208e+000
1796 +5.068352998e+001 +5.068352998e+001 +7.023352998e+001 +7.023352998e+001 -1.8289e+000 -1.2638e+000 +2.1829e+000 -1.5667e+000 +1.3358e+000 -1.3121e+000 +1.0491e+000 -4.0771e-001 +1.5823e+000 +1.4120e+000
2030 +3.963333550e+001 +3.963333550e+001 +5.918333550e+001 +5.918333550e+001 -2.2138e+000 -8.7310e-001 +1.5053e+000 -1.2065e+000 +1.7611e+000 -1.9805e+000 +1.8138e+000 -5.9022e-001 +1.5086e+000 +9.5601e-001
174068 +3.781844592e+001 +3.781844592e+001 +5.736844592e+001 +5.736844592e+001 -6.7939e-001 -2.1961e+000 +1.5563e+000 -1.2046e+000 +1.4313e+000 -2.8285e+000 +1.6977e+000 -2.0113e+000 +1.1977e+000 +2.2653e+000
205218 +3.375340022e+001 +3.375340022e+001 +5.330340022e+001 +5.330340022e+001 -1.4545e+000 -1.3538e+000 +1.8574e+000 -1.8784e+000 +8.1235e-001 -2.0941e+000 +2.2611e+000 -1.7111e+000 +2.4040e+000 +1.0807e+000
450690 +3.129010502e+001 +3.129010502e+001 +5.084010502e+001 +5.084010502e+001 -9.0251e-001 -1.3619e+000 +1.7524e+000 -1.6326e+000 +1.5446e+000 -9.5935e-001 +1.2362e+000 -2.1189e+000 +1.4370e+000 +1.2683e+000
% function evaluation | noise-free fitness - Fopt (-1.307000000000e+001) | best noise-free fitness - Fopt | measured fitness | best measured fitness | x1 | x2...
1 +2.445009624e+004 +2.445009624e+004 +2.443702624e+004 +2.443702624e+004 -1.6482e+000 +2.6463e+000 -2.4476e+000 -1.3443e+000 +3.2052e+000 +6.5479e+000 -5.6352e-001 -4.4329e+000 +4.8981e+000 +4.8529e+000
2 +6.202701446e+003 +6.202701446e+003 +6.189631446e+003 +6.189631446e+003 -5.2179e+000 +3.4124e+000 -2.0015e+000 +7.9488e-001 +6.0829e-002 +1.4096e+000 -4.7526e-001 -3.2579e+000 +3.0554e+000 +5.7303e+000
3 +1.356103005e+003 +1.356103005e+003 +1.343033005e+003 +1.343033005e+003 -3.9395e+000 +4.1225e+000 -2.4865e+000 +4.5711e+000 -6.9899e-001 +2.2944e+000 -1.4154e-001 -3.9218e+000 +5.3125e+000 +3.4577e+000
16 +4.991530198e+002 +4.991530198e+002 +4.860830198e+002 +4.860830198e+002 -1.9687e+000 +1.2939e+000 -5.0611e+000 +5.0401e+000 -4.8561e+000 +3.3934e+000 -3.7914e+000 -4.3124e+000 +4.6104e+000 +2.6221e+000
32 +3.005699797e+002 +3.005699797e+002 +2.874999797e+002 +2.874999797e+002 -2.9321e+000 +3.4987e+000 -2.4839e+000 +2.7768e+000 +5.5818e-001 +2.4205e+000 +3.3517e+000 -3.2651e+000 +3.0342e+000 +1.1737e+000
46 +2.604448368e+002 +2.604448368e+002 +2.473748368e+002 +2.473748368e+002 -9.4827e-001 +6.9707e-001 -2.1849e-001 +3.8891e+000 -1.5235e+000 +1.1105e+000 -1.5533e+000 -2.3548e+000 -3.8575e-001 +3.7809e+000
54 +1.819361837e+002 +1.819361837e+002 +1.688661837e+002 +1.688661837e+002 -2.2911e+000 +1.8738e+000 -1.8996e+000 +3.9820e+000 -8.2344e-001 +5.4225e-001 +5.6686e-001 +6.0291e-001 +4.0036e-002 +3.2023e-002
162 +1.765276055e+002 +1.765276055e+002 +1.634576055e+002 +1.634576055e+002 -1.4141e+000 -1.5984e+000 -2.0198e+000 +2.4000e+000 +1.6528e+000 +3.0961e+000 -6.6913e-001 +3.5940e+000 +2.9705e+000 -2.1319e+000
262 +1.517599125e+002 +1.517599125e+002 +1.386899125e+002 +1.386899125e+002 -8.6255e-001 -1.5464e+000 -6.9232e-001 +1.7577e+000 +3.5858e-001 +3.2641e+000 -1.0061e+000 +1.6267e+000 +1.1574e+000 +2.7030e+000
410 +1.456471237e+002 +1.456471237e+002 +1.325771237e+002 +1.325771237e+002 -1.2102e+000 +5.3829e-001 -5.2469e-001 +2.1586e+000 +8.4326e-001 +1.8151e+000 -3.1924e-001 +1.9177e-001 +1.5730e-001 +6.7845e-002
458 +1.032410844e+002 +1.032410844e+002 +9.017108435e+001 +9.017108435e+001 -1.7023e+000 +7.2647e-001 -1.4292e+000 +2.7633e+000 -6.2683e-002 +2.1422e+000 -5.7289e-001 +3.3074e+000 +4.2387e-001 -1.2852e+000
807 +9.764068672e+001 +9.764068672e+001 +8.457068672e+001 +8.457068672e+001 -1.1600e+000 +5.0002e-001 -9.2488e-001 +1.7684e+000 -6.3729e-001 +1.8538e+000 +5.8901e-001 +8.8721e-001 +8.6500e-001 -1.4283e+000
858 +9.103874031e+001 +9.103874031e+001 +7.796874031e+001 +7.796874031e+001 -1.0908e+000 +1.6776e+000 -1.5398e-001 +2.2141e+000 -1.5709e+000 +1.0454e+000 -1.6772e+000 +9.6240e-001 -7.1950e-001 -1.0416e+000
879 +8.758530016e+001 +8.758530016e+001 +7.451530016e+001 +7.451530016e+001 -4.2861e-001 +1.4076e+000 -5.2975e-001 +2.0209e+000 -6.2785e-001 +6.2828e-001 -1.6893e+000 +9.9704e-001 +8.0968e-001 -1.2868e+000
962 +7.078367346e+001 +7.078367346e+001 +5.771367346e+001 +5.771367346e+001 -1.8312e+000 +1.0942e+000 -3.5998e-001 +2.0499e+000 -5.2734e-001 +2.7798e-001 -1.0140e+000 +7.4500e-001 +1.5120e+000 -1.2311e+000
1405 +6.295029627e+001 +6.295029627e+001 +4.988029627e+001 +4.988029627e+001 -2.1574e+000 +2.2951e+000 +1.4172e+000 +1.4911e+000 -6.3035e-001 +1.2229e+000 +3.9323e-002 +1.5846e+000 +1.7251e+000 -1.2484e+000
2075 +5.559943003e+001 +5.559943003e+001 +4.252943003e+001 +4.252943003e+001 -2.0925e+000 +2.1097e+000 +1.0511e+000 +1.2286e+000 -1.3219e+000 +1.2299e+000 -1.2332e+000 +6.1416e-001 +1.4934e+000 -2.1695e+000
2099 +5.402833574e+001 +5.402833574e+001 +4.095833574e+001 +4.095833574e+001 -1.5828e+000 +1.5036e+000 +1.3842e+000 +4.8136e-001 -1.5818e+000 +1.1066e+000 -1.3357e+000 +1.8666e+000 +2.6648e-001 -1.6380e+000
2791 +4.476115460e+001 +4.476115460e+001 +3.169115460e+001 +3.169115460e+001 -1.7372e+000 +1.7765e+000 +1.6207e-001 +1.4814e+000 -1.4115e+000 +2.2867e+000 -1.3140e+000 +1.3093e+000 +2.0423e+000 -2.1915e+000
21408 +3.322472856e+001 +3.322472856e+001 +2.015472856e+001 +2.015472856e+001 -1.5654e+000 +2.1957e+000 +1.6748e+000 +1.0450e+000 -1.4695e+000 +1.3373e+000 -1.7121e+000 +1.7314e+000 +2.3180e+000 -7.6990e-001
990084 +2.861384523e+001 +2.861384523e+001 +1.554384523e+001 +1.554384523e+001 -9.1402e-001 +1.5774e+000 +1.5174e+000 +1.4232e+000 -1.5418e+000 +1.2878e+000 -1.1880e+000 +1.3778e+000 +1.9822e+000 -9.3517e-001
% function evaluation | noise-free fitness - Fopt (7.965000000000e+001) | best noise-free fitness - Fopt | measured fitness | best measured fitness | x1 | x2...
1 +3.627527994e+002 +3.627527994e+002 +4.424027994e+002 +4.424027994e+002 -1.6215e+000 +9.4891e-001 -4.6384e+000 -6.3681e-001 +3.7456e-002 -3.3270e+000 -1.0125e+000 +1.0058e+000 +3.4544e+000 -3.2690e+000
22 +2.678975574e+002 +2.678975574e+002 +3.475475574e+002 +3.475475574e+002 -1.2113e+000 +3.0213e+000 -7.9642e-001 -3.5489e+000 +2.2097e+000 -8.0144e-001 -2.1741e+000 -1.6046e+000 -1.5843e+000 +2.8291e-001
95 +2.059390234e+002 +2.059390234e+002 +2.855890234e+002 +2.855890234e+002 -3.9136e+000 -4.5443e-001 -4.4894e+000 -5.5771e-001 +2.0821e+000 -1.9236e+000 -4.0876e-001 -3.0595e+000 +1.4366e+000 -9.5926e-001
145 +1.570953837e+002 +1.570953837e+002 +2.367453837e+002 +2.367453837e+002 -2.0674e+000 +7.5064e-001 -3.3202e+000 +1.5558e+000 +2.7255e-001 -2.5638e+000 -2.7343e-002 -4.4077e-001 +1.7769e+000 -1.0382e-001
251 +1.313347320e+002 +1.313347320e+002 +2.109847320e+002 +2.109847320e+002 +1.4384e+000 -1.2928e+000 +1.0467e+000 +2.1791e+000 +1.0161e+000 -1.6855e+000 -4.8586e+000 +3.6669e-001 -5.4940e-001 -1.4052e+000
502 +1.124257800e+002 +1.124257800e+002 +1.920757800e+002 +1.920757800e+002 +5.4248e-001 -4.0299e-001 +5.8935e-001 +1.6139e+000 +1.6192e+000 -1.3322e+000 -2.9655e+000 +1.1791e+000 -7.6555e-001 -2.1750e+000
523 +9.700196081e+001 +9.700196081e+001 +1.766519608e+002 +1.766519608e+002 +1.4392e+000 +2.8755e+000 +1.7082e+000 +2.4880e+000 +1.5518e-001 +9.2123e-001 -3.1511e+000 +1.1131e+000 -6.4762e-001 -2.4408e+000
684 +8.638941130e+001 +8.638941130e+001 +1.660394113e+002 +1.660394113e+002 +1.1630e+000 +2.0917e+000 +1.3349e+000 +1.0645e+000 +1.1038e+000 +1.7049e+000 -3.0976e-001 +1.3812e+000 -7.4500e-001 -1.4020e+000
840 +8.063290838e+001 +8.063290838e+001 +1.602829084e+002 +1.602829084e+002 -1.5909e+000 +1.6406e+000 +2.0793e+000 +2.0255e+000 +1.0716e+000 +7.6447e-001 -8.4765e-001 +1.8919e+000 -1.1950e+000 -1.2695e+000
887 +7.373133588e+001 +7.373133588e+001 +1.533813359e+002 +1.533813359e+002 +2.4225e+000 +6.2733e-001 +2.2894e+000 +8.4866e-001 +1.3382e+000 +2.7521e-001 -1.2927e+000 +3.2780e-001 -4.4962e-001 -6.6684e-001
1519 +7.220035935e+001 +7.220035935e+001 +1.518503593e+002 +1.518503593e+002 +3.8679e-001 +1.4157e+000 +1.4895e+000 +2.2032e+000 +1.6285e+000 +1.0507e+000 -1.6447e+000 +1.2697e+000 -2.1617e+000 -1.2897e+000
2624 +6.893218575e+001 +6.893218575e+001 +1.485821858e+002 +1.485821858e+002 +9.8904e-001 -8.9061e-001 +2.0738e+000 +1.0078e+000 +9.3468e-001 +9.7890e-001 -1.8213e+000 +2.1701e+000 -1.0952e+000 -2.0778e+000
2983 +6.754105423e+001 +6.754105423e+001 +1.471910542e+002 +1.471910542e+002 +1.7581e+000 +1.6613e+000 +2.3300e+000 +1.7218e+000 +1.1244e+000 +1.1234e+000 -1.6919e+000 +3.2168e+000 -1.4533e+000 -1.2093e+000
3045 +6.236351974e+001 +6.236351974e+001 +1.420135197e+002 +1.420135197e+002 +1.2614e+000 +1.0469e+000 +3.1160e+000 +1.1115e+000 +1.3853e+000 +2.1604e+000 -1.5738e+000 +1.8493e+000 -1.1299e+000 -1.5516e+000
3657 +5.074143869e+001 +5.074143869e+001 +1.303914387e+002 +1.303914387e+002 +1.1018e+000 +1.0403e+000 +1.1797e+000 +2.6771e+000 +1.9938e+000 +1.0032e+000 -1.9198e+000 +2.3434e+000 -1.6468e+000 -1.3437e+000
8651 +4.744815783e+001 +4.744815783e+001 +1.270981578e+002 +1.270981578e+002 +1.4386e+000 +1.9345e+000 +1.6782e+000 +3.1437e-001 +1.7622e+000 +2.3661e+000 -1.8657e+000 +1.2977e+000 -1.1778e+000 -2.0555e+000
14907 +4.186236275e+001 +4.186236275e+001 +1.215123627e+002 +1.215123627e+002 +1.5854e+000 +2.1207e+000 +1.2774e+000 +1.3431e+000 +2.0884e+000 +1.8348e+000 -1.2909e+000 +1.8366e+000 -1.4616e+000 -2.8986e+000
104833 +4.097238415e+001 +4.097238415e+001 +1.206223842e+002 +1.206223842e+002 +1.8263e+000 +1.3541e+000 +1.1382e+000 +4.4703e-001 +1.0833e+000 +2.4647e+000 -2.3267e+000 +9.4883e-001 -1.6922e+000 -1.2125e+000
109152 +3.647660871e+001 +3.647660871e+001 +1.161266087e+002 +1.161266087e+002 +1.8836e+000 +1.4390e+000 +5.3916e-001 +9.3128e-001 +1.2411e+000 +1.3163e+000 -1.9546e+000 +1.7568e+000 -1.0197e+000 -2.2049e+000
156715 +3.247311640e+001 +3.247311640e+001 +1.121231164e+002 +1.121231164e+002 +1.1458e+000 +1.6205e+000 +1.8410e+000 +1.1890e+000 +1.8498e+000 +1.5741e+000 -8.6803e-001 +1.3504e+000 -7.6544e-001 -2.1517e+000
260667 +3.151545867e+001 +3.151545867e+001 +1.111654587e+002 +1.111654587e+002 +1.4138e+000 +1.7138e+000 +2.0102e+000 +1.6121e+000 +1.6219e+000 +1.9954e+000 -1.8254e+000 +1.6298e+000 -1.7764e+000 -1.2503e+000
% function evaluation | noise-free fitness - Fopt (1.160000000000e+000) | best noise-free fitness - Fopt | measured fitness | best measured fitness | x1 | x2...
1 +3.318520080e+005 +3.318520080e+005 +3.318531680e+005 +3.318531680e+005 -1.6772e+000 -5.5452e+000 -1.9598e+000 +6.9477e+000 -8.9367e-001 +3.5098e-001 -7.5541e+000 -9.7431e+000 +1.1150e+000 +1.0779e+000
2 +2.085544965e+005 +2.085544965e+005 +2.085556565e+005 +2.085556565e+005 +1.6572e+000 -2.2390e+000 -1.9115e+000 +5.3147e+000 -4.9852e+000 -3.2467e+000 +9.2265e+000 -6.6457e+000 -5.3117e+000 +1.8814e+000
4 +2.511590718e+004 +2.511590718e+004 +2.511706718e+004 +2.511706718e+004 -4.6740e+000 -4.9366e+000 -1.3595e+000 +6.5666e+000 -3.6010e+000 -2.4293e-001 +8.7605e-001 -6.5042e-001 +4.7608e+000 +4.3956e+000
16 +9.671468085e+003 +9.671468085e+003 +9.672628085e+003 +9.672628085e+003 -5.9570e+000 -4.4878e+000 -6.3386e-001 +2.2824e+000 -3.8060e+000 -3.5402e+000 -1.8444e+000 -3.5210e+000 +5.0305e+000 +4.2559e+000
28 +9.387943723e+003 +9.387943723e+003 +9.389103723e+003 +9.389103723e+003 -2.3682e+000 -3.1274e+000 -5.3666e-001 +5.8809e+000 -3.2844e+000 -3.8437e+000 +1.7057e+000 -5.3334e+000 +2.4043e-001 +1.6379e+000
39 +6.013665946e+003 +6.013665946e+003 +6.014825946e+003 +6.014825946e+003 -2.5793e+000 -5.3672e+000 -1.2835e+000 +5.0575e+000 -4.8916e+000 -2.6058e+000 +1.7776e-001 -5.6457e+000 +2.0615e+000 -4.1032e-001
49 +1.320556554e+003 +1.320556554e+003 +1.321716554e+003 +1.321716554e+003 +8.9363e-001 -4.9060e+000 +4.2325e-001 +4.4879e+000 +4.6303e-001 -2.7574e+000 +5.2911e+000 -2.7379e+000 +4.2608e+000 +3.0325e+000
58 +4.380521198e+002 +4.380521198e+002 +4.392121198e+002 +4.392121198e+002 -1.2032e+000 -3.8735e+000 -4.3500e+000 +1.8792e+000 -2.2363e+000 -8.9987e-001 +2.0091e+000 -4.5027e+000 +4.5850e+000 +2.2935e+000
66 +4.252866729e+002 +4.252866729e+002 +4.264466729e+002 +4.264466729e+002 -1.0787e+000 -4.8608e+000 +1.4812e-001 +4.4334e+000 -4.4757e+000 -3.2365e+000 +1.3573e+000 -4.3328e+000 +2.4406e+000 -3.5101e-001
68 +2.506876703e+002 +2.506876703e+002 +2.518476703e+002 +2.518476703e+002 +1.8844e+000 +2.6187e+000 -1.6011e+000 +1.9258e+000 -2.4058e+000 -4.5843e-001 -2.2261e+000 -1.2744e+000 -3.2489e+000 -2.2003e-001
106 +2.088492997e+002 +2.088492997e+002 +2.100092997e+002 +2.100092997e+002 -1.5259e+000 -2.9618e+000 +5.0703e-001 -3.7703e-001 -3.6907e-001 -3.8074e-001 -4.7552e+000 -1.6507e+000 -6.3970e-001 -1.8411e+000
190 +1.825002585e+002 +1.825002585e+002 +1.836602585e+002 +1.836602585e+002 -4.1212e-001 -1.6427e+000 -1.5976e+000 +1.7388e+000 -1.4916e+000 -1.1254e+000 -3.8404e-001 -2.9227e+000 +3.7114e-001 -4.0780e-001
235 +1.801580693e+002 +1.801580693e+002 +1.813180693e+002 +1.813180693e+002 -5.9408e-001 -1.0927e+000 +1.7868e+000 +1.5296e+000 -1.9431e+000 -4.4128e-001 -1.3775e+000 -1.2445e+000 +3.3193e-001 -7.9714e-001
261 +1.460047873e+002 +1.460047873e+002 +1.471647873e+002 +1.471647873e+002 +1.2177e+000 -2.2448e+000 +2.5945e-001 +8.0911e-001 -9.3667e-001 +4.7343e-001 -1.4073e+000 -8.7221e-001 +1.1067e+000 -1.1562e+000
362 +1.313428232e+002 +1.313428232e+002 +1.325028232e+002 +1.325028232e+002 -7.4950e-001 +1.7509e+000 -1.9098e-001 +2.2235e-001 -7.4950e-001 +1.3103e-001 -1.7285e+000 -1.7646e-001 +3.8261e-002 -1.3155e+000
400 +1.001925149e+002 +1.001925149e+002 +1.013525149e+002 +1.013525149e+002 +4.2239e-001 -7.6638e-001 -7.0284e-002 +4.5043e-001 -1.7099e+000 -5.2047e-001 -1.8782e+000 -9.2223e-001 +1.1177e+000 -1.3288e+000
483 +9.126115355e+001 +9.126115355e+001 +9.242115355e+001 +9.242115355e+001 -1.8472e+000 +1.2829e+000 +1.6485e+000 +6.6061e-001 -1.1303e+000 +3.4461e+000 -1.2167e+000 +1.5491e-001 +7.4509e-001 -1.8781e+000
550 +6.428392589e+001 +6.428392589e+001 +6.544392589e+001 +6.544392589e+001 -1.4866e+000 +1.3413e+000 +5.4222e-001 -3.7512e-001 -1.1282e+000 +1.8992e+000 -1.7216e+000 -3.4889e-001 +5.3244e-001 -2.0461e+000
1601 +5.636513131e+001 +5.636513131e+001 +5.752513131e+001 +5.752513131e+001 -1.8568e+000 +1.1448e+000 +1.2236e+000 -1.7704e+000 -1.2537e+000 +9.4124e-001 -1.2884e+000 -1.6465e+000 +1.7356e+000 -2.5290e-001
2948 +5.229148902e+001 +5.229148902e+001 +5.345148902e+001 +5.345148902e+001 -4.9205e-001 +1.6591e+000 +3.4742e-001 -1.2268e+000 -1.0577e+000 +1.9150e+000 -9.7823e-001 -1.6889e+000 +1.6836e+000 -1.6124e+000
5219 +4.640643977e+001 +4.640643977e+001 +4.756643977e+001 +4.756643977e+001 -1.3514e+000 +1.0489e+000 +1.4131e+000 -1.5175e-001 -1.3383e+000 +4.8028e-001 -1.7753e+000 -1.7652e+000 +1.2899e+000 -1.3322e+000
32514 +4.289189507e+001 +4.289189507e+001 +4.405189507e+001 +4.405189507e+001 -1.0984e+000 +7.4053e-001 +2.3883e+000 -2.1125e+000 -1.6447e+000 +1.1001e+000 -1.6271e+000 -1.3634e+000 +1.6208e+000 -1.6734e+000
40154 +3.878234961e+001 +3.878234961e+001 +3.994234961e+001 +3.994234961e+001 -1.0073e+000 +1.5368e+000 +1.7161e+000 -1.2184e+000 -1.1932e+000 +1.6831e+000 +1.8148e-001 -1.3048e+000 +7.8849e-001 -6.2605e-001
189747 +3.762444120e+001 +3.762444120e+001 +3.878444120e+001 +3.878444120e+001 -6.9267e-001 +1.7776e+000 +1.0971e+000 -2.2381e+000 -7.0677e-001 +1.5090e+000 -1.4754e+000 -1.0396e+000 +2.3223e+000 -5.4049e-001
396277 +2.787045197e+001 +2.787045197e+001 +2.903045197e+001 +2.903045197e+001 -2.7445e-001 +1.4156e+000 +1.5178e+000 -2.4689e+000 -1.7203e+000 +1.7813e+000 -7.3914e-001 -1.1043e+000 +2.2922e+000 -1.0358e+000
% function evaluation | noise-free fitness - Fopt (2.407100000000e+002) | best noise-free fitness - Fopt | measured fitness | best measured fitness | x1 | x2...
1 +2.044669922e+005 +2.044669922e+005 +2.047077022e+005 +2.047077022e+005 +4.5742e+000 +4.3488e+000 -1.8730e+000 +3.5130e+000 +7.5691e+000 -5.8811e-001 -5.9039e+000 +8.3922e+000 -4.8777e-001 -6.2053e+000
2 +3.807644602e+002 +3.807644602e+002 +6.214744602e+002 +6.214744602e+002 +3.2294e+000 +3.2899e+000 -4.9103e+000 -1.6354e-001 +4.8794e+000 -2.5814e-001 -2.9969e+000 +3.4258e+000 +2.6926e-002 +4.4334e+000
30 +2.029886181e+002 +2.029886181e+002 +4.436986181e+002 +4.436986181e+002 +3.0164e+000 +9.9907e-001 -3.4975e+000 +2.5371e+000 -8.6929e-001 -4.3424e-001 -5.9465e-001 +4.0073e+000 +1.1958e+000 -2.5013e-001
56 +1.962755319e+002 +1.962755319e+002 +4.369855319e+002 +4.369855319e+002 +2.6894e+000 -9.8528e-001 -2.4121e+000 +7.1072e-002 +3.3649e+000 -2.3381e+000 -1.7333e+000 +2.2549e+000 -2.7342e-001 -6.6204e-001
76 +1.922454867e+002 +1.922454867e+002 +4.329554867e+002 +4.329554867e+002 +7.0481e-001 +4.7273e+000 -3.2270e+000 +4.0468e-001 +2.0144e+000 +2.1949e+000 +9.6435e-001 +4.2957e+000 +1.1646e+000 -4.0945e-001
138 +1.596213461e+002 +1.596213461e+002 +4.003313461e+002 +4.003313461e+002 -7.4976e-001 +6.1732e-001 -7.9179e-001 +1.4997e+000 -1.7785e+000 -1.2886e+000 -1.3277e+000 +7.1751e-001 -3.4492e-001 +2.1467e+000
175 +1.401675859e+002 +1.401675859e+002 +3.808775859e+002 +3.808775859e+002 +2.6623e+000 +2.7353e+000 -7.5115e-002 -9.4561e-001 +1.7670e+000 -1.5411e+000 +9.1726e-001 -1.1334e+000 -5.3295e-001 -9.5178e-001
249 +1.284832053e+002 +1.284832053e+002 +3.691932053e+002 +3.691932053e+002 +1.6814e+000 +8.6379e-001 -2.8506e+000 -4.4450e-001 +3.1262e+000 -3.0840e-001 -9.2514e-001 -2.6955e-001 -3.3711e-001 -2.0046e+000
357 +1.121738116e+002 +1.121738116e+002 +3.528838116e+002 +3.528838116e+002 +1.3087e+000 +9.4056e-001 -2.5836e-001 -1.1001e+000 +1.7633e+000 +5.8205e-002 +1.2500e+000 +9.1219e-001 -1.6679e+000 +8.5795e-001
442 +1.090547394e+002 +1.090547394e+002 +3.497647394e+002 +3.497647394e+002 +1.1725e+000 +6.0706e-001 -6.2619e-001 +2.5578e-001 +1.4816e+000 +4.4273e-001 +1.5119e+000 -8.3667e-001 +1.2651e+000 -7.2002e-001
486 +1.031441238e+002 +1.031441238e+002 +3.438541238e+002 +3.438541238e+002 +2.3682e+000 +1.9993e+000 -1.2157e+000 -1.8691e-001 +2.8952e-001 +8.8177e-001 -3.5439e-001 +4.1919e-001 +1.1252e+000 -1.8148e-001
506 +1.005767509e+002 +1.005767509e+002 +3.412867509e+002 +3.412867509e+002 +1.5212e+000 +1.7064e+000 -2.3682e+000 -2.6984e-001 +2.4098e+000 +2.3450e+000 +1.3097e+000 +8.8387e-001 +1.8796e+000 -6.5215e-001
552 +9.572779697e+001 +9.572779697e+001 +3.364377970e+002 +3.364377970e+002 +1.9287e+000 +2.1853e-001 -1.4764e+000 -3.7802e-001 +1.8113e+000 +8.6227e-001 +6.5200e-001 +7.8234e-001 +1.2935e+000 -9.9894e-001
558 +9.373952147e+001 +9.373952147e+001 +3.344495215e+002 +3.344495215e+002 +1.0980e+000 +2.2019e+000 +5.5875e-001 -1.0063e+000 -2.9331e-001 +9.4987e-001 +1.9982e+000 +1.1116e-001 +1.4156e+000 -9.9155e-001
608 +8.753260869e+001 +8.753260869e+001 +3.282426087e+002 +3.282426087e+002 +1.7555e+000 +1.3447e+000 -1.4607e+000 -1.0154e-001 +1.3803e-001 +1.1951e+000 +1.2834e+000 +7.7369e-001 +8.1946e-001 -1.5891e+000
623 +8.042771922e+001 +8.042771922e+001 +3.211377192e+002 +3.211377192e+002 +2.5045e+000 +2.1039e+000 -1.0317e+000 -4.5257e-001 -1.4054e-001 +6.2087e-001 +8.6411e-001 +9.3034e-001 +1.6512e+000 -9.4510e-001
680 +6.377419940e+001 +6.377419940e+001 +3.044841994e+002 +3.044841994e+002 +2.1914e+000 +1.8226e+000 -1.5152e+000 -3.1698e-001 +2.9119e+000 +9.5029e-001 +1.5644e-002 +2.6130e-002 +9.9399e-001 -1.2893e+000
1050 +5.433704642e+001 +5.433704642e+001 +2.950470464e+002 +2.950470464e+002 +1.1656e+000 +1.2047e+000 -8.8112e-001 -1.5115e+000 +1.6676e+000 +1.5527e+000 +1.5545e+000 +6.5386e-001 +3.9971e-001 -1.0692e+000
1754 +4.807647430e+001 +4.807647430e+001 +2.887864743e+002 +2.887864743e+002 +1.5899e+000 +8.5729e-001 -9.7217e-001 -1.0400e+000 +1.0973e+000 +2.2332e+000 +1.5659e+000 +1.6361e+000 +1.5170e+000 -1.5564e+000
2657 +4.057940847e+001 +4.057940847e+001 +2.812894085e+002 +2.812894085e+002 +2.6427e+000 +1.3951e+000 -1.3837e+000 -6.3129e-001 +1.8970e+000 +4.9172e-001 +1.3098e+000 +7.6489e-001 +2.2880e+000 -1.6674e+000
10081 +3.269845047e+001 +3.269845047e+001 +2.734084505e+002 +2.734084505e+002 +1.2938e+000 +1.5426e+000 -1.3920e+000 -1.8068e+000 +2.0903e+000 +7.8605e-001 +1.3480e+000 +5.4898e-001 +1.4042e+000 -9.9122e-001
352086 +2.938082727e+001 +2.938082727e+001 +2.700908273e+002 +2.700908273e+002 +1.3013e+000 +1.9885e+000 -1.6069e+000 -1.5789e+000 +9.4067e-001 +7.5084e-001 +1.6458e+000 +1.0830e+000 +4.1428e-001 -2.3440e+000
% function evaluation | noise-free fitness - Fopt (-2.707900000000e+002) | best noise-free fitness - Fopt | measured fitness | best measured fitness | x1 | x2...
1 +2.152586758e+006 +2.152586758e+006 +2.152315968e+006 +2.152315968e+006 -1.8681e+001 -2.6118e+000 +5.6585e+000 +6.1122e+000 -4.4290e+000 +3.2345e+000 +8.1374e+000 -4.6380e+000 +3.5543e+000 +9.0465e+000
2 +2.577261245e+005 +2.577261245e+005 +2.574553345e+005 +2.574553345e+005 -6.2913e+000 -6.5634e+000 +1.7033e+000 +4.0136e+000 -3.2325e+000 -1.5608e+000 +3.6325e+000 -3.9197e+000 +6.1282e+000 +9.5065e+000
4 +7.150311165e+004 +7.150311165e+004 +7.123232165e+004 +7.123232165e+004 -2.5230e+000 -3.0309e+000 +6.9492e+000 +3.1416e+000 -5.0788e+000 -3.6832e+000 +3.9384e+000 -3.0775e+000 +1.3708e+000 +6.8108e+000
8 +4.665879742e+004 +4.665879742e+004 +4.638800742e+004 +4.638800742e+004 -1.9986e+000 -5.8926e+000 +5.9553e+000 +1.3855e+000 -6.6974e+000 +5.0493e+000 +2.5622e+000 -3.9012e+000 +4.3398e+000 +1.9784e+000
16 +2.451189592e+004 +2.451189592e+004 +2.424110592e+004 +2.424110592e+004 -2.0226e+000 +7.8539e-001 +6.5089e+000 -5.3492e+000 +8.7168e-001 -4.2144e+000 +3.2158e+000 -1.9048e+000 +5.0883e+000 +2.0168e+000
19 +3.700848977e+002 +3.700848977e+002 +9.929489773e+001 +9.929489773e+001 -2.6316e+000 -2.2896e+000 +4.5753e+000 +1.2052e+000 -3.0735e+000 +2.9492e-001 +2.7711e+000 -1.4831e+000 +3.8495e+000 +3.9041e+000
51 +3.509682163e+002 +3.509682163e+002 +8.017821629e+001 +8.017821629e+001 -4.1586e+000 -1.9555e+000 +3.2765e+000 +1.9635e+000 -1.9637e+000 -3.1553e-001 +4.5225e-001 -3.0860e+000 +3.8568e+000 -4.0258e-001
69 +2.636096374e+002 +2.636096374e+002 -7.180362588e+000 -7.180362588e+000 -2.4152e+000 -3.2361e+000 +2.7785e+000 +7.4969e-001 -1.5684e+000 -1.4631e+000 +3.8789e+000 -2.0073e+000 +2.5898e+000 +1.0120e+000
157 +2.546269801e+002 +2.546269801e+002 -1.616301990e+001 -1.616301990e+001 -2.7543e+000 -8.6276e-001 +4.6954e+000 -1.7311e+000 -1.9156e+000 -1.6843e+000 -1.9701e+000 -3.0549e+000 -6.0609e-001 -1.3378e+000
173 +2.451806603e+002 +2.451806603e+002 -2.560933966e+001 -2.560933966e+001 -1.9548e+000 -3.6773e+000 +1.7937e+000 +2.8758e-001 -4.3765e-001 -4.4595e-001 +1.7462e+000 -2.0093e+000 +1.2898e+000 -4.2274e-001
193 +2.287282527e+002 +2.287282527e+002 -4.206174728e+001 -4.206174728e+001 -3.3027e+000 -3.9652e-001 +5.6090e-001 -7.4205e-001 -9.6439e-001 -8.2168e-001 +1.4151e+000 -7.6407e-001 +4.0662e+000 +2.3611e+000
204 +2.125352490e+002 +2.125352490e+002 -5.825475101e+001 -5.825475101e+001 -1.2965e+000 +2.0298e-002 +2.6954e+000 +1.8742e+000 +9.2060e-001 -5.0096e-001 -8.8591e-001 -1.7547e+000 +2.9948e+000 -8.7113e-001
223 +1.759897991e+002 +1.759897991e+002 -9.480020087e+001 -9.480020087e+001 -1.6468e+000 -2.3699e+000 -5.8440e-001 +4.6880e-001 -1.6353e+000 -1.7724e+000 -7.6510e-001 -7.2765e-001 +5.8680e-002 +1.1360e+000
259 +1.596965504e+002 +1.596965504e+002 -1.110934496e+002 -1.110934496e+002 +3.5650e-001 -2.1271e+000 +7.8754e-001 +1.2572e-001 -2.5139e+000 +7.7716e-001 +1.1336e-001 -9.2918e-001 +4.6677e-001 -3.3428e-001
289 +1.409435618e+002 +1.409435618e+002 -1.298464382e+002 -1.298464382e+002 -1.3456e+000 -2.4104e-001 +3.6322e-001 +9.7645e-001 +1.6954e-001 +6.3318e-001 +9.9405e-001 -1.3480e+000 +5.8379e-001 -2.1814e+000
385 +1.309691776e+002 +1.309691776e+002 -1.398208224e+002 -1.398208224e+002 +2.1245e-001 +1.5823e+000 +1.6497e+000 +7.2777e-001 -1.7308e+000 -6.4734e-003 -8.3615e-001 -1.0543e+000 -2.8833e+000 +2.5000e-001
399 +1.252521423e+002 +1.252521423e+002 -1.455378577e+002 -1.455378577e+002 +1.0907e-001 +1.9528e+000 +2.7614e+000 +7.9952e-001 -1.8685e+000 +2.2950e+000 -8.7644e-002 -1.4123e+000 -4.5641e-001 -3.3578e+000
423 +1.224790707e+002 +1.224790707e+002 -1.483109293e+002 -1.483109293e+002 +9.4891e-001 +1.1510e-001 -7.2512e-001 -1.0412e+000 -1.0110e+000 -6.8595e-001 +1.5877e+000 -9.8581e-001 -8.0757e-001 -1.1766e-001
518 +1.125648315e+002 +1.125648315e+002 -1.582251685e+002 -1.582251685e+002 -8.1183e-001 +1.4090e+000 +3.7084e+000 -3.0888e-001 -7.4670e-001 +8.1401e-001 -1.6244e+000 -9.1436e-001 -1.5780e+000 -2.9439e-001
526 +1.045638672e+002 +1.045638672e+002 -1.662261328e+002 -1.662261328e+002 -1.4457e+000 +8.1569e-001 +9.1535e-001 +1.9989e-001 -1.0340e+000 -4.1821e-001 +1.3665e+000 -1.2643e+000 -8.9465e-001 +3.3358e-001
601 +9.902589400e+001 +9.902589400e+001 -1.717641060e+002 -1.717641060e+002 -5.6318e-001 +9.0526e-001 +2.8116e+000 +1.6409e-001 -1.0235e+000 +8.1413e-002 -2.0083e-001 -1.5031e+000 -1.0838e+000 -1.6254e+000
705 +8.525275389e+001 +8.525275389e+001 -1.855372461e+002 -1.855372461e+002 -5.6848e-001 +1.5803e+000 +9.0396e-001 +9.4760e-001 -1.6838e+000 +2.2040e+000 -2.4471e-001 -9.5292e-001 -1.4607e+000 -1.7925e+000
757 +8.496397932e+001 +8.496397932e+001 -1.858260207e+002 -1.858260207e+002 +4.0308e-002 +7.8575e-001 +5.7972e-001 +1.3314e+000 -1.1436e+000 +8.4983e-001 -1.3093e+000 -1.5069e+000 -1.2643e+000 -2.1805e+000
760 +8.160873789e+001 +8.160873789e+001 -1.891812621e+002 -1.891812621e+002 -3.2964e-001 +7.8159e-001 +6.9651e-001 +2.1542e+000 -5.9522e-001 +1.1074e+000 -9.9002e-002 -8.3895e-001 -1.3697e+000 -1.8445e+000
766 +6.970395483e+001 +6.970395483e+001 -2.010860452e+002 -2.010860452e+002 -1.0029e+000 +1.9902e+000 +6.7949e-001 +1.3605e+000 -1.3394e+000 +1.0168e+000 -5.1243e-001 -1.5724e+000 -1.1744e+000 -1.9959e+000
817 +6.878560489e+001 +6.878560489e+001 -2.020043951e+002 -2.020043951e+002 -1.9819e-002 +5.1432e-001 +8.9167e-001 +2.6192e-001 -5.7976e-001 +2.0318e+000 -1.5048e+000 -1.1612e+000 -7.9848e-001 -1.4585e+000
1177 +5.489677022e+001 +5.489677022e+001 -2.158932298e+002 -2.158932298e+002 -7.1574e-001 +1.9625e+000 +8.8647e-001 +3.9715e-001 -2.1053e+000 +1.1005e+000 -5.1163e-001 -1.2329e+000 -8.9205e-001 -1.8167e+000
1203 +4.753472309e+001 +4.753472309e+001 -2.232552769e+002 -2.232552769e+002 -1.5860e+000 +1.9105e+000 +8.3813e-001 +1.2875e+000 -1.2850e+000 +1.0980e+000 -1.1554e+000 -1.0913e+000 -7.7245e-001 -1.5464e+000
1988 +4.041795751e+001 +4.041795751e+001 -2.303720425e+002 -2.303720425e+002 -1.8548e+000 +9.8383e-001 +5.4540e-001 +1.5149e+000 -8.1815e-001 +1.1604e+000 -2.7051e-001 -1.1316e+000 -9.4072e-001 -1.8023e+000
3303 +2.980998769e+001 +2.980998769e+001 -2.409800123e+002 -2.409800123e+002 -1.2154e+000 +1.4890e+000 +1.8737e+000 +1.0641e+000 -1.2334e+000 +1.2651e+000 -1.4649e+000 -7.8007e-001 -1.4107e+000 -1.5916e+000
103525 +2.005007366e+001 +2.005007366e+001 -2.507399263e+002 -2.507399263e+002 -1.3622e+000 +1.3285e+000 +1.5909e+000 +1.1064e+000 -1.3368e+000 +1.5228e+000 -1.1666e+000 -1.5325e+000 -1.7147e+000 -1.3348e+000
716569 +1.958110372e+001 +1.958110372e+001 -2.512088963e+002 -2.512088963e+002 -1.0869e+000 +1.8837e+000 +1.7524e+000 +1.6861e+000 -1.4522e+000 +9.4917e-001 -8.1199e-001 -1.1821e+000 -9.6865e-001 -1.3464e+000
% function evaluation | noise-free fitness - Fopt (2.612000000000e+001) | best noise-free fitness - Fopt | measured fitness | best measured fitness | x1 | x2...
1 +3.992706790e+004 +3.992706790e+004 +3.995318790e+004 +3.995318790e+004 +3.8618e+000 +6.6167e+000 -6.1520e+000 -6.4112e-001 +2.1981e+000 -3.0721e+000 +3.4926e+000 -3.8613e+000 -3.6541e+000 -2.0750e-001
2 +3.093881466e+004 +3.093881466e+004 +3.096493466e+004 +3.096493466e+004 +1.4004e+000 +5.7330e+000 -6.3708e+000 -4.7501e-001 -2.6259e-001 -4.5706e+000 -1.4033e+000 -5.7902e+000 +3.3898e+000 -4.4819e-001
3 +7.526399007e+003 +7.526399007e+003 +7.552519007e+003 +7.552519007e+003 +1.0116e+000 +2.8132e+000 -2.3339e+000 -1.6782e+000 -1.9844e+000 -2.0922e+000 +1.7480e-001 -3.7260e+000 -3.6062e+000 -5.8473e+000
4 +4.128926233e+002 +4.128926233e+002 +4.390126233e+002 +4.390126233e+002 +1.6257e+000 +4.7996e+000 -3.2787e+000 -4.8577e-001 -3.5459e+000 -3.5653e+000 -4.4180e+000 -2.2781e+000 +1.2676e+000 +3.4224e+000
20 +2.722650316e+002 +2.722650316e+002 +2.983850316e+002 +2.983850316e+002 +1.9148e+000 +2.5488e+000 -2.1093e+000 +1.1133e+000 -1.9944e+000 -2.1208e-001 -1.6940e-001 -3.5611e+000 -4.6930e+000 -3.2880e+000
37 +1.621804351e+002 +1.621804351e+002 +1.883004351e+002 +1.883004351e+002 +2.5492e+000 +1.8110e+000 +1.9560e-001 -2.9134e-001 -3.4277e+000 +1.7263e+000 -8.0525e-001 -2.1379e+000 -2.7341e+000 +2.3526e+000
214 +1.431965228e+002 +1.431965228e+002 +1.693165228e+002 +1.693165228e+002 +2.5197e+000 +2.6453e+000 +2.9456e-001 -1.9405e+000 -2.5229e+000 +2.2896e-001 +1.2581e+000 -1.9031e+000 -2.1023e+000 -1.4023e+000
249 +1.388446271e+002 +1.388446271e+002 +1.649646271e+002 +1.649646271e+002 +1.3659e+000 +2.9630e+000 -1.7560e-002 +2.3609e-001 -2.2338e+000 -7.9184e-001 -1.2424e+000 -2.5861e+000 -2.1719e+000 -1.4919e-001
259 +8.560541966e+001 +8.560541966e+001 +1.117254197e+002 +1.117254197e+002 +9.4922e-001 +2.1222e+000 -1.1407e+000 -1.1417e+000 -4.4538e-001 -2.1132e+000 +1.7470e+000 -1.9419e+000 -2.2667e+000 +1.7520e+000
428 +5.927415207e+001 +5.927415207e+001 +8.539415207e+001 +8.539415207e+001 +1.1832e+000 +1.0666e+000 -1.2165e+000 -1.3309e+000 -1.0781e+000 -1.3707e+000 +1.2684e+000 -9.9591e-001 -1.2932e+000 +9.4917e-001
811 +5.762000060e+001 +5.762000060e+001 +8.374000060e+001 +8.374000060e+001 +1.3578e+000 +1.1567e+000 -2.9456e-001 -8.0105e-001 -1.6849e+000 -8.7589e-001 +1.4119e+000 -1.5722e+000 -1.1566e+000 +1.0083e+000
866 +4.453972623e+001 +4.453972623e+001 +7.065972623e+001 +7.065972623e+001 +8.7113e-001 +6.0246e-001 -1.1000e+000 -1.1549e+000 -1.4920e+000 -1.1862e+000 +1.0367e+000 -1.1981e+000 -1.5362e+000 +1.1437e+000
2995 +3.231902337e+001 +3.231902337e+001 +5.843902337e+001 +5.843902337e+001 +5.4441e-001 +1.8796e+000 -1.0606e+000 -8.6087e-001 -1.4404e+000 -1.4699e+000 +1.0552e+000 -1.5377e+000 -1.6220e+000 +1.5284e+000
19207 +3.063792631e+001 +3.063792631e+001 +5.675792631e+001 +5.675792631e+001 +1.3376e+000 +1.2398e+000 -8.6009e-001 -1.1683e+000 -1.4577e+000 -1.0351e+000 +1.3651e+000 -1.6324e+000 -1.4047e+000 +1.5097e+000
95526 +2.757240357e+001 +2.757240357e+001 +5.369240357e+001 +5.369240357e+001 +1.2349e+000 +1.4305e+000 -1.2228e+000 -1.2153e+000 -1.0340e+000 -1.0353e+000 +7.6249e-001 -5.2254e-001 -1.5729e+000 +1.0062e+000
215971 +2.416590926e+001 +2.416590926e+001 +5.028590926e+001 +5.028590926e+001 +1.8553e+000 +1.3257e+000 -1.6507e+000 -1.4326e+000 -1.0219e+000 -1.6218e+000 +1.6906e+000 -1.7895e+000 -1.2990e+000 +1.1925e+000
718451 +2.118617451e+001 +2.118617451e+001 +4.730617451e+001 +4.730617451e+001 +8.1420e-001 +8.9464e-001 -3.3088e-001 -6.4103e-001 -1.0812e+000 -1.4051e+000 +5.0203e-001 -1.2527e+000 -1.4833e-001 +1.0975e+000
% function evaluation | noise-free fitness - Fopt (-6.252000000000e+001) | best noise-free fitness - Fopt | measured fitness | best measured fitness | x1 | x2...
1 +3.282453849e+006 +3.282453849e+006 +3.282391329e+006 +3.282391329e+006 +6.0432e-001 -1.4683e+000 +7.2122e+000 -1.9672e+000 +1.5592e+000 +1.3550e+001 -5.7753e+000 -5.2491e+000 -5.8835e-001 -2.0793e+001
2 +6.186556638e+005 +6.186556638e+005 +6.185931438e+005 +6.185931438e+005 -5.4598e+000 -2.4775e+000 +2.4366e+000 -1.9056e+000 -4.5943e+000 +1.0897e+001 -4.4395e+000 +1.6582e+000 +4.2049e+000 -1.0177e+001
3 +1.472359402e+005 +1.472359402e+005 +1.471734202e+005 +1.471734202e+005 +3.6862e-001 -4.4390e+000 +6.8596e+000 -6.8834e-001 -3.1838e+000 +1.5126e-001 -4.0365e+000 +1.2758e+000 +8.3481e+000 -3.3433e+000
5 +6.606614576e+004 +6.606614576e+004 +6.600362576e+004 +6.600362576e+004 +4.9884e-001 -1.2570e+000 +4.6511e+000 -1.1985e+000 -4.7486e+000 +2.7300e+000 -6.9724e+000 +2.6227e+000 +6.6351e+000 -3.8355e+000
6 +1.573797932e+003 +1.573797932e+003 +1.511277932e+003 +1.511277932e+003 -8.6767e-001 -5.0256e+000 -1.0412e+000 -1.2045e+000 -3.9039e+000 +3.8150e-001 -2.6443e+000 +1.9571e-001 +4.8130e+000 -5.3399e+000
10 +1.206604600e+003 +1.206604600e+003 +1.144084600e+003 +1.144084600e+003 -7.2291e-001 -4.2851e+000 +4.8358e+000 +5.4790e-001 -2.0838e+000 +5.2891e+000 -1.6724e+000 +1.4879e+000 +4.4680e+000 -3.5388e+000
24 +3.811702628e+002 +3.811702628e+002 +3.186502628e+002 +3.186502628e+002 -2.2262e+000 -2.3629e+000 +4.0079e+000 -3.7454e+000 -3.5194e+000 +3.1189e+000 -4.0117e+000 +3.1034e-001 +4.7657e+000 +6.1155e-001
49 +3.442669211e+002 +3.442669211e+002 +2.817469211e+002 +2.817469211e+002 +1.8883e+000 -3.9429e+000 +1.8307e+000 -2.2654e+000 -3.8219e+000 +1.0351e+000 -4.6390e+000 +1.6453e-002 +3.7367e+000 +2.7034e+000
65 +2.673618272e+002 +2.673618272e+002 +2.048418272e+002 +2.048418272e+002 +1.9378e+000 -1.8239e-001 +3.5022e+000 -9.6087e-001 -2.3680e+000 +4.6564e+000 -4.2361e+000 -3.2152e-001 +4.0341e+000 -1.0496e-001
110 +2.239172831e+002 +2.239172831e+002 +1.613972831e+002 +1.613972831e+002 +1.9478e+000 -2.7738e+000 +6.1613e-001 -1.4675e+000 -2.8636e+000 +1.6154e+000 -3.6942e+000 +3.3006e-001 +1.5083e+000 -5.0445e+000
164 +2.224377527e+002 +2.224377527e+002 +1.599177527e+002 +1.599177527e+002 +1.0743e+000 -3.0287e+000 +2.8488e+000 +3.3156e-001 -1.5724e+000 -8.9662e-001 -3.1235e+000 +1.4000e+000 +2.0142e+000 -3.9251e+000
217 +2.034484629e+002 +2.034484629e+002 +1.409284629e+002 +1.409284629e+002 +1.3033e+000 -2.4261e+000 +5.0166e-001 -1.4807e+000 -2.9815e+000 +1.6412e+000 -3.5557e+000 -3.7761e-002 +1.8872e-001 -4.8118e+000
225 +1.984123695e+002 +1.984123695e+002 +1.358923695e+002 +1.358923695e+002 -9.4554e-001 -1.0928e+000 +1.0786e+000 -1.2278e+000 -4.9186e+000 +1.1624e+000 -9.2036e-002 +8.2824e-001 +2.0322e+000 -3.7228e+000
234 +1.773455877e+002 +1.773455877e+002 +1.148255877e+002 +1.148255877e+002 +1.7297e+000 -3.2788e+000 +2.9970e+000 -2.0801e+000 -2.5158e+000 +2.7259e+000 -2.0249e+000 +1.2177e+000 +5.1823e-001 -2.5600e+000
248 +1.644384987e+002 +1.644384987e+002 +1.019184987e+002 +1.019184987e+002 +4.5179e-002 +1.4447e+000 +2.0801e+000 -2.7474e+000 -4.4289e+000 +1.2293e+000 -2.2565e+000 +2.8822e+000 -4.1097e-001 -9.2203e-001
283 +1.324282952e+002 +1.324282952e+002 +6.990829525e+001 +6.990829525e+001 +4.2261e-001 +5.3089e-001 +1.7078e+000 -2.3441e+000 -3.4720e+000 +1.3013e+000 +1.2556e+000 +1.3280e+000 -1.3683e+000 -2.4332e+000
406 +1.238687194e+002 +1.238687194e+002 +6.134871943e+001 +6.134871943e+001 +3.0770e+000 -8.2293e-001 +2.7973e+000 +1.3457e+000 -2.1408e+000 +1.3021e+000 -1.0418e+000 -1.4185e-001 +1.9172e+000 -1.5957e+000
512 +1.193826719e+002 +1.193826719e+002 +5.686267186e+001 +5.686267186e+001 +1.9915e+000 +1.2413e+000 +1.5222e+000 -1.5641e+000 -2.0015e+000 +6.5661e-001 +5.7432e-001 +2.1853e+000 +3.7565e-001 -1.4457e+000
547 +9.922057121e+001 +9.922057121e+001 +3.670057121e+001 +3.670057121e+001 +5.4748e-001 -4.3025e-001 +1.8067e+000 -2.5065e+000 -2.2186e+000 +1.8661e+000 -4.0611e-001 +2.5653e+000 +2.0549e-001 -1.3466e+000
925 +8.465046451e+001 +8.465046451e+001 +2.213046451e+001 +2.213046451e+001 +1.3127e+000 +2.4410e+000 +1.3236e+000 -1.2504e+000 -2.6012e+000 +1.6699e+000 -1.8620e+000 +1.8685e+000 -5.5547e-001 -1.5014e+000
1026 +7.375306692e+001 +7.375306692e+001 +1.123306692e+001 +1.123306692e+001 +2.4422e+000 +2.5775e+000 +2.8253e+000 -2.1282e+000 -2.5103e+000 +2.3814e+000 -1.4902e+000 +9.6139e-001 -1.4518e+000 -1.6435e+000
1138 +7.131414112e+001 +7.131414112e+001 +8.794141119e+000 +8.794141119e+000 +1.1586e+000 +2.3160e+000 +2.0656e+000 -1.6855e+000 -2.3517e+000 +2.2689e+000 -1.5785e+000 +1.1231e+000 -1.9247e+000 -1.2010e+000
1617 +6.544143070e+001 +6.544143070e+001 +2.921430697e+000 +2.921430697e+000 +1.3434e+000 +2.5993e+000 +1.1032e+000 -7.5884e-001 -1.7529e+000 +1.6296e+000 -1.0956e+000 +1.0499e+000 -1.3552e+000 -1.5387e+000
1686 +5.744201307e+001 +5.744201307e+001 -5.077986926e+000 -5.077986926e+000 +1.1296e+000 +2.9041e+000 +5.5057e-001 -1.1878e+000 -2.9998e+000 +6.3848e-001 -1.1016e+000 +9.6932e-001 -2.1455e+000 -1.6403e+000
2042 +5.078051194e+001 +5.078051194e+001 -1.173948806e+001 -1.173948806e+001 +6.6039e-001 +2.0366e+000 +1.2917e+000 -7.2240e-001 -9.8027e-001 +1.4950e+000 -2.4981e+000 +9.5840e-001 -1.4948e+000 -1.4541e+000
14491 +5.002678855e+001 +5.002678855e+001 -1.249321145e+001 -1.249321145e+001 +1.3762e+000 +1.4345e+000 +1.7766e+000 -9.2738e-001 -1.6444e+000 +1.4723e+000 -1.6489e+000 +1.3990e+000 -8.4702e-001 -2.2862e+000
15510 +4.802759126e+001 +4.802759126e+001 -1.449240874e+001 -1.449240874e+001 +1.5106e+000 +1.4966e+000 +1.3496e+000 -1.1276e+000 -8.0703e-001 +1.1714e+000 -1.1650e+000 +1.2869e+000 -9.4216e-001 -1.5969e+000
16588 +3.142729717e+001 +3.142729717e+001 -3.109270283e+001 -3.109270283e+001 +7.2638e-001 +5.0906e-001 +1.5742e+000 -6.5311e-001 -1.2105e+000 +1.1186e+000 -1.5245e+000 +1.2147e+000 -1.7152e+000 -9.4024e-001
636146 +2.480934487e+001 +2.480934487e+001 -3.771065513e+001 -3.771065513e+001 +2.1797e+000 +1.6304e+000 +1.7642e+000 -1.6665e+000 -1.0483e+000 +3.9186e-001 -6.6776e-001 +9.5054e-001 -8.4176e-001 -1.4345e+000
% function evaluation | noise-free fitness - Fopt (-2.438600000000e+002) | best noise-free fitness - Fopt | measured fitness | best measured fitness | x1 | x2...
1 +4.310014877e+002 +4.310014877e+002 +1.871414877e+002 +1.871414877e+002 -2.2230e+000 +5.0087e+000 -5.2408e-001 -1.4398e+000 -2.1566e+000 +4.8544e+000 +1.5169e-001 +1.4118e+000 +4.3142e+000 +4.2474e+000
10 +3.506957702e+002 +3.506957702e+002 +1.068357702e+002 +1.068357702e+002 +3.2685e-001 -2.7833e+000 -2.2069e+000 -2.4632e+000 -3.6634e+000 +1.8498e+000 -3.6245e-001 -1.6417e+000 +4.2337e+000 +4.0743e+000
30 +3.103648948e+002 +3.103648948e+002 +6.650489475e+001 +6.650489475e+001 -2.2842e+000 -1.4284e+000 +1.0472e+000 -9.4540e-001 -1.2650e+000 +4.0134e+000 +3.5628e+000 -1.5899e-001 +4.0486e+000 -4.5205e-001
52 +2.763935743e+002 +2.763935743e+002 +3.253357433e+001 +3.253357433e+001 -4.7318e-001 +1.2113e-001 +1.3248e+000 +1.4819e+000 -4.2995e+000 -1.3745e+000 +3.7141e+000 +1.5752e+000 +3.5938e+000 +3.3207e+000
53 +2.391587091e+002 +2.391587091e+002 -4.701290939e+000 -4.701290939e+000 +1.5331e+000 +3.6340e+000 +3.2854e+000 -1.2310e+000 -1.9519e+000 +1.1939e+000 +2.7828e-002 -4.6189e+000 -2.2087e-001 +1.5183e+000
111 +1.943149374e+002 +1.943149374e+002 -4.954506255e+001 -4.954506255e+001 -1.1565e+000 +2.7208e+000 +2.4709e-001 -3.1843e+000 -1.3269e+000 +1.0456e+000 -7.5818e-001 -2.4745e-001 +3.8738e+000 +5.3981e-001
135 +1.611515438e+002 +1.611515438e+002 -8.270845620e+001 -8.270845620e+001 -2.0904e+000 -2.0962e-001 +6.7375e-001 -2.6806e+000 -5.5568e-002 +1.5108e+000 +2.6785e+000 -1.8511e+000 +6.4933e-001 +1.8429e+000
209 +1.302296834e+002 +1.302296834e+002 -1.136303166e+002 -1.136303166e+002 -1.4494e+000 +3.6139e+000 +9.1440e-001 -7.4085e-001 +1.3036e-002 +1.0859e+000 +1.0142e+000 -5.3999e-002 +7.3898e-001 -6.6684e-001
337 +1.103084698e+002 +1.103084698e+002 -1.335515302e+002 -1.335515302e+002 -1.8077e-001 -1.4451e-001 +4.8242e-001 -2.6393e+000 -1.1773e+000 -1.6401e+000 +1.9935e+000 -1.4511e+000 +7.1250e-001 +2.0101e+000
353 +1.012767903e+002 +1.012767903e+002 -1.425832097e+002 -1.425832097e+002 -3.4872e+000 +5.4591e-001 +1.2040e+000 -1.0375e+000 -1.8550e+000 -3.3259e+000 +3.2134e+000 -1.3683e+000 +1.0186e+000 -1.1596e-001
413 +8.153372166e+001 +8.153372166e+001 -1.623262783e+002 -1.623262783e+002 -1.2079e+000 +1.0607e+000 +2.7703e+000 -1.4448e+000 -1.1805e+000 -2.0096e+000 +2.1056e-001 -1.3787e+000 +1.4847e+000 +2.8475e+000
460 +7.364887275e+001 +7.364887275e+001 -1.702111273e+002 -1.702111273e+002 -1.2368e+000 +1.3009e+000 +8.3916e-001 -1.5178e+000 -1.2345e+000 -1.1120e+000 +1.9698e+000 -7.8780e-001 +6.5678e-002 +3.0637e-001
549 +6.909492742e+001 +6.909492742e+001 -1.747650726e+002 -1.747650726e+002 -1.1860e+000 +1.7920e+000 +1.5441e+000 -1.1459e+000 -2.7201e+000 -1.6381e+000 +1.7465e+000 -1.7713e+000 +6.4438e-001 +3.8850e-001
1053 +6.756697736e+001 +6.756697736e+001 -1.762930226e+002 -1.762930226e+002 -1.9175e+000 +1.2593e+000 +1.7107e+000 -8.1117e-001 -1.4379e+000 -1.9747e+000 +2.2777e+000 -1.9979e+000 +4.6278e-001 +4.0090e-001
1174 +5.759457520e+001 +5.759457520e+001 -1.862654248e+002 -1.862654248e+002 -1.5451e+000 +1.1531e+000 +1.6832e+000 -6.5558e-001 -2.4233e+000 -1.1858e+000 +2.0513e+000 -2.5494e+000 +4.8548e-001 +9.6183e-001
1462 +5.073462853e+001 +5.073462853e+001 -1.931253715e+002 -1.931253715e+002 -1.6053e+000 +1.2528e+000 +1.4707e+000 -1.0941e+000 -2.0420e+000 -9.2475e-001 +1.2278e+000 -5.6444e-001 +1.1211e+000 +1.2192e+000
1502 +3.828859286e+001 +3.828859286e+001 -2.055714071e+002 -2.055714071e+002 -1.0442e+000 +1.1500e+000 +1.9102e+000 -9.1175e-001 -1.6316e+000 -9.2075e-001 +1.7427e+000 -9.2022e-001 +8.7258e-001 +1.2930e+000
5492 +3.781215166e+001 +3.781215166e+001 -2.060478483e+002 -2.060478483e+002 -1.7066e+000 +5.6895e-001 +1.6620e+000 -1.3692e+000 -1.0874e+000 -1.5452e+000 +1.5704e+000 -1.3732e+000 +4.7914e-001 +1.2647e+000
8739 +2.826684766e+001 +2.826684766e+001 -2.155931523e+002 -2.155931523e+002 -5.1379e-001 +1.5970e+000 +1.9702e+000 -1.5328e+000 -1.1287e+000 -1.5458e+000 +1.4128e+000 -8.7721e-001 +1.1225e+000 +1.2987e+000
21524 +2.253344468e+001 +2.253344468e+001 -2.213265553e+002 -2.213265553e+002 -1.5553e+000 +1.2879e+000 +8.7390e-001 -1.4482e+000 -1.0203e+000 -1.0956e+000 +1.1182e+000 -1.3885e+000 +1.2864e+000 +1.3435e+000
899436 +1.868315509e+001 +1.868315509e+001 -2.251768449e+002 -2.251768449e+002 -3.1478e-001 +9.6307e-001 +1.0849e+000 -1.0821e+000 -1.3350e+000 -1.5598e+000 +7.8680e-001 -1.7092e+000 +1.5030e+000 +4.8355e-001
% function evaluation | noise-free fitness - Fopt (-9.475000000000e+002) | best noise-free fitness - Fopt | measured fitness | best measured fitness | x1 | x2...
1 +3.624854958e+005 +3.624854958e+005 +3.615379958e+005 +3.615379958e+005 -4.1054e+000 +5.3191e+000 +6.2773e+000 +1.0869e+001 -1.5809e+000 -2.2661e+000 +3.6950e+000 +3.8501e+000 -1.4893e+000 -3.0785e+000
3 +3.004524509e+005 +3.004524509e+005 +2.995049509e+005 +2.995049509e+005 -4.5191e+000 +2.7795e+000 +4.4980e+000 +7.2893e-001 +2.9152e+000 -4.2235e+000 +1.1781e+000 +1.0476e+001 -3.6233e+000 -1.8993e+000
4 +2.177575336e+005 +2.177575336e+005 +2.168100336e+005 +2.168100336e+005 -4.0433e+000 +9.6605e+000 -1.5340e+000 +3.9945e+000 -2.7224e-001 +9.2151e-001 +4.6234e+000 -4.9513e+000 -9.4643e-001 -3.0052e+000
5 +1.457634908e+005 +1.457634908e+005 +1.448159908e+005 +1.448159908e+005 -2.8231e+000 +3.8785e+000 +2.9763e+000 +3.2963e+000 -1.2521e+000 -1.6621e+000 +5.3272e+000 -1.7081e-001 -5.0531e+000 -8.7976e+000
7 +7.632509228e+004 +7.632509228e+004 +7.537759228e+004 +7.537759228e+004 -3.0993e+000 +6.2571e+000 +7.4505e+000 +4.5760e+000 +2.8114e+000 +4.7908e-001 +4.1071e+000 +4.4460e+000 -2.0366e+000 -1.5902e+000
11 +5.248437358e+004 +5.248437358e+004 +5.153687358e+004 +5.153687358e+004 -7.2756e+000 +1.4413e+000 +3.3036e+000 +4.8804e+000 +2.6752e-001 -2.6198e-001 +3.0861e+000 +5.1699e+000 -3.4206e+000 -1.1316e+000
16 +5.050752643e+004 +5.050752643e+004 +4.956002643e+004 +4.956002643e+004 -9.0278e-001 +4.8644e-001 +3.1967e+000 +3.8550e+000 -2.6612e+000 +1.7924e+000 +3.5063e+000 +5.1724e+000 -7.2316e+000 -1.6793e+000
17 +3.568039281e+004 +3.568039281e+004 +3.473289281e+004 +3.473289281e+004 -4.8670e+000 -2.8752e+000 +5.0136e+000 +2.3860e+000 +1.4515e-001 +6.1209e-001 +5.1435e+000 +6.8703e+000 +2.7360e+000 -2.1818e-001
18 +3.020382805e+003 +3.020382805e+003 +2.072882805e+003 +2.072882805e+003 -5.5219e+000 +4.2776e+000 +3.4582e+000 +3.5421e+000 +2.1704e+000 -3.3253e-001 +2.5311e+000 +3.6351e+000 -1.6919e+000 -1.2669e+000
31 +4.281001098e+002 +4.281001098e+002 -5.193998902e+002 -5.193998902e+002 -3.8791e+000 +3.1695e+000 +1.9168e+000 -4.3253e+000 +1.7351e+000 -3.5883e-002 -1.2664e+000 +3.6927e+000 -4.2313e+000 -4.8918e+000
47 +3.182610593e+002 +3.182610593e+002 -6.292389407e+002 -6.292389407e+002 -2.6364e+000 +2.5963e+000 +1.9409e+000 +4.5611e+000 -1.5687e-001 +3.5772e+000 -1.2564e+000 +4.2419e+000 -2.9319e+000 +4.3719e-004
59 +3.064506070e+002 +3.064506070e+002 -6.410493930e+002 -6.410493930e+002 -2.7517e+000 +8.5554e-001 +3.9648e+000 +5.7518e-002 -3.9624e-002 +3.2533e+000 +3.8955e+000 +3.4683e+000 -1.6155e+000 +1.0507e+000
80 +2.642768744e+002 +2.642768744e+002 -6.832231256e+002 -6.832231256e+002 -1.8821e+000 +2.0609e+000 +3.4885e+000 +2.3109e+000 -1.2037e+000 +8.0395e-001 +3.8752e+000 +3.2148e+000 -1.1854e+000 +2.9980e-001
95 +1.848511057e+002 +1.848511057e+002 -7.626488943e+002 -7.626488943e+002 -1.9352e+000 +1.1530e+000 +1.3003e-001 -1.3247e+000 -1.3586e+000 +1.2617e+000 +2.2155e+000 +1.6705e+000 +1.2597e+000 -1.9938e+000
158 +1.785997420e+002 +1.785997420e+002 -7.689002580e+002 -7.689002580e+002 -4.1727e+000 -2.7287e+000 +2.6511e+000 +3.7343e+000 -2.7513e-001 +3.6379e-001 +1.7049e+000 -8.3950e-001 -2.4918e+000 -2.8144e+000
207 +1.560962898e+002 +1.560962898e+002 -7.914037102e+002 -7.914037102e+002 -1.8838e+000 -3.3426e+000 +1.0906e+000 +3.1329e+000 +1.4551e+000 +1.7766e+000 +5.3294e-001 +3.3937e-001 -2.6739e+000 +2.6327e-001
208 +1.509644407e+002 +1.509644407e+002 -7.965355593e+002 -7.965355593e+002 -1.7256e+000 -3.1275e+000 +2.1512e+000 -3.7670e-001 +1.2412e+000 +3.0598e-001 +2.6134e+000 +2.8287e+000 -3.3253e+000 -1.8602e+000
280 +1.280884322e+002 +1.280884322e+002 -8.194115678e+002 -8.194115678e+002 -1.4374e+000 -1.5835e+000 +1.5876e+000 +2.3525e+000 -6.5644e-001 +9.1928e-001 +2.5524e+000 -9.6628e-002 +4.5607e-003 -3.6028e-001
289 +1.129934296e+002 +1.129934296e+002 -8.345065704e+002 -8.345065704e+002 -1.6867e+000 -7.4189e-001 +2.7362e+000 +3.1123e+000 +1.2886e+000 -4.3561e+000 +1.7565e+000 -1.4426e+000 +1.6597e-001 -1.1111e+000
427 +1.105334257e+002 +1.105334257e+002 -8.369665743e+002 -8.369665743e+002 +5.1762e-002 +1.7174e+000 -1.6210e+000 +2.6405e+000 +9.5207e-001 -7.5758e-001 +1.7771e+000 +7.3854e-002 -3.0777e-001 -1.6285e+000
466 +1.072367561e+002 +1.072367561e+002 -8.402632439e+002 -8.402632439e+002 -1.0503e+000 -4.4830e-001 -4.0936e-001 +1.2175e+000 +2.6484e+000 -3.8458e-001 +1.9619e+000 -1.6070e+000 -1.1802e+000 -1.9925e+000
513 +7.883065026e+001 +7.883065026e+001 -8.686693497e+002 -8.686693497e+002 -8.9346e-001 -6.6906e-001 +2.2975e-001 +1.2236e+000 +2.2943e+000 -8.5201e-001 +1.8368e+000 -2.3238e+000 -4.9386e-001 -3.1662e-001
546 +7.244149556e+001 +7.244149556e+001 -8.750585044e+002 -8.750585044e+002 -1.8682e+000 -2.2168e+000 +1.0122e+000 -4.4567e-001 +1.6501e+000 -1.4138e+000 +1.8964e+000 -8.0732e-001 +4.7976e-001 +1.2440e+000
561 +5.433569400e+001 +5.433569400e+001 -8.931643060e+002 -8.931643060e+002 +3.9818e-002 -1.8595e+000 +1.4466e+000 +2.1007e+000 +8.1750e-001 -8.3716e-001 +1.6879e+000 -1.1331e+000 +1.1389e-001 -2.2200e+000
1570 +5.137767510e+001 +5.137767510e+001 -8.961223249e+002 -8.961223249e+002 -1.8899e+000 -1.0395e+000 +8.1099e-001 +1.5591e+000 +9.6041e-001 -8.7919e-001 +8.7547e-001 -6.1156e-001 -1.0706e+000 -1.4881e+000
5337 +4.617073349e+001 +4.617073349e+001 -9.013292665e+002 -9.013292665e+002 -1.5083e+000 -4.4264e-001 +2.0611e+000 +1.5036e+000 +1.1577e+000 -7.2706e-001 +1.7184e+000 -2.3173e+000 -1.7973e+000 -1.4888e+000
5571 +3.989048535e+001 +3.989048535e+001 -9.076095147e+002 -9.076095147e+002 -1.6926e+000 -1.5545e+000 +1.8593e+000 +1.4256e+000 +7.8916e-001 -8.5134e-001 +8.2129e-001 -1.2829e+000 -7.2943e-001 -1.1904e+000
14991 +3.969812243e+001 +3.969812243e+001 -9.078018776e+002 -9.078018776e+002 -8.0104e-001 -9.1276e-001 +1.6640e+000 +1.8397e+000 +1.7887e+000 -1.0135e-001 +1.4359e+000 -2.4524e+000 -1.3252e+000 -1.6514e+000
76548 +3.847853546e+001 +3.847853546e+001 -9.090214645e+002 -9.090214645e+002 -1.4684e+000 -1.3771e+000 +3.4294e-001 +1.7382e+000 +2.0475e+000 -1.4319e+000 +1.1118e+000 -8.6908e-001 +7.9657e-003 -5.9647e-001
114674 +3.370464633e+001 +3.370464633e+001 -9.137953537e+002 -9.137953537e+002 -1.1761e+000 -9.8945e-001 +2.3739e+000 +1.2830e+000 +2.0700e+000 -1.7979e+000 +1.7830e+000 -1.7090e+000 -1.5226e+000 -2.0354e+000
217800 +2.796091334e+001 +2.796091334e+001 -9.195390867e+002 -9.195390867e+002 -1.5934e+000 -1.2045e+000 +1.4502e+000 +1.2248e+000 +2.0280e+000 -1.2969e+000 +7.6522e-001 -1.7417e+000 -5.2764e-001 -1.6054e+000
