% function evaluation | noise-free fitness - Fopt (-2.098800000000e+002) | best noise-free fitness - Fopt | measured fitness | best measured fitness | x1 | x2...
1 +3.404652274e+006 +3.404652274e+006 +3.404442394e+006 +3.404442394e+006 -5.1862e-001 +2.3597e+000
2 +1.688051981e+005 +1.688051981e+005 +1.685953181e+005 +1.685953181e+005 +3.8064e-002 +5.0148e-002
15 +6.334422039e+003 +6.334422039e+003 +6.124542039e+003 +6.124542039e+003 +6.5990e-001 +5.3013e-001
35 +5.778734728e+003 +5.778734728e+003 +5.568854728e+003 +5.568854728e+003 -1.6647e+000 +5.2791e-001
47 +4.167693740e+003 +4.167693740e+003 +3.957813740e+003 +3.957813740e+003 -1.1292e+000 +5.1864e-001
55 +8.101477672e+002 +8.101477672e+002 +6.002677672e+002 +6.002677672e+002 -2.8423e-001 +4.7458e-001
80 +1.897239375e+002 +1.897239375e+002 -2.015606255e+001 -2.015606255e+001 -6.8086e+000 +4.5939e-001
130 +8.013339347e+000 +8.013339347e+000 -2.018666607e+002 -2.018666607e+002 -1.1109e+000 +4.4975e-001
133 +6.503638046e+000 +6.503638046e+000 -2.033763620e+002 -2.033763620e+002 +3.0206e+000 +4.4603e-001
137 +4.345517901e+000 +4.345517901e+000 -2.055344821e+002 -2.055344821e+002 -4.1044e-001 +4.4908e-001
169 +1.832889455e+000 +1.832889455e+000 -2.080471105e+002 -2.080471105e+002 +5.3252e-001 +4.4678e-001
202 +1.578740207e+000 +1.578740207e+000 -2.083012598e+002 -2.083012598e+002 +1.0462e-001 +4.4753e-001
207 +1.440240334e+000 +1.440240334e+000 -2.084397597e+002 -2.084397597e+002 +8.0531e-002 +4.4777e-001
214 +3.909746075e-001 +3.909746075e-001 -2.094890254e+002 -2.094890254e+002 +1.4023e+000 +4.4744e-001
221 +2.339383187e-002 +2.339383187e-002 -2.098566062e+002 -2.098566062e+002 +1.2620e+000 +4.4815e-001
231 +1.356468677e-002 +1.356468677e-002 -2.098664353e+002 -2.098664353e+002 +1.1181e+000 +4.4792e-001
236 +8.806255419e-003 +8.806255419e-003 -2.098711937e+002 -2.098711937e+002 +1.1449e+000 +4.4793e-001
242 +5.898286306e-003 +5.898286306e-003 -2.098741017e+002 -2.098741017e+002 +1.1751e+000 +4.4793e-001
280 +4.609131148e-004 +4.609131148e-004 -2.098795391e+002 -2.098795391e+002 +1.2278e+000 +4.4801e-001
304 +3.875817569e-004 +3.875817569e-004 -2.098796124e+002 -2.098796124e+002 +1.2166e+000 +4.4798e-001
318 +2.789598219e-004 +2.789598219e-004 -2.098797210e+002 -2.098797210e+002 +1.2025e+000 +4.4798e-001
341 +1.657201739e-004 +1.657201739e-004 -2.098798343e+002 -2.098798343e+002 +1.1974e+000 +4.4799e-001
347 +5.495876405e-005 +5.495876405e-005 -2.098799450e+002 -2.098799450e+002 +1.2022e+000 +4.4801e-001
383 +3.980053975e-007 +3.980053975e-007 -2.098799996e+002 -2.098799996e+002 +1.2067e+000 +4.4800e-001
403 +2.018830401e-007 +2.018830401e-007 -2.098799998e+002 -2.098799998e+002 +1.2076e+000 +4.4800e-001
433 +1.467327593e-008 +1.467327593e-008 -2.098800000e+002 -2.098800000e+002 +1.2073e+000 +4.4800e-001
451 +5.352006838e-009 +5.352006838e-009 -2.098800000e+002 -2.098800000e+002 +1.2072e+000 +4.4800e-001
665 +0.000000000e+000 +0.000000000e+000 -2.098800000e+002 -2.098800000e+002 +1.2072e+000 +4.4800e-001
% function evaluation | noise-free fitness - Fopt (-9.209000000000e+001) | best noise-free fitness - Fopt | measured fitness | best measured fitness | x1 | x2...
1 +3.191040503e+006 +3.191040503e+006 +3.190948413e+006 +3.190948413e+006 +1.1960e+000 +9.4505e-001
4 +2.083025559e+004 +2.083025559e+004 +2.073816559e+004 +2.073816559e+004 -1.4316e+000 +2.7716e+000
6 +3.069486125e+000 +3.069486125e+000 -8.902051388e+001 -8.902051388e+001 +1.8670e+000 +2.6204e+000
207 +1.452582348e+000 +1.452582348e+000 -9.063741765e+001 -9.063741765e+001 +7.1464e-001 +2.6204e+000
219 +4.372368370e-001 +4.372368370e-001 -9.165276316e+001 -9.165276316e+001 +1.3339e-002 +2.6217e+000
220 +4.344296305e-001 +4.344296305e-001 -9.165557037e+001 -9.165557037e+001 +7.1479e-001 +2.6209e+000
233 +2.001212481e-001 +2.001212481e-001 -9.188987875e+001 -9.188987875e+001 +5.3391e-001 +2.6220e+000
239 +8.901308151e-002 +8.901308151e-002 -9.200098692e+001 -9.200098692e+001 +5.1962e-001 +2.6214e+000
243 +1.405539287e-002 +1.405539287e-002 -9.207594461e+001 -9.207594461e+001 +6.0895e-001 +2.6216e+000
373 +4.353236740e-003 +4.353236740e-003 -9.208564676e+001 -9.208564676e+001 +6.6380e-001 +2.6216e+000
384 +3.738892372e-003 +3.738892372e-003 -9.208626111e+001 -9.208626111e+001 +7.0055e-001 +2.6217e+000
388 +2.693181848e-004 +2.693181848e-004 -9.208973068e+001 -9.208973068e+001 +7.1654e-001 +2.6216e+000
401 +2.318878302e-004 +2.318878302e-004 -9.208976811e+001 -9.208976811e+001 +7.4099e-001 +2.6216e+000
415 +3.469370255e-005 +3.469370255e-005 -9.208996531e+001 -9.208996531e+001 +7.2076e-001 +2.6216e+000
419 +2.973230329e-005 +2.973230329e-005 -9.208997027e+001 -9.208997027e+001 +7.2093e-001 +2.6216e+000
473 +2.408248328e-005 +2.408248328e-005 -9.208997592e+001 -9.208997592e+001 +7.2944e-001 +2.6216e+000
482 +4.716771357e-006 +4.716771357e-006 -9.208999528e+001 -9.208999528e+001 +7.2483e-001 +2.6216e+000
495 +5.134151593e-007 +5.134151593e-007 -9.208999949e+001 -9.208999949e+001 +7.2592e-001 +2.6216e+000
511 +3.564193207e-008 +3.564193207e-008 -9.208999996e+001 -9.208999996e+001 +7.2577e-001 +2.6216e+000
526 +3.071870935e-008 +3.071870935e-008 -9.208999997e+001 -9.208999997e+001 +7.2573e-001 +2.6216e+000
528 +2.271448807e-008 +2.271448807e-008 -9.208999998e+001 -9.208999998e+001 +7.2562e-001 +2.6216e+000
535 +9.505654930e-009 +9.505654930e-009 -9.208999999e+001 -9.208999999e+001 +7.2569e-001 +2.6216e+000
702 +0.000000000e+000 +0.000000000e+000 -9.209000000e+001 -9.209000000e+001 +7.2560e-001 +2.6216e+000
% function evaluation | noise-free fitness - Fopt (-8.789000000000e+001) | best noise-free fitness - Fopt | measured fitness | best measured fitness | x1 | x2...
1 +6.409064028e+006 +6.409064028e+006 +6.408976138e+006 +6.408976138e+006 +1.2914e+000 +6.0303e+000
2 +3.796952234e+003 +3.796952234e+003 +3.709062234e+003 +3.709062234e+003 +7.8090e-001 +3.7115e+000
12 +2.235231925e+002 +2.235231925e+002 +1.356331925e+002 +1.356331925e+002 +6.5468e-001 +3.6310e+000
48 +1.057520725e+002 +1.057520725e+002 +1.786207246e+001 +1.786207246e+001 +3.5383e+000 +3.6553e+000
51 +6.559262344e+001 +6.559262344e+001 -2.229737656e+001 -2.229737656e+001 +7.7510e+000 +3.6476e+000
55 +8.877710501e+000 +8.877710501e+000 -7.901228950e+001 -7.901228950e+001 +3.1649e+000 +3.6463e+000
65 +6.242126867e+000 +6.242126867e+000 -8.164787313e+001 -8.164787313e+001 +2.1371e+000 +3.6439e+000
183 +3.280531352e+000 +3.280531352e+000 -8.460946865e+001 -8.460946865e+001 +1.0397e+000 +3.6439e+000
191 +2.435217343e+000 +2.435217343e+000 -8.545478266e+001 -8.545478266e+001 +1.5135e+000 +3.6448e+000
194 +7.034922248e-001 +7.034922248e-001 -8.718650778e+001 -8.718650778e+001 +8.8872e-001 +3.6452e+000
202 +5.537027647e-001 +5.537027647e-001 -8.733629724e+001 -8.733629724e+001 +7.0349e-001 +3.6450e+000
233 +4.147336608e-001 +4.147336608e-001 -8.747526634e+001 -8.747526634e+001 +1.8802e-001 +3.6450e+000
251 +4.064731287e-001 +4.064731287e-001 -8.748352687e+001 -8.748352687e+001 +2.1765e-001 +3.6450e+000
256 +3.647647579e-001 +3.647647579e-001 -8.752523524e+001 -8.752523524e+001 +1.7233e-001 +3.6450e+000
270 +3.520419375e-001 +3.520419375e-001 -8.753795806e+001 -8.753795806e+001 +2.0462e-001 +3.6450e+000
282 +3.388033202e-001 +3.388033202e-001 -8.755119668e+001 -8.755119668e+001 +1.8995e-001 +3.6451e+000
291 +3.225886484e-001 +3.225886484e-001 -8.756741135e+001 -8.756741135e+001 +2.1798e-001 +3.6451e+000
302 +3.126410554e-001 +3.126410554e-001 -8.757735894e+001 -8.757735894e+001 +2.2545e-001 +3.6451e+000
303 +2.397258357e-001 +2.397258357e-001 -8.765027416e+001 -8.765027416e+001 +2.1246e-001 +3.6452e+000
317 +1.774845702e-001 +1.774845702e-001 -8.771251543e+001 -8.771251543e+001 +2.4245e-001 +3.6452e+000
323 +7.792896881e-002 +7.792896881e-002 -8.781207103e+001 -8.781207103e+001 +1.6478e-001 +3.6453e+000
329 +7.094788519e-002 +7.094788519e-002 -8.781905211e+001 -8.781905211e+001 +2.5943e-001 +3.6453e+000
332 +6.326855711e-002 +6.326855711e-002 -8.782673144e+001 -8.782673144e+001 +2.5987e-001 +3.6453e+000
333 +5.871093759e-002 +5.871093759e-002 -8.783128906e+001 -8.783128906e+001 +1.5817e-001 +3.6454e+000
336 +4.107640011e-002 +4.107640011e-002 -8.784892360e+001 -8.784892360e+001 +3.2603e-001 +3.6454e+000
338 +1.602236807e-002 +1.602236807e-002 -8.787397763e+001 -8.787397763e+001 +1.2807e-001 +3.6455e+000
353 +1.650856736e-003 +1.650856736e-003 -8.788834914e+001 -8.788834914e+001 +2.1777e-001 +3.6456e+000
371 +3.743593544e-004 +3.743593544e-004 -8.788962564e+001 -8.788962564e+001 +2.3459e-001 +3.6456e+000
397 +3.203860924e-004 +3.203860924e-004 -8.788967961e+001 -8.788967961e+001 +2.2852e-001 +3.6456e+000
401 +8.511899622e-005 +8.511899622e-005 -8.788991488e+001 -8.788991488e+001 +2.2939e-001 +3.6456e+000
411 +5.681605357e-005 +5.681605357e-005 -8.788994318e+001 -8.788994318e+001 +2.3674e-001 +3.6456e+000
424 +1.832716478e-005 +1.832716478e-005 -8.788998167e+001 -8.788998167e+001 +2.3915e-001 +3.6456e+000
438 +6.779906244e-006 +6.779906244e-006 -8.788999322e+001 -8.788999322e+001 +2.4157e-001 +3.6456e+000
441 +5.185091467e-006 +5.185091467e-006 -8.788999481e+001 -8.788999481e+001 +2.3982e-001 +3.6456e+000
471 +2.401906343e-006 +2.401906343e-006 -8.788999760e+001 -8.788999760e+001 +2.3847e-001 +3.6456e+000
474 +1.558616077e-006 +1.558616077e-006 -8.788999844e+001 -8.788999844e+001 +2.4013e-001 +3.6456e+000
501 +1.078051838e-006 +1.078051838e-006 -8.788999892e+001 -8.788999892e+001 +2.3878e-001 +3.6456e+000
519 +7.286955253e-007 +7.286955253e-007 -8.788999927e+001 -8.788999927e+001 +2.3929e-001 +3.6456e+000
530 +1.263727398e-007 +1.263727398e-007 -8.788999987e+001 -8.788999987e+001 +2.3942e-001 +3.6456e+000
540 +7.244716471e-008 +7.244716471e-008 -8.788999993e+001 -8.788999993e+001 +2.3936e-001 +3.6456e+000
542 +7.126659796e-008 +7.126659796e-008 -8.788999993e+001 -8.788999993e+001 +2.3903e-001 +3.6456e+000
547 +5.722151286e-008 +5.722151286e-008 -8.788999994e+001 -8.788999994e+001 +2.3895e-001 +3.6456e+000
548 +1.529183180e-008 +1.529183180e-008 -8.788999998e+001 -8.788999998e+001 +2.3910e-001 +3.6456e+000
571 +1.223506274e-008 +1.223506274e-008 -8.788999999e+001 -8.788999999e+001 +2.3919e-001 +3.6456e+000
572 +8.418666653e-009 +8.418666653e-009 -8.788999999e+001 -8.788999999e+001 +2.3925e-001 +3.6456e+000
1031 +0.000000000e+000 +0.000000000e+000 -8.789000000e+001 -8.789000000e+001 +2.3920e-001 +3.6456e+000
% function evaluation | noise-free fitness - Fopt (3.201900000000e+002) | best noise-free fitness - Fopt | measured fitness | best measured fitness | x1 | x2...
1 +4.839351078e+005 +4.839351078e+005 +4.842552978e+005 +4.842552978e+005 +2.1732e+000 -1.6925e+000
13 +3.147738368e+005 +3.147738368e+005 +3.150940268e+005 +3.150940268e+005 +2.0632e+000 -1.8263e+000
18 +1.239461839e+005 +1.239461839e+005 +1.242663739e+005 +1.242663739e+005 +2.3414e+000 -2.0066e+000
32 +1.197008432e+005 +1.197008432e+005 +1.200210332e+005 +1.200210332e+005 +2.2917e+000 -2.0166e+000
37 +5.415962940e+004 +5.415962940e+004 +5.447981940e+004 +5.447981940e+004 +2.2493e+000 -2.1277e+000
43 +9.539328606e+002 +9.539328606e+002 +1.274122861e+003 +1.274122861e+003 +2.4627e+000 -2.3907e+000
52 +3.198842991e+000 +3.198842991e+000 +3.233888430e+002 +3.233888430e+002 +1.4337e+000 -2.3610e+000
182 +2.566151555e+000 +2.566151555e+000 +3.227561516e+002 +3.227561516e+002 +1.1239e+000 -2.3615e+000
187 +7.244351591e-001 +7.244351591e-001 +3.209144352e+002 +3.209144352e+002 +2.5728e-001 -2.3603e+000
191 +5.933747684e-001 +5.933747684e-001 +3.207833748e+002 +3.207833748e+002 +3.8379e-001 -2.3610e+000
200 +3.140627296e-001 +3.140627296e-001 +3.205040627e+002 +3.205040627e+002 -2.6824e-001 -2.3613e+000
205 +4.071221994e-002 +4.071221994e-002 +3.202307122e+002 +3.202307122e+002 -2.6323e-001 -2.3607e+000
321 +3.716926227e-004 +3.716926227e-004 +3.201903717e+002 +3.201903717e+002 -4.3746e-001 -2.3608e+000
367 +3.533690809e-004 +3.533690809e-004 +3.201903534e+002 +3.201903534e+002 -4.4233e-001 -2.3608e+000
381 +3.139234213e-004 +3.139234213e-004 +3.201903139e+002 +3.201903139e+002 -4.3016e-001 -2.3608e+000
410 +2.997397829e-004 +2.997397829e-004 +3.201902997e+002 +3.201902997e+002 -4.3260e-001 -2.3608e+000
430 +2.933517076e-004 +2.933517076e-004 +3.201902934e+002 +3.201902934e+002 -4.3268e-001 -2.3608e+000
436 +2.850044660e-004 +2.850044660e-004 +3.201902850e+002 +3.201902850e+002 -4.3276e-001 -2.3608e+000
445 +2.011374381e-004 +2.011374381e-004 +3.201902011e+002 +3.201902011e+002 -4.3389e-001 -2.3608e+000
453 +8.652888357e-005 +8.652888357e-005 +3.201900865e+002 +3.201900865e+002 -4.3353e-001 -2.3608e+000
476 +2.046064571e-005 +2.046064571e-005 +3.201900205e+002 +3.201900205e+002 -4.3382e-001 -2.3608e+000
503 +1.204783229e-005 +1.204783229e-005 +3.201900120e+002 +3.201900120e+002 -4.3311e-001 -2.3608e+000
507 +8.256671435e-006 +8.256671435e-006 +3.201900083e+002 +3.201900083e+002 -4.3054e-001 -2.3608e+000
510 +5.295590995e-006 +5.295590995e-006 +3.201900053e+002 +3.201900053e+002 -4.3218e-001 -2.3608e+000
515 +3.223972499e-006 +3.223972499e-006 +3.201900032e+002 +3.201900032e+002 -4.3103e-001 -2.3608e+000
522 +9.691501646e-008 +9.691501646e-008 +3.201900001e+002 +3.201900001e+002 -4.3270e-001 -2.3608e+000
539 +1.713857500e-008 +1.713857500e-008 +3.201900000e+002 +3.201900000e+002 -4.3271e-001 -2.3608e+000
560 +1.192518084e-009 +1.192518084e-009 +3.201900000e+002 +3.201900000e+002 -4.3283e-001 -2.3608e+000
709 +0.000000000e+000 +0.000000000e+000 +3.201900000e+002 +3.201900000e+002 -4.3280e-001 -2.3608e+000
% function evaluation | noise-free fitness - Fopt (-1.042400000000e+002) | best noise-free fitness - Fopt | measured fitness | best measured fitness | x1 | x2...
1 +6.096151766e+007 +6.096151766e+007 +6.096141342e+007 +6.096141342e+007 +2.6319e+000 +3.6125e+000
5 +6.024671610e+007 +6.024671610e+007 +6.024661186e+007 +6.024661186e+007 +5.4951e+000 +3.5536e+000
8 +5.687155569e+007 +5.687155569e+007 +5.687145145e+007 +5.687145145e+007 +3.3556e+000 +3.3011e+000
9 +4.432583836e+007 +4.432583836e+007 +4.432573412e+007 +4.432573412e+007 +1.0759e+000 +2.5357e+000
14 +3.486390472e+007 +3.486390472e+007 +3.486380048e+007 +3.486380048e+007 +1.3779e+000 +1.9603e+000
21 +3.059396106e+007 +3.059396106e+007 +3.059385682e+007 +3.059385682e+007 -2.5298e+000 +1.6523e+000
22 +2.902715253e+007 +2.902715253e+007 +2.902704829e+007 +2.902704829e+007 +3.9708e+000 +1.5243e+000
27 +2.427466158e+007 +2.427466158e+007 +2.427455734e+007 +2.427455734e+007 +6.4415e+000 +1.0612e+000
32 +5.621313591e+006 +5.621313591e+006 +5.621209351e+006 +5.621209351e+006 -1.6483e+001 -1.6720e+000
41 +2.060774520e+006 +2.060774520e+006 +2.060670280e+006 +2.060670280e+006 -3.1211e+000 -5.2374e+000
48 +1.085057796e+006 +1.085057796e+006 +1.084953556e+006 +1.084953556e+006 -2.3292e+000 -2.8980e+000
52 +7.199360330e+005 +7.199360330e+005 +7.198317930e+005 +7.198317930e+005 -5.8545e+000 -3.0083e+000
54 +3.728640614e+005 +3.728640614e+005 +3.727598214e+005 +3.727598214e+005 +4.1010e+001 -3.3545e+000
62 +1.141173985e+004 +1.141173985e+004 +1.130749985e+004 +1.130749985e+004 +2.7043e+001 -3.8237e+000
94 +6.964328072e+003 +6.964328072e+003 +6.860088072e+003 +6.860088072e+003 +7.4206e+001 -3.9580e+000
105 +6.688525291e+003 +6.688525291e+003 +6.584285291e+003 +6.584285291e+003 +1.5179e+001 -4.0072e+000
119 +4.483047046e+003 +4.483047046e+003 +4.378807046e+003 +4.378807046e+003 +1.4928e+001 -3.9913e+000
123 +4.271533871e+003 +4.271533871e+003 +4.167293871e+003 +4.167293871e+003 +1.8663e+001 -3.9887e+000
126 +2.725369761e+003 +2.725369761e+003 +2.621129761e+003 +2.621129761e+003 +1.4054e+001 -3.9681e+000
133 +1.902426399e+003 +1.902426399e+003 +1.798186399e+003 +1.798186399e+003 +2.9617e+000 -3.9606e+000
139 +4.648576917e+002 +4.648576917e+002 +3.606176917e+002 +3.606176917e+002 +9.3137e+000 -3.9398e+000
140 +2.834266853e+002 +2.834266853e+002 +1.791866853e+002 +1.791866853e+002 +1.8203e+001 -3.9211e+000
141 +2.489896100e+002 +2.489896100e+002 +1.447496100e+002 +1.447496100e+002 +1.3791e+001 -3.9261e+000
151 +1.929778895e+002 +1.929778895e+002 +8.873788951e+001 +8.873788951e+001 +1.3027e+001 -3.9163e+000
153 +1.255946529e+002 +1.255946529e+002 +2.135465290e+001 +2.135465290e+001 +1.1792e+001 -3.9197e+000
169 +8.785628420e+001 +8.785628420e+001 -1.638371580e+001 -1.638371580e+001 +9.2097e+000 -3.9237e+000
172 +8.273245757e+001 +8.273245757e+001 -2.150754243e+001 -2.150754243e+001 +1.0138e+001 -3.9207e+000
173 +4.701219030e+001 +4.701219030e+001 -5.722780970e+001 -5.722780970e+001 +6.8784e+000 -3.9215e+000
174 +4.545973320e+001 +4.545973320e+001 -5.878026680e+001 -5.878026680e+001 +6.9116e+000 -3.9203e+000
183 +9.325679751e+000 +9.325679751e+000 -9.491432025e+001 -9.491432025e+001 +3.5169e+000 -3.9198e+000
193 +6.520524457e+000 +6.520524457e+000 -9.771947554e+001 -9.771947554e+001 +2.4251e+000 -3.9215e+000
198 +5.172904385e-001 +5.172904385e-001 -1.037227096e+002 -1.037227096e+002 -2.4764e-001 -3.9204e+000
208 +1.296958475e-001 +1.296958475e-001 -1.041103042e+002 -1.041103042e+002 +7.6064e-001 -3.9200e+000
213 +4.130490433e-002 +4.130490433e-002 -1.041986951e+002 -1.041986951e+002 +1.9600e-001 -3.9200e+000
230 +3.036422968e-002 +3.036422968e-002 -1.042096358e+002 -1.042096358e+002 +2.7429e-001 -3.9201e+000
260 +2.365175030e-002 +2.365175030e-002 -1.042163482e+002 -1.042163482e+002 +4.2421e-001 -3.9201e+000
263 +7.071756827e-003 +7.071756827e-003 -1.042329282e+002 -1.042329282e+002 +4.7704e-001 -3.9200e+000
268 +2.317309493e-004 +2.317309493e-004 -1.042397683e+002 -1.042397683e+002 +3.8310e-001 -3.9200e+000
323 +1.227158192e-004 +1.227158192e-004 -1.042398773e+002 -1.042398773e+002 +3.9901e-001 -3.9200e+000
331 +9.868564754e-005 +9.868564754e-005 -1.042399013e+002 -1.042399013e+002 +3.9376e-001 -3.9200e+000
335 +9.725994920e-005 +9.725994920e-005 -1.042399027e+002 -1.042399027e+002 +3.9164e-001 -3.9200e+000
355 +8.652875727e-005 +8.652875727e-005 -1.042399135e+002 -1.042399135e+002 +3.9340e-001 -3.9200e+000
356 +6.204684993e-005 +6.204684993e-005 -1.042399380e+002 -1.042399380e+002 +3.9024e-001 -3.9200e+000
361 +2.373421559e-005 +2.373421559e-005 -1.042399763e+002 -1.042399763e+002 +3.9124e-001 -3.9200e+000
363 +2.286440760e-005 +2.286440760e-005 -1.042399771e+002 -1.042399771e+002 +3.9157e-001 -3.9200e+000
375 +2.233711072e-006 +2.233711072e-006 -1.042399978e+002 -1.042399978e+002 +3.9296e-001 -3.9200e+000
381 +1.978045105e-007 +1.978045105e-007 -1.042399998e+002 -1.042399998e+002 +3.9418e-001 -3.9200e+000
467 +1.595603862e-007 +1.595603862e-007 -1.042399998e+002 -1.042399998e+002 +3.9478e-001 -3.9200e+000
472 +7.438471528e-008 +7.438471528e-008 -1.042399999e+002 -1.042399999e+002 +3.9467e-001 -3.9200e+000
489 +2.809272814e-008 +2.809272814e-008 -1.042400000e+002 -1.042400000e+002 +3.9454e-001 -3.9200e+000
494 +7.613152775e-009 +7.613152775e-009 -1.042400000e+002 -1.042400000e+002 +3.9445e-001 -3.9200e+000
732 +0.000000000e+000 +0.000000000e+000 -1.042400000e+002 -1.042400000e+002 +3.9440e-001 -3.9200e+000
% function evaluation | noise-free fitness - Fopt (-1.843100000000e+002) | best noise-free fitness - Fopt | measured fitness | best measured fitness | x1 | x2...
1 +4.985956309e+005 +4.985956309e+005 +4.984113209e+005 +4.984113209e+005 +3.9077e+000 -5.4347e-001
5 +2.719804561e+005 +2.719804561e+005 +2.717961461e+005 +2.717961461e+005 +2.8703e+000 -3.1471e-001
14 +4.788640556e+004 +4.788640556e+004 +4.770209556e+004 +4.770209556e+004 +2.9502e+000 +4.4312e-001
17 +1.739746070e+004 +1.739746070e+004 +1.721315070e+004 +1.721315070e+004 +3.3538e+000 +9.8065e-002
21 +6.728238823e+002 +6.728238823e+002 +4.885138823e+002 +4.885138823e+002 +3.5454e+000 +1.9891e-001
42 +3.417278610e+001 +3.417278610e+001 -1.501372139e+002 -1.501372139e+002 +2.0992e+000 +2.1908e-001
57 +2.593515947e+001 +2.593515947e+001 -1.583748405e+002 -1.583748405e+002 +1.8759e+000 +2.2976e-001
64 +2.540297473e+001 +2.540297473e+001 -1.589070253e+002 -1.589070253e+002 +1.5818e+000 +2.2961e-001
67 +6.789414478e+000 +6.789414478e+000 -1.775205855e+002 -1.775205855e+002 +1.7107e+000 +2.2757e-001
76 +1.948680596e+000 +1.948680596e+000 -1.823613194e+002 -1.823613194e+002 +1.6173e+000 +2.2342e-001
85 +7.915338133e-001 +7.915338133e-001 -1.835184662e+002 -1.835184662e+002 +1.6544e+000 +2.2568e-001
94 +2.480215410e-001 +2.480215410e-001 -1.840619785e+002 -1.840619785e+002 +1.7491e+000 +2.2435e-001
110 +4.544758327e-002 +4.544758327e-002 -1.842645524e+002 -1.842645524e+002 +1.7639e+000 +2.2458e-001
122 +1.049188763e-002 +1.049188763e-002 -1.842995081e+002 -1.842995081e+002 +1.8304e+000 +2.2470e-001
152 +7.242647721e-004 +7.242647721e-004 -1.843092757e+002 -1.843092757e+002 +1.8535e+000 +2.2483e-001
158 +6.467024046e-004 +6.467024046e-004 -1.843093533e+002 -1.843093533e+002 +1.8357e+000 +2.2482e-001
160 +1.166897303e-004 +1.166897303e-004 -1.843098833e+002 -1.843098833e+002 +1.8323e+000 +2.2480e-001
211 +6.754093491e-005 +6.754093491e-005 -1.843099325e+002 -1.843099325e+002 +1.8362e+000 +2.2480e-001
224 +4.118561395e-005 +4.118561395e-005 -1.843099588e+002 -1.843099588e+002 +1.8425e+000 +2.2479e-001
228 +1.864984415e-005 +1.864984415e-005 -1.843099814e+002 -1.843099814e+002 +1.8400e+000 +2.2480e-001
233 +7.596497881e-006 +7.596497881e-006 -1.843099924e+002 -1.843099924e+002 +1.8414e+000 +2.2480e-001
251 +4.496801751e-006 +4.496801751e-006 -1.843099955e+002 -1.843099955e+002 +1.8411e+000 +2.2480e-001
255 +8.262206848e-007 +8.262206848e-007 -1.843099992e+002 -1.843099992e+002 +1.8437e+000 +2.2480e-001
276 +1.086731061e-007 +1.086731061e-007 -1.843099999e+002 -1.843099999e+002 +1.8433e+000 +2.2480e-001
353 +6.299939059e-008 +6.299939059e-008 -1.843099999e+002 -1.843099999e+002 +1.8430e+000 +2.2480e-001
364 +3.877372023e-008 +3.877372023e-008 -1.843100000e+002 -1.843100000e+002 +1.8431e+000 +2.2480e-001
375 +2.451551495e-008 +2.451551495e-008 -1.843100000e+002 -1.843100000e+002 +1.8432e+000 +2.2480e-001
376 +1.374340286e-008 +1.374340286e-008 -1.843100000e+002 -1.843100000e+002 +1.8433e+000 +2.2480e-001
381 +1.243353154e-008 +1.243353154e-008 -1.843100000e+002 -1.843100000e+002 +1.8432e+000 +2.2480e-001
388 +6.681773357e-009 +6.681773357e-009 -1.843100000e+002 -1.843100000e+002 +1.8433e+000 +2.2480e-001
819 +0.000000000e+000 +0.000000000e+000 -1.843100000e+002 -1.843100000e+002 +1.8432e+000 +2.2480e-001
% function evaluation | noise-free fitness - Fopt (5.684000000000e+001) | best noise-free fitness - Fopt | measured fitness | best measured fitness | x1 | x2...
1 +6.081864093e+007 +6.081864093e+007 +6.081869777e+007 +6.081869777e+007 -3.2004e+000 +4.9917e+000
2 +5.034028174e+007 +5.034028174e+007 +5.034033858e+007 +5.034033858e+007 -4.2052e+000 +4.2764e+000
14 +4.978937967e+007 +4.978937967e+007 +4.978943651e+007 +4.978943651e+007 -2.3615e+000 +4.2438e+000
16 +4.802773343e+007 +4.802773343e+007 +4.802779027e+007 +4.802779027e+007 -3.8143e+000 +4.1406e+000
23 +4.389126113e+007 +4.389126113e+007 +4.389131797e+007 +4.389131797e+007 +1.5620e+000 +3.9018e+000
25 +4.244121627e+007 +4.244121627e+007 +4.244127311e+007 +4.244127311e+007 -2.3610e+000 +3.8178e+000
56 +4.092807428e+007 +4.092807428e+007 +4.092813112e+007 +4.092813112e+007 -1.3285e+000 +3.7291e+000
62 +3.678070009e+007 +3.678070009e+007 +3.678075693e+007 +3.678075693e+007 -8.7810e-001 +3.4762e+000
72 +3.153141365e+007 +3.153141365e+007 +3.153147049e+007 +3.153147049e+007 -1.3741e+000 +3.1156e+000
86 +2.973983660e+007 +2.973983660e+007 +2.973989344e+007 +2.973989344e+007 -1.3065e+000 +2.9750e+000
96 +2.392080601e+007 +2.392080601e+007 +2.392086285e+007 +2.392086285e+007 -1.4484e+000 +2.4128e+000
100 +1.990829705e+007 +1.990829705e+007 +1.990835389e+007 +1.990835389e+007 -1.3580e+000 +1.9329e+000
103 +5.217819447e+006 +5.217819447e+006 +5.217876287e+006 +5.217876287e+006 -1.1785e+000 -3.4261e-001
112 +3.393667880e+006 +3.393667880e+006 +3.393724720e+006 +3.393724720e+006 -1.9035e+000 -6.1899e-001
122 +3.403859973e+005 +3.403859973e+005 +3.404428373e+005 +3.404428373e+005 -3.5106e+000 -3.1583e+000
136 +9.723626460e+004 +9.723626460e+004 +9.729310460e+004 +9.729310460e+004 -1.4157e+001 -2.2263e+000
138 +8.138807751e+003 +8.138807751e+003 +8.195647751e+003 +8.195647751e+003 -2.2204e+000 -2.4405e+000
154 +2.320845716e+003 +2.320845716e+003 +2.377685716e+003 +2.377685716e+003 -2.3038e+001 -2.5687e+000
163 +9.275214880e+001 +9.275214880e+001 +1.495921488e+002 +1.495921488e+002 -1.7856e+000 -2.5387e+000
175 +5.093687040e+001 +5.093687040e+001 +1.077768704e+002 +1.077768704e+002 +4.8288e+000 -2.5343e+000
188 +1.112416609e+001 +1.112416609e+001 +6.796416609e+001 +6.796416609e+001 -2.6167e+000 -2.5276e+000
198 +4.856639324e+000 +4.856639324e+000 +6.169663932e+001 +6.169663932e+001 +2.6009e-001 -2.5268e+000
202 +1.101847719e+000 +1.101847719e+000 +5.794184772e+001 +5.794184772e+001 -5.0195e-001 -2.5288e+000
246 +7.569857093e-001 +7.569857093e-001 +5.759698571e+001 +5.759698571e+001 +1.9623e-002 -2.5281e+000
266 +2.089013924e-001 +2.089013924e-001 +5.704890139e+001 +5.704890139e+001 +5.2840e-001 -2.5283e+000
267 +7.704806878e-003 +7.704806878e-003 +5.684770481e+001 +5.684770481e+001 +5.3946e-001 -2.5287e+000
270 +7.036744661e-003 +7.036744661e-003 +5.684703674e+001 +5.684703674e+001 +6.0365e-001 -2.5287e+000
293 +4.048661367e-003 +4.048661367e-003 +5.684404866e+001 +5.684404866e+001 +5.9212e-001 -2.5288e+000
301 +3.392574513e-003 +3.392574513e-003 +5.684339257e+001 +5.684339257e+001 +5.7108e-001 -2.5288e+000
311 +2.454248218e-003 +2.454248218e-003 +5.684245425e+001 +5.684245425e+001 +5.7908e-001 -2.5288e+000
331 +8.066783993e-004 +8.066783993e-004 +5.684080668e+001 +5.684080668e+001 +5.2243e-001 -2.5288e+000
367 +7.682288311e-004 +7.682288311e-004 +5.684076823e+001 +5.684076823e+001 +5.5234e-001 -2.5288e+000
378 +2.350184080e-004 +2.350184080e-004 +5.684023502e+001 +5.684023502e+001 +5.4832e-001 -2.5288e+000
381 +7.339647974e-005 +7.339647974e-005 +5.684007340e+001 +5.684007340e+001 +5.2384e-001 -2.5288e+000
394 +2.134570761e-005 +2.134570761e-005 +5.684002135e+001 +5.684002135e+001 +5.3578e-001 -2.5288e+000
395 +1.085684296e-006 +1.085684296e-006 +5.684000109e+001 +5.684000109e+001 +5.3378e-001 -2.5288e+000
441 +6.097077048e-007 +6.097077048e-007 +5.684000061e+001 +5.684000061e+001 +5.3337e-001 -2.5288e+000
449 +3.593575144e-007 +3.593575144e-007 +5.684000036e+001 +5.684000036e+001 +5.3340e-001 -2.5288e+000
451 +1.261596267e-007 +1.261596267e-007 +5.684000013e+001 +5.684000013e+001 +5.3309e-001 -2.5288e+000
469 +1.093615651e-007 +1.093615651e-007 +5.684000011e+001 +5.684000011e+001 +5.3269e-001 -2.5288e+000
475 +3.632430889e-008 +3.632430889e-008 +5.684000004e+001 +5.684000004e+001 +5.3261e-001 -2.5288e+000
507 +2.414738987e-008 +2.414738987e-008 +5.684000002e+001 +5.684000002e+001 +5.3265e-001 -2.5288e+000
511 +6.164512456e-009 +6.164512456e-009 +5.684000001e+001 +5.684000001e+001 +5.3272e-001 -2.5288e+000
721 +0.000000000e+000 +0.000000000e+000 +5.684000000e+001 +5.684000000e+001 +5.3280e-001 -2.5288e+000
% function evaluation | noise-free fitness - Fopt (-1.897300000000e+002) | best noise-free fitness - Fopt | measured fitness | best measured fitness | x1 | x2...
1 +6.985020085e+006 +6.985020085e+006 +6.984830355e+006 +6.984830355e+006 -3.1611e+000 +1.7210e+000
4 +4.191909206e+006 +4.191909206e+006 +4.191719476e+006 +4.191719476e+006 -3.5477e+000 +1.2470e+000
6 +3.999633790e+006 +3.999633790e+006 +3.999444060e+006 +3.999444060e+006 -3.6682e+000 +1.2182e+000
12 +2.152099532e+006 +2.152099532e+006 +2.151909802e+006 +2.151909802e+006 -3.8969e+000 +7.8181e-001
13 +5.416323620e+005 +5.416323620e+005 +5.414426320e+005 +5.414426320e+005 -1.3704e+000 +1.5369e-002
24 +3.474767656e+002 +3.474767656e+002 +1.577467656e+002 +1.577467656e+002 -9.2584e-001 -7.6955e-001
41 +1.688665319e+002 +1.688665319e+002 -2.086346812e+001 -2.086346812e+001 -3.8302e-001 -8.0164e-001
47 +1.843041557e+001 +1.843041557e+001 -1.712995844e+002 -1.712995844e+002 -1.2824e+000 -7.9229e-001
61 +1.057517176e+000 +1.057517176e+000 -1.886724828e+002 -1.886724828e+002 -1.3692e-002 -7.8825e-001
92 +6.321321781e-001 +6.321321781e-001 -1.890978678e+002 -1.890978678e+002 +5.4757e-001 -7.8953e-001
120 +4.717628888e-001 +4.717628888e-001 -1.892582371e+002 -1.892582371e+002 +1.5305e+000 -7.8888e-001
122 +1.431492301e-001 +1.431492301e-001 -1.895868508e+002 -1.895868508e+002 +1.2095e+000 -7.8901e-001
144 +9.273825330e-002 +9.273825330e-002 -1.896372617e+002 -1.896372617e+002 +5.9404e-001 -7.8884e-001
158 +7.579693291e-002 +7.579693291e-002 -1.896542031e+002 -1.896542031e+002 +7.6916e-001 -7.8906e-001
159 +5.254683261e-002 +5.254683261e-002 -1.896774532e+002 -1.896774532e+002 +7.7894e-001 -7.8901e-001
165 +3.813950124e-002 +3.813950124e-002 -1.896918605e+002 -1.896918605e+002 +7.8001e-001 -7.8896e-001
176 +2.116504544e-002 +2.116504544e-002 -1.897088350e+002 -1.897088350e+002 +8.6662e-001 -7.8894e-001
179 +1.813089925e-002 +1.813089925e-002 -1.897118691e+002 -1.897118691e+002 +9.2501e-001 -7.8893e-001
180 +5.621707889e-003 +5.621707889e-003 -1.897243783e+002 -1.897243783e+002 +8.6084e-001 -7.8887e-001
191 +1.707195839e-004 +1.707195839e-004 -1.897298293e+002 -1.897298293e+002 +8.7976e-001 -7.8879e-001
192 +1.603730366e-004 +1.603730366e-004 -1.897298396e+002 -1.897298396e+002 +8.7968e-001 -7.8880e-001
195 +1.249434990e-005 +1.249434990e-005 -1.897299875e+002 -1.897299875e+002 +8.9040e-001 -7.8880e-001
265 +1.011885342e-005 +1.011885342e-005 -1.897299899e+002 -1.897299899e+002 +8.8904e-001 -7.8880e-001
271 +4.400972671e-006 +4.400972671e-006 -1.897299956e+002 -1.897299956e+002 +8.9150e-001 -7.8880e-001
278 +1.326318767e-006 +1.326318767e-006 -1.897299987e+002 -1.897299987e+002 +8.9127e-001 -7.8880e-001
291 +8.938609994e-007 +8.938609994e-007 -1.897299991e+002 -1.897299991e+002 +8.9168e-001 -7.8880e-001
321 +8.505674032e-007 +8.505674032e-007 -1.897299991e+002 -1.897299991e+002 +8.9226e-001 -7.8880e-001
332 +2.311782339e-007 +2.311782339e-007 -1.897299998e+002 -1.897299998e+002 +8.9187e-001 -7.8880e-001
334 +1.926133848e-007 +1.926133848e-007 -1.897299998e+002 -1.897299998e+002 +8.9243e-001 -7.8880e-001
344 +5.298588235e-008 +5.298588235e-008 -1.897299999e+002 -1.897299999e+002 +8.9224e-001 -7.8880e-001
355 +5.154666383e-008 +5.154666383e-008 -1.897299999e+002 -1.897299999e+002 +8.9217e-001 -7.8880e-001
356 +1.674365535e-008 +1.674365535e-008 -1.897300000e+002 -1.897300000e+002 +8.9214e-001 -7.8880e-001
366 +5.280895721e-009 +5.280895721e-009 -1.897300000e+002 -1.897300000e+002 +8.9198e-001 -7.8880e-001
570 +0.000000000e+000 +0.000000000e+000 -1.897300000e+002 -1.897300000e+002 +8.9200e-001 -7.8880e-001
% function evaluation | noise-free fitness - Fopt (4.659700000000e+002) | best noise-free fitness - Fopt | measured fitness | best measured fitness | x1 | x2...
1 +5.079885034e+005 +5.079885034e+005 +5.084544734e+005 +5.084544734e+005 +1.4483e+000 +4.7437e-001
6 +1.928747281e+005 +1.928747281e+005 +1.933406981e+005 +1.933406981e+005 +1.6988e+000 +1.8484e-001
8 +1.767144292e+004 +1.767144292e+004 +1.813741292e+004 +1.813741292e+004 +2.9293e+000 -1.3484e-001
27 +2.388015344e+003 +2.388015344e+003 +2.853985344e+003 +2.853985344e+003 +2.0583e+000 -3.1992e-001
61 +6.145533674e+002 +6.145533674e+002 +1.080523367e+003 +1.080523367e+003 +2.2698e+000 -2.9818e-001
74 +2.211204838e+002 +2.211204838e+002 +6.870904838e+002 +6.870904838e+002 +2.2667e+000 -2.8761e-001
75 +1.857328414e+002 +1.857328414e+002 +6.517028414e+002 +6.517028414e+002 +2.2697e+000 -2.6080e-001
87 +5.993491138e+001 +5.993491138e+001 +5.259049114e+002 +5.259049114e+002 +2.2668e+000 -2.8044e-001
105 +2.469128257e+001 +2.469128257e+001 +4.906612826e+002 +4.906612826e+002 +2.2638e+000 -2.7066e-001
123 +1.890154723e+001 +1.890154723e+001 +4.848715472e+002 +4.848715472e+002 +2.2766e+000 -2.7252e-001
168 +1.858706330e+001 +1.858706330e+001 +4.845570633e+002 +4.845570633e+002 +2.2738e+000 -2.7464e-001
174 +1.755278615e+001 +1.755278615e+001 +4.835227861e+002 +4.835227861e+002 +2.2691e+000 -2.7345e-001
226 +1.737016221e+001 +1.737016221e+001 +4.833401622e+002 +4.833401622e+002 +2.2487e+000 -2.7346e-001
266 +1.696015704e+001 +1.696015704e+001 +4.829301570e+002 +4.829301570e+002 +2.2031e+000 -2.7352e-001
283 +1.646476868e+001 +1.646476868e+001 +4.824347687e+002 +4.824347687e+002 +2.1472e+000 -2.7354e-001
313 +1.621678293e+001 +1.621678293e+001 +4.821867829e+002 +4.821867829e+002 +2.1194e+000 -2.7356e-001
315 +1.575005588e+001 +1.575005588e+001 +4.817200559e+002 +4.817200559e+002 +2.0668e+000 -2.7354e-001
328 +1.439504136e+001 +1.439504136e+001 +4.803650414e+002 +4.803650414e+002 +1.9136e+000 -2.7351e-001
335 +1.352242200e+001 +1.352242200e+001 +4.794924220e+002 +4.794924220e+002 +1.8148e+000 -2.7363e-001
337 +1.341141065e+001 +1.341141065e+001 +4.793814106e+002 +4.793814106e+002 +1.7964e+000 -2.7338e-001
341 +1.315477880e+001 +1.315477880e+001 +4.791247788e+002 +4.791247788e+002 +1.6919e+000 -2.7446e-001
342 +1.192586184e+001 +1.192586184e+001 +4.778958618e+002 +4.778958618e+002 +1.6201e+000 -2.7371e-001
344 +9.853810444e+000 +9.853810444e+000 +4.758238104e+002 +4.758238104e+002 +1.3143e+000 -2.7344e-001
347 +9.721444736e+000 +9.721444736e+000 +4.756914447e+002 +4.756914447e+002 +1.2952e+000 -2.7355e-001
348 +6.220794470e+000 +6.220794470e+000 +4.721907945e+002 +4.721907945e+002 +4.3608e-001 -2.7350e-001
359 +4.024409343e+000 +4.024409343e+000 +4.699944093e+002 +4.699944093e+002 +9.9497e-002 -2.7361e-001
361 +7.017064569e-001 +7.017064569e-001 +4.666717065e+002 +4.666717065e+002 -1.3214e+000 -2.7409e-001
374 +5.377062828e-002 +5.377062828e-002 +4.660237706e+002 +4.660237706e+002 -1.9195e+000 -2.7335e-001
391 +3.506971006e-002 +3.506971006e-002 +4.660050697e+002 +4.660050697e+002 -2.0550e+000 -2.7349e-001
434 +2.681799690e-002 +2.681799690e-002 +4.659968180e+002 +4.659968180e+002 -1.8969e+000 -2.7344e-001
442 +1.739327347e-002 +1.739327347e-002 +4.659873933e+002 +4.659873933e+002 -1.9005e+000 -2.7346e-001
446 +1.380893165e-002 +1.380893165e-002 +4.659838089e+002 +4.659838089e+002 -1.8676e+000 -2.7349e-001
452 +1.692973501e-003 +1.692973501e-003 +4.659716930e+002 +4.659716930e+002 -1.8956e+000 -2.7356e-001
477 +1.389063532e-003 +1.389063532e-003 +4.659713891e+002 +4.659713891e+002 -1.9422e+000 -2.7358e-001
489 +6.398613785e-004 +6.398613785e-004 +4.659706399e+002 +4.659706399e+002 -1.9324e+000 -2.7359e-001
491 +4.713567948e-004 +4.713567948e-004 +4.659704714e+002 +4.659704714e+002 -1.9020e+000 -2.7358e-001
501 +2.468752751e-004 +2.468752751e-004 +4.659702469e+002 +4.659702469e+002 -1.9160e+000 -2.7361e-001
506 +1.860933250e-004 +1.860933250e-004 +4.659701861e+002 +4.659701861e+002 -1.9217e+000 -2.7361e-001
515 +1.634243159e-004 +1.634243159e-004 +4.659701634e+002 +4.659701634e+002 -1.9163e+000 -2.7361e-001
516 +1.045672854e-004 +1.045672854e-004 +4.659701046e+002 +4.659701046e+002 -1.9205e+000 -2.7361e-001
521 +7.861457203e-005 +7.861457203e-005 +4.659700786e+002 +4.659700786e+002 -1.9160e+000 -2.7359e-001
522 +7.209343767e-005 +7.209343767e-005 +4.659700721e+002 +4.659700721e+002 -1.9184e+000 -2.7360e-001
525 +4.780882949e-005 +4.780882949e-005 +4.659700478e+002 +4.659700478e+002 -1.9171e+000 -2.7360e-001
531 +4.131440272e-005 +4.131440272e-005 +4.659700413e+002 +4.659700413e+002 -1.9171e+000 -2.7360e-001
541 +3.527196230e-005 +3.527196230e-005 +4.659700353e+002 +4.659700353e+002 -1.9171e+000 -2.7360e-001
551 +3.265169011e-005 +3.265169011e-005 +4.659700327e+002 +4.659700327e+002 -1.9164e+000 -2.7360e-001
552 +2.807701424e-005 +2.807701424e-005 +4.659700281e+002 +4.659700281e+002 -1.9159e+000 -2.7360e-001
554 +5.001827162e-006 +5.001827162e-006 +4.659700050e+002 +4.659700050e+002 -1.9105e+000 -2.7360e-001
563 +2.578654346e-006 +2.578654346e-006 +4.659700026e+002 +4.659700026e+002 -1.9128e+000 -2.7360e-001
568 +1.992753027e-006 +1.992753027e-006 +4.659700020e+002 +4.659700020e+002 -1.9125e+000 -2.7360e-001
569 +7.444660923e-007 +7.444660923e-007 +4.659700007e+002 +4.659700007e+002 -1.9108e+000 -2.7360e-001
575 +3.782583917e-007 +3.782583917e-007 +4.659700004e+002 +4.659700004e+002 -1.9106e+000 -2.7360e-001
576 +1.386604254e-008 +1.386604254e-008 +4.659700000e+002 +4.659700000e+002 -1.9113e+000 -2.7360e-001
609 +1.194098331e-008 +1.194098331e-008 +4.659700000e+002 +4.659700000e+002 -1.9111e+000 -2.7360e-001
625 +4.518426522e-009 +4.518426522e-009 +4.659700000e+002 +4.659700000e+002 -1.9111e+000 -2.7360e-001
820 +0.000000000e+000 +0.000000000e+000 +4.659700000e+002 +4.659700000e+002 -1.9112e+000 -2.7360e-001
% function evaluation | noise-free fitness - Fopt (2.574000000000e+001) | best noise-free fitness - Fopt | measured fitness | best measured fitness | x1 | x2...
1 +8.349186925e+006 +8.349186925e+006 +8.349212665e+006 +8.349212665e+006 -3.1373e+000 +4.8007e+000
2 +2.451781208e+006 +2.451781208e+006 +2.451806948e+006 +2.451806948e+006 -1.0172e+000 +3.5982e+000
4 +2.116346863e+006 +2.116346863e+006 +2.116372603e+006 +2.116372603e+006 -2.9184e+000 +3.4414e+000
5 +1.507405014e+004 +1.507405014e+004 +1.509979014e+004 +1.509979014e+004 -9.3107e-001 +1.7770e+000
33 +3.273694624e+003 +3.273694624e+003 +3.299434624e+003 +3.299434624e+003 -1.2913e+000 +1.9488e+000
41 +1.354601690e+003 +1.354601690e+003 +1.380341690e+003 +1.380341690e+003 -1.3661e+000 +1.9360e+000
45 +1.374697778e+001 +1.374697778e+001 +3.948697778e+001 +3.948697778e+001 -1.3928e+000 +1.8933e+000
154 +4.355239372e-002 +4.355239372e-002 +2.578355239e+001 +2.578355239e+001 -8.7003e-001 +1.8970e+000
174 +2.230052397e-002 +2.230052397e-002 +2.576230052e+001 +2.576230052e+001 -8.0794e-001 +1.8967e+000
185 +2.156403124e-002 +2.156403124e-002 +2.576156403e+001 +2.576156403e+001 -8.0251e-001 +1.8969e+000
198 +1.264647229e-002 +1.264647229e-002 +2.575264647e+001 +2.575264647e+001 -9.6338e-001 +1.8969e+000
206 +1.145411258e-002 +1.145411258e-002 +2.575145411e+001 +2.575145411e+001 -1.0428e+000 +1.8969e+000
213 +4.322880773e-003 +4.322880773e-003 +2.574432288e+001 +2.574432288e+001 -1.0089e+000 +1.8968e+000
225 +1.006889107e-003 +1.006889107e-003 +2.574100689e+001 +2.574100689e+001 -9.7629e-001 +1.8968e+000
235 +4.681194855e-004 +4.681194855e-004 +2.574046812e+001 +2.574046812e+001 -9.6351e-001 +1.8968e+000
243 +4.606803045e-004 +4.606803045e-004 +2.574046068e+001 +2.574046068e+001 -9.5861e-001 +1.8968e+000
246 +2.437299082e-004 +2.437299082e-004 +2.574024373e+001 +2.574024373e+001 -9.2976e-001 +1.8968e+000
251 +4.164489681e-006 +4.164489681e-006 +2.574000416e+001 +2.574000416e+001 -9.4558e-001 +1.8968e+000
313 +2.151448182e-006 +2.151448182e-006 +2.574000215e+001 +2.574000215e+001 -9.4675e-001 +1.8968e+000
324 +7.818504635e-007 +7.818504635e-007 +2.574000078e+001 +2.574000078e+001 -9.4607e-001 +1.8968e+000
338 +1.790941866e-007 +1.790941866e-007 +2.574000018e+001 +2.574000018e+001 -9.4558e-001 +1.8968e+000
341 +4.909088247e-008 +4.909088247e-008 +2.574000005e+001 +2.574000005e+001 -9.4551e-001 +1.8968e+000
354 +3.547898331e-008 +3.547898331e-008 +2.574000004e+001 +2.574000004e+001 -9.4545e-001 +1.8968e+000
377 +3.463232190e-008 +3.463232190e-008 +2.574000003e+001 +2.574000003e+001 -9.4543e-001 +1.8968e+000
384 +3.038066865e-008 +3.038066865e-008 +2.574000003e+001 +2.574000003e+001 -9.4544e-001 +1.8968e+000
390 +2.935639642e-008 +2.935639642e-008 +2.574000003e+001 +2.574000003e+001 -9.4544e-001 +1.8968e+000
400 +2.335263360e-008 +2.335263360e-008 +2.574000002e+001 +2.574000002e+001 -9.4545e-001 +1.8968e+000
464 +1.291467200e-008 +1.291467200e-008 +2.574000001e+001 +2.574000001e+001 -9.4548e-001 +1.8968e+000
498 +6.756941673e-010 +6.756941673e-010 +2.574000000e+001 +2.574000000e+001 -9.4561e-001 +1.8968e+000
758 +0.000000000e+000 +0.000000000e+000 +2.574000000e+001 +2.574000000e+001 -9.4560e-001 +1.8968e+000
% function evaluation | noise-free fitness - Fopt (4.167000000000e+001) | best noise-free fitness - Fopt | measured fitness | best measured fitness | x1 | x2...
1 +1.519091366e+007 +1.519091366e+007 +1.519095533e+007 +1.519095533e+007 +4.4379e+000 -4.4554e-001
2 +9.645114816e+006 +9.645114816e+006 +9.645156486e+006 +9.645156486e+006 +2.2930e+000 +2.8055e-001
3 +6.966154018e+006 +6.966154018e+006 +6.966195688e+006 +6.966195688e+006 +6.0195e+000 +7.1610e-001
10 +2.509077506e+006 +2.509077506e+006 +2.509119176e+006 +2.509119176e+006 -1.0668e+000 +1.9924e+000
11 +2.103605944e+005 +2.103605944e+005 +2.104022644e+005 +2.104022644e+005 +7.2417e+000 +2.9908e+000
23 +1.123331091e+003 +1.123331091e+003 +1.165001091e+003 +1.165001091e+003 +6.5118e+000 +3.4104e+000
41 +2.932348173e+002 +2.932348173e+002 +3.349048173e+002 +3.349048173e+002 +1.0880e+000 +3.4257e+000
45 +2.481626637e+002 +2.481626637e+002 +2.898326637e+002 +2.898326637e+002 -6.1696e-002 +3.4580e+000
57 +8.441196472e+001 +8.441196472e+001 +1.260819647e+002 +1.260819647e+002 +1.2748e+000 +3.4511e+000
83 +1.798506166e+001 +1.798506166e+001 +5.965506166e+001 +5.965506166e+001 +5.2119e+000 +3.4462e+000
152 +3.424527731e+000 +3.424527731e+000 +4.509452773e+001 +4.509452773e+001 +4.9194e+000 +3.4435e+000
176 +2.756587819e+000 +2.756587819e+000 +4.442658782e+001 +4.442658782e+001 +4.8129e+000 +3.4433e+000
197 +2.168816664e-001 +2.168816664e-001 +4.188688167e+001 +4.188688167e+001 +3.5537e+000 +3.4428e+000
207 +6.853173411e-002 +6.853173411e-002 +4.173853173e+001 +4.173853173e+001 +3.1636e+000 +3.4423e+000
222 +5.132342351e-002 +5.132342351e-002 +4.172132342e+001 +4.172132342e+001 +3.2204e+000 +3.4425e+000
224 +1.332471479e-002 +1.332471479e-002 +4.168332471e+001 +4.168332471e+001 +3.4558e+000 +3.4425e+000
226 +1.256727299e-002 +1.256727299e-002 +4.168256727e+001 +4.168256727e+001 +3.4500e+000 +3.4425e+000
231 +3.989116672e-003 +3.989116672e-003 +4.167398912e+001 +4.167398912e+001 +3.4745e+000 +3.4424e+000
262 +7.369262266e-004 +7.369262266e-004 +4.167073693e+001 +4.167073693e+001 +3.3962e+000 +3.4424e+000
268 +3.990324266e-004 +3.990324266e-004 +4.167039903e+001 +4.167039903e+001 +3.4216e+000 +3.4424e+000
277 +1.221388407e-004 +1.221388407e-004 +4.167012214e+001 +4.167012214e+001 +3.4029e+000 +3.4424e+000
281 +1.026823357e-004 +1.026823357e-004 +4.167010268e+001 +4.167010268e+001 +3.4177e+000 +3.4424e+000
295 +3.657990163e-005 +3.657990163e-005 +4.167003658e+001 +4.167003658e+001 +3.4096e+000 +3.4424e+000
301 +2.220371081e-005 +2.220371081e-005 +4.167002220e+001 +4.167002220e+001 +3.4133e+000 +3.4424e+000
311 +4.077524260e-006 +4.077524260e-006 +4.167000408e+001 +4.167000408e+001 +3.4121e+000 +3.4424e+000
331 +1.854082683e-007 +1.854082683e-007 +4.167000019e+001 +4.167000019e+001 +3.4137e+000 +3.4424e+000
364 +3.591289044e-009 +3.591289044e-009 +4.167000000e+001 +4.167000000e+001 +3.4136e+000 +3.4424e+000
588 +0.000000000e+000 +0.000000000e+000 +4.167000000e+001 +4.167000000e+001 +3.4136e+000 +3.4424e+000
% function evaluation | noise-free fitness - Fopt (-1.909500000000e+002) | best noise-free fitness - Fopt | measured fitness | best measured fitness | x1 | x2...
1 +2.236015672e+006 +2.236015672e+006 +2.235824722e+006 +2.235824722e+006 -2.5309e+000 -4.1977e+000
3 +6.092407203e+005 +6.092407203e+005 +6.090497703e+005 +6.090497703e+005 -2.5502e+000 -3.6643e+000
4 +7.391010979e+004 +7.391010979e+004 +7.371915979e+004 +7.371915979e+004 -2.3816e+000 -2.5613e+000
12 +5.219910793e+003 +5.219910793e+003 +5.028960793e+003 +5.028960793e+003 -2.6367e+000 -2.7522e+000
13 +3.849424938e+003 +3.849424938e+003 +3.658474938e+003 +3.658474938e+003 -2.3475e+000 -2.8968e+000
15 +1.195610657e+003 +1.195610657e+003 +1.004660657e+003 +1.004660657e+003 -2.3593e+000 -2.7920e+000
27 +8.994018149e+002 +8.994018149e+002 +7.084518149e+002 +7.084518149e+002 -2.2755e+000 -2.7993e+000
32 +3.675934615e+002 +3.675934615e+002 +1.766434615e+002 +1.766434615e+002 -2.2811e+000 -2.8487e+000
43 +2.592938392e+002 +2.592938392e+002 +6.834383923e+001 +6.834383923e+001 -2.2634e+000 -2.8129e+000
49 +4.609726216e+001 +4.609726216e+001 -1.448527378e+002 -1.448527378e+002 -2.3099e+000 -2.8368e+000
52 +4.529681964e+001 +4.529681964e+001 -1.456531804e+002 -1.456531804e+002 -2.2253e+000 -2.8368e+000
54 +1.189564198e+001 +1.189564198e+001 -1.790543580e+002 -1.790543580e+002 -2.2820e+000 -2.8261e+000
55 +6.505777891e+000 +6.505777891e+000 -1.844442221e+002 -1.844442221e+002 -2.2872e+000 -2.8272e+000
62 +2.756423294e-001 +2.756423294e-001 -1.906743577e+002 -1.906743577e+002 -2.2953e+000 -2.8292e+000
92 +1.563937498e-001 +1.563937498e-001 -1.907936063e+002 -1.907936063e+002 -2.2961e+000 -2.8294e+000
105 +1.371109805e-001 +1.371109805e-001 -1.908128890e+002 -1.908128890e+002 -2.2941e+000 -2.8295e+000
111 +1.231111592e-001 +1.231111592e-001 -1.908268888e+002 -1.908268888e+002 -2.2954e+000 -2.8296e+000
199 +1.169549589e-001 +1.169549589e-001 -1.908330450e+002 -1.908330450e+002 -2.3061e+000 -2.8296e+000
214 +1.103898307e-001 +1.103898307e-001 -1.908396102e+002 -1.908396102e+002 -2.3211e+000 -2.8296e+000
217 +1.079038648e-001 +1.079038648e-001 -1.908420961e+002 -1.908420961e+002 -2.3308e+000 -2.8295e+000
219 +1.047343805e-001 +1.047343805e-001 -1.908452656e+002 -1.908452656e+002 -2.3326e+000 -2.8296e+000
222 +9.936721094e-002 +9.936721094e-002 -1.908506328e+002 -1.908506328e+002 -2.3405e+000 -2.8296e+000
226 +7.788433774e-002 +7.788433774e-002 -1.908721157e+002 -1.908721157e+002 -2.3975e+000 -2.8295e+000
233 +6.149130158e-002 +6.149130158e-002 -1.908885087e+002 -1.908885087e+002 -2.4072e+000 -2.8295e+000
235 +2.302815144e-002 +2.302815144e-002 -1.909269718e+002 -1.909269718e+002 -2.4877e+000 -2.8296e+000
245 +2.250606046e-003 +2.250606046e-003 -1.909477494e+002 -1.909477494e+002 -2.6750e+000 -2.8296e+000
257 +1.174238664e-003 +1.174238664e-003 -1.909488258e+002 -1.909488258e+002 -2.6355e+000 -2.8296e+000
274 +5.140655785e-004 +5.140655785e-004 -1.909494859e+002 -1.909494859e+002 -2.6448e+000 -2.8296e+000
283 +4.747685994e-004 +4.747685994e-004 -1.909495252e+002 -1.909495252e+002 -2.6345e+000 -2.8296e+000
288 +3.292332484e-004 +3.292332484e-004 -1.909496708e+002 -1.909496708e+002 -2.6252e+000 -2.8296e+000
291 +2.615888847e-004 +2.615888847e-004 -1.909497384e+002 -1.909497384e+002 -2.6309e+000 -2.8296e+000
302 +2.446923120e-004 +2.446923120e-004 -1.909497553e+002 -1.909497553e+002 -2.6277e+000 -2.8296e+000
314 +1.956762640e-004 +1.956762640e-004 -1.909498043e+002 -1.909498043e+002 -2.6317e+000 -2.8296e+000
315 +1.139094502e-004 +1.139094502e-004 -1.909498861e+002 -1.909498861e+002 -2.6326e+000 -2.8296e+000
330 +8.612664288e-005 +8.612664288e-005 -1.909499139e+002 -1.909499139e+002 -2.6341e+000 -2.8296e+000
344 +3.484657390e-005 +3.484657390e-005 -1.909499652e+002 -1.909499652e+002 -2.6370e+000 -2.8296e+000
352 +3.449078591e-005 +3.449078591e-005 -1.909499655e+002 -1.909499655e+002 -2.6370e+000 -2.8296e+000
362 +2.422927287e-005 +2.422927287e-005 -1.909499758e+002 -1.909499758e+002 -2.6386e+000 -2.8296e+000
368 +2.190272107e-005 +2.190272107e-005 -1.909499781e+002 -1.909499781e+002 -2.6392e+000 -2.8296e+000
379 +1.034104469e-005 +1.034104469e-005 -1.909499897e+002 -1.909499897e+002 -2.6398e+000 -2.8296e+000
383 +3.728125478e-006 +3.728125478e-006 -1.909499963e+002 -1.909499963e+002 -2.6414e+000 -2.8296e+000
397 +3.059615949e-006 +3.059615949e-006 -1.909499969e+002 -1.909499969e+002 -2.6414e+000 -2.8296e+000
402 +1.597654119e-006 +1.597654119e-006 -1.909499984e+002 -1.909499984e+002 -2.6419e+000 -2.8296e+000
415 +5.762393300e-007 +5.762393300e-007 -1.909499994e+002 -1.909499994e+002 -2.6438e+000 -2.8296e+000
489 +4.684841599e-007 +4.684841599e-007 -1.909499995e+002 -1.909499995e+002 -2.6428e+000 -2.8296e+000
509 +3.181865509e-007 +3.181865509e-007 -1.909499997e+002 -1.909499997e+002 -2.6436e+000 -2.8296e+000
526 +2.715341907e-008 +2.715341907e-008 -1.909500000e+002 -1.909500000e+002 -2.6433e+000 -2.8296e+000
530 +1.875963562e-008 +1.875963562e-008 -1.909500000e+002 -1.909500000e+002 -2.6433e+000 -2.8296e+000
578 +1.480577794e-008 +1.480577794e-008 -1.909500000e+002 -1.909500000e+002 -2.6432e+000 -2.8296e+000
636 +7.952394299e-011 +7.952394299e-011 -1.909500000e+002 -1.909500000e+002 -2.6432e+000 -2.8296e+000
802 +0.000000000e+000 +0.000000000e+000 -1.909500000e+002 -1.909500000e+002 -2.6432e+000 -2.8296e+000
% function evaluation | noise-free fitness - Fopt (1.370000000000e+000) | best noise-free fitness - Fopt | measured fitness | best measured fitness | x1 | x2...
1 +3.489618204e+003 +3.489618204e+003 +3.490988204e+003 +3.490988204e+003 +4.2237e+000 +2.0470e+000
16 +3.290115802e+003 +3.290115802e+003 +3.291485802e+003 +3.291485802e+003 +4.6315e+000 +1.9322e+000
56 +1.091858749e+003 +1.091858749e+003 +1.093228749e+003 +1.093228749e+003 +4.6689e+000 +2.0282e+000
60 +9.881244803e+002 +9.881244803e+002 +9.894944803e+002 +9.894944803e+002 +4.9433e+000 +2.0261e+000
70 +4.147997801e+001 +4.147997801e+001 +4.284997801e+001 +4.284997801e+001 +5.5903e+000 +1.9857e+000
107 +2.285641898e+001 +2.285641898e+001 +2.422641898e+001 +2.422641898e+001 +5.7524e+000 +1.9880e+000
127 +2.225772183e+001 +2.225772183e+001 +2.362772183e+001 +2.362772183e+001 +5.4222e+000 +1.9961e+000
132 +7.474675208e+000 +7.474675208e+000 +8.844675208e+000 +8.844675208e+000 +5.0567e+000 +1.9896e+000
133 +5.285939114e+000 +5.285939114e+000 +6.655939114e+000 +6.655939114e+000 +5.1508e+000 +1.9938e+000
146 +2.033114640e+000 +2.033114640e+000 +3.403114640e+000 +3.403114640e+000 +5.1338e+000 +1.9919e+000
152 +1.991017299e+000 +1.991017299e+000 +3.361017299e+000 +3.361017299e+000 +5.0557e+000 +1.9918e+000
165 +1.786904421e+000 +1.786904421e+000 +3.156904421e+000 +3.156904421e+000 +4.9226e+000 +1.9918e+000
192 +7.558308794e-001 +7.558308794e-001 +2.125830879e+000 +2.125830879e+000 +4.6434e+000 +1.9919e+000
213 +5.402563234e-001 +5.402563234e-001 +1.910256323e+000 +1.910256323e+000 +4.5233e+000 +1.9920e+000
220 +3.398903722e-001 +3.398903722e-001 +1.709890372e+000 +1.709890372e+000 +4.2694e+000 +1.9920e+000
227 +2.274300486e-002 +2.274300486e-002 +1.392743005e+000 +1.392743005e+000 +3.6139e+000 +1.9921e+000
238 +6.356949903e-003 +6.356949903e-003 +1.376356950e+000 +1.376356950e+000 +3.6403e+000 +1.9920e+000
241 +6.133124210e-003 +6.133124210e-003 +1.376133124e+000 +1.376133124e+000 +3.6958e+000 +1.9919e+000
242 +5.279895421e-003 +5.279895421e-003 +1.375279895e+000 +1.375279895e+000 +3.6416e+000 +1.9920e+000
252 +6.940274380e-004 +6.940274380e-004 +1.370694027e+000 +1.370694027e+000 +3.7176e+000 +1.9920e+000
262 +1.306076952e-004 +1.306076952e-004 +1.370130608e+000 +1.370130608e+000 +3.7116e+000 +1.9920e+000
294 +1.164821073e-004 +1.164821073e-004 +1.370116482e+000 +1.370116482e+000 +3.7105e+000 +1.9920e+000
296 +9.962293130e-005 +9.962293130e-005 +1.370099623e+000 +1.370099623e+000 +3.7312e+000 +1.9920e+000
301 +1.966250331e-005 +1.966250331e-005 +1.370019663e+000 +1.370019663e+000 +3.7176e+000 +1.9920e+000
303 +1.278466181e-005 +1.278466181e-005 +1.370012785e+000 +1.370012785e+000 +3.7232e+000 +1.9920e+000
304 +3.139234707e-006 +3.139234707e-006 +1.370003139e+000 +1.370003139e+000 +3.7199e+000 +1.9920e+000
321 +9.383920070e-007 +9.383920070e-007 +1.370000938e+000 +1.370000938e+000 +3.7211e+000 +1.9920e+000
333 +6.905733969e-007 +6.905733969e-007 +1.370000691e+000 +1.370000691e+000 +3.7218e+000 +1.9920e+000
336 +3.092494578e-007 +3.092494578e-007 +1.370000309e+000 +1.370000309e+000 +3.7220e+000 +1.9920e+000
347 +2.273508763e-007 +2.273508763e-007 +1.370000227e+000 +1.370000227e+000 +3.7219e+000 +1.9920e+000
350 +4.119287866e-008 +4.119287866e-008 +1.370000041e+000 +1.370000041e+000 +3.7216e+000 +1.9920e+000
366 +3.841803009e-008 +3.841803009e-008 +1.370000038e+000 +1.370000038e+000 +3.7218e+000 +1.9920e+000
385 +1.289105844e-008 +1.289105844e-008 +1.370000013e+000 +1.370000013e+000 +3.7217e+000 +1.9920e+000
412 +5.817378801e-009 +5.817378801e-009 +1.370000006e+000 +1.370000006e+000 +3.7216e+000 +1.9920e+000
820 +0.000000000e+000 +0.000000000e+000 +1.370000000e+000 +1.370000000e+000 +3.7216e+000 +1.9920e+000
% function evaluation | noise-free fitness - Fopt (-1.645800000000e+002) | best noise-free fitness - Fopt | measured fitness | best measured fitness | x1 | x2...
1 +2.419911158e+006 +2.419911158e+006 +2.419746578e+006 +2.419746578e+006 +1.1320e+000 -1.4588e+000
3 +1.410131703e+006 +1.410131703e+006 +1.409967123e+006 +1.409967123e+006 +5.2833e-001 -1.1668e+000
6 +3.889676674e+005 +3.889676674e+005 +3.888030874e+005 +3.888030874e+005 +9.4188e-001 -7.1666e-001
12 +7.570336054e+004 +7.570336054e+004 +7.553878054e+004 +7.553878054e+004 +6.9249e-001 -3.1077e-001
23 +2.964293320e+004 +2.964293320e+004 +2.947835320e+004 +2.947835320e+004 +8.8658e-001 -1.9881e-001
25 +1.594644192e+004 +1.594644192e+004 +1.578186192e+004 +1.578186192e+004 +1.0182e+000 +9.4067e-002
35 +1.891353519e+003 +1.891353519e+003 +1.726773519e+003 +1.726773519e+003 +9.9398e-001 -7.6517e-002
61 +9.944938904e+002 +9.944938904e+002 +8.299138904e+002 +8.299138904e+002 +1.9876e+000 -6.6443e-002
72 +9.460405630e+002 +9.460405630e+002 +7.814605630e+002 +7.814605630e+002 +1.9884e+000 -6.5824e-002
83 +4.362238311e+001 +4.362238311e+001 -1.209576169e+002 -1.209576169e+002 +1.7709e+000 -2.9645e-002
84 +3.689036045e+001 +3.689036045e+001 -1.276896396e+002 -1.276896396e+002 +1.9652e+000 -3.0374e-002
93 +1.232917890e+001 +1.232917890e+001 -1.522508211e+002 -1.522508211e+002 +2.0067e+000 -3.4058e-002
101 +8.195432881e+000 +8.195432881e+000 -1.563845671e+002 -1.563845671e+002 +1.9591e+000 -3.5481e-002
114 +7.905842606e+000 +7.905842606e+000 -1.566741574e+002 -1.566741574e+002 +1.9501e+000 -3.6061e-002
172 +7.694731710e+000 +7.694731710e+000 -1.568852683e+002 -1.568852683e+002 +1.8481e+000 -3.5658e-002
177 +7.200269095e+000 +7.200269095e+000 -1.573797309e+002 -1.573797309e+002 +1.7117e+000 -3.6337e-002
205 +6.559959871e+000 +6.559959871e+000 -1.580200401e+002 -1.580200401e+002 +1.5915e+000 -3.6061e-002
211 +1.340400396e+000 +1.340400396e+000 -1.632395996e+002 -1.632395996e+002 -1.1150e-001 -3.6961e-002
218 +6.574145828e-001 +6.574145828e-001 -1.639225854e+002 -1.639225854e+002 -1.4208e-002 -3.6331e-002
229 +5.375409668e-001 +5.375409668e-001 -1.640424590e+002 -1.640424590e+002 -4.4239e-002 -3.5865e-002
245 +5.072161475e-001 +5.072161475e-001 -1.640727839e+002 -1.640727839e+002 -9.0576e-001 -3.6725e-002
274 +4.932205525e-002 +4.932205525e-002 -1.645306779e+002 -1.645306779e+002 -8.7829e-001 -3.6233e-002
289 +3.141290530e-002 +3.141290530e-002 -1.645485871e+002 -1.645485871e+002 -9.6575e-001 -3.6092e-002
300 +1.959275319e-003 +1.959275319e-003 -1.645780407e+002 -1.645780407e+002 -8.5216e-001 -3.6033e-002
320 +1.447761394e-003 +1.447761394e-003 -1.645785522e+002 -1.645785522e+002 -8.5110e-001 -3.5975e-002
335 +1.323887269e-003 +1.323887269e-003 -1.645786761e+002 -1.645786761e+002 -7.9826e-001 -3.5974e-002
360 +1.023185999e-003 +1.023185999e-003 -1.645789768e+002 -1.645789768e+002 -7.8756e-001 -3.6003e-002
379 +9.889082446e-004 +9.889082446e-004 -1.645790111e+002 -1.645790111e+002 -7.8823e-001 -3.6001e-002
397 +7.276518590e-004 +7.276518590e-004 -1.645792723e+002 -1.645792723e+002 -8.0267e-001 -3.5981e-002
402 +1.442322836e-004 +1.442322836e-004 -1.645798558e+002 -1.645798558e+002 -8.2569e-001 -3.5988e-002
412 +1.082952121e-004 +1.082952121e-004 -1.645798917e+002 -1.645798917e+002 -8.3231e-001 -3.5995e-002
413 +4.251756963e-005 +4.251756963e-005 -1.645799575e+002 -1.645799575e+002 -8.1695e-001 -3.5996e-002
422 +3.815443216e-005 +3.815443216e-005 -1.645799618e+002 -1.645799618e+002 -8.1766e-001 -3.5997e-002
425 +3.708330189e-005 +3.708330189e-005 -1.645799629e+002 -1.645799629e+002 -8.1661e-001 -3.5997e-002
438 +3.510835074e-005 +3.510835074e-005 -1.645799649e+002 -1.645799649e+002 -8.1824e-001 -3.5996e-002
439 +2.296712458e-005 +2.296712458e-005 -1.645799770e+002 -1.645799770e+002 -8.1847e-001 -3.5998e-002
443 +1.392231840e-005 +1.392231840e-005 -1.645799861e+002 -1.645799861e+002 -8.1871e-001 -3.6000e-002
450 +1.259720455e-005 +1.259720455e-005 -1.645799874e+002 -1.645799874e+002 -8.1949e-001 -3.5998e-002
454 +6.450574062e-006 +6.450574062e-006 -1.645799935e+002 -1.645799935e+002 -8.2120e-001 -3.5998e-002
459 +1.527127154e-007 +1.527127154e-007 -1.645799998e+002 -1.645799998e+002 -8.2271e-001 -3.6000e-002
484 +6.442965628e-008 +6.442965628e-008 -1.645799999e+002 -1.645799999e+002 -8.2263e-001 -3.6000e-002
492 +5.916277246e-008 +5.916277246e-008 -1.645799999e+002 -1.645799999e+002 -8.2218e-001 -3.6000e-002
494 +2.165748469e-008 +2.165748469e-008 -1.645800000e+002 -1.645800000e+002 -8.2226e-001 -3.6000e-002
509 +1.360706392e-008 +1.360706392e-008 -1.645800000e+002 -1.645800000e+002 -8.2239e-001 -3.6000e-002
525 +9.808189816e-009 +9.808189816e-009 -1.645800000e+002 -1.645800000e+002 -8.2242e-001 -3.6000e-002
681 +0.000000000e+000 +0.000000000e+000 -1.645800000e+002 -1.645800000e+002 -8.2240e-001 -3.6000e-002
% function evaluation | noise-free fitness - Fopt (-1.803800000000e+002) | best noise-free fitness - Fopt | measured fitness | best measured fitness | x1 | x2...
1 +2.636120760e+006 +2.636120760e+006 +2.635940380e+006 +2.635940380e+006 +1.9606e+000 +1.9752e+000
3 +7.151100457e+005 +7.151100457e+005 +7.149296657e+005 +7.149296657e+005 +2.4001e+000 +2.5778e+000
9 +4.953692625e+005 +4.953692625e+005 +4.951888825e+005 +4.951888825e+005 +6.2891e-001 +2.6987e+000
14 +3.165432645e+005 +3.165432645e+005 +3.163628845e+005 +3.163628845e+005 +1.9192e+000 +2.8643e+000
19 +2.247184407e+005 +2.247184407e+005 +2.245380607e+005 +2.245380607e+005 +7.5857e+000 +2.9936e+000
21 +1.138514735e+005 +1.138514735e+005 +1.136710935e+005 +1.136710935e+005 +1.5471e+001 +3.7959e+000
26 +3.102015992e+002 +3.102015992e+002 +1.298215992e+002 +1.298215992e+002 +4.3963e+000 +3.4496e+000
67 +3.077978709e+002 +3.077978709e+002 +1.274178709e+002 +1.274178709e+002 +1.0340e+001 +3.4560e+000
97 +2.160881052e+002 +2.160881052e+002 +3.570810518e+001 +3.570810518e+001 +7.6006e+000 +3.4739e+000
111 +1.793045085e+002 +1.793045085e+002 -1.075491464e+000 -1.075491464e+000 +5.0390e+000 +3.4751e+000
114 +1.021634594e+002 +1.021634594e+002 -7.821654061e+001 -7.821654061e+001 +6.7891e+000 +3.4647e+000
115 +4.345617336e+001 +4.345617336e+001 -1.369238266e+002 -1.369238266e+002 +2.3258e+000 +3.4630e+000
127 +2.455352741e+001 +2.455352741e+001 -1.558264726e+002 -1.558264726e+002 +1.0473e+000 +3.4640e+000
128 +1.354609913e+001 +1.354609913e+001 -1.668339009e+002 -1.668339009e+002 -2.3189e-001 +3.4640e+000
135 +1.045235073e+000 +1.045235073e+000 -1.793347649e+002 -1.793347649e+002 -4.8913e+000 +3.4650e+000
236 +4.295519851e-001 +4.295519851e-001 -1.799504480e+002 -1.799504480e+002 -3.9340e+000 +3.4655e+000
255 +3.749869605e-001 +3.749869605e-001 -1.800050130e+002 -1.800050130e+002 -3.9078e+000 +3.4654e+000
281 +2.998565796e-001 +2.998565796e-001 -1.800801434e+002 -1.800801434e+002 -4.2073e+000 +3.4652e+000
282 +6.508319462e-002 +6.508319462e-002 -1.803149168e+002 -1.803149168e+002 -4.1325e+000 +3.4647e+000
290 +2.219753596e-002 +2.219753596e-002 -1.803578025e+002 -1.803578025e+002 -3.7418e+000 +3.4648e+000
303 +4.116666038e-004 +4.116666038e-004 -1.803795883e+002 -1.803795883e+002 -3.8849e+000 +3.4648e+000
321 +2.636982811e-004 +2.636982811e-004 -1.803797363e+002 -1.803797363e+002 -3.8887e+000 +3.4648e+000
323 +2.269491960e-004 +2.269491960e-004 -1.803797731e+002 -1.803797731e+002 -3.9045e+000 +3.4648e+000
334 +9.291776021e-005 +9.291776021e-005 -1.803799071e+002 -1.803799071e+002 -3.9030e+000 +3.4648e+000
344 +8.718243342e-005 +8.718243342e-005 -1.803799128e+002 -1.803799128e+002 -3.8995e+000 +3.4648e+000
351 +4.445183234e-005 +4.445183234e-005 -1.803799555e+002 -1.803799555e+002 -3.8965e+000 +3.4648e+000
353 +3.594918564e-005 +3.594918564e-005 -1.803799641e+002 -1.803799641e+002 -3.8934e+000 +3.4648e+000
367 +2.264983763e-005 +2.264983763e-005 -1.803799774e+002 -1.803799774e+002 -3.8971e+000 +3.4648e+000
370 +4.344339231e-006 +4.344339231e-006 -1.803799957e+002 -1.803799957e+002 -3.8943e+000 +3.4648e+000
375 +1.541417788e-006 +1.541417788e-006 -1.803799985e+002 -1.803799985e+002 -3.8938e+000 +3.4648e+000
378 +6.522301703e-007 +6.522301703e-007 -1.803799993e+002 -1.803799993e+002 -3.8927e+000 +3.4648e+000
382 +8.928304851e-008 +8.928304851e-008 -1.803799999e+002 -1.803799999e+002 -3.8927e+000 +3.4648e+000
438 +6.082245818e-012 +6.082245818e-012 -1.803800000e+002 -1.803800000e+002 -3.8928e+000 +3.4648e+000
603 +0.000000000e+000 +0.000000000e+000 -1.803800000e+002 -1.803800000e+002 -3.8928e+000 +3.4648e+000
