% function evaluation | noise-free fitness - Fopt (-2.098800000000e+002) | best noise-free fitness - Fopt | measured fitness | best measured fitness | x1 | x2...
1 +9.463240511e+006 +9.463240511e+006 +9.463030631e+006 +9.463030631e+006 -8.9493e-001 +1.4864e+000 +4.1923e-001
3 +3.509769488e+006 +3.509769488e+006 +3.509559608e+006 +3.509559608e+006 +7.8370e-001 +1.0239e+000 +1.7623e+000
16 +3.881304282e+005 +3.881304282e+005 +3.879205482e+005 +3.879205482e+005 -3.4089e+000 +4.3395e+000 +4.1209e+000
23 +1.940311923e+005 +1.940311923e+005 +1.938213123e+005 +1.938213123e+005 +3.0148e-001 +1.4813e+000 +4.0129e+000
31 +1.073933735e+005 +1.073933735e+005 +1.071834935e+005 +1.071834935e+005 -1.0928e+000 +1.3015e+000 +3.8729e+000
40 +2.068213853e+004 +2.068213853e+004 +2.047225853e+004 +2.047225853e+004 -3.5589e+000 -4.0979e+000 +3.5400e+000
43 +4.071020971e+003 +4.071020971e+003 +3.861140971e+003 +3.861140971e+003 +3.9864e+000 +5.5884e-001 +3.4850e+000
67 +2.577575064e+003 +2.577575064e+003 +2.367695064e+003 +2.367695064e+003 +6.1366e+000 +4.2036e-001 +3.5056e+000
77 +2.434458725e+003 +2.434458725e+003 +2.224578725e+003 +2.224578725e+003 -2.6677e+000 -9.5083e-001 +3.5449e+000
94 +1.068333050e+003 +1.068333050e+003 +8.584530498e+002 +8.584530498e+002 -5.2070e+000 +3.0885e-001 +3.5891e+000
108 +3.505033382e+002 +3.505033382e+002 +1.406233382e+002 +1.406233382e+002 -1.1387e+001 +7.3651e-001 +3.5626e+000
143 +1.259596641e+002 +1.259596641e+002 -8.392033589e+001 -8.392033589e+001 -8.9345e-001 +7.6873e-001 +3.5581e+000
247 +1.175706394e+002 +1.175706394e+002 -9.230936064e+001 -9.230936064e+001 -6.7851e+000 +3.3456e-001 +3.5472e+000
250 +8.821497421e+001 +8.821497421e+001 -1.216650258e+002 -1.216650258e+002 -6.1266e+000 +2.8174e-001 +3.5577e+000
265 +8.230252693e+001 +8.230252693e+001 -1.275774731e+002 -1.275774731e+002 -4.5124e+000 +3.1035e-001 +3.5491e+000
268 +7.643357242e+001 +7.643357242e+001 -1.334464276e+002 -1.334464276e+002 -5.8141e+000 +2.9855e-001 +3.5574e+000
272 +4.190417975e+001 +4.190417975e+001 -1.679758202e+002 -1.679758202e+002 -5.5487e+000 +4.8359e-001 +3.5550e+000
281 +3.420274387e+001 +3.420274387e+001 -1.756772561e+002 -1.756772561e+002 -4.5575e+000 +4.2659e-001 +3.5525e+000
328 +3.190440740e+001 +3.190440740e+001 -1.779755926e+002 -1.779755926e+002 -4.3485e+000 +4.6720e-001 +3.5526e+000
330 +2.723501455e+001 +2.723501455e+001 -1.826449855e+002 -1.826449855e+002 +2.0322e+000 +4.3046e-001 +3.5595e+000
331 +1.666606167e+001 +1.666606167e+001 -1.932139383e+002 -1.932139383e+002 -6.3574e-001 +5.2914e-001 +3.5573e+000
332 +1.170484352e+001 +1.170484352e+001 -1.981751565e+002 -1.981751565e+002 -1.0378e+000 +4.6226e-001 +3.5571e+000
339 +5.322503665e+000 +5.322503665e+000 -2.045574963e+002 -2.045574963e+002 +3.4020e+000 +4.5439e-001 +3.5543e+000
341 +3.457891653e+000 +3.457891653e+000 -2.064221083e+002 -2.064221083e+002 +2.2698e+000 +4.6001e-001 +3.5530e+000
345 +2.693605429e+000 +2.693605429e+000 -2.071863946e+002 -2.071863946e+002 +8.1204e-001 +4.5720e-001 +3.5561e+000
354 +4.534170652e-001 +4.534170652e-001 -2.094265829e+002 -2.094265829e+002 +1.8206e+000 +4.4798e-001 +3.5545e+000
429 +1.307577362e-001 +1.307577362e-001 -2.097492423e+002 -2.097492423e+002 +1.4524e+000 +4.3991e-001 +3.5545e+000
453 +1.002699217e-001 +1.002699217e-001 -2.097797301e+002 -2.097797301e+002 +1.2709e+000 +4.4429e-001 +3.5541e+000
474 +6.453011631e-002 +6.453011631e-002 -2.098154699e+002 -2.098154699e+002 +1.1939e+000 +4.3943e-001 +3.5544e+000
540 +4.577594320e-002 +4.577594320e-002 -2.098342241e+002 -2.098342241e+002 +1.2374e+000 +4.4088e-001 +3.5544e+000
636 +4.537788069e-002 +4.537788069e-002 -2.098346221e+002 -2.098346221e+002 +1.2029e+000 +4.4086e-001 +3.5544e+000
638 +4.437999523e-002 +4.437999523e-002 -2.098356200e+002 -2.098356200e+002 +1.2075e+000 +4.4093e-001 +3.5544e+000
646 +4.171549060e-002 +4.171549060e-002 -2.098382845e+002 -2.098382845e+002 +1.2333e+000 +4.4143e-001 +3.5544e+000
653 +3.273336040e-002 +3.273336040e-002 -2.098472666e+002 -2.098472666e+002 +1.2085e+000 +4.4259e-001 +3.5544e+000
671 +2.842801494e-003 +2.842801494e-003 -2.098771572e+002 -2.098771572e+002 +1.2488e+000 +4.4705e-001 +3.5544e+000
714 +7.375157141e-004 +7.375157141e-004 -2.098792625e+002 -2.098792625e+002 +1.2151e+000 +4.4744e-001 +3.5544e+000
729 +1.025670812e-004 +1.025670812e-004 -2.098798974e+002 -2.098798974e+002 +1.2081e+000 +4.4769e-001 +3.5544e+000
730 +2.679235419e-005 +2.679235419e-005 -2.098799732e+002 -2.098799732e+002 +1.2066e+000 +4.4793e-001 +3.5544e+000
817 +2.000953091e-005 +2.000953091e-005 -2.098799800e+002 -2.098799800e+002 +1.2079e+000 +4.4802e-001 +3.5544e+000
849 +4.338402135e-006 +4.338402135e-006 -2.098799957e+002 -2.098799957e+002 +1.2083e+000 +4.4803e-001 +3.5544e+000
862 +1.720590603e-006 +1.720590603e-006 -2.098799983e+002 -2.098799983e+002 +1.2066e+000 +4.4803e-001 +3.5544e+000
891 +1.168828959e-006 +1.168828959e-006 -2.098799988e+002 -2.098799988e+002 +1.2068e+000 +4.4801e-001 +3.5544e+000
901 +7.841623244e-007 +7.841623244e-007 -2.098799992e+002 -2.098799992e+002 +1.2069e+000 +4.4802e-001 +3.5544e+000
925 +6.498101186e-007 +6.498101186e-007 -2.098799994e+002 -2.098799994e+002 +1.2069e+000 +4.4802e-001 +3.5544e+000
926 +3.322931263e-007 +3.322931263e-007 -2.098799997e+002 -2.098799997e+002 +1.2077e+000 +4.4799e-001 +3.5544e+000
951 +2.662403347e-007 +2.662403347e-007 -2.098799997e+002 -2.098799997e+002 +1.2069e+000 +4.4801e-001 +3.5544e+000
963 +1.618774093e-007 +1.618774093e-007 -2.098799998e+002 -2.098799998e+002 +1.2070e+000 +4.4801e-001 +3.5544e+000
977 +1.015178839e-007 +1.015178839e-007 -2.098799999e+002 -2.098799999e+002 +1.2070e+000 +4.4800e-001 +3.5544e+000
986 +8.094201576e-008 +8.094201576e-008 -2.098799999e+002 -2.098799999e+002 +1.2069e+000 +4.4800e-001 +3.5544e+000
988 +1.699768859e-008 +1.699768859e-008 -2.098800000e+002 -2.098800000e+002 +1.2072e+000 +4.4800e-001 +3.5544e+000
1003 +1.319256171e-008 +1.319256171e-008 -2.098800000e+002 -2.098800000e+002 +1.2071e+000 +4.4800e-001 +3.5544e+000
1006 +4.385213970e-009 +4.385213970e-009 -2.098800000e+002 -2.098800000e+002 +1.2071e+000 +4.4800e-001 +3.5544e+000
1309 +0.000000000e+000 +0.000000000e+000 -2.098800000e+002 -2.098800000e+002 +1.2072e+000 +4.4800e-001 +3.5544e+000
% function evaluation | noise-free fitness - Fopt (-9.209000000000e+001) | best noise-free fitness - Fopt | measured fitness | best measured fitness | x1 | x2...
1 +2.080603128e+007 +2.080603128e+007 +2.080593919e+007 +2.080593919e+007 -3.6905e+000 +2.3688e+000 +4.6613e+000
2 +1.235944303e+007 +1.235944303e+007 +1.235935094e+007 +1.235935094e+007 -4.0633e+000 +2.5014e+000 +3.6777e+000
13 +1.069717831e+007 +1.069717831e+007 +1.069708622e+007 +1.069708622e+007 -3.0951e+000 +2.1920e+000 +3.4552e+000
18 +5.572144920e+004 +5.572144920e+004 +5.562935920e+004 +5.562935920e+004 -3.0776e+000 +3.0588e+000 +3.2650e-001
40 +3.160415756e+003 +3.160415756e+003 +3.068325756e+003 +3.068325756e+003 -6.3828e+000 +2.8778e+000 +1.4049e-001
121 +1.693664912e+003 +1.693664912e+003 +1.601574912e+003 +1.601574912e+003 +1.3873e+001 +1.8574e+000 +1.2487e-001
135 +6.991220758e+002 +6.991220758e+002 +6.070320758e+002 +6.070320758e+002 +2.3679e+001 +3.0819e+000 +9.0331e-002
138 +3.143587551e+002 +3.143587551e+002 +2.222687551e+002 +2.222687551e+002 +1.5637e+001 +2.4630e+000 +9.5702e-002
234 +2.490265241e+002 +2.490265241e+002 +1.569365241e+002 +1.569365241e+002 +1.1263e+001 +3.0037e+000 +9.4195e-002
254 +2.226793071e+002 +2.226793071e+002 +1.305893071e+002 +1.305893071e+002 +9.7494e+000 +2.9719e+000 +9.5528e-002
261 +6.050505548e+001 +6.050505548e+001 -3.158494452e+001 -3.158494452e+001 -1.5533e+000 +2.4210e+000 +8.6923e-002
286 +5.006458278e+001 +5.006458278e+001 -4.202541722e+001 -4.202541722e+001 +3.4603e+000 +2.4671e+000 +8.6758e-002
313 +3.925888926e+001 +3.925888926e+001 -5.283111074e+001 -5.283111074e+001 +5.8466e+000 +2.7268e+000 +8.9358e-002
316 +3.370878010e+001 +3.370878010e+001 -5.838121990e+001 -5.838121990e+001 +4.9480e+000 +2.5400e+000 +8.7272e-002
342 +1.048408883e+001 +1.048408883e+001 -8.160591117e+001 -8.160591117e+001 +2.0189e+000 +2.5996e+000 +8.7545e-002
344 +9.984173050e+000 +9.984173050e+000 -8.210582695e+001 -8.210582695e+001 +2.8715e+000 +2.6078e+000 +8.8101e-002
378 +5.592085218e+000 +5.592085218e+000 -8.649791478e+001 -8.649791478e+001 +6.7276e-001 +2.6245e+000 +9.2545e-002
397 +5.282832911e+000 +5.282832911e+000 -8.680716709e+001 -8.680716709e+001 -1.0437e+000 +2.6017e+000 +9.1537e-002
400 +4.875369566e+000 +4.875369566e+000 -8.721463043e+001 -8.721463043e+001 -1.0833e+000 +2.6344e+000 +8.9298e-002
407 +3.167214895e+000 +3.167214895e+000 -8.892278510e+001 -8.892278510e+001 -8.2389e-001 +2.6091e+000 +9.0832e-002
422 +2.567717017e+000 +2.567717017e+000 -8.952228298e+001 -8.952228298e+001 -6.9354e-001 +2.6097e+000 +9.0552e-002
429 +1.420609917e+000 +1.420609917e+000 -9.066939008e+001 -9.066939008e+001 -1.1056e-001 +2.6117e+000 +8.9508e-002
438 +1.103602662e+000 +1.103602662e+000 -9.098639734e+001 -9.098639734e+001 +2.5404e-001 +2.5938e+000 +9.0704e-002
449 +5.361062001e-001 +5.361062001e-001 -9.155389380e+001 -9.155389380e+001 +9.1348e-001 +2.6432e+000 +9.0539e-002
454 +3.628598045e-001 +3.628598045e-001 -9.172714020e+001 -9.172714020e+001 +3.1562e-001 +2.6345e+000 +9.0526e-002
457 +2.216268597e-001 +2.216268597e-001 -9.186837314e+001 -9.186837314e+001 +2.9937e-001 +2.6164e+000 +9.0408e-002
470 +1.568931030e-001 +1.568931030e-001 -9.193310690e+001 -9.193310690e+001 +3.5049e-001 +2.6218e+000 +9.0479e-002
473 +1.212916380e-001 +1.212916380e-001 -9.196870836e+001 -9.196870836e+001 +6.3963e-001 +2.6317e+000 +9.0515e-002
484 +1.034215745e-001 +1.034215745e-001 -9.198657843e+001 -9.198657843e+001 +4.1563e-001 +2.6213e+000 +9.0469e-002
486 +3.261204164e-002 +3.261204164e-002 -9.205738796e+001 -9.205738796e+001 +5.6134e-001 +2.6232e+000 +9.0417e-002
497 +2.139629390e-002 +2.139629390e-002 -9.206860371e+001 -9.206860371e+001 +8.4447e-001 +2.6240e+000 +9.0377e-002
505 +9.077997357e-003 +9.077997357e-003 -9.208092200e+001 -9.208092200e+001 +7.5818e-001 +2.6237e+000 +9.0352e-002
514 +7.138338896e-004 +7.138338896e-004 -9.208928617e+001 -9.208928617e+001 +7.0252e-001 +2.6218e+000 +9.0389e-002
550 +5.499410760e-004 +5.499410760e-004 -9.208945006e+001 -9.208945006e+001 +7.2844e-001 +2.6223e+000 +9.0390e-002
560 +9.119090107e-005 +9.119090107e-005 -9.208990881e+001 -9.208990881e+001 +7.1751e-001 +2.6218e+000 +9.0402e-002
596 +4.678989339e-005 +4.678989339e-005 -9.208995321e+001 -9.208995321e+001 +7.2368e-001 +2.6214e+000 +9.0401e-002
599 +1.868288552e-005 +1.868288552e-005 -9.208998132e+001 -9.208998132e+001 +7.2220e-001 +2.6216e+000 +9.0402e-002
647 +7.250578420e-006 +7.250578420e-006 -9.208999275e+001 -9.208999275e+001 +7.2452e-001 +2.6215e+000 +9.0399e-002
922 +3.667611239e-006 +3.667611239e-006 -9.208999633e+001 -9.208999633e+001 +7.2409e-001 +2.6216e+000 +9.0400e-002
928 +3.355841429e-006 +3.355841429e-006 -9.208999664e+001 -9.208999664e+001 +7.2728e-001 +2.6216e+000 +9.0399e-002
931 +2.649852576e-006 +2.649852576e-006 -9.208999735e+001 -9.208999735e+001 +7.2706e-001 +2.6216e+000 +9.0401e-002
932 +1.186598851e-006 +1.186598851e-006 -9.208999881e+001 -9.208999881e+001 +7.2661e-001 +2.6216e+000 +9.0400e-002
960 +4.026807403e-007 +4.026807403e-007 -9.208999960e+001 -9.208999960e+001 +7.2568e-001 +2.6216e+000 +9.0399e-002
978 +1.800346752e-007 +1.800346752e-007 -9.208999982e+001 -9.208999982e+001 +7.2595e-001 +2.6216e+000 +9.0400e-002
998 +6.312704670e-008 +6.312704670e-008 -9.208999994e+001 -9.208999994e+001 +7.2569e-001 +2.6216e+000 +9.0400e-002
1025 +5.097480482e-008 +5.097480482e-008 -9.208999995e+001 -9.208999995e+001 +7.2536e-001 +2.6216e+000 +9.0400e-002
1046 +4.800655518e-008 +4.800655518e-008 -9.208999995e+001 -9.208999995e+001 +7.2559e-001 +2.6216e+000 +9.0400e-002
1051 +4.663650088e-008 +4.663650088e-008 -9.208999995e+001 -9.208999995e+001 +7.2542e-001 +2.6216e+000 +9.0400e-002
1055 +1.567401853e-008 +1.567401853e-008 -9.208999998e+001 -9.208999998e+001 +7.2549e-001 +2.6216e+000 +9.0400e-002
1090 +8.266880513e-009 +8.266880513e-009 -9.208999999e+001 -9.208999999e+001 +7.2560e-001 +2.6216e+000 +9.0400e-002
1468 +0.000000000e+000 +0.000000000e+000 -9.209000000e+001 -9.209000000e+001 +7.2560e-001 +2.6216e+000 +9.0400e-002
% function evaluation | noise-free fitness - Fopt (-8.789000000000e+001) | best noise-free fitness - Fopt | measured fitness | best measured fitness | x1 | x2...
1 +1.677328409e+007 +1.677328409e+007 +1.677319620e+007 +1.677319620e+007 +4.1253e+000 -1.4837e-001 -2.8333e+000
13 +4.125083005e+005 +4.125083005e+005 +4.124204105e+005 +4.124204105e+005 +3.0505e+000 -3.3723e-001 +5.6181e-001
36 +3.138144189e+005 +3.138144189e+005 +3.137265289e+005 +3.137265289e+005 -1.7130e+000 +3.7471e-001 +6.6625e-001
50 +2.567107534e+004 +2.567107534e+004 +2.558318534e+004 +2.558318534e+004 +1.1403e+001 +3.4875e-001 +1.3725e+000
63 +1.302446716e+004 +1.302446716e+004 +1.293657716e+004 +1.293657716e+004 +1.2213e+001 +6.7621e-002 +1.2617e+000
86 +1.179854794e+004 +1.179854794e+004 +1.171065794e+004 +1.171065794e+004 +9.3190e+000 +1.9840e-001 +1.2514e+000
140 +1.170772336e+004 +1.170772336e+004 +1.161983336e+004 +1.161983336e+004 +1.3443e+001 +2.2805e-001 +1.2524e+000
166 +1.132234264e+004 +1.132234264e+004 +1.123445264e+004 +1.123445264e+004 +1.2182e+001 +2.7502e-001 +1.2444e+000
172 +9.067301124e+003 +9.067301124e+003 +8.979411124e+003 +8.979411124e+003 +1.3733e+001 +6.1925e-001 +1.2602e+000
203 +8.799544109e+003 +8.799544109e+003 +8.711654109e+003 +8.711654109e+003 +1.3516e+001 +7.0938e-001 +1.2290e+000
206 +8.345800729e+003 +8.345800729e+003 +8.257910729e+003 +8.257910729e+003 +1.2926e+001 +7.1476e-001 +1.2547e+000
211 +5.515725905e+003 +5.515725905e+003 +5.427835905e+003 +5.427835905e+003 +1.4719e+001 +1.2917e+000 +1.2522e+000
234 +4.923003193e+003 +4.923003193e+003 +4.835113193e+003 +4.835113193e+003 +1.1496e+001 +1.9337e+000 +1.2901e+000
249 +3.841516476e+003 +3.841516476e+003 +3.753626476e+003 +3.753626476e+003 +9.8594e+000 +1.7725e+000 +1.2443e+000
259 +3.572883258e+003 +3.572883258e+003 +3.484993258e+003 +3.484993258e+003 +9.2878e+000 +1.8584e+000 +1.2479e+000
266 +3.338371473e+003 +3.338371473e+003 +3.250481473e+003 +3.250481473e+003 +5.6422e+000 +2.0269e+000 +1.2672e+000
268 +2.010430779e+003 +2.010430779e+003 +1.922540779e+003 +1.922540779e+003 +9.1458e+000 +2.4487e+000 +1.2677e+000
278 +1.361757042e+003 +1.361757042e+003 +1.273867042e+003 +1.273867042e+003 +1.7093e+001 +3.6931e+000 +1.2857e+000
296 +1.016934953e+003 +1.016934953e+003 +9.290449530e+002 +9.290449530e+002 -3.1862e+001 +3.4954e+000 +1.2440e+000
307 +5.955773616e+002 +5.955773616e+002 +5.076873616e+002 +5.076873616e+002 -7.2469e+000 +4.4521e+000 +1.2485e+000
309 +5.847881786e+002 +5.847881786e+002 +4.968981786e+002 +4.968981786e+002 -4.0044e+000 +3.0422e+000 +1.2658e+000
310 +5.390176065e+002 +5.390176065e+002 +4.511276065e+002 +4.511276065e+002 -2.4350e+001 +3.5888e+000 +1.2530e+000
320 +2.615446274e+002 +2.615446274e+002 +1.736546274e+002 +1.736546274e+002 -5.2072e+000 +3.2958e+000 +1.2598e+000
326 +2.264779598e+002 +2.264779598e+002 +1.385879598e+002 +1.385879598e+002 -1.3226e+001 +3.6208e+000 +1.2519e+000
327 +1.530485363e+002 +1.530485363e+002 +6.515853626e+001 +6.515853626e+001 -9.9334e+000 +3.4810e+000 +1.2466e+000
331 +5.013983431e+001 +5.013983431e+001 -3.775016569e+001 -3.775016569e+001 -1.8462e+000 +3.4366e+000 +1.2506e+000
346 +2.597648463e+001 +2.597648463e+001 -6.191351537e+001 -6.191351537e+001 -4.6883e+000 +3.5975e+000 +1.2498e+000
348 +1.055072064e+001 +1.055072064e+001 -7.733927936e+001 -7.733927936e+001 -2.1391e+000 +3.5669e+000 +1.2493e+000
368 +7.090090954e+000 +7.090090954e+000 -8.079990905e+001 -8.079990905e+001 -1.5432e+000 +3.6112e+000 +1.2512e+000
371 +6.074775604e+000 +6.074775604e+000 -8.181522440e+001 -8.181522440e+001 -2.0208e+000 +3.6800e+000 +1.2500e+000
378 +5.861039224e+000 +5.861039224e+000 -8.202896078e+001 -8.202896078e+001 -2.0213e+000 +3.6266e+000 +1.2488e+000
389 +5.535819912e+000 +5.535819912e+000 -8.235418009e+001 -8.235418009e+001 -2.0100e+000 +3.6339e+000 +1.2488e+000
395 +5.454676191e+000 +5.454676191e+000 -8.243532381e+001 -8.243532381e+001 -1.7657e+000 +3.6297e+000 +1.2485e+000
405 +5.177594291e+000 +5.177594291e+000 -8.271240571e+001 -8.271240571e+001 -1.9488e+000 +3.6397e+000 +1.2489e+000
412 +5.033464749e+000 +5.033464749e+000 -8.285653525e+001 -8.285653525e+001 -1.9611e+000 +3.6330e+000 +1.2492e+000
414 +4.700928404e+000 +4.700928404e+000 -8.318907160e+001 -8.318907160e+001 -1.9429e+000 +3.6377e+000 +1.2496e+000
416 +1.271352939e+000 +1.271352939e+000 -8.661864706e+001 -8.661864706e+001 -7.6894e-001 +3.6305e+000 +1.2495e+000
436 +9.920641081e-001 +9.920641081e-001 -8.689793589e+001 -8.689793589e+001 +1.2037e+000 +3.6354e+000 +1.2498e+000
437 +6.399721639e-001 +6.399721639e-001 -8.725002784e+001 -8.725002784e+001 -3.1075e-001 +3.6282e+000 +1.2498e+000
450 +3.449197128e-001 +3.449197128e-001 -8.754508029e+001 -8.754508029e+001 +3.5633e-001 +3.6296e+000 +1.2499e+000
470 +1.818866514e-001 +1.818866514e-001 -8.770811335e+001 -8.770811335e+001 +1.9191e-001 +3.6570e+000 +1.2498e+000
487 +1.140493404e-001 +1.140493404e-001 -8.777595066e+001 -8.777595066e+001 +4.9016e-001 +3.6504e+000 +1.2494e+000
525 +3.894865564e-002 +3.894865564e-002 -8.785105134e+001 -8.785105134e+001 +3.0856e-001 +3.6466e+000 +1.2498e+000
543 +9.352421351e-003 +9.352421351e-003 -8.788064758e+001 -8.788064758e+001 +2.2959e-001 +3.6470e+000 +1.2495e+000
555 +4.480306136e-003 +4.480306136e-003 -8.788551969e+001 -8.788551969e+001 +2.4170e-001 +3.6435e+000 +1.2496e+000
602 +3.857817379e-003 +3.857817379e-003 -8.788614218e+001 -8.788614218e+001 +2.8366e-001 +3.6449e+000 +1.2496e+000
618 +2.902994591e-003 +2.902994591e-003 -8.788709701e+001 -8.788709701e+001 +2.8158e-001 +3.6464e+000 +1.2496e+000
620 +2.386019190e-003 +2.386019190e-003 -8.788761398e+001 -8.788761398e+001 +2.7727e-001 +3.6466e+000 +1.2496e+000
625 +2.201574541e-003 +2.201574541e-003 -8.788779843e+001 -8.788779843e+001 +2.8278e-001 +3.6460e+000 +1.2496e+000
632 +1.844835187e-003 +1.844835187e-003 -8.788815516e+001 -8.788815516e+001 +2.7801e-001 +3.6461e+000 +1.2496e+000
637 +1.437293198e-003 +1.437293198e-003 -8.788856271e+001 -8.788856271e+001 +2.7827e-001 +3.6458e+000 +1.2496e+000
661 +1.355262218e-003 +1.355262218e-003 -8.788864474e+001 -8.788864474e+001 +2.7756e-001 +3.6457e+000 +1.2496e+000
673 +1.190186887e-003 +1.190186887e-003 -8.788880981e+001 -8.788880981e+001 +2.6857e-001 +3.6460e+000 +1.2496e+000
677 +3.990784199e-004 +3.990784199e-004 -8.788960092e+001 -8.788960092e+001 +2.5124e-001 +3.6461e+000 +1.2496e+000
681 +3.671875208e-004 +3.671875208e-004 -8.788963281e+001 -8.788963281e+001 +2.5143e-001 +3.6460e+000 +1.2496e+000
702 +7.319844080e-005 +7.319844080e-005 -8.788992680e+001 -8.788992680e+001 +2.4460e-001 +3.6455e+000 +1.2496e+000
726 +4.992904057e-005 +4.992904057e-005 -8.788995007e+001 -8.788995007e+001 +2.3582e-001 +3.6454e+000 +1.2496e+000
727 +7.855722529e-006 +7.855722529e-006 -8.788999214e+001 -8.788999214e+001 +2.4079e-001 +3.6455e+000 +1.2496e+000
814 +6.227678412e-006 +6.227678412e-006 -8.788999377e+001 -8.788999377e+001 +2.4002e-001 +3.6455e+000 +1.2496e+000
832 +6.020282356e-006 +6.020282356e-006 -8.788999398e+001 -8.788999398e+001 +2.3983e-001 +3.6455e+000 +1.2496e+000
838 +3.382529343e-006 +3.382529343e-006 -8.788999662e+001 -8.788999662e+001 +2.3890e-001 +3.6456e+000 +1.2496e+000
866 +2.469069813e-006 +2.469069813e-006 -8.788999753e+001 -8.788999753e+001 +2.3942e-001 +3.6456e+000 +1.2496e+000
875 +7.445491974e-007 +7.445491974e-007 -8.788999926e+001 -8.788999926e+001 +2.3891e-001 +3.6456e+000 +1.2496e+000
877 +5.398988918e-007 +5.398988918e-007 -8.788999946e+001 -8.788999946e+001 +2.3922e-001 +3.6456e+000 +1.2496e+000
892 +3.456338789e-007 +3.456338789e-007 -8.788999965e+001 -8.788999965e+001 +2.3921e-001 +3.6456e+000 +1.2496e+000
898 +1.888454619e-007 +1.888454619e-007 -8.788999981e+001 -8.788999981e+001 +2.3908e-001 +3.6456e+000 +1.2496e+000
958 +1.533886262e-007 +1.533886262e-007 -8.788999985e+001 -8.788999985e+001 +2.3957e-001 +3.6456e+000 +1.2496e+000
966 +1.488518251e-007 +1.488518251e-007 -8.788999985e+001 -8.788999985e+001 +2.3956e-001 +3.6456e+000 +1.2496e+000
971 +1.173189617e-007 +1.173189617e-007 -8.788999988e+001 -8.788999988e+001 +2.3938e-001 +3.6456e+000 +1.2496e+000
977 +5.305511763e-008 +5.305511763e-008 -8.788999995e+001 -8.788999995e+001 +2.3943e-001 +3.6456e+000 +1.2496e+000
983 +4.489044159e-008 +4.489044159e-008 -8.788999996e+001 -8.788999996e+001 +2.3919e-001 +3.6456e+000 +1.2496e+000
992 +3.396515069e-008 +3.396515069e-008 -8.788999997e+001 -8.788999997e+001 +2.3925e-001 +3.6456e+000 +1.2496e+000
996 +1.846922260e-008 +1.846922260e-008 -8.788999998e+001 -8.788999998e+001 +2.3928e-001 +3.6456e+000 +1.2496e+000
997 +8.720562050e-009 +8.720562050e-009 -8.788999999e+001 -8.788999999e+001 +2.3925e-001 +3.6456e+000 +1.2496e+000
1364 +0.000000000e+000 +0.000000000e+000 -8.789000000e+001 -8.789000000e+001 +2.3920e-001 +3.6456e+000 +1.2496e+000
% function evaluation | noise-free fitness - Fopt (3.201900000000e+002) | best noise-free fitness - Fopt | measured fitness | best measured fitness | x1 | x2...
1 +5.659071632e+006 +5.659071632e+006 +5.659391822e+006 +5.659391822e+006 -4.6896e-001 +9.9269e-001 +3.6556e+000
2 +2.610180944e+006 +2.610180944e+006 +2.610501134e+006 +2.610501134e+006 -1.2410e-001 +2.0764e+000 +3.1453e+000
3 +2.472993655e+006 +2.472993655e+006 +2.473313845e+006 +2.473313845e+006 -4.7535e-001 +9.8596e-001 +3.1080e+000
11 +1.992341941e+006 +1.992341941e+006 +1.992662131e+006 +1.992662131e+006 +3.7095e+000 +3.7992e+000 +2.7222e+000
23 +1.882033242e+006 +1.882033242e+006 +1.882353432e+006 +1.882353432e+006 +1.9005e-001 +5.0727e+000 +2.6351e+000
27 +1.719793462e+006 +1.719793462e+006 +1.720113652e+006 +1.720113652e+006 -1.2538e+000 +1.8692e+000 +2.5880e+000
28 +9.224619448e+005 +9.224619448e+005 +9.227821348e+005 +9.227821348e+005 +6.7240e-001 -1.6479e+000 +2.3817e+000
30 +1.925337064e+005 +1.925337064e+005 +1.928538964e+005 +1.928538964e+005 +4.0152e-001 -1.1067e+000 +1.8598e+000
38 +2.214017368e+004 +2.214017368e+004 +2.246036368e+004 +2.246036368e+004 +4.9547e-001 +3.9397e-001 +1.5203e+000
41 +1.310014817e+004 +1.310014817e+004 +1.342033817e+004 +1.342033817e+004 -1.5446e+000 -6.7288e-001 +1.2976e+000
49 +3.068137975e+003 +3.068137975e+003 +3.388327975e+003 +3.388327975e+003 +1.5952e+000 -5.3945e-001 +1.4149e+000
76 +2.266499981e+003 +2.266499981e+003 +2.586689981e+003 +2.586689981e+003 +6.0214e-001 -7.2993e-001 +1.4046e+000
90 +8.682986350e+002 +8.682986350e+002 +1.188488635e+003 +1.188488635e+003 -1.1511e+000 -2.5544e+000 +1.4303e+000
99 +6.920812401e+002 +6.920812401e+002 +1.012271240e+003 +1.012271240e+003 -8.0588e+000 -1.5113e+000 +1.3962e+000
112 +2.573781054e+002 +2.573781054e+002 +5.775681054e+002 +5.775681054e+002 -3.0258e+000 -2.4725e+000 +1.4189e+000
123 +1.227749057e+002 +1.227749057e+002 +4.429649057e+002 +4.429649057e+002 -7.3572e+000 -2.2142e+000 +1.4109e+000
161 +9.751856365e+001 +9.751856365e+001 +4.177085637e+002 +4.177085637e+002 -7.4248e+000 -2.1517e+000 +1.4065e+000
209 +3.759898552e+001 +3.759898552e+001 +3.577889855e+002 +3.577889855e+002 -6.7963e+000 -2.3298e+000 +1.4023e+000
255 +2.764289621e+001 +2.764289621e+001 +3.478328962e+002 +3.478328962e+002 -5.7619e+000 -2.3850e+000 +1.4039e+000
262 +2.623289545e+001 +2.623289545e+001 +3.464228954e+002 +3.464228954e+002 -5.5747e+000 -2.3250e+000 +1.4035e+000
282 +2.536502087e+001 +2.536502087e+001 +3.455550209e+002 +3.455550209e+002 -5.5752e+000 -2.3745e+000 +1.4029e+000
292 +1.612411892e+001 +1.612411892e+001 +3.363141189e+002 +3.363141189e+002 -2.6321e+000 -2.4601e+000 +1.4016e+000
306 +4.680101539e+000 +4.680101539e+000 +3.248701015e+002 +3.248701015e+002 -2.4271e+000 -2.3754e+000 +1.4038e+000
321 +2.052215994e+000 +2.052215994e+000 +3.222422160e+002 +3.222422160e+002 +9.0449e-001 -2.3680e+000 +1.4030e+000
342 +1.105584607e+000 +1.105584607e+000 +3.212955846e+002 +3.212955846e+002 +5.6553e-001 -2.3695e+000 +1.4030e+000
350 +4.336637103e-001 +4.336637103e-001 +3.206236637e+002 +3.206236637e+002 -8.3543e-001 -2.3766e+000 +1.4032e+000
364 +2.755535801e-001 +2.755535801e-001 +3.204655536e+002 +3.204655536e+002 -6.8220e-001 -2.3660e+000 +1.4028e+000
367 +2.464084113e-001 +2.464084113e-001 +3.204364084e+002 +3.204364084e+002 -8.8594e-001 -2.3555e+000 +1.4031e+000
371 +1.852558833e-001 +1.852558833e-001 +3.203752559e+002 +3.203752559e+002 -6.2610e-001 -2.3490e+000 +1.4031e+000
374 +1.150957098e-001 +1.150957098e-001 +3.203050957e+002 +3.203050957e+002 -6.4409e-001 -2.3615e+000 +1.4029e+000
391 +6.351004697e-002 +6.351004697e-002 +3.202535100e+002 +3.202535100e+002 -6.6668e-001 -2.3611e+000 +1.4031e+000
439 +6.189988929e-002 +6.189988929e-002 +3.202518999e+002 +3.202518999e+002 -6.3948e-001 -2.3584e+000 +1.4031e+000
443 +5.967113613e-002 +5.967113613e-002 +3.202496711e+002 +3.202496711e+002 -6.6887e-001 -2.3629e+000 +1.4032e+000
445 +4.282106400e-002 +4.282106400e-002 +3.202328211e+002 +3.202328211e+002 -4.1971e-001 -2.3543e+000 +1.4031e+000
454 +1.373919005e-002 +1.373919005e-002 +3.202037392e+002 +3.202037392e+002 -5.0356e-001 -2.3587e+000 +1.4031e+000
469 +1.016339848e-002 +1.016339848e-002 +3.202001634e+002 +3.202001634e+002 -5.2968e-001 -2.3597e+000 +1.4032e+000
472 +3.741020951e-003 +3.741020951e-003 +3.201937410e+002 +3.201937410e+002 -4.8317e-001 -2.3616e+000 +1.4032e+000
526 +7.834192456e-005 +7.834192456e-005 +3.201900783e+002 +3.201900783e+002 -4.2903e-001 -2.3606e+000 +1.4032e+000
637 +6.603421872e-005 +6.603421872e-005 +3.201900660e+002 +3.201900660e+002 -4.2595e-001 -2.3609e+000 +1.4032e+000
642 +1.111862309e-005 +1.111862309e-005 +3.201900111e+002 +3.201900111e+002 -4.3289e-001 -2.3607e+000 +1.4032e+000
670 +5.812188931e-006 +5.812188931e-006 +3.201900058e+002 +3.201900058e+002 -4.3461e-001 -2.3608e+000 +1.4032e+000
693 +5.987319582e-007 +5.987319582e-007 +3.201900006e+002 +3.201900006e+002 -4.3332e-001 -2.3608e+000 +1.4032e+000
792 +2.227741902e-007 +2.227741902e-007 +3.201900002e+002 +3.201900002e+002 -4.3258e-001 -2.3608e+000 +1.4032e+000
813 +6.685138487e-008 +6.685138487e-008 +3.201900001e+002 +3.201900001e+002 -4.3276e-001 -2.3608e+000 +1.4032e+000
829 +1.246286274e-008 +1.246286274e-008 +3.201900000e+002 +3.201900000e+002 -4.3275e-001 -2.3608e+000 +1.4032e+000
846 +6.027164545e-009 +6.027164545e-009 +3.201900000e+002 +3.201900000e+002 -4.3276e-001 -2.3608e+000 +1.4032e+000
1161 +0.000000000e+000 +0.000000000e+000 +3.201900000e+002 +3.201900000e+002 -4.3280e-001 -2.3608e+000 +1.4032e+000
% function evaluation | noise-free fitness - Fopt (-1.042400000000e+002) | best noise-free fitness - Fopt | measured fitness | best measured fitness | x1 | x2...
1 +3.506945901e+006 +3.506945901e+006 +3.506841661e+006 +3.506841661e+006 +3.0468e+000 -1.2817e+000 -4.7484e-001
8 +3.125321130e+006 +3.125321130e+006 +3.125216890e+006 +3.125216890e+006 +1.9685e+000 +1.2872e+000 -3.3039e-001
17 +5.257236340e+005 +5.257236340e+005 +5.256193940e+005 +5.256193940e+005 +3.4587e+000 +1.2467e+000 +2.0339e+000
25 +3.272562785e+005 +3.272562785e+005 +3.271520385e+005 +3.271520385e+005 -7.0233e+000 -2.1525e+001 +1.3707e+000
26 +3.158325722e+005 +3.158325722e+005 +3.157283322e+005 +3.157283322e+005 +2.7830e+000 +5.6265e-001 +1.8378e+000
41 +1.820078403e+005 +1.820078403e+005 +1.819036003e+005 +1.819036003e+005 -5.4471e+000 -6.1260e+000 +1.7578e+000
55 +1.379627755e+005 +1.379627755e+005 +1.378585355e+005 +1.378585355e+005 -1.1701e+001 -1.1285e+001 +1.6042e+000
72 +1.991242542e+004 +1.991242542e+004 +1.980818542e+004 +1.980818542e+004 -6.7543e+001 -3.6461e+000 +1.4401e+000
82 +8.181163222e+003 +8.181163222e+003 +8.076923222e+003 +8.076923222e+003 -8.6039e+001 -4.1789e+000 +1.3332e+000
83 +5.356217423e+003 +5.356217423e+003 +5.251977423e+003 +5.251977423e+003 -3.4480e+001 -4.5400e+000 +1.3805e+000
87 +5.002277272e+003 +5.002277272e+003 +4.898037272e+003 +4.898037272e+003 -5.0733e+001 -5.2184e+000 +1.3339e+000
91 +4.321008955e+003 +4.321008955e+003 +4.216768955e+003 +4.216768955e+003 -5.8040e+001 -4.6894e+000 +1.2907e+000
98 +2.893888590e+003 +2.893888590e+003 +2.789648590e+003 +2.789648590e+003 -3.3140e+001 -4.9037e+000 +1.3423e+000
102 +2.201856098e+003 +2.201856098e+003 +2.097616098e+003 +2.097616098e+003 -1.3457e+001 -5.1595e+000 +1.3270e+000
123 +9.964506841e+002 +9.964506841e+002 +8.922106841e+002 +8.922106841e+002 -3.1799e+001 -3.7870e+000 +1.3100e+000
128 +6.007382270e+002 +6.007382270e+002 +4.964982270e+002 +4.964982270e+002 -2.5172e+001 -3.9249e+000 +1.3080e+000
136 +5.767110253e+002 +5.767110253e+002 +4.724710253e+002 +4.724710253e+002 -9.4476e+000 -4.6581e+000 +1.3099e+000
154 +4.148495086e+002 +4.148495086e+002 +3.106095086e+002 +3.106095086e+002 +1.1081e+001 -3.6550e+000 +1.3294e+000
164 +7.910395569e+001 +7.910395569e+001 -2.513604431e+001 -2.513604431e+001 -4.1164e+000 -4.1572e+000 +1.3153e+000
183 +3.426320518e+001 +3.426320518e+001 -6.997679482e+001 -6.997679482e+001 -4.4895e-001 -3.9539e+000 +1.3081e+000
196 +2.103259800e+001 +2.103259800e+001 -8.320740200e+001 -8.320740200e+001 +1.7066e+000 -4.0426e+000 +1.3118e+000
208 +1.844228966e+001 +1.844228966e+001 -8.579771034e+001 -8.579771034e+001 +8.6972e-001 -4.0229e+000 +1.3107e+000
215 +9.690712077e+000 +9.690712077e+000 -9.454928792e+001 -9.454928792e+001 -5.9021e-001 -4.0163e+000 +1.3143e+000
238 +8.988429292e+000 +8.988429292e+000 -9.525157071e+001 -9.525157071e+001 -2.0561e+000 -3.9529e+000 +1.3152e+000
244 +2.832843971e+000 +2.832843971e+000 -1.014071560e+002 -1.014071560e+002 +6.5993e-001 -3.9627e+000 +1.3127e+000
259 +3.407696156e-001 +3.407696156e-001 -1.038992304e+002 -1.038992304e+002 +4.8657e-001 -3.9300e+000 +1.3141e+000
351 +1.279318220e-001 +1.279318220e-001 -1.041120682e+002 -1.041120682e+002 +4.4210e-001 -3.9308e+000 +1.3135e+000
378 +8.324389189e-002 +8.324389189e-002 -1.041567561e+002 -1.041567561e+002 +3.9696e-001 -3.9133e+000 +1.3138e+000
413 +1.520517650e-002 +1.520517650e-002 -1.042247948e+002 -1.042247948e+002 +4.8995e-001 -3.9182e+000 +1.3136e+000
422 +7.075080146e-003 +7.075080146e-003 -1.042329249e+002 -1.042329249e+002 +4.5234e-001 -3.9210e+000 +1.3136e+000
436 +4.895954883e-003 +4.895954883e-003 -1.042351040e+002 -1.042351040e+002 +4.2779e-001 -3.9188e+000 +1.3136e+000
450 +3.872750980e-003 +3.872750980e-003 -1.042361272e+002 -1.042361272e+002 +3.9866e-001 -3.9184e+000 +1.3136e+000
463 +3.023537423e-003 +3.023537423e-003 -1.042369765e+002 -1.042369765e+002 +3.7944e-001 -3.9185e+000 +1.3136e+000
501 +2.027578682e-003 +2.027578682e-003 -1.042379724e+002 -1.042379724e+002 +3.7586e-001 -3.9204e+000 +1.3136e+000
510 +1.195162321e-003 +1.195162321e-003 -1.042388048e+002 -1.042388048e+002 +3.6867e-001 -3.9204e+000 +1.3136e+000
517 +7.074348450e-004 +7.074348450e-004 -1.042392926e+002 -1.042392926e+002 +3.8816e-001 -3.9200e+000 +1.3136e+000
519 +2.411616987e-005 +2.411616987e-005 -1.042399759e+002 -1.042399759e+002 +3.9340e-001 -3.9201e+000 +1.3136e+000
566 +6.181539476e-006 +6.181539476e-006 -1.042399938e+002 -1.042399938e+002 +3.9272e-001 -3.9200e+000 +1.3136e+000
631 +4.046670725e-006 +4.046670725e-006 -1.042399960e+002 -1.042399960e+002 +3.9452e-001 -3.9200e+000 +1.3136e+000
661 +3.149930009e-006 +3.149930009e-006 -1.042399969e+002 -1.042399969e+002 +3.9439e-001 -3.9200e+000 +1.3136e+000
687 +1.635457778e-006 +1.635457778e-006 -1.042399984e+002 -1.042399984e+002 +3.9332e-001 -3.9200e+000 +1.3136e+000
699 +5.108213514e-007 +5.108213514e-007 -1.042399995e+002 -1.042399995e+002 +3.9376e-001 -3.9200e+000 +1.3136e+000
700 +2.584641976e-007 +2.584641976e-007 -1.042399997e+002 -1.042399997e+002 +3.9442e-001 -3.9200e+000 +1.3136e+000
719 +1.989192668e-007 +1.989192668e-007 -1.042399998e+002 -1.042399998e+002 +3.9478e-001 -3.9200e+000 +1.3136e+000
721 +7.379058786e-008 +7.379058786e-008 -1.042399999e+002 -1.042399999e+002 +3.9465e-001 -3.9200e+000 +1.3136e+000
732 +3.919976166e-008 +3.919976166e-008 -1.042400000e+002 -1.042400000e+002 +3.9457e-001 -3.9200e+000 +1.3136e+000
740 +3.668756676e-008 +3.668756676e-008 -1.042400000e+002 -1.042400000e+002 +3.9440e-001 -3.9200e+000 +1.3136e+000
749 +1.299986252e-008 +1.299986252e-008 -1.042400000e+002 -1.042400000e+002 +3.9446e-001 -3.9200e+000 +1.3136e+000
794 +1.001319561e-008 +1.001319561e-008 -1.042400000e+002 -1.042400000e+002 +3.9433e-001 -3.9200e+000 +1.3136e+000
802 +3.755786793e-009 +3.755786793e-009 -1.042400000e+002 -1.042400000e+002 +3.9441e-001 -3.9200e+000 +1.3136e+000
1234 +0.000000000e+000 +0.000000000e+000 -1.042400000e+002 -1.042400000e+002 +3.9440e-001 -3.9200e+000 +1.3136e+000
% function evaluation | noise-free fitness - Fopt (-1.843100000000e+002) | best noise-free fitness - Fopt | measured fitness | best measured fitness | x1 | x2...
1 +4.811249624e+007 +4.811249624e+007 +4.811231193e+007 +4.811231193e+007 +2.6445e+000 +3.5646e+000 +6.4585e+000
2 +2.707861984e+007 +2.707861984e+007 +2.707843553e+007 +2.707843553e+007 +2.2844e+000 +4.1183e+000 +5.0530e+000
3 +2.112257995e+007 +2.112257995e+007 +2.112239564e+007 +2.112239564e+007 +3.0987e+000 +1.4925e+000 +4.3941e+000
18 +1.207258901e+007 +1.207258901e+007 +1.207240470e+007 +1.207240470e+007 +4.7035e+000 +3.0530e+000 +3.3353e+000
35 +3.713032666e+006 +3.713032666e+006 +3.712848356e+006 +3.712848356e+006 +3.0885e+000 +1.9290e+000 -2.0811e+000
47 +2.177722492e+006 +2.177722492e+006 +2.177538182e+006 +2.177538182e+006 +1.0615e+001 +1.6021e+000 +1.3702e+000
48 +1.908394415e+006 +1.908394415e+006 +1.908210105e+006 +1.908210105e+006 +3.5761e+000 -2.0126e+000 +1.0620e+000
51 +4.509971493e+005 +4.509971493e+005 +4.508128393e+005 +4.508128393e+005 +3.2712e+000 +6.6579e+000 -9.1257e-001
55 +3.384489981e+005 +3.384489981e+005 +3.382646881e+005 +3.382646881e+005 +2.8439e+000 +3.1388e+000 -8.3251e-001
59 +8.219366990e+004 +8.219366990e+004 +8.200935990e+004 +8.200935990e+004 +3.5080e+000 +1.9958e+000 +6.1470e-002
69 +4.032116464e+004 +4.032116464e+004 +4.013685464e+004 +4.013685464e+004 +8.4916e-001 +5.3945e+000 -9.8404e-002
75 +1.881711678e+004 +1.881711678e+004 +1.863280678e+004 +1.863280678e+004 +2.2527e+000 +1.6638e+000 -8.0414e-002
77 +6.350893300e+003 +6.350893300e+003 +6.166583300e+003 +6.166583300e+003 +1.8677e+000 +2.5957e+000 -2.1149e-001
152 +4.989409099e+003 +4.989409099e+003 +4.805099099e+003 +4.805099099e+003 +1.1971e+000 +1.1073e+000 -2.8750e-001
153 +8.533621645e+002 +8.533621645e+002 +6.690521645e+002 +6.690521645e+002 +4.2431e+000 -7.1697e-001 -2.1700e-001
242 +6.294405105e+002 +6.294405105e+002 +4.451305105e+002 +4.451305105e+002 +2.6980e+000 -2.1151e-002 -2.3922e-001
265 +3.616951465e+002 +3.616951465e+002 +1.773851465e+002 +1.773851465e+002 +3.0689e+000 +6.7218e-001 -2.0199e-001
272 +1.642899652e+002 +1.642899652e+002 -2.002003480e+001 -2.002003480e+001 +2.6738e+000 +6.3905e-001 -2.1173e-001
274 +5.076341043e+001 +5.076341043e+001 -1.335465896e+002 -1.335465896e+002 +2.6311e+000 +1.9001e-002 -2.1265e-001
284 +1.326658684e+001 +1.326658684e+001 -1.710434132e+002 -1.710434132e+002 +2.7690e+000 +1.4813e-001 -2.1215e-001
313 +9.080762778e+000 +9.080762778e+000 -1.752292372e+002 -1.752292372e+002 +3.0296e+000 +2.9236e-001 -2.1713e-001
322 +4.157561205e+000 +4.157561205e+000 -1.801524388e+002 -1.801524388e+002 +2.5549e+000 +2.8569e-001 -2.1508e-001
338 +3.235444473e+000 +3.235444473e+000 -1.810745555e+002 -1.810745555e+002 +2.0150e+000 +2.5250e-001 -2.1356e-001
340 +1.968045589e+000 +1.968045589e+000 -1.823419544e+002 -1.823419544e+002 +2.5630e+000 +2.6009e-001 -2.1454e-001
354 +9.770429632e-001 +9.770429632e-001 -1.833329570e+002 -1.833329570e+002 +2.6123e+000 +2.4295e-001 -2.1482e-001
357 +8.652601413e-002 +8.652601413e-002 -1.842234740e+002 -1.842234740e+002 +2.1177e+000 +2.2570e-001 -2.1512e-001
421 +6.061610482e-002 +6.061610482e-002 -1.842493839e+002 -1.842493839e+002 +1.9953e+000 +2.3008e-001 -2.1531e-001
431 +1.588173714e-002 +1.588173714e-002 -1.842941183e+002 -1.842941183e+002 +1.7468e+000 +2.2781e-001 -2.1519e-001
442 +3.687030788e-003 +3.687030788e-003 -1.843063130e+002 -1.843063130e+002 +1.8587e+000 +2.2663e-001 -2.1520e-001
454 +1.977065785e-004 +1.977065785e-004 -1.843098023e+002 -1.843098023e+002 +1.8306e+000 +2.2491e-001 -2.1519e-001
605 +5.360600559e-005 +5.360600559e-005 -1.843099464e+002 -1.843099464e+002 +1.8492e+000 +2.2482e-001 -2.1520e-001
619 +3.661026511e-005 +3.661026511e-005 -1.843099634e+002 -1.843099634e+002 +1.8403e+000 +2.2487e-001 -2.1519e-001
637 +3.560268064e-005 +3.560268064e-005 -1.843099644e+002 -1.843099644e+002 +1.8468e+000 +2.2484e-001 -2.1520e-001
651 +2.646455806e-005 +2.646455806e-005 -1.843099735e+002 -1.843099735e+002 +1.8443e+000 +2.2475e-001 -2.1520e-001
652 +1.989900062e-005 +1.989900062e-005 -1.843099801e+002 -1.843099801e+002 +1.8461e+000 +2.2492e-001 -2.1520e-001
663 +1.799440037e-005 +1.799440037e-005 -1.843099820e+002 -1.843099820e+002 +1.8417e+000 +2.2493e-001 -2.1520e-001
664 +7.668750527e-006 +7.668750527e-006 -1.843099923e+002 -1.843099923e+002 +1.8428e+000 +2.2471e-001 -2.1520e-001
678 +6.611499941e-006 +6.611499941e-006 -1.843099934e+002 -1.843099934e+002 +1.8432e+000 +2.2477e-001 -2.1520e-001
691 +6.076510005e-006 +6.076510005e-006 -1.843099939e+002 -1.843099939e+002 +1.8424e+000 +2.2480e-001 -2.1520e-001
698 +5.426075603e-006 +5.426075603e-006 -1.843099946e+002 -1.843099946e+002 +1.8430e+000 +2.2478e-001 -2.1520e-001
711 +1.627680774e-006 +1.627680774e-006 -1.843099984e+002 -1.843099984e+002 +1.8424e+000 +2.2479e-001 -2.1520e-001
727 +4.279520169e-007 +4.279520169e-007 -1.843099996e+002 -1.843099996e+002 +1.8427e+000 +2.2479e-001 -2.1520e-001
743 +3.970134514e-007 +3.970134514e-007 -1.843099996e+002 -1.843099996e+002 +1.8428e+000 +2.2479e-001 -2.1520e-001
746 +3.889855122e-007 +3.889855122e-007 -1.843099996e+002 -1.843099996e+002 +1.8428e+000 +2.2479e-001 -2.1520e-001
757 +3.234199824e-007 +3.234199824e-007 -1.843099997e+002 -1.843099997e+002 +1.8427e+000 +2.2479e-001 -2.1520e-001
780 +2.955140133e-007 +2.955140133e-007 -1.843099997e+002 -1.843099997e+002 +1.8427e+000 +2.2479e-001 -2.1520e-001
800 +2.662655163e-007 +2.662655163e-007 -1.843099997e+002 -1.843099997e+002 +1.8428e+000 +2.2479e-001 -2.1520e-001
811 +2.501666359e-007 +2.501666359e-007 -1.843099997e+002 -1.843099997e+002 +1.8428e+000 +2.2479e-001 -2.1520e-001
832 +2.412391780e-007 +2.412391780e-007 -1.843099998e+002 -1.843099998e+002 +1.8428e+000 +2.2479e-001 -2.1520e-001
838 +2.374926851e-007 +2.374926851e-007 -1.843099998e+002 -1.843099998e+002 +1.8428e+000 +2.2480e-001 -2.1520e-001
839 +2.155688605e-007 +2.155688605e-007 -1.843099998e+002 -1.843099998e+002 +1.8428e+000 +2.2480e-001 -2.1520e-001
850 +2.105068120e-007 +2.105068120e-007 -1.843099998e+002 -1.843099998e+002 +1.8428e+000 +2.2480e-001 -2.1520e-001
860 +2.085758979e-007 +2.085758979e-007 -1.843099998e+002 -1.843099998e+002 +1.8428e+000 +2.2480e-001 -2.1520e-001
869 +2.004162809e-007 +2.004162809e-007 -1.843099998e+002 -1.843099998e+002 +1.8428e+000 +2.2480e-001 -2.1520e-001
917 +1.965539980e-007 +1.965539980e-007 -1.843099998e+002 -1.843099998e+002 +1.8428e+000 +2.2480e-001 -2.1520e-001
933 +1.864741535e-007 +1.864741535e-007 -1.843099998e+002 -1.843099998e+002 +1.8428e+000 +2.2480e-001 -2.1520e-001
942 +1.824847971e-007 +1.824847971e-007 -1.843099998e+002 -1.843099998e+002 +1.8428e+000 +2.2480e-001 -2.1520e-001
946 +1.776834893e-007 +1.776834893e-007 -1.843099998e+002 -1.843099998e+002 +1.8428e+000 +2.2480e-001 -2.1520e-001
960 +1.552745346e-007 +1.552745346e-007 -1.843099998e+002 -1.843099998e+002 +1.8428e+000 +2.2480e-001 -2.1520e-001
974 +1.532983163e-007 +1.532983163e-007 -1.843099998e+002 -1.843099998e+002 +1.8428e+000 +2.2480e-001 -2.1520e-001
975 +1.467140294e-007 +1.467140294e-007 -1.843099999e+002 -1.843099999e+002 +1.8428e+000 +2.2480e-001 -2.1520e-001
982 +1.183081508e-007 +1.183081508e-007 -1.843099999e+002 -1.843099999e+002 +1.8429e+000 +2.2480e-001 -2.1520e-001
992 +1.117881254e-007 +1.117881254e-007 -1.843099999e+002 -1.843099999e+002 +1.8429e+000 +2.2480e-001 -2.1520e-001
996 +8.042243849e-008 +8.042243849e-008 -1.843099999e+002 -1.843099999e+002 +1.8429e+000 +2.2480e-001 -2.1520e-001
1002 +7.845915206e-008 +7.845915206e-008 -1.843099999e+002 -1.843099999e+002 +1.8430e+000 +2.2480e-001 -2.1520e-001
1008 +7.091784937e-008 +7.091784937e-008 -1.843099999e+002 -1.843099999e+002 +1.8429e+000 +2.2480e-001 -2.1520e-001
1016 +6.464608759e-008 +6.464608759e-008 -1.843099999e+002 -1.843099999e+002 +1.8429e+000 +2.2480e-001 -2.1520e-001
1029 +6.387756457e-008 +6.387756457e-008 -1.843099999e+002 -1.843099999e+002 +1.8429e+000 +2.2480e-001 -2.1520e-001
1038 +4.198224701e-008 +4.198224701e-008 -1.843100000e+002 -1.843100000e+002 +1.8430e+000 +2.2480e-001 -2.1520e-001
1051 +4.145294952e-008 +4.145294952e-008 -1.843100000e+002 -1.843100000e+002 +1.8430e+000 +2.2480e-001 -2.1520e-001
1069 +2.562669010e-008 +2.562669010e-008 -1.843100000e+002 -1.843100000e+002 +1.8431e+000 +2.2480e-001 -2.1520e-001
1090 +2.107722707e-008 +2.107722707e-008 -1.843100000e+002 -1.843100000e+002 +1.8431e+000 +2.2480e-001 -2.1520e-001
1094 +7.074504538e-009 +7.074504538e-009 -1.843100000e+002 -1.843100000e+002 +1.8432e+000 +2.2480e-001 -2.1520e-001
1517 +0.000000000e+000 +0.000000000e+000 -1.843100000e+002 -1.843100000e+002 +1.8432e+000 +2.2480e-001 -2.1520e-001
% function evaluation | noise-free fitness - Fopt (5.684000000000e+001) | best noise-free fitness - Fopt | measured fitness | best measured fitness | x1 | x2...
1 +1.486697748e+006 +1.486697748e+006 +1.486754588e+006 +1.486754588e+006 -2.7716e+000 -3.4839e+000 -4.7363e+000
5 +8.407035274e+005 +8.407035274e+005 +8.407603674e+005 +8.407603674e+005 -1.1199e+001 -4.5065e+000 -4.5221e+000
11 +2.344609520e+005 +2.344609520e+005 +2.345177920e+005 +2.345177920e+005 -3.5101e+000 -3.5306e+000 -3.0952e+000
16 +1.525260302e+004 +1.525260302e+004 +1.530944302e+004 +1.530944302e+004 -2.4307e+000 -4.4295e+000 -3.6914e+000
35 +1.314984245e+003 +1.314984245e+003 +1.371824245e+003 +1.371824245e+003 -6.7088e+000 -1.8467e+000 -3.5572e+000
52 +7.163989151e+002 +7.163989151e+002 +7.732389151e+002 +7.732389151e+002 -7.2481e+000 -2.3011e+000 -3.6080e+000
82 +5.635341601e+002 +5.635341601e+002 +6.203741601e+002 +6.203741601e+002 -6.5220e+000 -1.8591e+000 -3.5890e+000
107 +3.434999464e+002 +3.434999464e+002 +4.003399464e+002 +4.003399464e+002 -7.2249e+000 -2.2792e+000 -3.5681e+000
111 +1.061409754e+002 +1.061409754e+002 +1.629809754e+002 +1.629809754e+002 -6.8329e+000 -2.3564e+000 -3.5778e+000
139 +2.201803202e+001 +2.201803202e+001 +7.885803202e+001 +7.885803202e+001 +2.0812e+000 -2.4145e+000 -3.5857e+000
154 +5.740692081e+000 +5.740692081e+000 +6.258069208e+001 +6.258069208e+001 +1.7978e+000 -2.4751e+000 -3.5825e+000
233 +4.201330321e+000 +4.201330321e+000 +6.104133032e+001 +6.104133032e+001 +3.1828e-001 -2.4828e+000 -3.5818e+000
245 +1.811753522e+000 +1.811753522e+000 +5.865175352e+001 +5.865175352e+001 +1.5554e-001 -2.5237e+000 -3.5819e+000
264 +1.107369061e+000 +1.107369061e+000 +5.794736906e+001 +5.794736906e+001 +6.2456e-001 -2.5486e+000 -3.5823e+000
268 +6.745162313e-001 +6.745162313e-001 +5.751451623e+001 +5.751451623e+001 +1.9918e-001 -2.5302e+000 -3.5824e+000
277 +3.421799549e-001 +3.421799549e-001 +5.718217995e+001 +5.718217995e+001 +7.9250e-001 -2.5293e+000 -3.5827e+000
289 +1.495946075e-001 +1.495946075e-001 +5.698959461e+001 +5.698959461e+001 +7.9240e-001 -2.5207e+000 -3.5831e+000
308 +1.104108939e-001 +1.104108939e-001 +5.695041089e+001 +5.695041089e+001 +4.1726e-001 -2.5318e+000 -3.5829e+000
323 +9.027752858e-002 +9.027752858e-002 +5.693027753e+001 +5.693027753e+001 +5.4811e-001 -2.5354e+000 -3.5830e+000
331 +5.116324817e-002 +5.116324817e-002 +5.689116325e+001 +5.689116325e+001 +6.1116e-001 -2.5294e+000 -3.5830e+000
335 +4.860190188e-002 +4.860190188e-002 +5.688860190e+001 +5.688860190e+001 +5.3076e-001 -2.5284e+000 -3.5830e+000
343 +2.084716134e-002 +2.084716134e-002 +5.686084716e+001 +5.686084716e+001 +6.6381e-001 -2.5304e+000 -3.5832e+000
363 +1.346990032e-002 +1.346990032e-002 +5.685346990e+001 +5.685346990e+001 +4.6308e-001 -2.5279e+000 -3.5831e+000
370 +6.143282797e-003 +6.143282797e-003 +5.684614328e+001 +5.684614328e+001 +4.9220e-001 -2.5277e+000 -3.5831e+000
376 +2.867950434e-003 +2.867950434e-003 +5.684286795e+001 +5.684286795e+001 +5.5037e-001 -2.5271e+000 -3.5832e+000
390 +8.820759795e-004 +8.820759795e-004 +5.684088208e+001 +5.684088208e+001 +5.1394e-001 -2.5293e+000 -3.5832e+000
460 +4.537491302e-004 +4.537491302e-004 +5.684045375e+001 +5.684045375e+001 +5.3568e-001 -2.5290e+000 -3.5832e+000
473 +2.838981948e-004 +2.838981948e-004 +5.684028390e+001 +5.684028390e+001 +5.4957e-001 -2.5288e+000 -3.5832e+000
488 +2.231224393e-004 +2.231224393e-004 +5.684022312e+001 +5.684022312e+001 +5.4535e-001 -2.5290e+000 -3.5832e+000
491 +4.380132911e-005 +4.380132911e-005 +5.684004380e+001 +5.684004380e+001 +5.3388e-001 -2.5290e+000 -3.5832e+000
498 +2.982463482e-005 +2.982463482e-005 +5.684002982e+001 +5.684002982e+001 +5.3727e-001 -2.5289e+000 -3.5832e+000
534 +2.561814411e-005 +2.561814411e-005 +5.684002562e+001 +5.684002562e+001 +5.3717e-001 -2.5288e+000 -3.5832e+000
567 +1.522148689e-005 +1.522148689e-005 +5.684001522e+001 +5.684001522e+001 +5.3442e-001 -2.5287e+000 -3.5832e+000
574 +1.297798789e-005 +1.297798789e-005 +5.684001298e+001 +5.684001298e+001 +5.3185e-001 -2.5287e+000 -3.5832e+000
583 +1.040403761e-005 +1.040403761e-005 +5.684001040e+001 +5.684001040e+001 +5.3532e-001 -2.5287e+000 -3.5832e+000
590 +3.746941040e-006 +3.746941040e-006 +5.684000375e+001 +5.684000375e+001 +5.3281e-001 -2.5288e+000 -3.5832e+000
616 +2.537765880e-006 +2.537765880e-006 +5.684000254e+001 +5.684000254e+001 +5.3173e-001 -2.5288e+000 -3.5832e+000
617 +6.017937011e-007 +6.017937011e-007 +5.684000060e+001 +5.684000060e+001 +5.3207e-001 -2.5288e+000 -3.5832e+000
652 +2.978247480e-007 +2.978247480e-007 +5.684000030e+001 +5.684000030e+001 +5.3239e-001 -2.5288e+000 -3.5832e+000
670 +1.598415622e-007 +1.598415622e-007 +5.684000016e+001 +5.684000016e+001 +5.3249e-001 -2.5288e+000 -3.5832e+000
692 +5.789556212e-008 +5.789556212e-008 +5.684000006e+001 +5.684000006e+001 +5.3302e-001 -2.5288e+000 -3.5832e+000
696 +3.544397487e-008 +3.544397487e-008 +5.684000004e+001 +5.684000004e+001 +5.3266e-001 -2.5288e+000 -3.5832e+000
702 +2.956655720e-008 +2.956655720e-008 +5.684000003e+001 +5.684000003e+001 +5.3265e-001 -2.5288e+000 -3.5832e+000
709 +1.967623575e-008 +1.967623575e-008 +5.684000002e+001 +5.684000002e+001 +5.3274e-001 -2.5288e+000 -3.5832e+000
728 +1.341375366e-008 +1.341375366e-008 +5.684000001e+001 +5.684000001e+001 +5.3269e-001 -2.5288e+000 -3.5832e+000
734 +1.242203496e-008 +1.242203496e-008 +5.684000001e+001 +5.684000001e+001 +5.3274e-001 -2.5288e+000 -3.5832e+000
747 +6.204921021e-009 +6.204921021e-009 +5.684000001e+001 +5.684000001e+001 +5.3275e-001 -2.5288e+000 -3.5832e+000
1113 +0.000000000e+000 +0.000000000e+000 +5.684000000e+001 +5.684000000e+001 +5.3280e-001 -2.5288e+000 -3.5832e+000
% function evaluation | noise-free fitness - Fopt (-1.897300000000e+002) | best noise-free fitness - Fopt | measured fitness | best measured fitness | x1 | x2...
1 +3.911972043e+006 +3.911972043e+006 +3.911782313e+006 +3.911782313e+006 +9.4192e-001 +1.3133e+001 -2.9921e+000
2 +4.332782774e+005 +4.332782774e+005 +4.330885474e+005 +4.330885474e+005 +6.9350e-002 +5.1086e+000 -1.8269e+000
7 +4.836836115e+004 +4.836836115e+004 +4.817863115e+004 +4.817863115e+004 +5.9003e-001 +4.9294e+000 -1.2597e+000
8 +3.378567836e+004 +3.378567836e+004 +3.359594836e+004 +3.359594836e+004 +8.2261e-001 +4.9790e+000 -1.1149e+000
44 +2.626024436e+004 +2.626024436e+004 +2.607051436e+004 +2.607051436e+004 +4.7762e-001 +4.2642e+000 -1.1720e+000
51 +1.533334437e+004 +1.533334437e+004 +1.514361437e+004 +1.514361437e+004 +1.9335e+000 -3.1405e+000 -1.2410e+000
53 +7.383586225e+003 +7.383586225e+003 +7.193856225e+003 +7.193856225e+003 +1.0059e+001 +7.5819e-001 -1.2170e+000
71 +1.323980831e+003 +1.323980831e+003 +1.134250831e+003 +1.134250831e+003 -8.8926e+000 -1.1869e+000 -1.1020e+000
81 +9.243633954e+002 +9.243633954e+002 +7.346333954e+002 +7.346333954e+002 +7.0512e-001 -2.1573e-001 -1.1610e+000
97 +3.846214714e+002 +3.846214714e+002 +1.948914714e+002 +1.948914714e+002 -3.0213e-001 -1.4070e+000 -1.1303e+000
117 +3.163810348e+002 +3.163810348e+002 +1.266510348e+002 +1.266510348e+002 -9.3029e-001 -1.3368e+000 -1.1314e+000
119 +2.425202620e+002 +2.425202620e+002 +5.279026205e+001 +5.279026205e+001 +1.2302e+000 -3.3814e-001 -1.1459e+000
135 +1.927023347e+002 +1.927023347e+002 +2.972334716e+000 +2.972334716e+000 +1.2740e+000 -3.3300e-001 -1.1359e+000
141 +1.306359120e+002 +1.306359120e+002 -5.909408805e+001 -5.909408805e+001 +2.9021e+000 -4.4716e-001 -1.1405e+000
148 +4.391884310e+001 +4.391884310e+001 -1.458111569e+002 -1.458111569e+002 -1.9320e+000 -9.4899e-001 -1.1346e+000
151 +3.258806499e+001 +3.258806499e+001 -1.571419350e+002 -1.571419350e+002 -9.0857e-001 -8.3647e-001 -1.1423e+000
167 +3.065204748e+001 +3.065204748e+001 -1.590779525e+002 -1.590779525e+002 -1.0357e+000 -7.4812e-001 -1.1422e+000
207 +3.015464408e+001 +3.015464408e+001 -1.595753559e+002 -1.595753559e+002 +1.9776e-001 -8.2545e-001 -1.1425e+000
208 +2.048610418e+001 +2.048610418e+001 -1.692438958e+002 -1.692438958e+002 -2.0707e+000 -7.7323e-001 -1.1409e+000
209 +7.302324227e+000 +7.302324227e+000 -1.824276758e+002 -1.824276758e+002 +1.7895e+000 -8.7544e-001 -1.1381e+000
229 +5.147668167e+000 +5.147668167e+000 -1.845823318e+002 -1.845823318e+002 +2.5830e-001 -8.0729e-001 -1.1398e+000
230 +1.475666362e+000 +1.475666362e+000 -1.882543336e+002 -1.882543336e+002 +1.3887e+000 -8.2200e-001 -1.1377e+000
289 +8.339452684e-001 +8.339452684e-001 -1.888960547e+002 -1.888960547e+002 +9.8399e-001 -8.1682e-001 -1.1377e+000
299 +3.510959940e-001 +3.510959940e-001 -1.893789040e+002 -1.893789040e+002 +9.3848e-001 -8.0041e-001 -1.1380e+000
310 +8.326314248e-002 +8.326314248e-002 -1.896467369e+002 -1.896467369e+002 +7.7633e-001 -7.9321e-001 -1.1374e+000
346 +4.075907790e-003 +4.075907790e-003 -1.897259241e+002 -1.897259241e+002 +8.6106e-001 -7.8936e-001 -1.1376e+000
445 +1.122015924e-004 +1.122015924e-004 -1.897298878e+002 -1.897298878e+002 +9.0216e-001 -7.8883e-001 -1.1376e+000
587 +9.394982388e-005 +9.394982388e-005 -1.897299061e+002 -1.897299061e+002 +8.9462e-001 -7.8903e-001 -1.1376e+000
588 +3.060049315e-005 +3.060049315e-005 -1.897299694e+002 -1.897299694e+002 +8.8762e-001 -7.8878e-001 -1.1376e+000
602 +1.200772755e-005 +1.200772755e-005 -1.897299880e+002 -1.897299880e+002 +8.9430e-001 -7.8883e-001 -1.1376e+000
637 +8.990915603e-006 +8.990915603e-006 -1.897299910e+002 -1.897299910e+002 +8.9454e-001 -7.8876e-001 -1.1376e+000
641 +5.952034428e-006 +5.952034428e-006 -1.897299940e+002 -1.897299940e+002 +8.9406e-001 -7.8879e-001 -1.1376e+000
645 +5.723990967e-006 +5.723990967e-006 -1.897299943e+002 -1.897299943e+002 +8.9301e-001 -7.8885e-001 -1.1376e+000
653 +1.357509660e-006 +1.357509660e-006 -1.897299986e+002 -1.897299986e+002 +8.9245e-001 -7.8877e-001 -1.1376e+000
683 +5.952331037e-007 +5.952331037e-007 -1.897299994e+002 -1.897299994e+002 +8.9265e-001 -7.8879e-001 -1.1376e+000
744 +3.333344409e-007 +3.333344409e-007 -1.897299997e+002 -1.897299997e+002 +8.9164e-001 -7.8880e-001 -1.1376e+000
765 +4.978633683e-008 +4.978633683e-008 -1.897300000e+002 -1.897300000e+002 +8.9211e-001 -7.8880e-001 -1.1376e+000
775 +2.613938932e-008 +2.613938932e-008 -1.897300000e+002 -1.897300000e+002 +8.9185e-001 -7.8880e-001 -1.1376e+000
793 +2.249512931e-008 +2.249512931e-008 -1.897300000e+002 -1.897300000e+002 +8.9198e-001 -7.8879e-001 -1.1376e+000
815 +2.198922289e-008 +2.198922289e-008 -1.897300000e+002 -1.897300000e+002 +8.9210e-001 -7.8880e-001 -1.1376e+000
818 +1.413252448e-008 +1.413252448e-008 -1.897300000e+002 -1.897300000e+002 +8.9190e-001 -7.8880e-001 -1.1376e+000
826 +2.010807520e-009 +2.010807520e-009 -1.897300000e+002 -1.897300000e+002 +8.9203e-001 -7.8880e-001 -1.1376e+000
1267 +0.000000000e+000 +0.000000000e+000 -1.897300000e+002 -1.897300000e+002 +8.9200e-001 -7.8880e-001 -1.1376e+000
% function evaluation | noise-free fitness - Fopt (4.659700000000e+002) | best noise-free fitness - Fopt | measured fitness | best measured fitness | x1 | x2...
1 +2.798944971e+006 +2.798944971e+006 +2.799410941e+006 +2.799410941e+006 -3.4913e+000 -2.3310e+000 -7.9113e-001
2 +2.285048645e+006 +2.285048645e+006 +2.285514615e+006 +2.285514615e+006 -3.1833e+000 -1.4996e+000 +2.3891e+000
3 +6.021456457e+004 +6.021456457e+004 +6.068053457e+004 +6.068053457e+004 -3.7687e+000 -1.0977e+000 +5.0478e-001
34 +2.102662954e+003 +2.102662954e+003 +2.568632954e+003 +2.568632954e+003 -3.6656e+000 -1.5880e+000 +7.5669e-001
57 +8.684223481e+002 +8.684223481e+002 +1.334392348e+003 +1.334392348e+003 -3.6833e+000 -1.1929e+000 +7.4022e-001
102 +2.636754946e+002 +2.636754946e+002 +7.296454946e+002 +7.296454946e+002 -2.8902e+000 -7.9840e-001 +7.4861e-001
111 +2.156815343e+002 +2.156815343e+002 +6.816515343e+002 +6.816515343e+002 -3.1944e+000 -7.2759e-001 +7.5088e-001
136 +4.201226356e+001 +4.201226356e+001 +5.079822636e+002 +5.079822636e+002 -3.2526e+000 -4.6689e-001 +7.4895e-001
154 +5.601283097e+000 +5.601283097e+000 +4.715712831e+002 +4.715712831e+002 -3.2820e+000 -3.2975e-001 +7.4909e-001
184 +2.408900494e+000 +2.408900494e+000 +4.683789005e+002 +4.683789005e+002 -3.2361e+000 -2.7685e-001 +7.5016e-001
196 +2.143692591e+000 +2.143692591e+000 +4.681136926e+002 +4.681136926e+002 -3.0816e+000 -2.8784e-001 +7.5022e-001
197 +1.988316021e+000 +1.988316021e+000 +4.679583160e+002 +4.679583160e+002 -2.9295e+000 -2.4897e-001 +7.5009e-001
198 +1.497386891e+000 +1.497386891e+000 +4.674673869e+002 +4.674673869e+002 -3.0227e+000 -2.8051e-001 +7.4992e-001
199 +1.139958482e+000 +1.139958482e+000 +4.671099585e+002 +4.671099585e+002 -2.6349e+000 -2.5850e-001 +7.5030e-001
242 +1.061992084e+000 +1.061992084e+000 +4.670319921e+002 +4.670319921e+002 -2.6592e+000 -2.9779e-001 +7.4974e-001
250 +1.024193021e+000 +1.024193021e+000 +4.669941930e+002 +4.669941930e+002 -2.7920e+000 -2.8785e-001 +7.4993e-001
260 +1.365086591e-001 +1.365086591e-001 +4.661065087e+002 +4.661065087e+002 -2.1292e+000 -2.6497e-001 +7.4950e-001
313 +7.649794645e-002 +7.649794645e-002 +4.660464979e+002 +4.660464979e+002 -2.0135e+000 -2.6620e-001 +7.4970e-001
343 +3.598995373e-002 +3.598995373e-002 +4.660059900e+002 +4.660059900e+002 -1.9380e+000 -2.7256e-001 +7.4941e-001
361 +3.264794014e-002 +3.264794014e-002 +4.660026479e+002 +4.660026479e+002 -1.9545e+000 -2.6776e-001 +7.4960e-001
363 +4.135375020e-003 +4.135375020e-003 +4.659741354e+002 +4.659741354e+002 -1.9773e+000 -2.7389e-001 +7.4958e-001
387 +1.692212556e-003 +1.692212556e-003 +4.659716922e+002 +4.659716922e+002 -1.8813e+000 -2.7395e-001 +7.4963e-001
437 +4.166005685e-004 +4.166005685e-004 +4.659704166e+002 +4.659704166e+002 -1.9088e+000 -2.7317e-001 +7.4959e-001
441 +2.113189690e-004 +2.113189690e-004 +4.659702113e+002 +4.659702113e+002 -1.9147e+000 -2.7377e-001 +7.4959e-001
466 +1.231402444e-004 +1.231402444e-004 +4.659701231e+002 +4.659701231e+002 -1.9133e+000 -2.7391e-001 +7.4961e-001
482 +5.033356496e-005 +5.033356496e-005 +4.659700503e+002 +4.659700503e+002 -1.9135e+000 -2.7365e-001 +7.4959e-001
498 +2.877452067e-005 +2.877452067e-005 +4.659700288e+002 +4.659700288e+002 -1.9146e+000 -2.7350e-001 +7.4960e-001
517 +1.266834067e-005 +1.266834067e-005 +4.659700127e+002 +4.659700127e+002 -1.9137e+000 -2.7368e-001 +7.4960e-001
528 +1.133196230e-005 +1.133196230e-005 +4.659700113e+002 +4.659700113e+002 -1.9135e+000 -2.7352e-001 +7.4960e-001
530 +8.266070950e-006 +8.266070950e-006 +4.659700083e+002 +4.659700083e+002 -1.9097e+000 -2.7368e-001 +7.4960e-001
541 +1.449513206e-006 +1.449513206e-006 +4.659700014e+002 +4.659700014e+002 -1.9106e+000 -2.7360e-001 +7.4960e-001
550 +8.885753005e-007 +8.885753005e-007 +4.659700009e+002 +4.659700009e+002 -1.9107e+000 -2.7359e-001 +7.4960e-001
574 +2.576063025e-007 +2.576063025e-007 +4.659700003e+002 +4.659700003e+002 -1.9110e+000 -2.7360e-001 +7.4960e-001
599 +1.174599333e-007 +1.174599333e-007 +4.659700001e+002 +4.659700001e+002 -1.9114e+000 -2.7360e-001 +7.4960e-001
613 +7.233762744e-008 +7.233762744e-008 +4.659700001e+002 +4.659700001e+002 -1.9110e+000 -2.7360e-001 +7.4960e-001
624 +2.097908691e-008 +2.097908691e-008 +4.659700000e+002 +4.659700000e+002 -1.9112e+000 -2.7360e-001 +7.4960e-001
631 +1.012216444e-008 +1.012216444e-008 +4.659700000e+002 +4.659700000e+002 -1.9111e+000 -2.7360e-001 +7.4960e-001
647 +4.957485089e-009 +4.957485089e-009 +4.659700000e+002 +4.659700000e+002 -1.9112e+000 -2.7360e-001 +7.4960e-001
898 +0.000000000e+000 +0.000000000e+000 +4.659700000e+002 +4.659700000e+002 -1.9112e+000 -2.7360e-001 +7.4960e-001
% function evaluation | noise-free fitness - Fopt (2.574000000000e+001) | best noise-free fitness - Fopt | measured fitness | best measured fitness | x1 | x2...
1 +2.096622085e+007 +2.096622085e+007 +2.096624659e+007 +2.096624659e+007 -1.3429e+000 +2.6781e+000 -4.5845e+000
2 +1.504538244e+007 +1.504538244e+007 +1.504540818e+007 +1.504540818e+007 -2.1170e+000 +2.4104e+000 -3.8418e+000
4 +7.855520475e+006 +7.855520475e+006 +7.855546215e+006 +7.855546215e+006 -5.0670e+000 +3.5457e+000 -2.8556e+000
17 +4.128336810e+006 +4.128336810e+006 +4.128362550e+006 +4.128362550e+006 -2.7738e+000 +4.7787e-001 -1.9859e+000
33 +2.004844388e+005 +2.004844388e+005 +2.005101788e+005 +2.005101788e+005 +6.2412e+000 -1.0434e+001 +1.6089e-001
37 +1.332503924e+005 +1.332503924e+005 +1.332761324e+005 +1.332761324e+005 -5.8350e+000 -1.4415e+000 +3.7832e-001
89 +1.192527715e+005 +1.192527715e+005 +1.192785115e+005 +1.192785115e+005 -1.1099e+001 +9.5380e+000 +2.6698e-001
90 +7.916086747e+004 +7.916086747e+004 +7.918660747e+004 +7.918660747e+004 -1.8155e+001 +9.6891e+000 -9.1780e-002
95 +4.275319765e+004 +4.275319765e+004 +4.277893765e+004 +4.277893765e+004 -1.0460e+001 +1.0593e+000 -1.7307e-001
103 +4.099805852e+004 +4.099805852e+004 +4.102379852e+004 +4.102379852e+004 -5.4084e+000 +6.8832e+000 -9.6568e-002
114 +7.486846601e+003 +7.486846601e+003 +7.512586601e+003 +7.512586601e+003 +7.2730e+001 +5.6883e-001 +3.8315e-002
131 +7.117594392e+003 +7.117594392e+003 +7.143334392e+003 +7.143334392e+003 +3.5951e+001 +3.8243e+000 -1.8844e-002
161 +3.668866433e+003 +3.668866433e+003 +3.694606433e+003 +3.694606433e+003 -5.3698e+001 +1.2338e+000 +4.5760e-003
186 +2.802291611e+003 +2.802291611e+003 +2.828031611e+003 +2.828031611e+003 +1.7536e+001 +3.6165e+000 +2.7620e-002
187 +2.359847830e+003 +2.359847830e+003 +2.385587830e+003 +2.385587830e+003 -2.0860e+001 +2.0127e+000 -1.3425e-002
223 +6.565106135e+002 +6.565106135e+002 +6.822506135e+002 +6.822506135e+002 +2.1539e+001 +2.1954e+000 +1.7756e-002
234 +2.830231887e+002 +2.830231887e+002 +3.087631887e+002 +3.087631887e+002 +1.5786e+001 +1.8224e+000 +2.6265e-002
268 +9.449997648e+001 +9.449997648e+001 +1.202399765e+002 +1.202399765e+002 +5.9532e-001 +1.7042e+000 +2.0096e-002
293 +5.244891336e+001 +5.244891336e+001 +7.818891336e+001 +7.818891336e+001 +2.9144e-001 +1.6746e+000 +2.8905e-002
303 +3.348030635e+001 +3.348030635e+001 +5.922030635e+001 +5.922030635e+001 +1.0661e+000 +1.9676e+000 +3.2792e-002
327 +1.565868791e+001 +1.565868791e+001 +4.139868791e+001 +4.139868791e+001 +1.1254e+000 +1.8335e+000 +3.1052e-002
334 +4.959013600e+000 +4.959013600e+000 +3.069901360e+001 +3.069901360e+001 -3.0731e+000 +1.8825e+000 +2.7522e-002
412 +7.909270607e-001 +7.909270607e-001 +2.653092706e+001 +2.653092706e+001 -1.1445e+000 +1.8917e+000 +2.7108e-002
430 +4.856651473e-001 +4.856651473e-001 +2.622566515e+001 +2.622566515e+001 -6.3684e-001 +1.8943e+000 +2.7412e-002
572 +3.953794660e-001 +3.953794660e-001 +2.613537947e+001 +2.613537947e+001 -1.1992e+000 +1.9105e+000 +2.7642e-002
587 +3.864971714e-001 +3.864971714e-001 +2.612649717e+001 +2.612649717e+001 -9.0964e-001 +1.9065e+000 +2.7509e-002
597 +3.127172143e-001 +3.127172143e-001 +2.605271721e+001 +2.605271721e+001 -5.4853e-001 +1.9095e+000 +2.8075e-002
600 +1.493034037e-001 +1.493034037e-001 +2.588930340e+001 +2.588930340e+001 -6.6665e-001 +1.9008e+000 +2.7758e-002
620 +1.332416710e-001 +1.332416710e-001 +2.587324167e+001 +2.587324167e+001 -7.4933e-001 +1.8871e+000 +2.7896e-002
625 +6.255678210e-002 +6.255678210e-002 +2.580255678e+001 +2.580255678e+001 -7.2630e-001 +1.8946e+000 +2.7899e-002
647 +4.745177078e-003 +4.745177078e-003 +2.574474518e+001 +2.574474518e+001 -9.2269e-001 +1.8947e+000 +2.7992e-002
708 +1.147047523e-003 +1.147047523e-003 +2.574114705e+001 +2.574114705e+001 -9.2306e-001 +1.8968e+000 +2.8025e-002
837 +1.118619608e-003 +1.118619608e-003 +2.574111862e+001 +2.574111862e+001 -9.4445e-001 +1.8967e+000 +2.8034e-002
841 +4.328532461e-004 +4.328532461e-004 +2.574043285e+001 +2.574043285e+001 -9.5087e-001 +1.8968e+000 +2.7978e-002
856 +1.778019477e-004 +1.778019477e-004 +2.574017780e+001 +2.574017780e+001 -9.3911e-001 +1.8969e+000 +2.8012e-002
866 +1.062331054e-004 +1.062331054e-004 +2.574010623e+001 +2.574010623e+001 -9.4918e-001 +1.8966e+000 +2.8007e-002
876 +3.569918005e-005 +3.569918005e-005 +2.574003570e+001 +2.574003570e+001 -9.4692e-001 +1.8970e+000 +2.8003e-002
883 +3.325008911e-005 +3.325008911e-005 +2.574003325e+001 +2.574003325e+001 -9.5097e-001 +1.8968e+000 +2.8001e-002
887 +1.951259852e-005 +1.951259852e-005 +2.574001951e+001 +2.574001951e+001 -9.4690e-001 +1.8969e+000 +2.7997e-002
890 +1.851578637e-005 +1.851578637e-005 +2.574001852e+001 +2.574001852e+001 -9.4667e-001 +1.8968e+000 +2.8004e-002
913 +9.759592960e-006 +9.759592960e-006 +2.574000976e+001 +2.574000976e+001 -9.4631e-001 +1.8969e+000 +2.8000e-002
946 +9.524417415e-006 +9.524417415e-006 +2.574000952e+001 +2.574000952e+001 -9.4471e-001 +1.8969e+000 +2.8000e-002
947 +4.951540070e-006 +4.951540070e-006 +2.574000495e+001 +2.574000495e+001 -9.4768e-001 +1.8968e+000 +2.8001e-002
949 +4.138085078e-006 +4.138085078e-006 +2.574000414e+001 +2.574000414e+001 -9.4479e-001 +1.8969e+000 +2.8000e-002
964 +7.370045907e-007 +7.370045907e-007 +2.574000074e+001 +2.574000074e+001 -9.4556e-001 +1.8968e+000 +2.8000e-002
976 +5.510478296e-007 +5.510478296e-007 +2.574000055e+001 +2.574000055e+001 -9.4578e-001 +1.8968e+000 +2.8001e-002
987 +3.035432812e-007 +3.035432812e-007 +2.574000030e+001 +2.574000030e+001 -9.4604e-001 +1.8968e+000 +2.8000e-002
1002 +1.412378552e-007 +1.412378552e-007 +2.574000014e+001 +2.574000014e+001 -9.4559e-001 +1.8968e+000 +2.8000e-002
1006 +1.361510336e-007 +1.361510336e-007 +2.574000014e+001 +2.574000014e+001 -9.4571e-001 +1.8968e+000 +2.8000e-002
1014 +1.231594133e-007 +1.231594133e-007 +2.574000012e+001 +2.574000012e+001 -9.4589e-001 +1.8968e+000 +2.8000e-002
1022 +2.132327026e-008 +2.132327026e-008 +2.574000002e+001 +2.574000002e+001 -9.4567e-001 +1.8968e+000 +2.8000e-002
1071 +1.376906056e-008 +1.376906056e-008 +2.574000001e+001 +2.574000001e+001 -9.4571e-001 +1.8968e+000 +2.8000e-002
1172 +1.103314062e-008 +1.103314062e-008 +2.574000001e+001 +2.574000001e+001 -9.4570e-001 +1.8968e+000 +2.8000e-002
1188 +1.063567012e-008 +1.063567012e-008 +2.574000001e+001 +2.574000001e+001 -9.4570e-001 +1.8968e+000 +2.8000e-002
1195 +5.676401571e-009 +5.676401571e-009 +2.574000001e+001 +2.574000001e+001 -9.4565e-001 +1.8968e+000 +2.8000e-002
1757 +0.000000000e+000 +0.000000000e+000 +2.574000000e+001 +2.574000000e+001 -9.4560e-001 +1.8968e+000 +2.8000e-002
% function evaluation | noise-free fitness - Fopt (4.167000000000e+001) | best noise-free fitness - Fopt | measured fitness | best measured fitness | x1 | x2...
1 +2.313926306e+006 +2.313926306e+006 +2.313967976e+006 +2.313967976e+006 +4.8064e+000 -4.6285e+000 -4.3707e+000
2 +1.358897394e+005 +1.358897394e+005 +1.359314094e+005 +1.359314094e+005 +4.1196e+000 -3.0611e+000 -3.3066e+000
3 +9.630880299e+004 +9.630880299e+004 +9.635047299e+004 +9.635047299e+004 +4.8191e+000 -4.5396e+000 -2.8073e+000
8 +8.810675939e+004 +8.810675939e+004 +8.814842939e+004 +8.814842939e+004 +4.7846e+000 -3.4688e+000 -3.2091e+000
9 +6.870179395e+004 +6.870179395e+004 +6.874346395e+004 +6.874346395e+004 +4.3431e+000 -3.6121e+000 -3.1447e+000
17 +6.759528419e+004 +6.759528419e+004 +6.763695419e+004 +6.763695419e+004 +4.8374e+000 -4.7550e+000 -2.9262e+000
26 +4.777425989e+004 +4.777425989e+004 +4.781592989e+004 +4.781592989e+004 +3.9773e+000 -2.9781e+000 -3.1049e+000
36 +4.541427759e+004 +4.541427759e+004 +4.545594759e+004 +4.545594759e+004 +4.1114e+000 -3.5187e+000 -2.9517e+000
41 +3.131286392e+004 +3.131286392e+004 +3.135453392e+004 +3.135453392e+004 +4.4507e+000 -2.1788e+000 -3.0431e+000
46 +2.766923370e+004 +2.766923370e+004 +2.771090370e+004 +2.771090370e+004 +4.2753e+000 -2.0026e+000 -2.9862e+000
68 +1.791789740e+004 +1.791789740e+004 +1.795956740e+004 +1.795956740e+004 +3.9221e+000 +3.5634e+000 -2.8578e+000
77 +7.297673147e+003 +7.297673147e+003 +7.339343147e+003 +7.339343147e+003 +3.8386e+000 +1.9604e+000 -2.9231e+000
80 +5.141906111e+003 +5.141906111e+003 +5.183576111e+003 +5.183576111e+003 +5.1252e+000 +3.0345e+000 -2.9215e+000
92 +4.474156128e+003 +4.474156128e+003 +4.515826128e+003 +4.515826128e+003 +4.2489e+000 +5.0159e+000 -2.9521e+000
93 +3.854646446e+003 +3.854646446e+003 +3.896316446e+003 +3.896316446e+003 +4.3344e+000 +3.2029e+000 -2.9317e+000
98 +3.778833366e+003 +3.778833366e+003 +3.820503366e+003 +3.820503366e+003 +4.0005e+000 +3.8560e+000 -2.9380e+000
101 +3.308167538e+003 +3.308167538e+003 +3.349837538e+003 +3.349837538e+003 +4.6130e+000 +1.9593e+000 -2.9731e+000
104 +2.410599894e+003 +2.410599894e+003 +2.452269894e+003 +2.452269894e+003 +4.8034e+000 +4.1375e+000 -2.9544e+000
108 +9.986223878e+002 +9.986223878e+002 +1.040292388e+003 +1.040292388e+003 +4.5248e+000 +2.5460e+000 -3.0134e+000
110 +8.436607325e+002 +8.436607325e+002 +8.853307325e+002 +8.853307325e+002 +4.6118e+000 +3.0961e+000 -3.0242e+000
133 +1.195912240e+002 +1.195912240e+002 +1.612612240e+002 +1.612612240e+002 +4.5009e+000 +3.7383e+000 -2.9927e+000
155 +3.797530977e+001 +3.797530977e+001 +7.964530977e+001 +7.964530977e+001 +7.9937e+000 +3.5517e+000 -2.9957e+000
164 +1.802542807e+001 +1.802542807e+001 +5.969542807e+001 +5.969542807e+001 +5.1162e+000 +3.5370e+000 -2.9955e+000
229 +3.728476969e+000 +3.728476969e+000 +4.539847697e+001 +4.539847697e+001 +4.7158e+000 +3.4037e+000 -2.9973e+000
276 +1.974300951e+000 +1.974300951e+000 +4.364430095e+001 +4.364430095e+001 +3.7772e+000 +3.4703e+000 -2.9986e+000
281 +1.286296150e+000 +1.286296150e+000 +4.295629615e+001 +4.295629615e+001 +4.0071e+000 +3.4294e+000 -2.9985e+000
307 +1.230783790e+000 +1.230783790e+000 +4.290078379e+001 +4.290078379e+001 +4.3815e+000 +3.4537e+000 -2.9980e+000
321 +5.776743451e-001 +5.776743451e-001 +4.224767435e+001 +4.224767435e+001 +4.0169e+000 +3.4345e+000 -2.9979e+000
323 +3.525885823e-001 +3.525885823e-001 +4.202258858e+001 +4.202258858e+001 +3.6499e+000 +3.4603e+000 -2.9977e+000
336 +9.247737142e-002 +9.247737142e-002 +4.176247737e+001 +4.176247737e+001 +3.6170e+000 +3.4348e+000 -2.9976e+000
393 +1.564359074e-002 +1.564359074e-002 +4.168564359e+001 +4.168564359e+001 +3.3223e+000 +3.4395e+000 -2.9976e+000
418 +2.253581726e-003 +2.253581726e-003 +4.167225358e+001 +4.167225358e+001 +3.3729e+000 +3.4426e+000 -2.9976e+000
526 +1.646936324e-003 +1.646936324e-003 +4.167164694e+001 +4.167164694e+001 +3.3916e+000 +3.4419e+000 -2.9976e+000
528 +9.258132085e-004 +9.258132085e-004 +4.167092581e+001 +4.167092581e+001 +3.3879e+000 +3.4422e+000 -2.9976e+000
536 +1.785780842e-004 +1.785780842e-004 +4.167017858e+001 +4.167017858e+001 +3.4111e+000 +3.4426e+000 -2.9976e+000
559 +1.445960786e-004 +1.445960786e-004 +4.167014460e+001 +4.167014460e+001 +3.4018e+000 +3.4425e+000 -2.9976e+000
570 +1.012259287e-004 +1.012259287e-004 +4.167010123e+001 +4.167010123e+001 +3.4039e+000 +3.4424e+000 -2.9976e+000
582 +9.237373740e-005 +9.237373740e-005 +4.167009237e+001 +4.167009237e+001 +3.4043e+000 +3.4425e+000 -2.9976e+000
600 +5.960625062e-005 +5.960625062e-005 +4.167005961e+001 +4.167005961e+001 +3.4068e+000 +3.4423e+000 -2.9976e+000
633 +5.635003836e-005 +5.635003836e-005 +4.167005635e+001 +4.167005635e+001 +3.4067e+000 +3.4425e+000 -2.9976e+000
645 +5.429610495e-005 +5.429610495e-005 +4.167005430e+001 +4.167005430e+001 +3.4063e+000 +3.4423e+000 -2.9976e+000
648 +3.118789540e-005 +3.118789540e-005 +4.167003119e+001 +4.167003119e+001 +3.4089e+000 +3.4423e+000 -2.9976e+000
662 +3.069926363e-005 +3.069926363e-005 +4.167003070e+001 +4.167003070e+001 +3.4109e+000 +3.4424e+000 -2.9976e+000
668 +2.060763986e-005 +2.060763986e-005 +4.167002061e+001 +4.167002061e+001 +3.4099e+000 +3.4424e+000 -2.9976e+000
671 +1.181001069e-005 +1.181001069e-005 +4.167001181e+001 +4.167001181e+001 +3.4106e+000 +3.4424e+000 -2.9976e+000
673 +3.695015288e-006 +3.695015288e-006 +4.167000370e+001 +4.167000370e+001 +3.4147e+000 +3.4424e+000 -2.9976e+000
721 +1.467187886e-006 +1.467187886e-006 +4.167000147e+001 +4.167000147e+001 +3.4129e+000 +3.4424e+000 -2.9976e+000
744 +1.125391421e-006 +1.125391421e-006 +4.167000113e+001 +4.167000113e+001 +3.4132e+000 +3.4424e+000 -2.9976e+000
748 +9.297429315e-007 +9.297429315e-007 +4.167000093e+001 +4.167000093e+001 +3.4144e+000 +3.4424e+000 -2.9976e+000
750 +6.783927304e-007 +6.783927304e-007 +4.167000068e+001 +4.167000068e+001 +3.4128e+000 +3.4424e+000 -2.9976e+000
752 +4.603487795e-007 +4.603487795e-007 +4.167000046e+001 +4.167000046e+001 +3.4136e+000 +3.4424e+000 -2.9976e+000
756 +1.108833629e-007 +1.108833629e-007 +4.167000011e+001 +4.167000011e+001 +3.4139e+000 +3.4424e+000 -2.9976e+000
759 +1.004445664e-007 +1.004445664e-007 +4.167000010e+001 +4.167000010e+001 +3.4134e+000 +3.4424e+000 -2.9976e+000
778 +9.801989620e-008 +9.801989620e-008 +4.167000010e+001 +4.167000010e+001 +3.4133e+000 +3.4424e+000 -2.9976e+000
781 +4.810164711e-008 +4.810164711e-008 +4.167000005e+001 +4.167000005e+001 +3.4136e+000 +3.4424e+000 -2.9976e+000
782 +4.213055149e-008 +4.213055149e-008 +4.167000004e+001 +4.167000004e+001 +3.4134e+000 +3.4424e+000 -2.9976e+000
784 +3.296361228e-008 +3.296361228e-008 +4.167000003e+001 +4.167000003e+001 +3.4137e+000 +3.4424e+000 -2.9976e+000
787 +6.986937251e-009 +6.986937251e-009 +4.167000001e+001 +4.167000001e+001 +3.4136e+000 +3.4424e+000 -2.9976e+000
1351 +0.000000000e+000 +0.000000000e+000 +4.167000000e+001 +4.167000000e+001 +3.4136e+000 +3.4424e+000 -2.9976e+000
% function evaluation | noise-free fitness - Fopt (-1.909500000000e+002) | best noise-free fitness - Fopt | measured fitness | best measured fitness | x1 | x2...
1 +3.756151768e+006 +3.756151768e+006 +3.755960818e+006 +3.755960818e+006 +1.5773e-001 +1.8333e+000 -4.5523e+000
2 +1.689988921e+006 +1.689988921e+006 +1.689797971e+006 +1.689797971e+006 +3.5761e-001 +1.3964e+000 -3.8844e+000
3 +3.496442056e+005 +3.496442056e+005 +3.494532556e+005 +3.494532556e+005 +1.0524e+000 +1.3187e+000 -3.2977e+000
8 +1.275222271e+005 +1.275222271e+005 +1.273312771e+005 +1.273312771e+005 -7.8634e-001 +1.2553e+000 -3.0034e+000
15 +2.583912894e+004 +2.583912894e+004 +2.564817894e+004 +2.564817894e+004 -8.8802e-002 +1.4148e+000 -2.7714e+000
16 +2.543111648e+004 +2.543111648e+004 +2.524016648e+004 +2.524016648e+004 -1.6085e+000 +1.8721e+000 -2.6212e+000
62 +1.593338486e+004 +1.593338486e+004 +1.574243486e+004 +1.574243486e+004 +3.6355e-001 -1.8261e+000 -2.5551e+000
66 +1.128605785e+004 +1.128605785e+004 +1.109510785e+004 +1.109510785e+004 -1.8672e-001 -1.1799e-001 -2.7414e+000
68 +9.661714129e+003 +9.661714129e+003 +9.470764129e+003 +9.470764129e+003 -7.6746e-001 -4.9572e-001 -2.6219e+000
73 +5.709512634e+003 +5.709512634e+003 +5.518562634e+003 +5.518562634e+003 +9.1461e-001 -4.7107e+000 -2.7188e+000
75 +9.629366569e+002 +9.629366569e+002 +7.719866569e+002 +7.719866569e+002 +3.2543e-001 -3.0744e+000 -2.6476e+000
83 +9.483513922e+002 +9.483513922e+002 +7.574013922e+002 +7.574013922e+002 +7.5089e-001 -3.7947e+000 -2.6715e+000
106 +5.195984199e+002 +5.195984199e+002 +3.286484199e+002 +3.286484199e+002 +9.7335e-001 -3.2937e+000 -2.6599e+000
111 +3.389495170e+002 +3.389495170e+002 +1.479995170e+002 +1.479995170e+002 +1.1311e+000 -3.0233e+000 -2.6599e+000
113 +3.195025520e+002 +3.195025520e+002 +1.285525520e+002 +1.285525520e+002 +1.1432e+000 -2.8483e+000 -2.6593e+000
114 +2.742188019e+002 +2.742188019e+002 +8.326880188e+001 +8.326880188e+001 +9.1147e-001 -3.0777e+000 -2.6636e+000
126 +2.399124369e+002 +2.399124369e+002 +4.896243688e+001 +4.896243688e+001 +9.8841e-001 -3.0015e+000 -2.6638e+000
131 +2.375423288e+002 +2.375423288e+002 +4.659232880e+001 +4.659232880e+001 +9.2263e-001 -3.0116e+000 -2.6640e+000
140 +1.912658826e+002 +1.912658826e+002 +3.158826077e-001 +3.158826077e-001 +7.0925e-001 -3.0141e+000 -2.6657e+000
142 +1.242176701e+002 +1.242176701e+002 -6.673232992e+001 -6.673232992e+001 +1.0790e+000 -3.0317e+000 -2.6695e+000
146 +5.840539130e+001 +5.840539130e+001 -1.325446087e+002 -1.325446087e+002 +8.0886e-001 -2.9640e+000 -2.6723e+000
147 +1.849893564e+001 +1.849893564e+001 -1.724510644e+002 -1.724510644e+002 +5.1603e-001 -2.8986e+000 -2.6755e+000
184 +1.632328239e+001 +1.632328239e+001 -1.746267176e+002 -1.746267176e+002 +6.3626e-001 -2.9096e+000 -2.6786e+000
187 +1.490938852e+001 +1.490938852e+001 -1.760406115e+002 -1.760406115e+002 +6.1907e-001 -2.9042e+000 -2.6781e+000
199 +1.455884128e+001 +1.455884128e+001 -1.763911587e+002 -1.763911587e+002 +5.2595e-001 -2.9072e+000 -2.6779e+000
201 +1.425751100e+001 +1.425751100e+001 -1.766924890e+002 -1.766924890e+002 +4.9560e-001 -2.9010e+000 -2.6768e+000
205 +1.286204079e+001 +1.286204079e+001 -1.780879592e+002 -1.780879592e+002 +4.6299e-001 -2.8945e+000 -2.6775e+000
211 +1.015843782e+001 +1.015843782e+001 -1.807915622e+002 -1.807915622e+002 +4.9283e-001 -2.8575e+000 -2.6775e+000
243 +8.680334180e+000 +8.680334180e+000 -1.822696658e+002 -1.822696658e+002 +2.0801e-001 -2.8307e+000 -2.6783e+000
264 +6.950382027e+000 +6.950382027e+000 -1.839996180e+002 -1.839996180e+002 -5.4838e-001 -2.8563e+000 -2.6789e+000
278 +5.940665704e+000 +5.940665704e+000 -1.850093343e+002 -1.850093343e+002 -4.7891e-001 -2.8457e+000 -2.6784e+000
288 +3.911465134e+000 +3.911465134e+000 -1.870385349e+002 -1.870385349e+002 -6.8742e-001 -2.8203e+000 -2.6772e+000
289 +3.192910652e+000 +3.192910652e+000 -1.877570893e+002 -1.877570893e+002 -9.3015e-001 -2.8087e+000 -2.6781e+000
336 +6.570688304e-001 +6.570688304e-001 -1.902929312e+002 -1.902929312e+002 -2.2542e+000 -2.8130e+000 -2.6781e+000
359 +1.569559659e-001 +1.569559659e-001 -1.907930440e+002 -1.907930440e+002 -3.0010e+000 -2.8307e+000 -2.6777e+000
395 +1.122995004e-001 +1.122995004e-001 -1.908377005e+002 -1.908377005e+002 -2.8112e+000 -2.8380e+000 -2.6777e+000
411 +4.767576992e-002 +4.767576992e-002 -1.909023242e+002 -1.909023242e+002 -2.8163e+000 -2.8314e+000 -2.6777e+000
427 +4.039991253e-002 +4.039991253e-002 -1.909096001e+002 -1.909096001e+002 -2.7646e+000 -2.8280e+000 -2.6777e+000
428 +6.901139373e-003 +6.901139373e-003 -1.909430989e+002 -1.909430989e+002 -2.7206e+000 -2.8281e+000 -2.6776e+000
433 +4.807168963e-003 +4.807168963e-003 -1.909451928e+002 -1.909451928e+002 -2.6375e+000 -2.8278e+000 -2.6776e+000
443 +4.700296829e-003 +4.700296829e-003 -1.909452997e+002 -1.909452997e+002 -2.6005e+000 -2.8280e+000 -2.6776e+000
472 +2.302446064e-003 +2.302446064e-003 -1.909476976e+002 -1.909476976e+002 -2.6744e+000 -2.8294e+000 -2.6776e+000
482 +6.581992590e-004 +6.581992590e-004 -1.909493418e+002 -1.909493418e+002 -2.6350e+000 -2.8304e+000 -2.6776e+000
496 +2.631640303e-004 +2.631640303e-004 -1.909497368e+002 -1.909497368e+002 -2.6584e+000 -2.8297e+000 -2.6776e+000
546 +5.705971444e-005 +5.705971444e-005 -1.909499429e+002 -1.909499429e+002 -2.6424e+000 -2.8298e+000 -2.6776e+000
572 +4.293640396e-005 +4.293640396e-005 -1.909499571e+002 -1.909499571e+002 -2.6434e+000 -2.8297e+000 -2.6776e+000
578 +3.474964561e-005 +3.474964561e-005 -1.909499653e+002 -1.909499653e+002 -2.6386e+000 -2.8297e+000 -2.6776e+000
583 +1.071362217e-005 +1.071362217e-005 -1.909499893e+002 -1.909499893e+002 -2.6418e+000 -2.8297e+000 -2.6776e+000
604 +9.233254474e-006 +9.233254474e-006 -1.909499908e+002 -1.909499908e+002 -2.6400e+000 -2.8296e+000 -2.6776e+000
611 +2.467488144e-006 +2.467488144e-006 -1.909499975e+002 -1.909499975e+002 -2.6446e+000 -2.8296e+000 -2.6776e+000
621 +1.035203525e-006 +1.035203525e-006 -1.909499990e+002 -1.909499990e+002 -2.6431e+000 -2.8296e+000 -2.6776e+000
646 +8.832148239e-007 +8.832148239e-007 -1.909499991e+002 -1.909499991e+002 -2.6425e+000 -2.8296e+000 -2.6776e+000
670 +4.661410742e-007 +4.661410742e-007 -1.909499995e+002 -1.909499995e+002 -2.6432e+000 -2.8296e+000 -2.6776e+000
674 +1.062421404e-007 +1.062421404e-007 -1.909499999e+002 -1.909499999e+002 -2.6430e+000 -2.8296e+000 -2.6776e+000
860 +4.814532417e-008 +4.814532417e-008 -1.909500000e+002 -1.909500000e+002 -2.6430e+000 -2.8296e+000 -2.6776e+000
873 +6.004142961e-009 +6.004142961e-009 -1.909500000e+002 -1.909500000e+002 -2.6432e+000 -2.8296e+000 -2.6776e+000
1345 +0.000000000e+000 +0.000000000e+000 -1.909500000e+002 -1.909500000e+002 -2.6432e+000 -2.8296e+000 -2.6776e+000
% function evaluation | noise-free fitness - Fopt (1.370000000000e+000) | best noise-free fitness - Fopt | measured fitness | best measured fitness | x1 | x2...
1 +4.127699225e+007 +4.127699225e+007 +4.127699362e+007 +4.127699362e+007 -4.7843e+000 +6.7192e-001 -2.9442e+000
2 +4.073581941e+007 +4.073581941e+007 +4.073582078e+007 +4.073582078e+007 -3.3547e+000 -5.2563e-001 -2.9001e+000
3 +3.428343987e+007 +3.428343987e+007 +3.428344124e+007 +3.428344124e+007 -3.8455e+000 +2.6104e-001 -2.3170e+000
7 +3.355432124e+007 +3.355432124e+007 +3.355432261e+007 +3.355432261e+007 -1.8040e+000 +6.6580e-001 -2.2432e+000
14 +3.305077863e+007 +3.305077863e+007 +3.305078000e+007 +3.305078000e+007 -2.2981e+000 +1.2883e+000 -2.1912e+000
17 +2.975748632e+007 +2.975748632e+007 +2.975748769e+007 +2.975748769e+007 -2.7438e-001 +1.0758e+000 -1.8288e+000
22 +2.671352053e+007 +2.671352053e+007 +2.671352190e+007 +2.671352190e+007 -4.3062e+000 -5.9361e-001 -1.4628e+000
25 +1.708437178e+007 +1.708437178e+007 +1.708437315e+007 +1.708437315e+007 -3.6705e+000 +6.2289e-001 -2.4312e-001
35 +1.013990497e+007 +1.013990497e+007 +1.013990634e+007 +1.013990634e+007 -6.9409e+000 +1.2326e+000 +6.4757e-001
42 +4.861483320e+004 +4.861483320e+004 +4.861620320e+004 +4.861620320e+004 -4.8532e+000 +1.3633e+000 +3.6619e+000
60 +3.400408061e+004 +3.400408061e+004 +3.400545061e+004 +3.400545061e+004 -5.9206e+000 -1.6463e+000 +4.0296e+000
65 +3.292283399e+003 +3.292283399e+003 +3.293653399e+003 +3.293653399e+003 -3.0075e+000 +2.7793e+000 +3.8288e+000
165 +6.949092461e+002 +6.949092461e+002 +6.962792461e+002 +6.962792461e+002 -4.8593e+000 +2.7651e+000 +3.8694e+000
166 +1.571526023e+002 +1.571526023e+002 +1.585226023e+002 +1.585226023e+002 -4.0569e+000 +2.1557e+000 +3.8706e+000
202 +1.187559417e+002 +1.187559417e+002 +1.201259417e+002 +1.201259417e+002 -5.0493e+000 +2.0126e+000 +3.8731e+000
216 +9.661257928e+001 +9.661257928e+001 +9.798257928e+001 +9.798257928e+001 -4.6038e+000 +2.0800e+000 +3.8757e+000
231 +7.660526675e+001 +7.660526675e+001 +7.797526675e+001 +7.797526675e+001 -4.8275e+000 +1.9111e+000 +3.8793e+000
253 +6.027092279e+001 +6.027092279e+001 +6.164092279e+001 +6.164092279e+001 -3.8514e+000 +1.9094e+000 +3.8784e+000
259 +5.950402596e+001 +5.950402596e+001 +6.087402596e+001 +6.087402596e+001 -3.8699e+000 +1.9662e+000 +3.8825e+000
260 +3.991374235e+001 +3.991374235e+001 +4.128374235e+001 +4.128374235e+001 +3.3213e+000 +1.8050e+000 +3.8785e+000
271 +1.839715295e+001 +1.839715295e+001 +1.976715295e+001 +1.976715295e+001 +2.3692e-001 +1.9850e+000 +3.8824e+000
276 +1.760674153e+001 +1.760674153e+001 +1.897674153e+001 +1.897674153e+001 +2.6773e-001 +1.9229e+000 +3.8787e+000
278 +9.853196556e+000 +9.853196556e+000 +1.122319656e+001 +1.122319656e+001 +6.0661e-001 +1.9969e+000 +3.8807e+000
306 +5.816015974e+000 +5.816015974e+000 +7.186015974e+000 +7.186015974e+000 +3.0226e+000 +2.0506e+000 +3.8787e+000
320 +4.488996945e+000 +4.488996945e+000 +5.858996945e+000 +5.858996945e+000 +1.8340e+000 +2.0165e+000 +3.8798e+000
325 +2.622158882e+000 +2.622158882e+000 +3.992158882e+000 +3.992158882e+000 +4.2936e+000 +2.0349e+000 +3.8806e+000
331 +1.831487189e+000 +1.831487189e+000 +3.201487189e+000 +3.201487189e+000 +2.9762e+000 +2.0226e+000 +3.8793e+000
338 +1.105714241e+000 +1.105714241e+000 +2.475714241e+000 +2.475714241e+000 +3.2898e+000 +2.0205e+000 +3.8802e+000
346 +8.719355021e-001 +8.719355021e-001 +2.241935502e+000 +2.241935502e+000 +3.6343e+000 +2.0193e+000 +3.8798e+000
372 +8.639730461e-001 +8.639730461e-001 +2.233973046e+000 +2.233973046e+000 +3.5648e+000 +2.0189e+000 +3.8801e+000
376 +5.583595682e-001 +5.583595682e-001 +1.928359568e+000 +1.928359568e+000 +3.6449e+000 +2.0143e+000 +3.8799e+000
429 +5.137090585e-001 +5.137090585e-001 +1.883709059e+000 +1.883709059e+000 +3.7048e+000 +2.0140e+000 +3.8800e+000
433 +2.787471007e-001 +2.787471007e-001 +1.648747101e+000 +1.648747101e+000 +3.9350e+000 +2.0072e+000 +3.8799e+000
451 +2.529558067e-001 +2.529558067e-001 +1.622955807e+000 +1.622955807e+000 +3.5077e+000 +2.0062e+000 +3.8800e+000
454 +7.187435320e-002 +7.187435320e-002 +1.441874353e+000 +1.441874353e+000 +3.7412e+000 +1.9926e+000 +3.8797e+000
480 +6.731687767e-002 +6.731687767e-002 +1.437316878e+000 +1.437316878e+000 +3.6303e+000 +1.9996e+000 +3.8800e+000
489 +3.453722766e-002 +3.453722766e-002 +1.404537228e+000 +1.404537228e+000 +3.6539e+000 +1.9967e+000 +3.8799e+000
501 +2.192070454e-002 +2.192070454e-002 +1.391920705e+000 +1.391920705e+000 +3.7118e+000 +1.9960e+000 +3.8799e+000
503 +1.152547166e-002 +1.152547166e-002 +1.381525472e+000 +1.381525472e+000 +3.7307e+000 +1.9955e+000 +3.8800e+000
516 +7.332048774e-003 +7.332048774e-003 +1.377332049e+000 +1.377332049e+000 +3.7663e+000 +1.9936e+000 +3.8801e+000
543 +2.263787801e-003 +2.263787801e-003 +1.372263788e+000 +1.372263788e+000 +3.7498e+000 +1.9928e+000 +3.8800e+000
587 +1.025861767e-003 +1.025861767e-003 +1.371025862e+000 +1.371025862e+000 +3.7377e+000 +1.9911e+000 +3.8800e+000
608 +7.503577409e-004 +7.503577409e-004 +1.370750358e+000 +1.370750358e+000 +3.7039e+000 +1.9925e+000 +3.8800e+000
609 +5.279535448e-004 +5.279535448e-004 +1.370527954e+000 +1.370527954e+000 +3.7260e+000 +1.9926e+000 +3.8800e+000
622 +2.301540549e-004 +2.301540549e-004 +1.370230154e+000 +1.370230154e+000 +3.7084e+000 +1.9920e+000 +3.8800e+000
643 +1.968628182e-004 +1.968628182e-004 +1.370196863e+000 +1.370196863e+000 +3.7135e+000 +1.9923e+000 +3.8800e+000
646 +4.104546423e-005 +4.104546423e-005 +1.370041045e+000 +1.370041045e+000 +3.7219e+000 +1.9919e+000 +3.8800e+000
648 +2.352003944e-005 +2.352003944e-005 +1.370023520e+000 +1.370023520e+000 +3.7193e+000 +1.9920e+000 +3.8800e+000
669 +1.768479198e-005 +1.768479198e-005 +1.370017685e+000 +1.370017685e+000 +3.7210e+000 +1.9919e+000 +3.8800e+000
682 +1.675385551e-005 +1.675385551e-005 +1.370016754e+000 +1.370016754e+000 +3.7203e+000 +1.9921e+000 +3.8800e+000
683 +1.473965659e-006 +1.473965659e-006 +1.370001474e+000 +1.370001474e+000 +3.7221e+000 +1.9920e+000 +3.8800e+000
720 +7.989230937e-007 +7.989230937e-007 +1.370000799e+000 +1.370000799e+000 +3.7214e+000 +1.9920e+000 +3.8800e+000
728 +3.343607842e-007 +3.343607842e-007 +1.370000334e+000 +1.370000334e+000 +3.7211e+000 +1.9920e+000 +3.8800e+000
762 +2.517039985e-007 +2.517039985e-007 +1.370000252e+000 +1.370000252e+000 +3.7214e+000 +1.9920e+000 +3.8800e+000
768 +1.839257413e-007 +1.839257413e-007 +1.370000184e+000 +1.370000184e+000 +3.7217e+000 +1.9920e+000 +3.8800e+000
776 +5.082771182e-008 +5.082771182e-008 +1.370000051e+000 +1.370000051e+000 +3.7215e+000 +1.9920e+000 +3.8800e+000
807 +2.889681494e-008 +2.889681494e-008 +1.370000029e+000 +1.370000029e+000 +3.7215e+000 +1.9920e+000 +3.8800e+000
824 +2.782994146e-008 +2.782994146e-008 +1.370000028e+000 +1.370000028e+000 +3.7214e+000 +1.9920e+000 +3.8800e+000
844 +2.243309494e-008 +2.243309494e-008 +1.370000022e+000 +1.370000022e+000 +3.7215e+000 +1.9920e+000 +3.8800e+000
880 +1.735259136e-008 +1.735259136e-008 +1.370000017e+000 +1.370000017e+000 +3.7215e+000 +1.9920e+000 +3.8800e+000
909 +1.654311443e-008 +1.654311443e-008 +1.370000017e+000 +1.370000017e+000 +3.7215e+000 +1.9920e+000 +3.8800e+000
931 +1.560172991e-008 +1.560172991e-008 +1.370000016e+000 +1.370000016e+000 +3.7215e+000 +1.9920e+000 +3.8800e+000
952 +8.196853418e-009 +8.196853418e-009 +1.370000008e+000 +1.370000008e+000 +3.7216e+000 +1.9920e+000 +3.8800e+000
1384 +0.000000000e+000 +0.000000000e+000 +1.370000000e+000 +1.370000000e+000 +3.7216e+000 +1.9920e+000 +3.8800e+000
% function evaluation | noise-free fitness - Fopt (-1.645800000000e+002) | best noise-free fitness - Fopt | measured fitness | best measured fitness | x1 | x2...
1 +3.555991360e+006 +3.555991360e+006 +3.555826780e+006 +3.555826780e+006 -1.9579e+000 -2.2776e+000 -4.5458e+000
8 +3.397180115e+006 +3.397180115e+006 +3.397015535e+006 +3.397015535e+006 -1.4200e+000 -3.0969e+000 -4.4861e+000
16 +1.295174192e+006 +1.295174192e+006 +1.295009612e+006 +1.295009612e+006 -2.1761e+000 -9.0790e+000 -3.8090e+000
23 +2.113997935e+005 +2.113997935e+005 +2.112352135e+005 +2.112352135e+005 -1.2411e+000 -2.5243e-001 -3.1913e+000
34 +6.898506236e+004 +6.898506236e+004 +6.882048236e+004 +6.882048236e+004 -1.2495e+000 -6.5237e+000 -2.9075e+000
54 +2.415663652e+004 +2.415663652e+004 +2.399205652e+004 +2.399205652e+004 -2.7592e+000 -4.8084e+000 -2.6951e+000
63 +5.113899328e+003 +5.113899328e+003 +4.949319328e+003 +4.949319328e+003 -1.6362e+000 +8.3515e-001 -2.8121e+000
111 +3.230934891e+003 +3.230934891e+003 +3.066354891e+003 +3.066354891e+003 -1.4304e+000 +1.7193e+000 -2.7628e+000
116 +6.495706119e+002 +6.495706119e+002 +4.849906119e+002 +4.849906119e+002 -9.0519e-001 -7.0032e-001 -2.7547e+000
122 +8.984981477e+001 +8.984981477e+001 -7.473018523e+001 -7.473018523e+001 -1.8020e+000 +5.8817e-002 -2.7298e+000
133 +2.958911352e+001 +2.958911352e+001 -1.349908865e+002 -1.349908865e+002 -6.4036e-001 +1.2206e-001 -2.7409e+000
202 +2.846111869e+001 +2.846111869e+001 -1.361188813e+002 -1.361188813e+002 +3.2193e+000 +2.4991e-002 -2.7413e+000
211 +2.790238519e+001 +2.790238519e+001 -1.366776148e+002 -1.366776148e+002 +3.5586e+000 +2.5474e-002 -2.7407e+000
223 +1.535860891e+001 +1.535860891e+001 -1.492213911e+002 -1.492213911e+002 -2.8203e+000 +6.0993e-002 -2.7377e+000
227 +3.061382365e+000 +3.061382365e+000 -1.615186176e+002 -1.615186176e+002 -9.6949e-001 -1.5898e-002 -2.7400e+000
302 +2.460888034e+000 +2.460888034e+000 -1.621191120e+002 -1.621191120e+002 -3.1842e-001 +3.3429e-003 -2.7394e+000
318 +1.839517306e+000 +1.839517306e+000 -1.627404827e+002 -1.627404827e+002 -4.8834e-001 +2.1088e-003 -2.7377e+000
338 +1.777938215e+000 +1.777938215e+000 -1.628020618e+002 -1.628020618e+002 -6.6407e-001 +5.5829e-003 -2.7387e+000
346 +1.247007607e+000 +1.247007607e+000 -1.633329924e+002 -1.633329924e+002 -5.0971e-001 -3.9194e-003 -2.7388e+000
351 +1.108035040e+000 +1.108035040e+000 -1.634719650e+002 -1.634719650e+002 -7.2862e-001 -3.2095e-003 -2.7380e+000
361 +8.527778703e-001 +8.527778703e-001 -1.637272221e+002 -1.637272221e+002 -6.5624e-001 -2.1245e-002 -2.7392e+000
366 +5.376484114e-001 +5.376484114e-001 -1.640423516e+002 -1.640423516e+002 -5.8919e-001 -1.5668e-002 -2.7387e+000
406 +2.306089850e-001 +2.306089850e-001 -1.643493910e+002 -1.643493910e+002 -1.1061e+000 -4.7766e-002 -2.7383e+000
421 +1.296939047e-001 +1.296939047e-001 -1.644503061e+002 -1.644503061e+002 -9.0330e-001 -2.5574e-002 -2.7385e+000
423 +2.661333490e-002 +2.661333490e-002 -1.645533867e+002 -1.645533867e+002 -9.5848e-001 -3.5504e-002 -2.7383e+000
440 +1.726932165e-002 +1.726932165e-002 -1.645627307e+002 -1.645627307e+002 -9.4132e-001 -3.4382e-002 -2.7384e+000
442 +9.248830195e-003 +9.248830195e-003 -1.645707512e+002 -1.645707512e+002 -9.1757e-001 -3.6974e-002 -2.7384e+000
453 +7.708313454e-003 +7.708313454e-003 -1.645722917e+002 -1.645722917e+002 -9.0200e-001 -3.6062e-002 -2.7384e+000
486 +6.339884803e-003 +6.339884803e-003 -1.645736601e+002 -1.645736601e+002 -9.0358e-001 -3.6391e-002 -2.7384e+000
517 +5.231283046e-003 +5.231283046e-003 -1.645747687e+002 -1.645747687e+002 -8.9379e-001 -3.6993e-002 -2.7384e+000
523 +3.459351291e-003 +3.459351291e-003 -1.645765406e+002 -1.645765406e+002 -8.8097e-001 -3.6286e-002 -2.7384e+000
559 +3.388107983e-003 +3.388107983e-003 -1.645766119e+002 -1.645766119e+002 -8.7702e-001 -3.6636e-002 -2.7384e+000
573 +3.207393874e-003 +3.207393874e-003 -1.645767926e+002 -1.645767926e+002 -8.7429e-001 -3.6593e-002 -2.7384e+000
576 +2.995196298e-003 +2.995196298e-003 -1.645770048e+002 -1.645770048e+002 -8.6839e-001 -3.6740e-002 -2.7384e+000
587 +2.735799976e-003 +2.735799976e-003 -1.645772642e+002 -1.645772642e+002 -8.6776e-001 -3.6633e-002 -2.7384e+000
588 +2.023675406e-003 +2.023675406e-003 -1.645779763e+002 -1.645779763e+002 -8.3878e-001 -3.7158e-002 -2.7384e+000
601 +1.586887788e-003 +1.586887788e-003 -1.645784131e+002 -1.645784131e+002 -8.3717e-001 -3.7182e-002 -2.7384e+000
611 +1.242386533e-003 +1.242386533e-003 -1.645787576e+002 -1.645787576e+002 -8.4576e-001 -3.6877e-002 -2.7384e+000
619 +8.577441461e-004 +8.577441461e-004 -1.645791423e+002 -1.645791423e+002 -8.4589e-001 -3.6500e-002 -2.7384e+000
633 +6.403198982e-004 +6.403198982e-004 -1.645793597e+002 -1.645793597e+002 -8.4533e-001 -3.6327e-002 -2.7384e+000
646 +2.882503198e-004 +2.882503198e-004 -1.645797117e+002 -1.645797117e+002 -8.3864e-001 -3.5871e-002 -2.7384e+000
680 +2.796342553e-004 +2.796342553e-004 -1.645797204e+002 -1.645797204e+002 -8.3834e-001 -3.5996e-002 -2.7384e+000
684 +2.525986524e-004 +2.525986524e-004 -1.645797474e+002 -1.645797474e+002 -8.3755e-001 -3.5962e-002 -2.7384e+000
700 +2.396733163e-004 +2.396733163e-004 -1.645797603e+002 -1.645797603e+002 -8.3734e-001 -3.5956e-002 -2.7384e+000
709 +2.330441943e-004 +2.330441943e-004 -1.645797670e+002 -1.645797670e+002 -8.3606e-001 -3.6211e-002 -2.7384e+000
714 +1.682524496e-004 +1.682524496e-004 -1.645798317e+002 -1.645798317e+002 -8.3505e-001 -3.6034e-002 -2.7384e+000
721 +1.190888256e-004 +1.190888256e-004 -1.645798809e+002 -1.645798809e+002 -8.3278e-001 -3.5984e-002 -2.7384e+000
725 +4.747277490e-005 +4.747277490e-005 -1.645799525e+002 -1.645799525e+002 -8.2847e-001 -3.5961e-002 -2.7384e+000
748 +4.360494262e-005 +4.360494262e-005 -1.645799564e+002 -1.645799564e+002 -8.2854e-001 -3.5990e-002 -2.7384e+000
754 +2.389038437e-005 +2.389038437e-005 -1.645799761e+002 -1.645799761e+002 -8.2591e-001 -3.6022e-002 -2.7384e+000
772 +2.092429699e-005 +2.092429699e-005 -1.645799791e+002 -1.645799791e+002 -8.2183e-001 -3.6086e-002 -2.7384e+000
773 +1.644526088e-005 +1.644526088e-005 -1.645799836e+002 -1.645799836e+002 -8.2460e-001 -3.5970e-002 -2.7384e+000
786 +1.221360151e-005 +1.221360151e-005 -1.645799878e+002 -1.645799878e+002 -8.2409e-001 -3.5919e-002 -2.7384e+000
798 +7.415400034e-006 +7.415400034e-006 -1.645799926e+002 -1.645799926e+002 -8.1961e-001 -3.6023e-002 -2.7384e+000
802 +5.398659823e-006 +5.398659823e-006 -1.645799946e+002 -1.645799946e+002 -8.2298e-001 -3.5931e-002 -2.7384e+000
804 +3.908312976e-006 +3.908312976e-006 -1.645799961e+002 -1.645799961e+002 -8.2262e-001 -3.5974e-002 -2.7384e+000
806 +3.682299280e-006 +3.682299280e-006 -1.645799963e+002 -1.645799963e+002 -8.2266e-001 -3.6015e-002 -2.7384e+000
813 +5.343261762e-007 +5.343261762e-007 -1.645799995e+002 -1.645799995e+002 -8.2255e-001 -3.5989e-002 -2.7384e+000
878 +1.974187853e-007 +1.974187853e-007 -1.645799998e+002 -1.645799998e+002 -8.2233e-001 -3.5986e-002 -2.7384e+000
886 +1.119046260e-007 +1.119046260e-007 -1.645799999e+002 -1.645799999e+002 -8.2254e-001 -3.6002e-002 -2.7384e+000
1104 +6.240267680e-008 +6.240267680e-008 -1.645799999e+002 -1.645799999e+002 -8.2233e-001 -3.6004e-002 -2.7384e+000
1117 +1.821084084e-008 +1.821084084e-008 -1.645800000e+002 -1.645800000e+002 -8.2253e-001 -3.6000e-002 -2.7384e+000
1142 +8.740101975e-009 +8.740101975e-009 -1.645800000e+002 -1.645800000e+002 -8.2241e-001 -3.6003e-002 -2.7384e+000
1518 +0.000000000e+000 +0.000000000e+000 -1.645800000e+002 -1.645800000e+002 -8.2240e-001 -3.6000e-002 -2.7384e+000
% function evaluation | noise-free fitness - Fopt (-1.803800000000e+002) | best noise-free fitness - Fopt | measured fitness | best measured fitness | x1 | x2...
1 +3.573943832e+007 +3.573943832e+007 +3.573925794e+007 +3.573925794e+007 -6.1483e+000 -2.8449e+000 -3.7332e+000
2 +3.546882227e+007 +3.546882227e+007 +3.546864189e+007 +3.546864189e+007 -4.9289e+000 -2.8050e+000 -3.7073e+000
5 +3.286572623e+007 +3.286572623e+007 +3.286554585e+007 +3.286554585e+007 -4.0153e+000 -2.9353e+000 -3.4448e+000
14 +2.618494228e+007 +2.618494228e+007 +2.618476190e+007 +2.618476190e+007 -5.4687e+000 -4.0875e+000 -2.6681e+000
17 +1.951687510e+007 +1.951687510e+007 +1.951669472e+007 +1.951669472e+007 -4.9902e+000 -2.3682e+000 -1.8213e+000
19 +2.120760539e+006 +2.120760539e+006 +2.120580159e+006 +2.120580159e+006 -4.7666e+000 -4.2532e+000 +1.2842e+000
26 +4.157068390e+005 +4.157068390e+005 +4.155264590e+005 +4.155264590e+005 -4.6932e+000 -3.2912e+000 +1.9360e+000
32 +4.651992462e+004 +4.651992462e+004 +4.633954462e+004 +4.633954462e+004 -6.0226e+000 -3.5908e+000 +2.6482e+000
54 +4.478380882e+004 +4.478380882e+004 +4.460342882e+004 +4.460342882e+004 -5.7020e+000 -3.5627e+000 +2.6319e+000
60 +3.805535873e+004 +3.805535873e+004 +3.787497873e+004 +3.787497873e+004 -5.8734e+000 -2.5156e+000 +2.5194e+000
64 +7.825741359e+003 +7.825741359e+003 +7.645361359e+003 +7.645361359e+003 -6.2148e+000 +1.1024e+000 +2.5548e+000
70 +3.754079619e+003 +3.754079619e+003 +3.573699619e+003 +3.573699619e+003 -6.1091e+000 +2.1812e+000 +2.6457e+000
83 +2.152423898e+003 +2.152423898e+003 +1.972043898e+003 +1.972043898e+003 -5.7487e+000 +2.6193e+000 +2.5667e+000
132 +7.778155211e+002 +7.778155211e+002 +5.974355211e+002 +5.974355211e+002 -6.4109e+000 +3.5251e+000 +2.5757e+000
162 +5.150527843e+002 +5.150527843e+002 +3.346727843e+002 +3.346727843e+002 -6.7909e+000 +4.1988e+000 +2.6012e+000
184 +6.761574739e+001 +6.761574739e+001 -1.127642526e+002 -1.127642526e+002 -6.5881e+000 +3.4075e+000 +2.6107e+000
351 +3.669579734e+001 +3.669579734e+001 -1.436842027e+002 -1.436842027e+002 -8.2285e+000 +3.5615e+000 +2.6005e+000
454 +2.205021034e+001 +2.205021034e+001 -1.583297897e+002 -1.583297897e+002 -3.4049e+000 +3.3450e+000 +2.6060e+000
456 +1.561061690e+001 +1.561061690e+001 -1.647693831e+002 -1.647693831e+002 -7.1838e+000 +3.3865e+000 +2.6031e+000
461 +9.987950872e+000 +9.987950872e+000 -1.703920491e+002 -1.703920491e+002 -6.4464e+000 +3.4020e+000 +2.6038e+000
466 +8.750961684e+000 +8.750961684e+000 -1.716290383e+002 -1.716290383e+002 -6.1072e+000 +3.3982e+000 +2.6028e+000
492 +8.481777051e+000 +8.481777051e+000 -1.718982229e+002 -1.718982229e+002 -6.1680e+000 +3.5195e+000 +2.6030e+000
496 +3.627223797e+000 +3.627223797e+000 -1.767527762e+002 -1.767527762e+002 -5.1137e+000 +3.4993e+000 +2.6041e+000
522 +2.908001987e+000 +2.908001987e+000 -1.774719980e+002 -1.774719980e+002 -5.3794e+000 +3.4788e+000 +2.6035e+000
540 +2.561372853e+000 +2.561372853e+000 -1.778186271e+002 -1.778186271e+002 -4.8764e+000 +3.5014e+000 +2.6025e+000
541 +2.275608228e+000 +2.275608228e+000 -1.781043918e+002 -1.781043918e+002 -4.5856e+000 +3.5043e+000 +2.6025e+000
552 +1.756670396e+000 +1.756670396e+000 -1.786233296e+002 -1.786233296e+002 -4.8174e+000 +3.4957e+000 +2.6030e+000
553 +1.287810728e+000 +1.287810728e+000 -1.790921893e+002 -1.790921893e+002 -3.7999e+000 +3.4978e+000 +2.6038e+000
559 +1.245903261e+000 +1.245903261e+000 -1.791340967e+002 -1.791340967e+002 -4.3580e+000 +3.4998e+000 +2.6032e+000
580 +1.031640322e+000 +1.031640322e+000 -1.793483597e+002 -1.793483597e+002 -4.0801e+000 +3.4969e+000 +2.6029e+000
600 +1.013915123e+000 +1.013915123e+000 -1.793660849e+002 -1.793660849e+002 -4.7982e+000 +3.4800e+000 +2.6030e+000
604 +8.199493735e-001 +8.199493735e-001 -1.795600506e+002 -1.795600506e+002 -4.3858e+000 +3.4862e+000 +2.6029e+000
609 +5.737098936e-001 +5.737098936e-001 -1.798062901e+002 -1.798062901e+002 -4.0864e+000 +3.4871e+000 +2.6033e+000
627 +4.351192355e-001 +4.351192355e-001 -1.799448808e+002 -1.799448808e+002 -3.8134e+000 +3.4853e+000 +2.6031e+000
639 +2.330451290e-001 +2.330451290e-001 -1.801469549e+002 -1.801469549e+002 -3.7385e+000 +3.4777e+000 +2.6034e+000
660 +2.097089049e-001 +2.097089049e-001 -1.801702911e+002 -1.801702911e+002 -3.9800e+000 +3.4787e+000 +2.6031e+000
670 +4.947070632e-002 +4.947070632e-002 -1.803305293e+002 -1.803305293e+002 -3.9674e+000 +3.4714e+000 +2.6031e+000
686 +3.725046016e-002 +3.725046016e-002 -1.803427495e+002 -1.803427495e+002 -3.9182e+000 +3.4695e+000 +2.6033e+000
687 +3.159310922e-002 +3.159310922e-002 -1.803484069e+002 -1.803484069e+002 -3.9909e+000 +3.4689e+000 +2.6033e+000
690 +2.818358186e-002 +2.818358186e-002 -1.803518164e+002 -1.803518164e+002 -3.9377e+000 +3.4634e+000 +2.6030e+000
704 +1.274963944e-002 +1.274963944e-002 -1.803672504e+002 -1.803672504e+002 -3.9941e+000 +3.4666e+000 +2.6032e+000
738 +6.589303303e-003 +6.589303303e-003 -1.803734107e+002 -1.803734107e+002 -3.9280e+000 +3.4658e+000 +2.6033e+000
747 +3.423543879e-003 +3.423543879e-003 -1.803765765e+002 -1.803765765e+002 -3.9522e+000 +3.4646e+000 +2.6032e+000
768 +3.083828599e-003 +3.083828599e-003 -1.803769162e+002 -1.803769162e+002 -3.8465e+000 +3.4640e+000 +2.6032e+000
782 +8.145122228e-004 +8.145122228e-004 -1.803791855e+002 -1.803791855e+002 -3.8757e+000 +3.4653e+000 +2.6032e+000
784 +4.992978037e-004 +4.992978037e-004 -1.803795007e+002 -1.803795007e+002 -3.8949e+000 +3.4648e+000 +2.6032e+000
805 +2.364419043e-004 +2.364419043e-004 -1.803797636e+002 -1.803797636e+002 -3.8780e+000 +3.4649e+000 +2.6032e+000
830 +9.611106080e-005 +9.611106080e-005 -1.803799039e+002 -1.803799039e+002 -3.8854e+000 +3.4650e+000 +2.6032e+000
845 +6.428496903e-005 +6.428496903e-005 -1.803799357e+002 -1.803799357e+002 -3.8865e+000 +3.4646e+000 +2.6032e+000
847 +3.059120664e-005 +3.059120664e-005 -1.803799694e+002 -1.803799694e+002 -3.8924e+000 +3.4646e+000 +2.6032e+000
871 +2.825196793e-005 +2.825196793e-005 -1.803799717e+002 -1.803799717e+002 -3.8901e+000 +3.4647e+000 +2.6032e+000
885 +2.140495093e-005 +2.140495093e-005 -1.803799786e+002 -1.803799786e+002 -3.8912e+000 +3.4647e+000 +2.6032e+000
897 +7.618445693e-006 +7.618445693e-006 -1.803799924e+002 -1.803799924e+002 -3.8909e+000 +3.4648e+000 +2.6032e+000
905 +7.470647830e-006 +7.470647830e-006 -1.803799925e+002 -1.803799925e+002 -3.8916e+000 +3.4648e+000 +2.6032e+000
921 +4.607972443e-006 +4.607972443e-006 -1.803799954e+002 -1.803799954e+002 -3.8913e+000 +3.4648e+000 +2.6032e+000
924 +3.427477196e-006 +3.427477196e-006 -1.803799966e+002 -1.803799966e+002 -3.8914e+000 +3.4648e+000 +2.6032e+000
963 +1.776175111e-006 +1.776175111e-006 -1.803799982e+002 -1.803799982e+002 -3.8915e+000 +3.4648e+000 +2.6032e+000
976 +1.219608379e-006 +1.219608379e-006 -1.803799988e+002 -1.803799988e+002 -3.8923e+000 +3.4648e+000 +2.6032e+000
999 +1.123436249e-006 +1.123436249e-006 -1.803799989e+002 -1.803799989e+002 -3.8920e+000 +3.4648e+000 +2.6032e+000
1000 +1.072339415e-006 +1.072339415e-006 -1.803799989e+002 -1.803799989e+002 -3.8923e+000 +3.4648e+000 +2.6032e+000
1006 +4.787464718e-007 +4.787464718e-007 -1.803799995e+002 -1.803799995e+002 -3.8925e+000 +3.4648e+000 +2.6032e+000
1007 +4.308880079e-007 +4.308880079e-007 -1.803799996e+002 -1.803799996e+002 -3.8926e+000 +3.4648e+000 +2.6032e+000
1011 +1.173059445e-007 +1.173059445e-007 -1.803799999e+002 -1.803799999e+002 -3.8926e+000 +3.4648e+000 +2.6032e+000
1028 +5.185759733e-008 +5.185759733e-008 -1.803799999e+002 -1.803799999e+002 -3.8926e+000 +3.4648e+000 +2.6032e+000
1057 +3.938893656e-008 +3.938893656e-008 -1.803800000e+002 -1.803800000e+002 -3.8926e+000 +3.4648e+000 +2.6032e+000
1063 +1.163070351e-008 +1.163070351e-008 -1.803800000e+002 -1.803800000e+002 -3.8928e+000 +3.4648e+000 +2.6032e+000
1094 +4.867075631e-009 +4.867075631e-009 -1.803800000e+002 -1.803800000e+002 -3.8928e+000 +3.4648e+000 +2.6032e+000
1509 +0.000000000e+000 +0.000000000e+000 -1.803800000e+002 -1.803800000e+002 -3.8928e+000 +3.4648e+000 +2.6032e+000
