% function evaluation | noise-free fitness - Fopt (7.948000000000e+001) | best noise-free fitness - Fopt | measured fitness | best measured fitness | x1 | x2...
1 +2.568532428e+001 +2.568532428e+001 +1.051653243e+002 +1.051653243e+002 -1.9482e+000 +1.8337e+000 +2.7253e+000
8 +4.320932873e+000 +4.320932873e+000 +8.380093287e+001 +8.380093287e+001 -1.6505e+000 -1.9138e+000 -1.0782e+000
46 +2.420956590e+000 +2.420956590e+000 +8.190095659e+001 +8.190095659e+001 -2.3918e-001 -3.7733e-001 +5.2953e-001
61 +2.393109310e+000 +2.393109310e+000 +8.187310931e+001 +8.187310931e+001 -9.8908e-001 -6.1617e-001 +2.3364e-002
68 +2.175965487e+000 +2.175965487e+000 +8.165596549e+001 +8.165596549e+001 -1.0375e+000 -6.4876e-001 -2.2102e-001
78 +1.578488086e+000 +1.578488086e+000 +8.105848809e+001 +8.105848809e+001 -6.9521e-001 -1.4807e+000 -1.4822e+000
86 +1.499625754e+000 +1.499625754e+000 +8.097962575e+001 +8.097962575e+001 -8.3228e-001 -6.8945e-001 -4.0181e-001
99 +4.855450618e-001 +4.855450618e-001 +7.996554506e+001 +7.996554506e+001 -4.0596e-001 -1.0956e+000 -5.0528e-001
127 +3.563625840e-001 +3.563625840e-001 +7.983636258e+001 +7.983636258e+001 -3.3459e-001 -1.0567e+000 -6.8779e-001
153 +2.549428000e-001 +2.549428000e-001 +7.973494280e+001 +7.973494280e+001 -8.0656e-002 -1.0727e+000 -3.5430e-001
155 +1.293305041e-001 +1.293305041e-001 +7.960933050e+001 +7.960933050e+001 +1.0465e-001 -8.3518e-001 -6.6119e-001
167 +1.034674553e-001 +1.034674553e-001 +7.958346746e+001 +7.958346746e+001 +1.0542e-001 -8.7434e-001 -6.7967e-001
174 +8.432689691e-002 +8.432689691e-002 +7.956432690e+001 +7.956432690e+001 +2.3443e-002 -9.9951e-001 -6.4043e-001
176 +6.027710921e-002 +6.027710921e-002 +7.954027711e+001 +7.954027711e+001 +1.5103e-001 -9.3499e-001 -6.9716e-001
200 +2.899355666e-002 +2.899355666e-002 +7.950899356e+001 +7.950899356e+001 +2.3048e-001 -1.0805e+000 -5.7344e-001
202 +1.484931099e-002 +1.484931099e-002 +7.949484931e+001 +7.949484931e+001 +1.7779e-001 -1.0627e+000 -7.4330e-001
228 +5.250789712e-003 +5.250789712e-003 +7.948525079e+001 +7.948525079e+001 +2.5104e-001 -1.1038e+000 -7.7342e-001
234 +4.384558328e-003 +4.384558328e-003 +7.948438456e+001 +7.948438456e+001 +2.7148e-001 -1.1137e+000 -7.7063e-001
236 +1.182499929e-003 +1.182499929e-003 +7.948118250e+001 +7.948118250e+001 +2.2563e-001 -1.1773e+000 -7.1911e-001
265 +2.979308968e-004 +2.979308968e-004 +7.948029793e+001 +7.948029793e+001 +2.6680e-001 -1.1576e+000 -7.3406e-001
291 +1.424101981e-004 +1.424101981e-004 +7.948014241e+001 +7.948014241e+001 +2.4423e-001 -1.1647e+000 -7.2154e-001
303 +2.682273346e-005 +2.682273346e-005 +7.948002682e+001 +7.948002682e+001 +2.4883e-001 -1.1601e+000 -7.2390e-001
312 +2.444503919e-005 +2.444503919e-005 +7.948002445e+001 +7.948002445e+001 +2.5484e-001 -1.1605e+000 -7.2661e-001
358 +1.743359689e-005 +1.743359689e-005 +7.948001743e+001 +7.948001743e+001 +2.5213e-001 -1.1588e+000 -7.2760e-001
364 +8.253424554e-006 +8.253424554e-006 +7.948000825e+001 +7.948000825e+001 +2.5231e-001 -1.1565e+000 -7.2681e-001
370 +5.376177484e-006 +5.376177484e-006 +7.948000538e+001 +7.948000538e+001 +2.5303e-001 -1.1582e+000 -7.2586e-001
381 +5.191852750e-006 +5.191852750e-006 +7.948000519e+001 +7.948000519e+001 +2.5233e-001 -1.1570e+000 -7.2178e-001
383 +2.191734083e-006 +2.191734083e-006 +7.948000219e+001 +7.948000219e+001 +2.5360e-001 -1.1580e+000 -7.2383e-001
394 +6.983841558e-007 +6.983841558e-007 +7.948000070e+001 +7.948000070e+001 +2.5263e-001 -1.1571e+000 -7.2476e-001
403 +5.762784809e-007 +5.762784809e-007 +7.948000058e+001 +7.948000058e+001 +2.5273e-001 -1.1576e+000 -7.2398e-001
406 +2.484369901e-007 +2.484369901e-007 +7.948000025e+001 +7.948000025e+001 +2.5243e-001 -1.1571e+000 -7.2418e-001
501 +1.591595407e-007 +1.591595407e-007 +7.948000016e+001 +7.948000016e+001 +2.5277e-001 -1.1564e+000 -7.2419e-001
555 +4.274522780e-008 +4.274522780e-008 +7.948000004e+001 +7.948000004e+001 +2.5289e-001 -1.1566e+000 -7.2408e-001
559 +1.630927216e-008 +1.630927216e-008 +7.948000002e+001 +7.948000002e+001 +2.5283e-001 -1.1567e+000 -7.2390e-001
574 +1.335294542e-008 +1.335294542e-008 +7.948000001e+001 +7.948000001e+001 +2.5279e-001 -1.1569e+000 -7.2404e-001
593 +5.748034937e-009 +5.748034937e-009 +7.948000001e+001 +7.948000001e+001 +2.5279e-001 -1.1568e+000 -7.2407e-001
995 +0.000000000e+000 +0.000000000e+000 +7.948000000e+001 +7.948000000e+001 +2.5280e-001 -1.1568e+000 -7.2400e-001
% function evaluation | noise-free fitness - Fopt (3.944800000000e+002) | best noise-free fitness - Fopt | measured fitness | best measured fitness | x1 | x2...
1 +2.505497824e+001 +2.505497824e+001 +4.195349782e+002 +4.195349782e+002 -1.2176e+000 -3.2209e+000 +4.1175e-001
3 +2.032897938e+001 +2.032897938e+001 +4.148089794e+002 +4.148089794e+002 -1.1823e+000 -3.0838e+000 -2.0872e-001
11 +1.746657443e+001 +1.746657443e+001 +4.119465744e+002 +4.119465744e+002 -1.7134e+000 -3.0622e+000 -2.4393e-001
14 +1.558261599e+001 +1.558261599e+001 +4.100626160e+002 +4.100626160e+002 -1.5870e+000 -3.5102e+000 -6.6300e-001
24 +1.029846466e+001 +1.029846466e+001 +4.047784647e+002 +4.047784647e+002 -2.2820e+000 -3.5770e+000 -1.1164e+000
33 +1.765519755e+000 +1.765519755e+000 +3.962455198e+002 +3.962455198e+002 -4.2747e+000 -1.7552e+000 -3.2234e+000
56 +3.504030963e-001 +3.504030963e-001 +3.948304031e+002 +3.948304031e+002 -3.5931e+000 -3.0356e+000 -3.3165e+000
106 +1.299487751e-001 +1.299487751e-001 +3.946099488e+002 +3.946099488e+002 -3.8577e+000 -2.5332e+000 -3.8288e+000
152 +7.060507733e-002 +7.060507733e-002 +3.945506051e+002 +3.945506051e+002 -3.7707e+000 -2.8151e+000 -3.5819e+000
169 +3.162182166e-003 +3.162182166e-003 +3.944831622e+002 +3.944831622e+002 -3.9258e+000 -2.8557e+000 -3.7677e+000
249 +8.249446471e-004 +8.249446471e-004 +3.944808249e+002 +3.944808249e+002 -3.8962e+000 -2.9072e+000 -3.7792e+000
258 +4.799063690e-004 +4.799063690e-004 +3.944804799e+002 +3.944804799e+002 -3.8982e+000 -2.8973e+000 -3.7816e+000
266 +6.111328179e-005 +6.111328179e-005 +3.944800611e+002 +3.944800611e+002 -3.9054e+000 -2.8937e+000 -3.8015e+000
271 +2.093507362e-005 +2.093507362e-005 +3.944800209e+002 +3.944800209e+002 -3.8979e+000 -2.8860e+000 -3.8014e+000
308 +3.841431464e-006 +3.841431464e-006 +3.944800038e+002 +3.944800038e+002 -3.8967e+000 -2.8899e+000 -3.8016e+000
340 +1.197426627e-006 +1.197426627e-006 +3.944800012e+002 +3.944800012e+002 -3.8975e+000 -2.8910e+000 -3.8024e+000
357 +7.981447538e-007 +7.981447538e-007 +3.944800008e+002 +3.944800008e+002 -3.8976e+000 -2.8908e+000 -3.8023e+000
391 +4.949984600e-007 +4.949984600e-007 +3.944800005e+002 +3.944800005e+002 -3.8982e+000 -2.8907e+000 -3.8018e+000
393 +3.590434403e-007 +3.590434403e-007 +3.944800004e+002 +3.944800004e+002 -3.8982e+000 -2.8898e+000 -3.8022e+000
397 +1.120953925e-007 +1.120953925e-007 +3.944800001e+002 +3.944800001e+002 -3.8982e+000 -2.8906e+000 -3.8024e+000
399 +7.471385288e-008 +7.471385288e-008 +3.944800001e+002 +3.944800001e+002 -3.8981e+000 -2.8903e+000 -3.8024e+000
418 +4.181799795e-009 +4.181799795e-009 +3.944800000e+002 +3.944800000e+002 -3.8984e+000 -2.8904e+000 -3.8023e+000
956 +0.000000000e+000 +0.000000000e+000 +3.944800000e+002 +3.944800000e+002 -3.8984e+000 -2.8904e+000 -3.8024e+000
% function evaluation | noise-free fitness - Fopt (-2.471100000000e+002) | best noise-free fitness - Fopt | measured fitness | best measured fitness | x1 | x2...
1 +4.469412405e+001 +4.469412405e+001 -2.024158759e+002 -2.024158759e+002 -4.8070e+000 +1.1050e+000 +5.8558e+000
2 +2.853081224e+001 +2.853081224e+001 -2.185791878e+002 -2.185791878e+002 -4.6012e+000 +2.6190e+000 +4.0046e+000
14 +2.073520512e+001 +2.073520512e+001 -2.263747949e+002 -2.263747949e+002 -3.0539e+000 +1.5674e+000 +3.5890e+000
16 +1.401185114e+001 +1.401185114e+001 -2.330981489e+002 -2.330981489e+002 -2.9569e+000 +6.2414e-001 +2.9319e+000
20 +1.140453950e+001 +1.140453950e+001 -2.357054605e+002 -2.357054605e+002 -3.3899e+000 +7.2590e-001 +2.6201e+000
38 +8.894604862e+000 +8.894604862e+000 -2.382153951e+002 -2.382153951e+002 -3.6879e+000 +2.7335e+000 +8.8352e-001
54 +3.790292578e+000 +3.790292578e+000 -2.433197074e+002 -2.433197074e+002 -4.3880e+000 +4.3767e-002 +1.1574e+000
85 +1.209991768e+000 +1.209991768e+000 -2.459000082e+002 -2.459000082e+002 -3.4353e+000 +2.7206e-001 -1.7272e+000
106 +2.956314076e-001 +2.956314076e-001 -2.468143686e+002 -2.468143686e+002 -3.6710e+000 +7.0529e-001 -5.2599e-001
129 +2.777503400e-001 +2.777503400e-001 -2.468322497e+002 -2.468322497e+002 -4.3118e+000 +1.4294e-001 -7.9395e-001
134 +1.141599401e-001 +1.141599401e-001 -2.469958401e+002 -2.469958401e+002 -3.5014e+000 +1.3981e-001 -5.4316e-001
139 +1.100754074e-001 +1.100754074e-001 -2.469999246e+002 -2.469999246e+002 -3.6168e+000 +5.9528e-002 -4.5360e-001
143 +1.010007759e-001 +1.010007759e-001 -2.470089992e+002 -2.470089992e+002 -3.9131e+000 +4.9889e-001 -6.7085e-001
157 +5.100714613e-002 +5.100714613e-002 -2.470589929e+002 -2.470589929e+002 -3.8370e+000 -1.0715e-002 -7.5252e-001
166 +3.430875369e-002 +3.430875369e-002 -2.470756912e+002 -2.470756912e+002 -3.7459e+000 +1.0626e-001 -8.4004e-001
169 +1.041840033e-002 +1.041840033e-002 -2.470995816e+002 -2.470995816e+002 -3.7552e+000 +1.2646e-001 -6.3960e-001
173 +4.093173671e-003 +4.093173671e-003 -2.471059068e+002 -2.471059068e+002 -3.7615e+000 +1.9945e-001 -7.4334e-001
201 +1.400666566e-003 +1.400666566e-003 -2.471085993e+002 -2.471085993e+002 -3.7734e+000 +1.8995e-001 -6.6671e-001
215 +5.844917486e-004 +5.844917486e-004 -2.471094155e+002 -2.471094155e+002 -3.8176e+000 +2.1777e-001 -6.9291e-001
227 +2.047452947e-004 +2.047452947e-004 -2.471097953e+002 -2.471097953e+002 -3.7860e+000 +2.0952e-001 -6.9451e-001
252 +9.979189707e-005 +9.979189707e-005 -2.471099002e+002 -2.471099002e+002 -3.8012e+000 +2.0274e-001 -6.8163e-001
319 +5.527723235e-005 +5.527723235e-005 -2.471099447e+002 -2.471099447e+002 -3.8016e+000 +2.0059e-001 -6.8501e-001
333 +4.813052564e-005 +4.813052564e-005 -2.471099519e+002 -2.471099519e+002 -3.8034e+000 +1.9961e-001 -6.8803e-001
340 +1.117106703e-005 +1.117106703e-005 -2.471099888e+002 -2.471099888e+002 -3.7987e+000 +2.0409e-001 -6.9441e-001
370 +9.880723724e-006 +9.880723724e-006 -2.471099901e+002 -2.471099901e+002 -3.8007e+000 +2.0460e-001 -6.8962e-001
378 +2.309810782e-006 +2.309810782e-006 -2.471099977e+002 -2.471099977e+002 -3.7999e+000 +2.0333e-001 -6.9124e-001
422 +1.336897668e-006 +1.336897668e-006 -2.471099987e+002 -2.471099987e+002 -3.7977e+000 +2.0276e-001 -6.9204e-001
428 +4.435788128e-007 +4.435788128e-007 -2.471099996e+002 -2.471099996e+002 -3.7979e+000 +2.0362e-001 -6.9125e-001
444 +1.997109109e-007 +1.997109109e-007 -2.471099998e+002 -2.471099998e+002 -3.7980e+000 +2.0299e-001 -6.9137e-001
447 +1.497737685e-007 +1.497737685e-007 -2.471099999e+002 -2.471099999e+002 -3.7980e+000 +2.0328e-001 -6.9124e-001
452 +7.053205309e-008 +7.053205309e-008 -2.471099999e+002 -2.471099999e+002 -3.7982e+000 +2.0339e-001 -6.9121e-001
492 +2.272881261e-008 +2.272881261e-008 -2.471100000e+002 -2.471100000e+002 -3.7985e+000 +2.0323e-001 -6.9131e-001
516 +1.946614248e-008 +1.946614248e-008 -2.471100000e+002 -2.471100000e+002 -3.7984e+000 +2.0320e-001 -6.9133e-001
524 +1.042016606e-008 +1.042016606e-008 -2.471100000e+002 -2.471100000e+002 -3.7984e+000 +2.0315e-001 -6.9129e-001
548 +4.839478152e-009 +4.839478152e-009 -2.471100000e+002 -2.471100000e+002 -3.7984e+000 +2.0325e-001 -6.9123e-001
903 +0.000000000e+000 +0.000000000e+000 -2.471100000e+002 -2.471100000e+002 -3.7984e+000 +2.0320e-001 -6.9120e-001
% function evaluation | noise-free fitness - Fopt (-1.520400000000e+002) | best noise-free fitness - Fopt | measured fitness | best measured fitness | x1 | x2...
1 +1.258695936e+001 +1.258695936e+001 -1.394530406e+002 -1.394530406e+002 +1.1931e+000 -1.5503e+000 -2.6568e+000
2 +9.364129453e+000 +9.364129453e+000 -1.426758705e+002 -1.426758705e+002 +1.9485e+000 -3.8616e-001 -2.8394e+000
7 +8.817315490e+000 +8.817315490e+000 -1.432226845e+002 -1.432226845e+002 +1.1366e+000 -8.3356e-001 -2.6018e+000
8 +7.321359275e+000 +7.321359275e+000 -1.447186407e+002 -1.447186407e+002 -1.4730e+000 -9.1140e-001 -3.2819e+000
17 +6.673343580e+000 +6.673343580e+000 -1.453666564e+002 -1.453666564e+002 +8.3028e-001 -6.8829e-001 -2.9212e+000
19 +5.405473878e+000 +5.405473878e+000 -1.466345261e+002 -1.466345261e+002 -8.0869e-001 -6.7613e-001 -3.0871e+000
20 +2.611378207e+000 +2.611378207e+000 -1.494286218e+002 -1.494286218e+002 +4.4982e-002 +3.9048e-002 -3.1529e+000
26 +2.550250421e+000 +2.550250421e+000 -1.494897496e+002 -1.494897496e+002 +1.0169e+000 +8.9501e-001 -3.1364e+000
43 +1.208168801e+000 +1.208168801e+000 -1.508318312e+002 -1.508318312e+002 -2.9034e-001 +3.7005e-001 -3.6136e+000
47 +1.285393887e-001 +1.285393887e-001 -1.519114606e+002 -1.519114606e+002 -5.6593e-001 +1.4041e+000 -4.1220e+000
121 +3.813259879e-002 +3.813259879e-002 -1.520018674e+002 -1.520018674e+002 -2.4113e-001 +1.2514e+000 -3.8372e+000
137 +2.687697449e-002 +2.687697449e-002 -1.520131230e+002 -1.520131230e+002 -1.9779e-001 +1.3628e+000 -3.7895e+000
142 +1.412521204e-002 +1.412521204e-002 -1.520258748e+002 -1.520258748e+002 -3.4617e-001 +1.4788e+000 -3.8549e+000
151 +1.297413823e-002 +1.297413823e-002 -1.520270259e+002 -1.520270259e+002 -3.0168e-001 +1.3322e+000 -3.8668e+000
153 +1.070050755e-002 +1.070050755e-002 -1.520292995e+002 -1.520292995e+002 -2.5662e-001 +1.4512e+000 -3.8256e+000
154 +6.152647048e-003 +6.152647048e-003 -1.520338474e+002 -1.520338474e+002 -2.9727e-001 +1.3530e+000 -3.9104e+000
158 +4.910622707e-003 +4.910622707e-003 -1.520350894e+002 -1.520350894e+002 -2.7773e-001 +1.3802e+000 -3.8711e+000
162 +4.894161681e-003 +4.894161681e-003 -1.520351058e+002 -1.520351058e+002 -2.4216e-001 +1.3588e+000 -3.9213e+000
170 +2.091816017e-003 +2.091816017e-003 -1.520379082e+002 -1.520379082e+002 -3.0940e-001 +1.4401e+000 -3.9177e+000
178 +7.716137318e-005 +7.716137318e-005 -1.520399228e+002 -1.520399228e+002 -2.6478e-001 +1.4304e+000 -3.9193e+000
407 +5.262894794e-005 +5.262894794e-005 -1.520399474e+002 -1.520399474e+002 -2.7384e-001 +1.4254e+000 -3.9222e+000
426 +3.640390537e-005 +3.640390537e-005 -1.520399636e+002 -1.520399636e+002 -2.7128e-001 +1.4263e+000 -3.9210e+000
451 +2.627070586e-005 +2.627070586e-005 -1.520399737e+002 -1.520399737e+002 -2.7045e-001 +1.4276e+000 -3.9265e+000
456 +1.058090544e-005 +1.058090544e-005 -1.520399894e+002 -1.520399894e+002 -2.7001e-001 +1.4235e+000 -3.9264e+000
509 +1.023794638e-005 +1.023794638e-005 -1.520399898e+002 -1.520399898e+002 -2.7032e-001 +1.4247e+000 -3.9248e+000
527 +6.768409094e-006 +6.768409094e-006 -1.520399932e+002 -1.520399932e+002 -2.6948e-001 +1.4228e+000 -3.9245e+000
532 +5.818958670e-006 +5.818958670e-006 -1.520399942e+002 -1.520399942e+002 -2.6936e-001 +1.4230e+000 -3.9253e+000
535 +3.510794812e-006 +3.510794812e-006 -1.520399965e+002 -1.520399965e+002 -2.6776e-001 +1.4223e+000 -3.9244e+000
547 +2.795368118e-006 +2.795368118e-006 -1.520399972e+002 -1.520399972e+002 -2.6783e-001 +1.4225e+000 -3.9252e+000
555 +1.396444844e-006 +1.396444844e-006 -1.520399986e+002 -1.520399986e+002 -2.6793e-001 +1.4231e+000 -3.9248e+000
560 +1.137212934e-006 +1.137212934e-006 -1.520399989e+002 -1.520399989e+002 -2.6622e-001 +1.4239e+000 -3.9252e+000
564 +1.052504189e-006 +1.052504189e-006 -1.520399989e+002 -1.520399989e+002 -2.6803e-001 +1.4242e+000 -3.9242e+000
566 +8.179093527e-007 +8.179093527e-007 -1.520399992e+002 -1.520399992e+002 -2.6810e-001 +1.4241e+000 -3.9248e+000
571 +7.379606473e-007 +7.379606473e-007 -1.520399993e+002 -1.520399993e+002 -2.6773e-001 +1.4234e+000 -3.9245e+000
572 +1.952998900e-007 +1.952998900e-007 -1.520399998e+002 -1.520399998e+002 -2.6751e-001 +1.4242e+000 -3.9246e+000
602 +1.477446574e-007 +1.477446574e-007 -1.520399999e+002 -1.520399999e+002 -2.6747e-001 +1.4238e+000 -3.9247e+000
604 +7.797476087e-008 +7.797476087e-008 -1.520399999e+002 -1.520399999e+002 -2.6733e-001 +1.4240e+000 -3.9246e+000
619 +5.993487662e-008 +5.993487662e-008 -1.520399999e+002 -1.520399999e+002 -2.6724e-001 +1.4239e+000 -3.9246e+000
632 +5.435683192e-008 +5.435683192e-008 -1.520399999e+002 -1.520399999e+002 -2.6727e-001 +1.4239e+000 -3.9246e+000
643 +5.176369200e-008 +5.176369200e-008 -1.520399999e+002 -1.520399999e+002 -2.6733e-001 +1.4239e+000 -3.9246e+000
647 +4.000648346e-008 +4.000648346e-008 -1.520400000e+002 -1.520400000e+002 -2.6735e-001 +1.4239e+000 -3.9247e+000
649 +3.855703312e-008 +3.855703312e-008 -1.520400000e+002 -1.520400000e+002 -2.6714e-001 +1.4239e+000 -3.9246e+000
651 +3.266688964e-008 +3.266688964e-008 -1.520400000e+002 -1.520400000e+002 -2.6718e-001 +1.4240e+000 -3.9246e+000
661 +2.366775220e-008 +2.366775220e-008 -1.520400000e+002 -1.520400000e+002 -2.6721e-001 +1.4239e+000 -3.9247e+000
667 +1.794015247e-008 +1.794015247e-008 -1.520400000e+002 -1.520400000e+002 -2.6715e-001 +1.4239e+000 -3.9247e+000
677 +1.642516168e-008 +1.642516168e-008 -1.520400000e+002 -1.520400000e+002 -2.6725e-001 +1.4240e+000 -3.9247e+000
678 +1.320057663e-008 +1.320057663e-008 -1.520400000e+002 -1.520400000e+002 -2.6720e-001 +1.4240e+000 -3.9247e+000
687 +1.008493200e-008 +1.008493200e-008 -1.520400000e+002 -1.520400000e+002 -2.6718e-001 +1.4240e+000 -3.9247e+000
727 +9.928015743e-009 +9.928015743e-009 -1.520400000e+002 -1.520400000e+002 -2.6722e-001 +1.4240e+000 -3.9247e+000
1179 +0.000000000e+000 +0.000000000e+000 -1.520400000e+002 -1.520400000e+002 -2.6720e-001 +1.4240e+000 -3.9248e+000
% function evaluation | noise-free fitness - Fopt (-2.525000000000e+001) | best noise-free fitness - Fopt | measured fitness | best measured fitness | x1 | x2...
1 +2.560324293e+001 +2.560324293e+001 +3.532429338e-001 +3.532429338e-001 +1.1898e+000 +3.7468e+000 +1.7474e+000
7 +2.297734672e+001 +2.297734672e+001 -2.272653276e+000 -2.272653276e+000 +9.6793e-001 -6.7248e-001 +2.3551e+000
18 +1.603500095e+001 +1.603500095e+001 -9.214999055e+000 -9.214999055e+000 +1.3505e+000 +2.4192e+000 +1.3581e+000
21 +1.166321303e+001 +1.166321303e+001 -1.358678697e+001 -1.358678697e+001 +5.2019e-001 +1.9951e+000 -9.3188e-001
32 +1.144050547e+001 +1.144050547e+001 -1.380949453e+001 -1.380949453e+001 +2.3014e+000 +2.0873e+000 +1.3366e+000
34 +9.363790257e+000 +9.363790257e+000 -1.588620974e+001 -1.588620974e+001 +1.5641e+000 +6.1120e-001 +8.4987e-001
39 +3.551029532e+000 +3.551029532e+000 -2.169897047e+001 -2.169897047e+001 +2.1257e+000 +1.7826e+000 -1.5573e+000
61 +1.090122812e+000 +1.090122812e+000 -2.415987719e+001 -2.415987719e+001 +3.6777e+000 +1.4106e+000 -7.2532e-001
82 +4.248581749e-001 +4.248581749e-001 -2.482514183e+001 -2.482514183e+001 +3.8905e+000 +4.4851e-002 -1.4103e+000
84 +2.474295816e-001 +2.474295816e-001 -2.500257042e+001 -2.500257042e+001 +3.8173e+000 +7.2657e-001 -9.7672e-001
106 +1.711078474e-001 +1.711078474e-001 -2.507889215e+001 -2.507889215e+001 +3.9908e+000 +7.8388e-001 -1.3361e+000
124 +7.248197555e-002 +7.248197555e-002 -2.517751802e+001 -2.517751802e+001 +3.5003e+000 +5.4148e-001 -1.1965e+000
144 +4.741168302e-002 +4.741168302e-002 -2.520258832e+001 -2.520258832e+001 +3.6038e+000 +5.3494e-001 -1.2286e+000
159 +1.466897954e-002 +1.466897954e-002 -2.523533102e+001 -2.523533102e+001 +3.5188e+000 +5.8723e-001 -1.4784e+000
169 +1.212528383e-002 +1.212528383e-002 -2.523787472e+001 -2.523787472e+001 +3.5333e+000 +5.9798e-001 -1.4862e+000
179 +5.334520969e-003 +5.334520969e-003 -2.524466548e+001 -2.524466548e+001 +3.5614e+000 +6.8173e-001 -1.4025e+000
186 +4.143166032e-003 +4.143166032e-003 -2.524585683e+001 -2.524585683e+001 +3.6016e+000 +6.1868e-001 -1.3607e+000
203 +3.075191190e-003 +3.075191190e-003 -2.524692481e+001 -2.524692481e+001 +3.5979e+000 +6.8779e-001 -1.4155e+000
213 +7.661964360e-004 +7.661964360e-004 -2.524923380e+001 -2.524923380e+001 +3.5868e+000 +6.3448e-001 -1.4193e+000
257 +6.957397040e-004 +6.957397040e-004 -2.524930426e+001 -2.524930426e+001 +3.6371e+000 +6.4743e-001 -1.4272e+000
259 +6.390008561e-004 +6.390008561e-004 -2.524936100e+001 -2.524936100e+001 +3.5977e+000 +6.5239e-001 -1.4296e+000
262 +9.028413195e-005 +9.028413195e-005 -2.524990972e+001 -2.524990972e+001 +3.6102e+000 +6.2691e-001 -1.4235e+000
294 +6.178680560e-005 +6.178680560e-005 -2.524993821e+001 -2.524993821e+001 +3.6123e+000 +6.2811e-001 -1.4243e+000
299 +4.177497499e-005 +4.177497499e-005 -2.524995823e+001 -2.524995823e+001 +3.6098e+000 +6.3164e-001 -1.4188e+000
318 +8.041214461e-006 +8.041214461e-006 -2.524999196e+001 -2.524999196e+001 +3.6129e+000 +6.3501e-001 -1.4240e+000
338 +6.242748160e-006 +6.242748160e-006 -2.524999376e+001 -2.524999376e+001 +3.6130e+000 +6.3641e-001 -1.4232e+000
367 +3.619274043e-006 +3.619274043e-006 -2.524999638e+001 -2.524999638e+001 +3.6146e+000 +6.3557e-001 -1.4197e+000
371 +1.825875412e-006 +1.825875412e-006 -2.524999817e+001 -2.524999817e+001 +3.6143e+000 +6.3411e-001 -1.4208e+000
379 +5.069823672e-008 +5.069823672e-008 -2.524999995e+001 -2.524999995e+001 +3.6143e+000 +6.3537e-001 -1.4216e+000
465 +3.284731775e-008 +3.284731775e-008 -2.524999997e+001 -2.524999997e+001 +3.6145e+000 +6.3527e-001 -1.4215e+000
533 +2.752096862e-008 +2.752096862e-008 -2.524999997e+001 -2.524999997e+001 +3.6145e+000 +6.3513e-001 -1.4215e+000
541 +2.277488420e-008 +2.277488420e-008 -2.524999998e+001 -2.524999998e+001 +3.6145e+000 +6.3521e-001 -1.4215e+000
544 +2.053693038e-008 +2.053693038e-008 -2.524999998e+001 -2.524999998e+001 +3.6145e+000 +6.3518e-001 -1.4215e+000
546 +9.903441622e-009 +9.903441622e-009 -2.524999999e+001 -2.524999999e+001 +3.6145e+000 +6.3518e-001 -1.4216e+000
864 +0.000000000e+000 +0.000000000e+000 -2.525000000e+001 -2.525000000e+001 +3.6144e+000 +6.3520e-001 -1.4216e+000
% function evaluation | noise-free fitness - Fopt (8.790000000000e+001) | best noise-free fitness - Fopt | measured fitness | best measured fitness | x1 | x2...
1 +8.330306435e+001 +8.330306435e+001 +1.712030644e+002 +1.712030644e+002 +3.6323e+000 +3.0240e+000 +4.2532e+000
3 +7.283964139e+001 +7.283964139e+001 +1.607396414e+002 +1.607396414e+002 +3.0282e+000 +2.8699e+000 +4.0970e+000
4 +6.013562367e+001 +6.013562367e+001 +1.480356237e+002 +1.480356237e+002 +2.1997e+000 +2.2676e+000 +4.3347e+000
6 +5.302276292e+001 +5.302276292e+001 +1.409227629e+002 +1.409227629e+002 +2.2476e+000 +1.8028e+000 +3.7707e+000
9 +2.662137529e+001 +2.662137529e+001 +1.145213753e+002 +1.145213753e+002 +1.5901e+000 -1.5341e+000 +2.2690e+000
33 +2.601152925e+001 +2.601152925e+001 +1.139115293e+002 +1.139115293e+002 +5.8024e-001 -1.2230e+000 +3.7121e+000
49 +2.376050946e+001 +2.376050946e+001 +1.116605095e+002 +1.116605095e+002 +1.6114e+000 -2.3961e+000 +7.9084e-001
53 +2.265854449e+001 +2.265854449e+001 +1.105585445e+002 +1.105585445e+002 +1.4872e+000 -7.8224e-001 +8.7236e-001
54 +2.076341266e+001 +2.076341266e+001 +1.086634127e+002 +1.086634127e+002 +1.3609e+000 -1.1248e+000 +3.0288e-002
57 +1.672361183e+001 +1.672361183e+001 +1.046236118e+002 +1.046236118e+002 +7.3302e-001 -2.6714e+000 -3.0601e-001
61 +1.374351829e+001 +1.374351829e+001 +1.016435183e+002 +1.016435183e+002 +4.7366e-001 -1.1121e+000 -2.5141e-001
68 +1.199638646e+001 +1.199638646e+001 +9.989638646e+001 +9.989638646e+001 -6.2675e+000 -8.7241e-001 +1.6399e+000
73 +8.533571606e+000 +8.533571606e+000 +9.643357161e+001 +9.643357161e+001 -2.2135e+000 +7.3680e-001 -1.2285e+000
74 +3.403602057e+000 +3.403602057e+000 +9.130360206e+001 +9.130360206e+001 -1.3865e+000 -1.8436e+000 +6.7954e-001
77 +9.433213499e-001 +9.433213499e-001 +8.884332135e+001 +8.884332135e+001 -2.7869e+000 -6.8963e-001 +2.2249e-001
93 +6.494724843e-002 +6.494724843e-002 +8.796494725e+001 +8.796494725e+001 -3.0442e+000 -1.3941e+000 +1.4970e-001
111 +9.519034898e-003 +9.519034898e-003 +8.790951903e+001 +8.790951903e+001 -3.2328e+000 -1.6473e+000 +2.4046e-001
158 +5.961263053e-003 +5.961263053e-003 +8.790596126e+001 +8.790596126e+001 -3.2360e+000 -1.5863e+000 +2.3717e-001
204 +5.003989630e-003 +5.003989630e-003 +8.790500399e+001 +8.790500399e+001 -3.1607e+000 -1.5304e+000 +3.1797e-001
212 +2.873169095e-003 +2.873169095e-003 +8.790287317e+001 +8.790287317e+001 -3.1377e+000 -1.5866e+000 +3.1544e-001
222 +2.416653074e-003 +2.416653074e-003 +8.790241665e+001 +8.790241665e+001 -3.1621e+000 -1.6298e+000 +2.8260e-001
230 +1.996281611e-003 +1.996281611e-003 +8.790199628e+001 +8.790199628e+001 -3.1493e+000 -1.5518e+000 +2.9807e-001
236 +1.126900653e-003 +1.126900653e-003 +8.790112690e+001 +8.790112690e+001 -3.1508e+000 -1.6049e+000 +2.8978e-001
241 +7.843688032e-004 +7.843688032e-004 +8.790078437e+001 +8.790078437e+001 -3.1680e+000 -1.5656e+000 +2.9275e-001
269 +7.218489239e-004 +7.218489239e-004 +8.790072185e+001 +8.790072185e+001 -3.1649e+000 -1.5737e+000 +2.9578e-001
273 +5.992756750e-004 +5.992756750e-004 +8.790059928e+001 +8.790059928e+001 -3.1674e+000 -1.5883e+000 +2.9415e-001
294 +5.652788374e-004 +5.652788374e-004 +8.790056528e+001 +8.790056528e+001 -3.1708e+000 -1.5825e+000 +2.9377e-001
306 +5.590912153e-004 +5.590912153e-004 +8.790055909e+001 +8.790055909e+001 -3.1660e+000 -1.5807e+000 +2.9398e-001
310 +5.408138209e-004 +5.408138209e-004 +8.790054081e+001 +8.790054081e+001 -3.1706e+000 -1.5851e+000 +2.9311e-001
329 +5.258173493e-004 +5.258173493e-004 +8.790052582e+001 +8.790052582e+001 -3.1647e+000 -1.5836e+000 +2.9323e-001
339 +5.032298456e-004 +5.032298456e-004 +8.790050323e+001 +8.790050323e+001 -3.1615e+000 -1.5828e+000 +2.9228e-001
343 +4.955942199e-004 +4.955942199e-004 +8.790049559e+001 +8.790049559e+001 -3.1661e+000 -1.5832e+000 +2.9264e-001
346 +4.607985714e-004 +4.607985714e-004 +8.790046080e+001 +8.790046080e+001 -3.1645e+000 -1.5829e+000 +2.9178e-001
359 +3.205948473e-004 +3.205948473e-004 +8.790032059e+001 +8.790032059e+001 -3.1644e+000 -1.5823e+000 +2.8819e-001
379 +2.880357891e-004 +2.880357891e-004 +8.790028804e+001 +8.790028804e+001 -3.1676e+000 -1.5830e+000 +2.8732e-001
381 +2.645081350e-004 +2.645081350e-004 +8.790026451e+001 +8.790026451e+001 -3.1660e+000 -1.5857e+000 +2.8632e-001
393 +1.491896989e-004 +1.491896989e-004 +8.790014919e+001 +8.790014919e+001 -3.1688e+000 -1.5832e+000 +2.8234e-001
401 +1.292997459e-004 +1.292997459e-004 +8.790012930e+001 +8.790012930e+001 -3.1659e+000 -1.5836e+000 +2.8169e-001
411 +5.727155715e-005 +5.727155715e-005 +8.790005727e+001 +8.790005727e+001 -3.1696e+000 -1.5842e+000 +2.7704e-001
422 +2.310672997e-005 +2.310672997e-005 +8.790002311e+001 +8.790002311e+001 -3.1675e+000 -1.5840e+000 +2.7482e-001
442 +1.522704105e-005 +1.522704105e-005 +8.790001523e+001 +8.790001523e+001 -3.1656e+000 -1.5831e+000 +2.7415e-001
445 +2.759133608e-006 +2.759133608e-006 +8.790000276e+001 +8.790000276e+001 -3.1656e+000 -1.5837e+000 +2.7099e-001
458 +1.358414337e-006 +1.358414337e-006 +8.790000136e+001 +8.790000136e+001 -3.1661e+000 -1.5835e+000 +2.7037e-001
502 +7.532298127e-007 +7.532298127e-007 +8.790000075e+001 +8.790000075e+001 -3.1658e+000 -1.5828e+000 +2.6989e-001
529 +1.592876799e-007 +1.592876799e-007 +8.790000016e+001 +8.790000016e+001 -3.1662e+000 -1.5827e+000 +2.7026e-001
543 +1.543777159e-007 +1.543777159e-007 +8.790000015e+001 +8.790000015e+001 -3.1662e+000 -1.5821e+000 +2.7023e-001
565 +7.714932337e-008 +7.714932337e-008 +8.790000008e+001 +8.790000008e+001 -3.1662e+000 -1.5825e+000 +2.7025e-001
572 +5.671437009e-008 +5.671437009e-008 +8.790000006e+001 +8.790000006e+001 -3.1662e+000 -1.5825e+000 +2.7038e-001
587 +4.075475601e-008 +4.075475601e-008 +8.790000004e+001 +8.790000004e+001 -3.1662e+000 -1.5824e+000 +2.7034e-001
590 +3.247905056e-008 +3.247905056e-008 +8.790000003e+001 +8.790000003e+001 -3.1664e+000 -1.5823e+000 +2.7026e-001
601 +1.662064619e-008 +1.662064619e-008 +8.790000002e+001 +8.790000002e+001 -3.1663e+000 -1.5823e+000 +2.7034e-001
615 +1.442052167e-008 +1.442052167e-008 +8.790000001e+001 +8.790000001e+001 -3.1663e+000 -1.5824e+000 +2.7031e-001
618 +8.840558507e-009 +8.840558507e-009 +8.790000001e+001 +8.790000001e+001 -3.1663e+000 -1.5824e+000 +2.7033e-001
1037 +0.000000000e+000 +0.000000000e+000 +8.790000000e+001 +8.790000000e+001 -3.1664e+000 -1.5824e+000 +2.7040e-001
% function evaluation | noise-free fitness - Fopt (2.199800000000e+002) | best noise-free fitness - Fopt | measured fitness | best measured fitness | x1 | x2...
1 +9.979692832e+000 +9.979692832e+000 +2.299596928e+002 +2.299596928e+002 -5.2667e-001 -1.0544e+000 +2.8078e-001
29 +6.783995361e+000 +6.783995361e+000 +2.267639954e+002 +2.267639954e+002 +1.6581e+000 -1.2376e+000 +2.0806e-003
39 +6.056861276e+000 +6.056861276e+000 +2.260368613e+002 +2.260368613e+002 +9.3279e-001 -1.3003e+000 -1.1449e-001
43 +5.495196900e+000 +5.495196900e+000 +2.254751969e+002 +2.254751969e+002 -8.2555e-002 -1.7264e+000 +1.4443e-001
47 +4.214142828e+000 +4.214142828e+000 +2.241941428e+002 +2.241941428e+002 +2.2387e+000 -2.0966e+000 -1.5082e-001
59 +3.928802576e+000 +3.928802576e+000 +2.239088026e+002 +2.239088026e+002 +1.5857e+000 -1.8635e+000 -1.6152e-002
66 +1.185759152e+000 +1.185759152e+000 +2.211657592e+002 +2.211657592e+002 +5.5488e-001 -2.8066e+000 -4.3582e-001
79 +1.173297218e+000 +1.173297218e+000 +2.211532972e+002 +2.211532972e+002 +1.6713e+000 -2.8848e+000 -1.3727e-001
97 +4.639531053e-001 +4.639531053e-001 +2.204439531e+002 +2.204439531e+002 +3.8673e-001 -3.6472e+000 -2.4648e-002
105 +1.725231315e-001 +1.725231315e-001 +2.201525231e+002 +2.201525231e+002 +7.6772e-001 -3.4385e+000 -2.1005e-001
107 +4.036520213e-002 +4.036520213e-002 +2.200203652e+002 +2.200203652e+002 +1.1338e+000 -3.8694e+000 -3.4068e-001
133 +3.780768408e-002 +3.780768408e-002 +2.200178077e+002 +2.200178077e+002 +1.2264e+000 -3.7618e+000 -2.3185e-001
135 +2.116171690e-002 +2.116171690e-002 +2.200011617e+002 +2.200011617e+002 +9.0873e-001 -3.8316e+000 -2.1664e-001
138 +1.055233789e-002 +1.055233789e-002 +2.199905523e+002 +2.199905523e+002 +9.5676e-001 -3.6955e+000 -2.3542e-001
151 +1.024898121e-002 +1.024898121e-002 +2.199902490e+002 +2.199902490e+002 +9.5456e-001 -3.8111e+000 -2.4095e-001
152 +7.382429627e-003 +7.382429627e-003 +2.199873824e+002 +2.199873824e+002 +1.0086e+000 -3.6805e+000 -2.3567e-001
159 +7.074700869e-003 +7.074700869e-003 +2.199870747e+002 +2.199870747e+002 +9.6093e-001 -3.7650e+000 -2.4891e-001
161 +2.948846627e-003 +2.948846627e-003 +2.199829488e+002 +2.199829488e+002 +1.0450e+000 -3.7195e+000 -2.4421e-001
186 +1.599416937e-003 +1.599416937e-003 +2.199815994e+002 +2.199815994e+002 +1.0464e+000 -3.7673e+000 -2.4382e-001
201 +5.639744519e-004 +5.639744519e-004 +2.199805640e+002 +2.199805640e+002 +1.0367e+000 -3.7344e+000 -2.0341e-001
231 +4.273210646e-004 +4.273210646e-004 +2.199804273e+002 +2.199804273e+002 +1.0531e+000 -3.7615e+000 -2.1301e-001
237 +4.021572034e-004 +4.021572034e-004 +2.199804022e+002 +2.199804022e+002 +1.0438e+000 -3.7427e+000 -2.1593e-001
241 +2.863947619e-004 +2.863947619e-004 +2.199802864e+002 +2.199802864e+002 +1.0402e+000 -3.7433e+000 -2.0107e-001
242 +2.028618832e-004 +2.028618832e-004 +2.199802029e+002 +2.199802029e+002 +1.0447e+000 -3.7488e+000 -2.0798e-001
251 +1.991244982e-004 +1.991244982e-004 +2.199801991e+002 +2.199801991e+002 +1.0414e+000 -3.7497e+000 -1.9847e-001
252 +6.031728827e-005 +6.031728827e-005 +2.199800603e+002 +2.199800603e+002 +1.0408e+000 -3.7548e+000 -2.0594e-001
273 +5.726355408e-005 +5.726355408e-005 +2.199800573e+002 +2.199800573e+002 +1.0386e+000 -3.7533e+000 -2.1091e-001
285 +1.777317235e-005 +1.777317235e-005 +2.199800178e+002 +2.199800178e+002 +1.0367e+000 -3.7550e+000 -2.0623e-001
294 +3.156749870e-006 +3.156749870e-006 +2.199800032e+002 +2.199800032e+002 +1.0328e+000 -3.7572e+000 -2.0875e-001
315 +9.935872640e-007 +9.935872640e-007 +2.199800010e+002 +2.199800010e+002 +1.0328e+000 -3.7579e+000 -2.0773e-001
317 +3.455341755e-007 +3.455341755e-007 +2.199800003e+002 +2.199800003e+002 +1.0336e+000 -3.7570e+000 -2.0726e-001
411 +3.074814003e-007 +3.074814003e-007 +2.199800003e+002 +2.199800003e+002 +1.0336e+000 -3.7571e+000 -2.0734e-001
441 +1.508915375e-007 +1.508915375e-007 +2.199800002e+002 +2.199800002e+002 +1.0335e+000 -3.7573e+000 -2.0711e-001
452 +5.240173095e-008 +5.240173095e-008 +2.199800001e+002 +2.199800001e+002 +1.0334e+000 -3.7575e+000 -2.0710e-001
453 +5.053078667e-008 +5.053078667e-008 +2.199800001e+002 +2.199800001e+002 +1.0335e+000 -3.7575e+000 -2.0710e-001
454 +3.949395477e-008 +3.949395477e-008 +2.199800000e+002 +2.199800000e+002 +1.0335e+000 -3.7575e+000 -2.0733e-001
468 +1.982442654e-008 +1.982442654e-008 +2.199800000e+002 +2.199800000e+002 +1.0335e+000 -3.7575e+000 -2.0712e-001
472 +6.211934078e-009 +6.211934078e-009 +2.199800000e+002 +2.199800000e+002 +1.0336e+000 -3.7575e+000 -2.0718e-001
769 +0.000000000e+000 +0.000000000e+000 +2.199800000e+002 +2.199800000e+002 +1.0336e+000 -3.7576e+000 -2.0720e-001
% function evaluation | noise-free fitness - Fopt (-2.784000000000e+001) | best noise-free fitness - Fopt | measured fitness | best measured fitness | x1 | x2...
1 +1.413850537e+001 +1.413850537e+001 -1.370149463e+001 -1.370149463e+001 -3.9124e+000 +1.9237e+000 +1.9968e+000
2 +1.339964465e+001 +1.339964465e+001 -1.444035535e+001 -1.444035535e+001 -3.8512e+000 +1.8450e+000 +1.7854e+000
3 +1.230704714e+001 +1.230704714e+001 -1.553295286e+001 -1.553295286e+001 -3.4728e+000 +9.5552e-001 +1.7740e+000
6 +1.132842463e+001 +1.132842463e+001 -1.651157537e+001 -1.651157537e+001 -3.4189e+000 +1.0263e+000 +1.2857e+000
7 +3.006050578e+000 +3.006050578e+000 -2.483394942e+001 -2.483394942e+001 -1.6727e+000 +1.6051e+000 +1.8855e+000
16 +2.140682326e+000 +2.140682326e+000 -2.569931767e+001 -2.569931767e+001 -1.0448e+000 +9.8287e-001 +1.0038e+000
48 +1.694162567e+000 +1.694162567e+000 -2.614583743e+001 -2.614583743e+001 -6.2371e-001 +1.0479e+000 +6.3583e-001
50 +5.081460485e-001 +5.081460485e-001 -2.733185395e+001 -2.733185395e+001 +3.7809e-001 +1.9940e+000 +9.4697e-001
141 +9.011667048e-002 +9.011667048e-002 -2.774988333e+001 -2.774988333e+001 -8.9428e-002 +2.0076e+000 +1.0166e+000
167 +2.601305001e-002 +2.601305001e-002 -2.781398695e+001 -2.781398695e+001 -4.4267e-001 +2.2005e+000 +1.0666e+000
196 +2.514068178e-002 +2.514068178e-002 -2.781485932e+001 -2.781485932e+001 -4.3467e-001 +2.1820e+000 +1.0701e+000
203 +1.720873729e-002 +1.720873729e-002 -2.782279126e+001 -2.782279126e+001 -4.1115e-001 +2.2039e+000 +1.0354e+000
212 +7.651477226e-003 +7.651477226e-003 -2.783234852e+001 -2.783234852e+001 -3.6867e-001 +2.2299e+000 +1.0816e+000
249 +6.803538416e-003 +6.803538416e-003 -2.783319646e+001 -2.783319646e+001 -3.6714e-001 +2.2324e+000 +1.0617e+000
250 +6.647240394e-003 +6.647240394e-003 -2.783335276e+001 -2.783335276e+001 -3.6279e-001 +2.2134e+000 +1.0421e+000
256 +6.544325821e-003 +6.544325821e-003 -2.783345567e+001 -2.783345567e+001 -3.6244e-001 +2.2095e+000 +1.0540e+000
258 +5.688424295e-003 +5.688424295e-003 -2.783431158e+001 -2.783431158e+001 -3.5867e-001 +2.2195e+000 +1.0481e+000
265 +1.981123847e-003 +1.981123847e-003 -2.783801888e+001 -2.783801888e+001 -3.2585e-001 +2.2441e+000 +1.0446e+000
317 +1.219728501e-003 +1.219728501e-003 -2.783878027e+001 -2.783878027e+001 -3.1939e-001 +2.2326e+000 +1.0616e+000
333 +2.960664384e-004 +2.960664384e-004 -2.783970393e+001 -2.783970393e+001 -2.7434e-001 +2.2440e+000 +1.0633e+000
335 +1.191700395e-004 +1.191700395e-004 -2.783988083e+001 -2.783988083e+001 -2.9153e-001 +2.2250e+000 +1.0519e+000
339 +1.157915159e-004 +1.157915159e-004 -2.783988421e+001 -2.783988421e+001 -2.8730e-001 +2.2217e+000 +1.0550e+000
342 +9.655482985e-005 +9.655482985e-005 -2.783990345e+001 -2.783990345e+001 -2.8595e-001 +2.2303e+000 +1.0664e+000
529 +4.193142163e-005 +4.193142163e-005 -2.783995807e+001 -2.783995807e+001 -2.8342e-001 +2.2379e+000 +1.0590e+000
547 +2.640726975e-005 +2.640726975e-005 -2.783997359e+001 -2.783997359e+001 -2.8797e-001 +2.2319e+000 +1.0608e+000
552 +2.167131548e-006 +2.167131548e-006 -2.783999783e+001 -2.783999783e+001 -2.8579e-001 +2.2309e+000 +1.0570e+000
663 +1.237505391e-006 +1.237505391e-006 -2.783999876e+001 -2.783999876e+001 -2.8548e-001 +2.2327e+000 +1.0574e+000
667 +1.015851410e-006 +1.015851410e-006 -2.783999898e+001 -2.783999898e+001 -2.8559e-001 +2.2317e+000 +1.0574e+000
678 +6.563898651e-007 +6.563898651e-007 -2.783999934e+001 -2.783999934e+001 -2.8517e-001 +2.2322e+000 +1.0575e+000
692 +3.746325561e-008 +3.746325561e-008 -2.783999996e+001 -2.783999996e+001 -2.8478e-001 +2.2320e+000 +1.0566e+000
724 +5.244991996e-009 +5.244991996e-009 -2.783999999e+001 -2.783999999e+001 -2.8476e-001 +2.2320e+000 +1.0567e+000
1157 +0.000000000e+000 +0.000000000e+000 -2.784000000e+001 -2.784000000e+001 -2.8480e-001 +2.2320e+000 +1.0568e+000
% function evaluation | noise-free fitness - Fopt (2.027000000000e+001) | best noise-free fitness - Fopt | measured fitness | best measured fitness | x1 | x2...
1 +5.221688978e-001 +5.221688978e-001 +2.079216890e+001 +2.079216890e+001 +3.2032e+000 -1.7005e+000 -3.0599e+000
2 +4.973049999e-001 +4.973049999e-001 +2.076730500e+001 +2.076730500e+001 +3.6968e+000 -1.2860e+000 -3.2869e+000
4 +1.256972643e-001 +1.256972643e-001 +2.039569726e+001 +2.039569726e+001 +2.8830e+000 -1.2071e+000 -3.1422e+000
23 +1.107223130e-002 +1.107223130e-002 +2.028107223e+001 +2.028107223e+001 +3.0752e+000 -1.2121e+000 -3.4347e+000
55 +8.180088532e-003 +8.180088532e-003 +2.027818009e+001 +2.027818009e+001 +3.0269e+000 -1.1298e+000 -3.3617e+000
89 +5.243154419e-003 +5.243154419e-003 +2.027524315e+001 +2.027524315e+001 +3.0394e+000 -1.0922e+000 -3.3838e+000
120 +9.584064169e-004 +9.584064169e-004 +2.027095841e+001 +2.027095841e+001 +3.0400e+000 -1.0879e+000 -3.4479e+000
152 +6.530241392e-004 +6.530241392e-004 +2.027065302e+001 +2.027065302e+001 +3.0386e+000 -1.0962e+000 -3.4635e+000
155 +1.286325912e-004 +1.286325912e-004 +2.027012863e+001 +2.027012863e+001 +3.0295e+000 -1.1096e+000 -3.4435e+000
201 +6.350517848e-005 +6.350517848e-005 +2.027006351e+001 +2.027006351e+001 +3.0282e+000 -1.1201e+000 -3.4577e+000
225 +2.257926712e-005 +2.257926712e-005 +2.027002258e+001 +2.027002258e+001 +3.0282e+000 -1.1159e+000 -3.4536e+000
247 +1.761129688e-005 +1.761129688e-005 +2.027001761e+001 +2.027001761e+001 +3.0337e+000 -1.1184e+000 -3.4549e+000
263 +7.110782860e-007 +7.110782860e-007 +2.027000071e+001 +2.027000071e+001 +3.0327e+000 -1.1174e+000 -3.4508e+000
288 +4.998070970e-007 +4.998070970e-007 +2.027000050e+001 +2.027000050e+001 +3.0317e+000 -1.1180e+000 -3.4517e+000
301 +2.687408482e-007 +2.687408482e-007 +2.027000027e+001 +2.027000027e+001 +3.0315e+000 -1.1177e+000 -3.4510e+000
339 +2.434907387e-007 +2.434907387e-007 +2.027000024e+001 +2.027000024e+001 +3.0317e+000 -1.1179e+000 -3.4511e+000
346 +1.372819582e-007 +1.372819582e-007 +2.027000014e+001 +2.027000014e+001 +3.0318e+000 -1.1179e+000 -3.4511e+000
364 +8.818102870e-008 +8.818102870e-008 +2.027000009e+001 +2.027000009e+001 +3.0320e+000 -1.1174e+000 -3.4510e+000
368 +4.109042351e-008 +4.109042351e-008 +2.027000004e+001 +2.027000004e+001 +3.0318e+000 -1.1175e+000 -3.4511e+000
392 +2.953093059e-008 +2.953093059e-008 +2.027000003e+001 +2.027000003e+001 +3.0320e+000 -1.1176e+000 -3.4510e+000
397 +2.362518714e-008 +2.362518714e-008 +2.027000002e+001 +2.027000002e+001 +3.0319e+000 -1.1176e+000 -3.4511e+000
402 +1.019724039e-008 +1.019724039e-008 +2.027000001e+001 +2.027000001e+001 +3.0320e+000 -1.1177e+000 -3.4511e+000
421 +7.664233692e-009 +7.664233692e-009 +2.027000001e+001 +2.027000001e+001 +3.0320e+000 -1.1176e+000 -3.4511e+000
705 +0.000000000e+000 +0.000000000e+000 +2.027000000e+001 +2.027000000e+001 +3.0320e+000 -1.1176e+000 -3.4512e+000
% function evaluation | noise-free fitness - Fopt (9.302900000000e+002) | best noise-free fitness - Fopt | measured fitness | best measured fitness | x1 | x2...
1 +3.025410747e+001 +3.025410747e+001 +9.605441075e+002 +9.605441075e+002 +3.6633e-001 -8.6536e-001 +1.6226e+000
8 +2.894810850e+001 +2.894810850e+001 +9.592381085e+002 +9.592381085e+002 +1.3211e+000 +1.0843e-001 +8.4714e-001
12 +1.554582592e+001 +1.554582592e+001 +9.458358259e+002 +9.458358259e+002 -5.8586e-001 -6.6524e-001 +2.8121e-001
20 +1.477909364e+001 +1.477909364e+001 +9.450690936e+002 +9.450690936e+002 +6.7586e-001 -1.1912e+000 -4.2209e-001
31 +1.046685784e+001 +1.046685784e+001 +9.407568578e+002 +9.407568578e+002 +5.5745e-001 -4.1041e-001 -1.2013e+000
50 +3.381305158e+000 +3.381305158e+000 +9.336713052e+002 +9.336713052e+002 -3.6120e-001 -1.3366e+000 -2.1908e+000
59 +3.077798187e+000 +3.077798187e+000 +9.333677982e+002 +9.333677982e+002 -8.9468e-001 -2.3814e+000 -2.5997e+000
61 +1.859498969e+000 +1.859498969e+000 +9.321494990e+002 +9.321494990e+002 -1.2761e+000 -8.2854e-001 -4.8006e+000
77 +1.761890770e+000 +1.761890770e+000 +9.320518908e+002 +9.320518908e+002 -9.8712e-001 -1.5330e+000 -4.5703e+000
85 +1.415905718e+000 +1.415905718e+000 +9.317059057e+002 +9.317059057e+002 -1.2374e+000 -1.9387e+000 -4.2122e+000
110 +1.079100408e-001 +1.079100408e-001 +9.303979100e+002 +9.303979100e+002 -1.4709e+000 -1.2854e+000 -3.6932e+000
136 +8.305953386e-002 +8.305953386e-002 +9.303730595e+002 +9.303730595e+002 -1.5249e+000 -1.3253e+000 -3.4276e+000
281 +5.588480836e-002 +5.588480836e-002 +9.303458848e+002 +9.303458848e+002 -1.5067e+000 -1.2195e+000 -3.3657e+000
289 +5.228268708e-002 +5.228268708e-002 +9.303422827e+002 +9.303422827e+002 -1.8031e+000 -9.5581e-001 -3.4167e+000
307 +2.233886516e-002 +2.233886516e-002 +9.303123389e+002 +9.303123389e+002 -1.6899e+000 -1.1362e+000 -3.3913e+000
340 +1.515781728e-002 +1.515781728e-002 +9.303051578e+002 +9.303051578e+002 -1.6855e+000 -9.6877e-001 -3.4587e+000
346 +2.635182814e-003 +2.635182814e-003 +9.302926352e+002 +9.302926352e+002 -1.6246e+000 -1.0170e+000 -3.5226e+000
391 +2.633888278e-005 +2.633888278e-005 +9.302900263e+002 +9.302900263e+002 -1.6230e+000 -1.0602e+000 -3.5051e+000
472 +2.154761330e-005 +2.154761330e-005 +9.302900215e+002 +9.302900215e+002 -1.6253e+000 -1.0649e+000 -3.5030e+000
487 +1.919375950e-005 +1.919375950e-005 +9.302900192e+002 +9.302900192e+002 -1.6174e+000 -1.0656e+000 -3.5047e+000
496 +1.391282672e-005 +1.391282672e-005 +9.302900139e+002 +9.302900139e+002 -1.6190e+000 -1.0608e+000 -3.5030e+000
514 +1.201877933e-005 +1.201877933e-005 +9.302900120e+002 +9.302900120e+002 -1.6220e+000 -1.0632e+000 -3.5056e+000
518 +6.846667588e-006 +6.846667588e-006 +9.302900068e+002 +9.302900068e+002 -1.6231e+000 -1.0648e+000 -3.5016e+000
530 +6.558119821e-006 +6.558119821e-006 +9.302900066e+002 +9.302900066e+002 -1.6222e+000 -1.0655e+000 -3.5040e+000
531 +6.308086540e-006 +6.308086540e-006 +9.302900063e+002 +9.302900063e+002 -1.6187e+000 -1.0630e+000 -3.5035e+000
536 +2.347231884e-006 +2.347231884e-006 +9.302900023e+002 +9.302900023e+002 -1.6215e+000 -1.0636e+000 -3.5037e+000
538 +1.935389378e-006 +1.935389378e-006 +9.302900019e+002 +9.302900019e+002 -1.6197e+000 -1.0639e+000 -3.5032e+000
542 +1.614006010e-006 +1.614006010e-006 +9.302900016e+002 +9.302900016e+002 -1.6206e+000 -1.0642e+000 -3.5036e+000
544 +5.363538094e-007 +5.363538094e-007 +9.302900005e+002 +9.302900005e+002 -1.6203e+000 -1.0640e+000 -3.5019e+000
566 +2.379030093e-007 +2.379030093e-007 +9.302900002e+002 +9.302900002e+002 -1.6205e+000 -1.0641e+000 -3.5028e+000
573 +1.632162139e-007 +1.632162139e-007 +9.302900002e+002 +9.302900002e+002 -1.6205e+000 -1.0640e+000 -3.5022e+000
587 +1.371056442e-007 +1.371056442e-007 +9.302900001e+002 +9.302900001e+002 -1.6208e+000 -1.0639e+000 -3.5027e+000
588 +1.232931481e-007 +1.232931481e-007 +9.302900001e+002 +9.302900001e+002 -1.6207e+000 -1.0639e+000 -3.5027e+000
590 +1.049357934e-007 +1.049357934e-007 +9.302900001e+002 +9.302900001e+002 -1.6207e+000 -1.0642e+000 -3.5027e+000
604 +3.004618065e-008 +3.004618065e-008 +9.302900000e+002 +9.302900000e+002 -1.6208e+000 -1.0639e+000 -3.5025e+000
605 +8.492747838e-009 +8.492747838e-009 +9.302900000e+002 +9.302900000e+002 -1.6208e+000 -1.0640e+000 -3.5025e+000
1023 +0.000000000e+000 +0.000000000e+000 +9.302900000e+002 +9.302900000e+002 -1.6208e+000 -1.0640e+000 -3.5024e+000
% function evaluation | noise-free fitness - Fopt (7.786100000000e+002) | best noise-free fitness - Fopt | measured fitness | best measured fitness | x1 | x2...
1 +6.158294857e+001 +6.158294857e+001 +8.401929486e+002 +8.401929486e+002 +3.8983e+000 -2.4893e+000 -2.6323e+000
4 +4.701875395e+001 +4.701875395e+001 +8.256287540e+002 +8.256287540e+002 +2.6510e+000 -2.6994e+000 -4.7889e+000
19 +4.226691036e+001 +4.226691036e+001 +8.208769104e+002 +8.208769104e+002 +2.0297e+000 -2.2503e+000 -5.1907e+000
33 +4.151219197e+001 +4.151219197e+001 +8.201221920e+002 +8.201221920e+002 +6.3950e-001 -1.4664e+000 -6.8559e+000
34 +2.386675507e+001 +2.386675507e+001 +8.024767551e+002 +8.024767551e+002 +4.7931e-002 -1.9196e+000 -5.1395e+000
37 +2.137613067e+001 +2.137613067e+001 +7.999861307e+002 +7.999861307e+002 +1.4237e-001 -2.9306e+000 -5.0459e+000
48 +1.160344055e+001 +1.160344055e+001 +7.902134406e+002 +7.902134406e+002 -1.7727e+000 -3.4595e+000 -5.5468e+000
50 +1.034049246e+001 +1.034049246e+001 +7.889504925e+002 +7.889504925e+002 -2.0961e+000 -5.6073e+000 -4.8870e+000
61 +8.709843603e+000 +8.709843603e+000 +7.873198436e+002 +7.873198436e+002 -1.5406e+000 -4.7740e+000 -4.4511e+000
68 +7.304188050e+000 +7.304188050e+000 +7.859141881e+002 +7.859141881e+002 -2.5425e+000 -4.4174e+000 -5.1551e+000
70 +7.133043076e+000 +7.133043076e+000 +7.857430431e+002 +7.857430431e+002 -2.7583e+000 -4.5003e+000 -5.2052e+000
76 +2.646274291e+000 +2.646274291e+000 +7.812562743e+002 +7.812562743e+002 -2.5212e+000 -4.5630e+000 -3.4653e+000
96 +1.816240323e+000 +1.816240323e+000 +7.804262403e+002 +7.804262403e+002 -2.8879e+000 -3.9905e+000 -3.8027e+000
122 +1.548357318e+000 +1.548357318e+000 +7.801583573e+002 +7.801583573e+002 -3.6987e+000 -3.9395e+000 -4.0886e+000
137 +5.091291938e-001 +5.091291938e-001 +7.791191292e+002 +7.791191292e+002 -3.6054e+000 -4.1491e+000 -2.2685e+000
151 +1.187630470e-001 +1.187630470e-001 +7.787287630e+002 +7.787287630e+002 -3.8112e+000 -4.0845e+000 -3.0735e+000
198 +6.910390569e-002 +6.910390569e-002 +7.786791039e+002 +7.786791039e+002 -3.6400e+000 -3.6401e+000 -2.8841e+000
214 +5.659861182e-002 +5.659861182e-002 +7.786665986e+002 +7.786665986e+002 -3.6956e+000 -3.9643e+000 -2.7310e+000
220 +2.098093911e-002 +2.098093911e-002 +7.786309809e+002 +7.786309809e+002 -3.7081e+000 -3.7534e+000 -2.8952e+000
226 +1.848455857e-002 +1.848455857e-002 +7.786284846e+002 +7.786284846e+002 -3.7410e+000 -3.8155e+000 -2.7573e+000
228 +1.595144580e-002 +1.595144580e-002 +7.786259514e+002 +7.786259514e+002 -3.7835e+000 -3.8776e+000 -2.7585e+000
237 +1.367839475e-002 +1.367839475e-002 +7.786236784e+002 +7.786236784e+002 -3.7877e+000 -3.9224e+000 -2.8356e+000
244 +1.315459652e-002 +1.315459652e-002 +7.786231546e+002 +7.786231546e+002 -3.8124e+000 -3.8274e+000 -2.7452e+000
252 +2.779755133e-003 +2.779755133e-003 +7.786127798e+002 +7.786127798e+002 -3.8833e+000 -3.8303e+000 -2.8504e+000
261 +4.545776434e-004 +4.545776434e-004 +7.786104546e+002 +7.786104546e+002 -3.8456e+000 -3.8072e+000 -2.8435e+000
335 +2.999604453e-004 +2.999604453e-004 +7.786103000e+002 +7.786103000e+002 -3.8478e+000 -3.8246e+000 -2.8611e+000
352 +2.094789542e-004 +2.094789542e-004 +7.786102095e+002 +7.786102095e+002 -3.8422e+000 -3.8069e+000 -2.8623e+000
365 +1.248134328e-004 +1.248134328e-004 +7.786101248e+002 +7.786101248e+002 -3.8379e+000 -3.8081e+000 -2.8528e+000
373 +1.021204827e-004 +1.021204827e-004 +7.786101021e+002 +7.786101021e+002 -3.8346e+000 -3.8104e+000 -2.8500e+000
380 +7.482387252e-005 +7.482387252e-005 +7.786100748e+002 +7.786100748e+002 -3.8404e+000 -3.8143e+000 -2.8543e+000
382 +6.039403218e-005 +6.039403218e-005 +7.786100604e+002 +7.786100604e+002 -3.8364e+000 -3.8220e+000 -2.8621e+000
395 +2.326728202e-005 +2.326728202e-005 +7.786100233e+002 +7.786100233e+002 -3.8376e+000 -3.8165e+000 -2.8577e+000
408 +2.062224507e-005 +2.062224507e-005 +7.786100206e+002 +7.786100206e+002 -3.8373e+000 -3.8169e+000 -2.8572e+000
410 +1.930773476e-005 +1.930773476e-005 +7.786100193e+002 +7.786100193e+002 -3.8357e+000 -3.8196e+000 -2.8558e+000
430 +1.151546212e-005 +1.151546212e-005 +7.786100115e+002 +7.786100115e+002 -3.8361e+000 -3.8169e+000 -2.8569e+000
440 +5.637119557e-006 +5.637119557e-006 +7.786100056e+002 +7.786100056e+002 -3.8342e+000 -3.8186e+000 -2.8582e+000
454 +2.530795427e-006 +2.530795427e-006 +7.786100025e+002 +7.786100025e+002 -3.8342e+000 -3.8163e+000 -2.8582e+000
468 +2.463895498e-006 +2.463895498e-006 +7.786100025e+002 +7.786100025e+002 -3.8330e+000 -3.8159e+000 -2.8589e+000
472 +2.071123390e-006 +2.071123390e-006 +7.786100021e+002 +7.786100021e+002 -3.8340e+000 -3.8172e+000 -2.8569e+000
476 +9.944611747e-007 +9.944611747e-007 +7.786100010e+002 +7.786100010e+002 -3.8336e+000 -3.8168e+000 -2.8581e+000
481 +2.247231805e-007 +2.247231805e-007 +7.786100002e+002 +7.786100002e+002 -3.8330e+000 -3.8165e+000 -2.8579e+000
496 +1.759193538e-007 +1.759193538e-007 +7.786100002e+002 +7.786100002e+002 -3.8330e+000 -3.8166e+000 -2.8579e+000
498 +1.491082458e-008 +1.491082458e-008 +7.786100000e+002 +7.786100000e+002 -3.8329e+000 -3.8168e+000 -2.8576e+000
526 +1.009550488e-008 +1.009550488e-008 +7.786100000e+002 +7.786100000e+002 -3.8328e+000 -3.8168e+000 -2.8577e+000
531 +4.944467946e-009 +4.944467946e-009 +7.786100000e+002 +7.786100000e+002 -3.8329e+000 -3.8168e+000 -2.8576e+000
931 +0.000000000e+000 +0.000000000e+000 +7.786100000e+002 +7.786100000e+002 -3.8328e+000 -3.8168e+000 -2.8576e+000
% function evaluation | noise-free fitness - Fopt (-2.051000000000e+001) | best noise-free fitness - Fopt | measured fitness | best measured fitness | x1 | x2...
1 +2.879796437e+001 +2.879796437e+001 +8.287964365e+000 +8.287964365e+000 +4.2267e-001 +4.6641e+000 -1.7322e-002
2 +2.685064048e+001 +2.685064048e+001 +6.340640484e+000 +6.340640484e+000 +1.1451e+000 +4.1188e+000 +1.3534e+000
6 +2.456780483e+001 +2.456780483e+001 +4.057804826e+000 +4.057804826e+000 +9.8507e-001 +3.2895e+000 +6.5284e-001
8 +6.516036021e+000 +6.516036021e+000 -1.399396398e+001 -1.399396398e+001 -1.3055e+000 +2.2755e+000 +1.1056e+000
20 +5.937316236e+000 +5.937316236e+000 -1.457268376e+001 -1.457268376e+001 -2.0065e+000 +3.1551e+000 +9.9866e-001
37 +1.858912301e+000 +1.858912301e+000 -1.865108770e+001 -1.865108770e+001 -2.5121e+000 +2.9323e+000 +2.5515e+000
49 +3.665497027e-001 +3.665497027e-001 -2.014345030e+001 -2.014345030e+001 -3.6381e+000 +1.6780e+000 +3.0651e+000
72 +2.550016820e-001 +2.550016820e-001 -2.025499832e+001 -2.025499832e+001 -3.3352e+000 +1.8391e+000 +2.0566e+000
83 +2.616798387e-002 +2.616798387e-002 -2.048383202e+001 -2.048383202e+001 -3.3817e+000 +2.0279e+000 +2.5590e+000
101 +1.268787012e-002 +1.268787012e-002 -2.049731213e+001 -2.049731213e+001 -3.3783e+000 +1.8885e+000 +2.4504e+000
200 +8.597200105e-003 +8.597200105e-003 -2.050140280e+001 -2.050140280e+001 -3.4166e+000 +1.8670e+000 +2.4842e+000
214 +4.879730473e-003 +4.879730473e-003 -2.050512027e+001 -2.050512027e+001 -3.3803e+000 +1.9256e+000 +2.5258e+000
273 +1.532284553e-003 +1.532284553e-003 -2.050846772e+001 -2.050846772e+001 -3.3280e+000 +1.8837e+000 +2.5559e+000
280 +6.390328149e-004 +6.390328149e-004 -2.050936097e+001 -2.050936097e+001 -3.3802e+000 +1.8848e+000 +2.5534e+000
360 +3.476928497e-004 +3.476928497e-004 -2.050965231e+001 -2.050965231e+001 -3.3526e+000 +1.8691e+000 +2.5753e+000
383 +2.536122976e-004 +2.536122976e-004 -2.050974639e+001 -2.050974639e+001 -3.3776e+000 +1.8692e+000 +2.5664e+000
399 +1.756367691e-004 +1.756367691e-004 -2.050982436e+001 -2.050982436e+001 -3.3654e+000 +1.8564e+000 +2.5673e+000
419 +1.347706929e-004 +1.347706929e-004 -2.050986523e+001 -2.050986523e+001 -3.3717e+000 +1.8613e+000 +2.5652e+000
424 +1.107631526e-004 +1.107631526e-004 -2.050988924e+001 -2.050988924e+001 -3.3679e+000 +1.8623e+000 +2.5680e+000
434 +3.723626172e-006 +3.723626172e-006 -2.050999628e+001 -2.050999628e+001 -3.3634e+000 +1.8688e+000 +2.5611e+000
468 +2.579498407e-006 +2.579498407e-006 -2.050999742e+001 -2.050999742e+001 -3.3640e+000 +1.8672e+000 +2.5614e+000
475 +2.061380108e-006 +2.061380108e-006 -2.050999794e+001 -2.050999794e+001 -3.3632e+000 +1.8683e+000 +2.5609e+000
538 +2.014443382e-006 +2.014443382e-006 -2.050999799e+001 -2.050999799e+001 -3.3632e+000 +1.8672e+000 +2.5614e+000
544 +1.386974212e-006 +1.386974212e-006 -2.050999861e+001 -2.050999861e+001 -3.3632e+000 +1.8670e+000 +2.5612e+000
580 +1.350083398e-006 +1.350083398e-006 -2.050999865e+001 -2.050999865e+001 -3.3631e+000 +1.8672e+000 +2.5612e+000
583 +1.288270003e-006 +1.288270003e-006 -2.050999871e+001 -2.050999871e+001 -3.3633e+000 +1.8675e+000 +2.5611e+000
593 +1.252551826e-006 +1.252551826e-006 -2.050999875e+001 -2.050999875e+001 -3.3631e+000 +1.8672e+000 +2.5611e+000
602 +1.148276418e-006 +1.148276418e-006 -2.050999885e+001 -2.050999885e+001 -3.3634e+000 +1.8672e+000 +2.5611e+000
608 +1.082512039e-006 +1.082512039e-006 -2.050999892e+001 -2.050999892e+001 -3.3632e+000 +1.8672e+000 +2.5610e+000
609 +9.572695632e-007 +9.572695632e-007 -2.050999904e+001 -2.050999904e+001 -3.3629e+000 +1.8673e+000 +2.5609e+000
617 +8.668891525e-007 +8.668891525e-007 -2.050999913e+001 -2.050999913e+001 -3.3633e+000 +1.8669e+000 +2.5609e+000
619 +7.730585416e-007 +7.730585416e-007 -2.050999923e+001 -2.050999923e+001 -3.3634e+000 +1.8671e+000 +2.5609e+000
630 +7.324749340e-007 +7.324749340e-007 -2.050999927e+001 -2.050999927e+001 -3.3632e+000 +1.8675e+000 +2.5608e+000
632 +5.534144307e-007 +5.534144307e-007 -2.050999945e+001 -2.050999945e+001 -3.3633e+000 +1.8669e+000 +2.5607e+000
636 +2.468699591e-007 +2.468699591e-007 -2.050999975e+001 -2.050999975e+001 -3.3630e+000 +1.8672e+000 +2.5604e+000
669 +2.196898699e-007 +2.196898699e-007 -2.050999978e+001 -2.050999978e+001 -3.3634e+000 +1.8671e+000 +2.5604e+000
677 +3.790850656e-008 +3.790850656e-008 -2.050999996e+001 -2.050999996e+001 -3.3632e+000 +1.8670e+000 +2.5600e+000
681 +1.908696490e-008 +1.908696490e-008 -2.050999998e+001 -2.050999998e+001 -3.3632e+000 +1.8671e+000 +2.5600e+000
854 +8.669935880e-009 +8.669935880e-009 -2.050999999e+001 -2.050999999e+001 -3.3631e+000 +1.8672e+000 +2.5601e+000
1229 +0.000000000e+000 +0.000000000e+000 -2.051000000e+001 -2.051000000e+001 -3.3632e+000 +1.8672e+000 +2.5600e+000
% function evaluation | noise-free fitness - Fopt (-1.000000000000e+003) | best noise-free fitness - Fopt | measured fitness | best measured fitness | x1 | x2...
1 +1.823061974e+001 +1.823061974e+001 -9.817693803e+002 -9.817693803e+002 -1.6764e+000 +3.5202e+000 -2.3038e+000
14 +1.719353314e+001 +1.719353314e+001 -9.828064669e+002 -9.828064669e+002 -1.4732e+000 +3.7523e+000 -2.2919e+000
16 +3.842314925e+000 +3.842314925e+000 -9.961576851e+002 -9.961576851e+002 +3.4607e+000 +4.0596e+000 -2.7256e+000
32 +3.617586282e+000 +3.617586282e+000 -9.963824137e+002 -9.963824137e+002 +1.4701e+000 +2.6657e+000 -1.1813e+000
33 +3.048545252e+000 +3.048545252e+000 -9.969514547e+002 -9.969514547e+002 +2.8814e+000 +4.0072e+000 -2.3001e+000
52 +1.919192568e+000 +1.919192568e+000 -9.980808074e+002 -9.980808074e+002 +2.7327e+000 +3.7469e+000 -2.6849e+000
62 +1.276183927e+000 +1.276183927e+000 -9.987238161e+002 -9.987238161e+002 +2.7426e+000 +3.3330e+000 -2.2584e+000
64 +6.543344074e-001 +6.543344074e-001 -9.993456656e+002 -9.993456656e+002 +2.3528e+000 +2.5738e+000 -2.0233e+000
79 +3.553599716e-001 +3.553599716e-001 -9.996446400e+002 -9.996446400e+002 +2.5049e+000 +2.3744e+000 -2.2237e+000
91 +3.040863924e-001 +3.040863924e-001 -9.996959136e+002 -9.996959136e+002 +2.1405e+000 +2.2539e+000 -2.3573e+000
94 +7.784031961e-002 +7.784031961e-002 -9.999221597e+002 -9.999221597e+002 +2.3746e+000 +2.4552e+000 -3.0836e+000
128 +2.500525962e-002 +2.500525962e-002 -9.999749947e+002 -9.999749947e+002 +2.3961e+000 +2.3153e+000 -2.6828e+000
156 +3.338692767e-003 +3.338692767e-003 -9.999966613e+002 -9.999966613e+002 +2.4402e+000 +2.3913e+000 -2.7625e+000
215 +2.506906813e-003 +2.506906813e-003 -9.999974931e+002 -9.999974931e+002 +2.4290e+000 +2.4212e+000 -2.7672e+000
252 +2.038446699e-003 +2.038446699e-003 -9.999979616e+002 -9.999979616e+002 +2.4236e+000 +2.3857e+000 -2.7723e+000
287 +1.738944392e-003 +1.738944392e-003 -9.999982611e+002 -9.999982611e+002 +2.3982e+000 +2.4012e+000 -2.7734e+000
323 +1.712653972e-003 +1.712653972e-003 -9.999982873e+002 -9.999982873e+002 +2.4254e+000 +2.4061e+000 -2.7724e+000
342 +1.434867056e-003 +1.434867056e-003 -9.999985651e+002 -9.999985651e+002 +2.4009e+000 +2.3836e+000 -2.7833e+000
346 +1.222466024e-003 +1.222466024e-003 -9.999987775e+002 -9.999987775e+002 +2.3887e+000 +2.3974e+000 -2.7886e+000
350 +1.063867835e-003 +1.063867835e-003 -9.999989361e+002 -9.999989361e+002 +2.4416e+000 +2.3953e+000 -2.7983e+000
353 +8.950390334e-004 +8.950390334e-004 -9.999991050e+002 -9.999991050e+002 +2.4009e+000 +2.3952e+000 -2.7867e+000
358 +7.958404560e-004 +7.958404560e-004 -9.999992042e+002 -9.999992042e+002 +2.4014e+000 +2.3972e+000 -2.7877e+000
361 +2.487519324e-004 +2.487519324e-004 -9.999997512e+002 -9.999997512e+002 +2.4162e+000 +2.3899e+000 -2.8165e+000
363 +2.091913369e-004 +2.091913369e-004 -9.999997908e+002 -9.999997908e+002 +2.4213e+000 +2.3950e+000 -2.8047e+000
382 +1.896723109e-004 +1.896723109e-004 -9.999998103e+002 -9.999998103e+002 +2.4208e+000 +2.3931e+000 -2.8115e+000
388 +1.658687286e-004 +1.658687286e-004 -9.999998341e+002 -9.999998341e+002 +2.4203e+000 +2.3939e+000 -2.8104e+000
395 +1.580477984e-004 +1.580477984e-004 -9.999998420e+002 -9.999998420e+002 +2.4074e+000 +2.3949e+000 -2.8167e+000
399 +1.215744468e-004 +1.215744468e-004 -9.999998784e+002 -9.999998784e+002 +2.4136e+000 +2.3938e+000 -2.8122e+000
406 +9.335189873e-005 +9.335189873e-005 -9.999999066e+002 -9.999999066e+002 +2.4153e+000 +2.3958e+000 -2.8090e+000
417 +8.740597411e-005 +8.740597411e-005 -9.999999126e+002 -9.999999126e+002 +2.4172e+000 +2.4044e+000 -2.8206e+000
421 +6.018115300e-006 +6.018115300e-006 -9.999999940e+002 -9.999999940e+002 +2.4159e+000 +2.4040e+000 -2.8121e+000
497 +4.702703791e-007 +4.702703791e-007 -9.999999995e+002 -9.999999995e+002 +2.4131e+000 +2.4044e+000 -2.8121e+000
515 +3.979478151e-007 +3.979478151e-007 -9.999999996e+002 -9.999999996e+002 +2.4139e+000 +2.4042e+000 -2.8120e+000
521 +3.750460564e-007 +3.750460564e-007 -9.999999996e+002 -9.999999996e+002 +2.4138e+000 +2.4043e+000 -2.8121e+000
525 +1.880971467e-007 +1.880971467e-007 -9.999999998e+002 -9.999999998e+002 +2.4132e+000 +2.4046e+000 -2.8120e+000
527 +1.718882459e-007 +1.718882459e-007 -9.999999998e+002 -9.999999998e+002 +2.4137e+000 +2.4046e+000 -2.8116e+000
540 +9.961308933e-008 +9.961308933e-008 -9.999999999e+002 -9.999999999e+002 +2.4137e+000 +2.4045e+000 -2.8121e+000
553 +7.438995908e-008 +7.438995908e-008 -9.999999999e+002 -9.999999999e+002 +2.4135e+000 +2.4046e+000 -2.8120e+000
569 +5.420304205e-008 +5.420304205e-008 -9.999999999e+002 -9.999999999e+002 +2.4136e+000 +2.4046e+000 -2.8122e+000
592 +3.997615750e-008 +3.997615750e-008 -1.000000000e+003 -1.000000000e+003 +2.4136e+000 +2.4047e+000 -2.8122e+000
603 +3.085483513e-008 +3.085483513e-008 -1.000000000e+003 -1.000000000e+003 +2.4137e+000 +2.4046e+000 -2.8120e+000
612 +3.973696039e-009 +3.973696039e-009 -1.000000000e+003 -1.000000000e+003 +2.4137e+000 +2.4048e+000 -2.8120e+000
844 +0.000000000e+000 +0.000000000e+000 -1.000000000e+003 -1.000000000e+003 +2.4136e+000 +2.4048e+000 -2.8120e+000
% function evaluation | noise-free fitness - Fopt (-1.730800000000e+002) | best noise-free fitness - Fopt | measured fitness | best measured fitness | x1 | x2...
1 +1.140137568e+002 +1.140137568e+002 -5.906624323e+001 -5.906624323e+001 +1.6325e+000 +3.5245e+000 -4.7494e+000
2 +1.054183029e+002 +1.054183029e+002 -6.766169708e+001 -6.766169708e+001 +1.4424e+000 +3.1425e+000 -4.6368e+000
8 +1.041946862e+002 +1.041946862e+002 -6.888531378e+001 -6.888531378e+001 +2.8905e+000 +3.7223e+000 -1.6273e+000
9 +8.563956386e+001 +8.563956386e+001 -8.744043614e+001 -8.744043614e+001 -7.7308e-002 +3.2971e+000 -3.8263e+000
16 +7.834945623e+001 +7.834945623e+001 -9.473054377e+001 -9.473054377e+001 +1.2153e+000 +3.5192e+000 -8.2486e-001
27 +7.718765257e+001 +7.718765257e+001 -9.589234743e+001 -9.589234743e+001 -4.4545e-001 +3.0515e+000 -3.5561e+000
31 +5.589751558e+001 +5.589751558e+001 -1.171824844e+002 -1.171824844e+002 +8.3300e-001 +1.0867e+000 -2.5330e+000
38 +5.147308523e+001 +5.147308523e+001 -1.216069148e+002 -1.216069148e+002 -1.9803e+000 +3.2573e+000 -5.6566e-002
47 +5.111350048e+001 +5.111350048e+001 -1.219664995e+002 -1.219664995e+002 -7.4384e-002 +2.1507e+000 -1.1031e+000
50 +2.164809643e+001 +2.164809643e+001 -1.514319036e+002 -1.514319036e+002 -1.4278e-001 -5.4361e-001 +1.6165e+000
72 +1.662256826e+001 +1.662256826e+001 -1.564574317e+002 -1.564574317e+002 -4.0957e+000 +2.1752e-001 -1.0331e-001
77 +7.379276867e+000 +7.379276867e+000 -1.657007231e+002 -1.657007231e+002 -1.9368e+000 -1.4773e+000 +1.2257e+000
92 +5.388647986e+000 +5.388647986e+000 -1.676913520e+002 -1.676913520e+002 -3.5869e+000 -1.2949e+000 +1.3488e+000
105 +4.332535620e+000 +4.332535620e+000 -1.687474644e+002 -1.687474644e+002 -2.4601e+000 -2.4450e+000 -6.6578e-002
106 +1.559879313e+000 +1.559879313e+000 -1.715201207e+002 -1.715201207e+002 -2.6969e+000 -3.2442e+000 +4.5071e-001
122 +8.702146541e-001 +8.702146541e-001 -1.722097853e+002 -1.722097853e+002 -2.7367e+000 -3.3898e+000 +9.9594e-001
128 +7.432021798e-001 +7.432021798e-001 -1.723367978e+002 -1.723367978e+002 -3.1200e+000 -3.6333e+000 +5.0696e-001
142 +7.198555866e-001 +7.198555866e-001 -1.723601444e+002 -1.723601444e+002 -3.0094e+000 -3.4855e+000 +6.3246e-001
144 +4.342548961e-001 +4.342548961e-001 -1.726457451e+002 -1.726457451e+002 -4.0788e+000 -3.2808e+000 +1.5446e+000
153 +2.000534904e-001 +2.000534904e-001 -1.728799465e+002 -1.728799465e+002 -3.6990e+000 -3.4859e+000 +7.9002e-001
156 +1.147869138e-001 +1.147869138e-001 -1.729652131e+002 -1.729652131e+002 -3.5293e+000 -3.2853e+000 +1.1905e+000
163 +4.970319656e-002 +4.970319656e-002 -1.730302968e+002 -1.730302968e+002 -3.4486e+000 -3.5162e+000 +1.3219e+000
177 +4.890246336e-002 +4.890246336e-002 -1.730310975e+002 -1.730310975e+002 -3.5169e+000 -3.4217e+000 +1.2634e+000
180 +4.548791307e-002 +4.548791307e-002 -1.730345121e+002 -1.730345121e+002 -3.7099e+000 -3.4308e+000 +1.2744e+000
181 +2.944079858e-002 +2.944079858e-002 -1.730505592e+002 -1.730505592e+002 -3.5435e+000 -3.4571e+000 +1.2201e+000
192 +9.599628634e-003 +9.599628634e-003 -1.730704004e+002 -1.730704004e+002 -3.5910e+000 -3.7065e+000 +1.2091e+000
212 +1.415765617e-003 +1.415765617e-003 -1.730785842e+002 -1.730785842e+002 -3.6188e+000 -3.5881e+000 +1.2402e+000
231 +1.377317004e-003 +1.377317004e-003 -1.730786227e+002 -1.730786227e+002 -3.6535e+000 -3.6168e+000 +1.2092e+000
252 +2.071780894e-004 +2.071780894e-004 -1.730797928e+002 -1.730797928e+002 -3.6124e+000 -3.6257e+000 +1.2116e+000
317 +1.837702414e-004 +1.837702414e-004 -1.730798162e+002 -1.730798162e+002 -3.6143e+000 -3.6239e+000 +1.2172e+000
332 +1.616000939e-004 +1.616000939e-004 -1.730798384e+002 -1.730798384e+002 -3.6102e+000 -3.6227e+000 +1.2094e+000
333 +1.370523793e-004 +1.370523793e-004 -1.730798629e+002 -1.730798629e+002 -3.6114e+000 -3.6221e+000 +1.2089e+000
337 +6.870637313e-005 +6.870637313e-005 -1.730799313e+002 -1.730799313e+002 -3.6093e+000 -3.6152e+000 +1.2127e+000
366 +5.977025552e-005 +5.977025552e-005 -1.730799402e+002 -1.730799402e+002 -3.6104e+000 -3.6108e+000 +1.2154e+000
376 +4.966394371e-005 +4.966394371e-005 -1.730799503e+002 -1.730799503e+002 -3.6101e+000 -3.6116e+000 +1.2091e+000
385 +3.073909207e-005 +3.073909207e-005 -1.730799693e+002 -1.730799693e+002 -3.6122e+000 -3.6118e+000 +1.2144e+000
388 +2.008605597e-005 +2.008605597e-005 -1.730799799e+002 -1.730799799e+002 -3.6163e+000 -3.6152e+000 +1.2143e+000
393 +5.815875937e-006 +5.815875937e-006 -1.730799942e+002 -1.730799942e+002 -3.6153e+000 -3.6102e+000 +1.2115e+000
402 +2.633730531e-006 +2.633730531e-006 -1.730799974e+002 -1.730799974e+002 -3.6181e+000 -3.6125e+000 +1.2104e+000
413 +7.106747546e-007 +7.106747546e-007 -1.730799993e+002 -1.730799993e+002 -3.6160e+000 -3.6117e+000 +1.2114e+000
432 +6.470873757e-007 +6.470873757e-007 -1.730799994e+002 -1.730799994e+002 -3.6174e+000 -3.6115e+000 +1.2113e+000
443 +6.324052606e-007 +6.324052606e-007 -1.730799994e+002 -1.730799994e+002 -3.6169e+000 -3.6117e+000 +1.2119e+000
455 +4.473864124e-007 +4.473864124e-007 -1.730799996e+002 -1.730799996e+002 -3.6172e+000 -3.6124e+000 +1.2115e+000
468 +3.986316983e-007 +3.986316983e-007 -1.730799996e+002 -1.730799996e+002 -3.6168e+000 -3.6126e+000 +1.2114e+000
486 +1.128430540e-007 +1.128430540e-007 -1.730799999e+002 -1.730799999e+002 -3.6170e+000 -3.6123e+000 +1.2112e+000
496 +2.878513783e-008 +2.878513783e-008 -1.730800000e+002 -1.730800000e+002 -3.6168e+000 -3.6122e+000 +1.2112e+000
515 +2.230254381e-008 +2.230254381e-008 -1.730800000e+002 -1.730800000e+002 -3.6168e+000 -3.6121e+000 +1.2112e+000
516 +7.595673424e-009 +7.595673424e-009 -1.730800000e+002 -1.730800000e+002 -3.6168e+000 -3.6120e+000 +1.2113e+000
908 +0.000000000e+000 +0.000000000e+000 -1.730800000e+002 -1.730800000e+002 -3.6168e+000 -3.6120e+000 +1.2112e+000
% function evaluation | noise-free fitness - Fopt (5.309000000000e+001) | best noise-free fitness - Fopt | measured fitness | best measured fitness | x1 | x2...
1 +7.370321961e+001 +7.370321961e+001 +1.267932196e+002 +1.267932196e+002 +8.1757e-001 +4.4065e+000 -2.9199e+000
2 +5.066677354e+001 +5.066677354e+001 +1.037567735e+002 +1.037567735e+002 -1.4931e+000 +3.4479e+000 -1.9892e+000
3 +4.496481341e+001 +4.496481341e+001 +9.805481341e+001 +9.805481341e+001 -8.0624e-001 +3.0059e+000 -1.9192e+000
4 +3.474761914e+001 +3.474761914e+001 +8.783761914e+001 +8.783761914e+001 -1.4309e+000 +2.1846e+000 -2.0362e+000
16 +2.633444145e+001 +2.633444145e+001 +7.942444145e+001 +7.942444145e+001 -1.8659e+000 +1.4112e+000 -1.9257e+000
19 +6.804209061e+000 +6.804209061e+000 +5.989420906e+001 +5.989420906e+001 -1.1468e+000 -5.9898e+000 -1.4431e+000
21 +6.746461008e+000 +6.746461008e+000 +5.983646101e+001 +5.983646101e+001 -1.0896e+000 -4.9735e+000 -2.7492e+000
31 +5.016735956e+000 +5.016735956e+000 +5.810673596e+001 +5.810673596e+001 -1.2949e+000 -5.0506e+000 -2.2619e+000
34 +1.915566014e+000 +1.915566014e+000 +5.500556601e+001 +5.500556601e+001 -1.2932e+000 -3.1642e+000 -1.9401e+000
44 +1.678056287e+000 +1.678056287e+000 +5.476805629e+001 +5.476805629e+001 -1.8286e+000 -3.9072e+000 -1.8153e+000
47 +4.935553307e-001 +4.935553307e-001 +5.358355533e+001 +5.358355533e+001 -8.0411e-001 -3.4863e+000 -7.7750e-001
83 +2.917633015e-001 +2.917633015e-001 +5.338176330e+001 +5.338176330e+001 -1.3994e+000 -3.8140e+000 -1.0773e+000
105 +2.828029251e-001 +2.828029251e-001 +5.337280293e+001 +5.337280293e+001 -1.2201e+000 -3.2957e+000 -1.0127e+000
130 +2.757333789e-001 +2.757333789e-001 +5.336573338e+001 +5.336573338e+001 -1.3486e+000 -3.6511e+000 -1.1152e+000
219 +2.673053545e-001 +2.673053545e-001 +5.335730535e+001 +5.335730535e+001 -1.4609e+000 -3.4979e+000 -1.1364e+000
228 +2.599665536e-001 +2.599665536e-001 +5.334996655e+001 +5.334996655e+001 -1.5786e+000 -3.5189e+000 -1.1229e+000
249 +2.516869623e-001 +2.516869623e-001 +5.334168696e+001 +5.334168696e+001 -1.5195e+000 -3.5508e+000 -1.1221e+000
255 +2.305610871e-001 +2.305610871e-001 +5.332056109e+001 +5.332056109e+001 -1.5413e+000 -3.4504e+000 -1.0907e+000
273 +2.289049011e-001 +2.289049011e-001 +5.331890490e+001 +5.331890490e+001 -1.5410e+000 -3.5252e+000 -1.0968e+000
274 +1.107003326e-001 +1.107003326e-001 +5.320070033e+001 +5.320070033e+001 -1.5331e+000 -3.5900e+000 -9.4694e-001
296 +2.968518722e-002 +2.968518722e-002 +5.311968519e+001 +5.311968519e+001 -1.4988e+000 -3.5516e+000 -7.9294e-001
309 +1.411773880e-002 +1.411773880e-002 +5.310411774e+001 +5.310411774e+001 -1.4257e+000 -3.4433e+000 -6.5974e-001
325 +6.963635444e-004 +6.963635444e-004 +5.309069636e+001 +5.309069636e+001 -1.4715e+000 -3.5180e+000 -6.2971e-001
369 +5.978237013e-004 +5.978237013e-004 +5.309059782e+001 +5.309059782e+001 -1.4668e+000 -3.5470e+000 -6.1196e-001
372 +5.664550005e-004 +5.664550005e-004 +5.309056646e+001 +5.309056646e+001 -1.4759e+000 -3.5425e+000 -6.4198e-001
379 +3.730933701e-004 +3.730933701e-004 +5.309037309e+001 +5.309037309e+001 -1.4845e+000 -3.5495e+000 -6.3658e-001
386 +3.554955954e-004 +3.554955954e-004 +5.309035550e+001 +5.309035550e+001 -1.4693e+000 -3.5330e+000 -6.1808e-001
390 +1.814209941e-004 +1.814209941e-004 +5.309018142e+001 +5.309018142e+001 -1.4739e+000 -3.5378e+000 -6.1933e-001
392 +1.761256576e-004 +1.761256576e-004 +5.309017613e+001 +5.309017613e+001 -1.4759e+000 -3.5408e+000 -6.2779e-001
408 +1.754498232e-005 +1.754498232e-005 +5.309001754e+001 +5.309001754e+001 -1.4862e+000 -3.5399e+000 -6.2499e-001
429 +8.240292935e-006 +8.240292935e-006 +5.309000824e+001 +5.309000824e+001 -1.4872e+000 -3.5350e+000 -6.2273e-001
437 +4.845324774e-006 +4.845324774e-006 +5.309000485e+001 +5.309000485e+001 -1.4869e+000 -3.5366e+000 -6.2351e-001
449 +2.595273074e-006 +2.595273074e-006 +5.309000260e+001 +5.309000260e+001 -1.4874e+000 -3.5372e+000 -6.2004e-001
463 +1.967142104e-006 +1.967142104e-006 +5.309000197e+001 +5.309000197e+001 -1.4886e+000 -3.5374e+000 -6.2165e-001
489 +1.108927798e-006 +1.108927798e-006 +5.309000111e+001 +5.309000111e+001 -1.4869e+000 -3.5381e+000 -6.2248e-001
493 +1.010522404e-006 +1.010522404e-006 +5.309000101e+001 +5.309000101e+001 -1.4866e+000 -3.5384e+000 -6.2168e-001
501 +1.241482579e-007 +1.241482579e-007 +5.309000012e+001 +5.309000012e+001 -1.4870e+000 -3.5374e+000 -6.2174e-001
588 +8.121363493e-008 +8.121363493e-008 +5.309000008e+001 +5.309000008e+001 -1.4872e+000 -3.5375e+000 -6.2132e-001
601 +7.406803348e-008 +7.406803348e-008 +5.309000007e+001 +5.309000007e+001 -1.4874e+000 -3.5374e+000 -6.2158e-001
626 +6.211689652e-008 +6.211689652e-008 +5.309000006e+001 +5.309000006e+001 -1.4871e+000 -3.5376e+000 -6.2138e-001
629 +3.611651067e-008 +3.611651067e-008 +5.309000004e+001 +5.309000004e+001 -1.4874e+000 -3.5376e+000 -6.2168e-001
642 +1.219291335e-008 +1.219291335e-008 +5.309000001e+001 +5.309000001e+001 -1.4872e+000 -3.5376e+000 -6.2171e-001
649 +7.154184800e-009 +7.154184800e-009 +5.309000001e+001 +5.309000001e+001 -1.4871e+000 -3.5376e+000 -6.2166e-001
1025 +0.000000000e+000 +0.000000000e+000 +5.309000000e+001 +5.309000000e+001 -1.4872e+000 -3.5376e+000 -6.2160e-001
