% function evaluation | noise-free fitness - Fopt (7.948000000000e+001) | best noise-free fitness - Fopt | measured fitness | best measured fitness | x1 | x2...
1 +5.358948541e+002 +5.358948541e+002 +6.153748541e+002 +6.153748541e+002 -6.3801e+000 +2.1022e+001
2 +2.844485433e+001 +2.844485433e+001 +1.079248543e+002 +1.079248543e+002 -3.4064e+000 +2.7232e+000
3 +9.710259770e+000 +9.710259770e+000 +8.919025977e+001 +8.919025977e+001 -2.7975e+000 -5.1981e-001
21 +5.245536257e+000 +5.245536257e+000 +8.472553626e+001 +8.472553626e+001 +2.7922e-001 +1.1334e+000
22 +4.829852703e+000 +4.829852703e+000 +8.430985270e+001 +8.430985270e+001 -2.9974e-001 +9.7030e-001
41 +2.277507476e+000 +2.277507476e+000 +8.175750748e+001 +8.175750748e+001 -2.6797e-001 +2.5964e-001
45 +1.971636809e+000 +1.971636809e+000 +8.145163681e+001 +8.145163681e+001 -2.8336e-001 +1.4095e-001
51 +1.469980432e+000 +1.469980432e+000 +8.094998043e+001 +8.094998043e+001 +4.8393e-001 +3.3393e-002
60 +2.164161097e-001 +2.164161097e-001 +7.969641611e+001 +7.969641611e+001 -1.9503e-001 -1.0309e+000
64 +1.960564838e-001 +1.960564838e-001 +7.967605648e+001 +7.967605648e+001 +3.1023e-001 -7.1776e-001
65 +1.300603295e-001 +1.300603295e-001 +7.961006033e+001 +7.961006033e+001 +1.4085e-001 -8.1398e-001
71 +3.185266542e-002 +3.185266542e-002 +7.951185267e+001 +7.951185267e+001 +2.5956e-001 -1.3351e+000
81 +1.135382076e-002 +1.135382076e-002 +7.949135382e+001 +7.949135382e+001 +2.6186e-001 -1.2630e+000
100 +6.084891135e-003 +6.084891135e-003 +7.948608489e+001 +7.948608489e+001 +2.2529e-001 -1.0838e+000
116 +2.691703002e-003 +2.691703002e-003 +7.948269170e+001 +7.948269170e+001 +2.1793e-001 -1.1952e+000
118 +1.530596292e-003 +1.530596292e-003 +7.948153060e+001 +7.948153060e+001 +2.1973e-001 -1.1359e+000
120 +1.109536791e-003 +1.109536791e-003 +7.948110954e+001 +7.948110954e+001 +2.2010e-001 -1.1632e+000
170 +7.945350169e-004 +7.945350169e-004 +7.948079454e+001 +7.948079454e+001 +2.8096e-001 -1.1555e+000
175 +1.414253664e-004 +1.414253664e-004 +7.948014143e+001 +7.948014143e+001 +2.6441e-001 -1.1594e+000
183 +8.225761221e-005 +8.225761221e-005 +7.948008226e+001 +7.948008226e+001 +2.6183e-001 -1.1577e+000
203 +1.902569447e-005 +1.902569447e-005 +7.948001903e+001 +7.948001903e+001 +2.5652e-001 -1.1591e+000
222 +7.253980456e-006 +7.253980456e-006 +7.948000725e+001 +7.948000725e+001 +2.5483e-001 -1.1586e+000
243 +2.596075433e-006 +2.596075433e-006 +7.948000260e+001 +7.948000260e+001 +2.5327e-001 -1.1583e+000
251 +2.570087446e-006 +2.570087446e-006 +7.948000257e+001 +7.948000257e+001 +2.5410e-001 -1.1559e+000
259 +3.362760168e-007 +3.362760168e-007 +7.948000034e+001 +7.948000034e+001 +2.5253e-001 -1.1563e+000
305 +3.010896705e-007 +3.010896705e-007 +7.948000030e+001 +7.948000030e+001 +2.5228e-001 -1.1570e+000
310 +6.117387841e-008 +6.117387841e-008 +7.948000006e+001 +7.948000006e+001 +2.5284e-001 -1.1570e+000
311 +3.561206086e-008 +3.561206086e-008 +7.948000004e+001 +7.948000004e+001 +2.5264e-001 -1.1569e+000
331 +2.852326020e-008 +2.852326020e-008 +7.948000003e+001 +7.948000003e+001 +2.5294e-001 -1.1567e+000
336 +1.628433210e-008 +1.628433210e-008 +7.948000002e+001 +7.948000002e+001 +2.5292e-001 -1.1568e+000
337 +7.603887298e-009 +7.603887298e-009 +7.948000001e+001 +7.948000001e+001 +2.5277e-001 -1.1567e+000
553 +0.000000000e+000 +0.000000000e+000 +7.948000000e+001 +7.948000000e+001 +2.5280e-001 -1.1568e+000
% function evaluation | noise-free fitness - Fopt (3.944800000000e+002) | best noise-free fitness - Fopt | measured fitness | best measured fitness | x1 | x2...
1 +1.422165020e+001 +1.422165020e+001 +4.087016502e+002 +4.087016502e+002 -5.1127e-001 -4.5484e+000
8 +1.037284511e+001 +1.037284511e+001 +4.048528451e+002 +4.048528451e+002 -1.1163e+000 -1.2679e+000
13 +6.008975492e+000 +6.008975492e+000 +4.004889755e+002 +4.004889755e+002 -1.4737e+000 -3.2510e+000
14 +4.409022583e+000 +4.409022583e+000 +3.988890226e+002 +3.988890226e+002 -1.8092e+000 -3.1005e+000
21 +9.060613964e-002 +9.060613964e-002 +3.945706061e+002 +3.945706061e+002 -3.8193e+000 -3.1808e+000
47 +3.285022599e-002 +3.285022599e-002 +3.945128502e+002 +3.945128502e+002 -3.7481e+000 -2.9917e+000
61 +4.902680594e-003 +4.902680594e-003 +3.944849027e+002 +3.944849027e+002 -3.9683e+000 -2.8943e+000
74 +2.813421804e-003 +2.813421804e-003 +3.944828134e+002 +3.944828134e+002 -3.8466e+000 -2.9019e+000
89 +1.306680386e-003 +1.306680386e-003 +3.944813067e+002 +3.944813067e+002 -3.8649e+000 -2.9039e+000
91 +5.437082592e-004 +5.437082592e-004 +3.944805437e+002 +3.944805437e+002 -3.9206e+000 -2.8975e+000
97 +5.258308590e-004 +5.258308590e-004 +3.944805258e+002 +3.944805258e+002 -3.8768e+000 -2.8981e+000
101 +2.400306685e-004 +2.400306685e-004 +3.944802400e+002 +3.944802400e+002 -3.8850e+000 -2.8981e+000
102 +1.732632202e-004 +1.732632202e-004 +3.944801733e+002 +3.944801733e+002 -3.9067e+000 -2.9006e+000
104 +1.164490658e-004 +1.164490658e-004 +3.944801164e+002 +3.944801164e+002 -3.9074e+000 -2.8964e+000
107 +1.660223853e-005 +1.660223853e-005 +3.944800166e+002 +3.944800166e+002 -3.8953e+000 -2.8931e+000
117 +9.328551016e-006 +9.328551016e-006 +3.944800093e+002 +3.944800093e+002 -3.9012e+000 -2.8917e+000
135 +1.159627743e-006 +1.159627743e-006 +3.944800012e+002 +3.944800012e+002 -3.8994e+000 -2.8902e+000
168 +4.137961582e-007 +4.137961582e-007 +3.944800004e+002 +3.944800004e+002 -3.8990e+000 -2.8903e+000
184 +2.944244102e-007 +2.944244102e-007 +3.944800003e+002 +3.944800003e+002 -3.8988e+000 -2.8908e+000
201 +3.759765832e-008 +3.759765832e-008 +3.944800000e+002 +3.944800000e+002 -3.8986e+000 -2.8905e+000
215 +9.658265299e-010 +9.658265299e-010 +3.944800000e+002 +3.944800000e+002 -3.8984e+000 -2.8904e+000
489 +0.000000000e+000 +0.000000000e+000 +3.944800000e+002 +3.944800000e+002 -3.8984e+000 -2.8904e+000
% function evaluation | noise-free fitness - Fopt (-2.471100000000e+002) | best noise-free fitness - Fopt | measured fitness | best measured fitness | x1 | x2...
1 +1.252177643e+001 +1.252177643e+001 -2.345882236e+002 -2.345882236e+002 -2.2951e+000 -3.0002e+000
2 +6.980770483e+000 +6.980770483e+000 -2.401292295e+002 -2.401292295e+002 -5.7096e+000 -1.6211e+000
13 +6.661478631e+000 +6.661478631e+000 -2.404485214e+002 -2.404485214e+002 -1.3873e+000 -7.1775e-001
25 +2.064762131e+000 +2.064762131e+000 -2.450452379e+002 -2.450452379e+002 -2.9854e+000 -9.8160e-001
28 +5.966388405e-002 +5.966388405e-002 -2.470503361e+002 -2.470503361e+002 -3.5651e+000 +2.7570e-001
111 +1.359089833e-002 +1.359089833e-002 -2.470964091e+002 -2.470964091e+002 -3.6891e+000 +2.4382e-001
127 +5.021849366e-003 +5.021849366e-003 -2.471049782e+002 -2.471049782e+002 -3.8132e+000 +1.3391e-001
178 +4.141959058e-003 +4.141959058e-003 -2.471058580e+002 -2.471058580e+002 -3.7407e+000 +1.7471e-001
182 +1.716281590e-003 +1.716281590e-003 -2.471082837e+002 -2.471082837e+002 -3.8320e+000 +2.2740e-001
191 +7.616289169e-004 +7.616289169e-004 -2.471092384e+002 -2.471092384e+002 -3.7738e+000 +2.1572e-001
204 +4.726394101e-005 +4.726394101e-005 -2.471099527e+002 -2.471099527e+002 -3.8003e+000 +1.9660e-001
252 +1.416578715e-005 +1.416578715e-005 -2.471099858e+002 -2.471099858e+002 -3.7997e+000 +2.0673e-001
270 +4.268295271e-006 +4.268295271e-006 -2.471099957e+002 -2.471099957e+002 -3.7994e+000 +2.0500e-001
272 +2.656991740e-006 +2.656991740e-006 -2.471099973e+002 -2.471099973e+002 -3.7992e+000 +2.0460e-001
292 +1.369242540e-006 +1.369242540e-006 -2.471099986e+002 -2.471099986e+002 -3.7988e+000 +2.0210e-001
298 +8.148290362e-007 +8.148290362e-007 -2.471099992e+002 -2.471099992e+002 -3.7987e+000 +2.0235e-001
301 +6.086831092e-007 +6.086831092e-007 -2.471099994e+002 -2.471099994e+002 -3.7990e+000 +2.0273e-001
318 +4.863802019e-007 +4.863802019e-007 -2.471099995e+002 -2.471099995e+002 -3.7991e+000 +2.0309e-001
321 +7.171669836e-008 +7.171669836e-008 -2.471099999e+002 -2.471099999e+002 -3.7986e+000 +2.0333e-001
333 +6.594902402e-008 +6.594902402e-008 -2.471099999e+002 -2.471099999e+002 -3.7987e+000 +2.0316e-001
352 +4.942208420e-008 +4.942208420e-008 -2.471100000e+002 -2.471100000e+002 -3.7986e+000 +2.0317e-001
355 +1.455177312e-008 +1.455177312e-008 -2.471100000e+002 -2.471100000e+002 -3.7985e+000 +2.0311e-001
359 +7.596753449e-009 +7.596753449e-009 -2.471100000e+002 -2.471100000e+002 -3.7983e+000 +2.0318e-001
503 +0.000000000e+000 +0.000000000e+000 -2.471100000e+002 -2.471100000e+002 -3.7984e+000 +2.0320e-001
% function evaluation | noise-free fitness - Fopt (-1.520400000000e+002) | best noise-free fitness - Fopt | measured fitness | best measured fitness | x1 | x2...
1 +6.772502084e+000 +6.772502084e+000 -1.452674979e+002 -1.452674979e+002 +1.9887e+000 +1.2660e-001
2 +6.560896483e+000 +6.560896483e+000 -1.454791035e+002 -1.454791035e+002 +2.2125e+000 +2.0659e+000
8 +4.585059147e+000 +4.585059147e+000 -1.474549409e+002 -1.474549409e+002 -3.1001e-001 -7.1685e-001
12 +2.273643629e+000 +2.273643629e+000 -1.497663564e+002 -1.497663564e+002 +5.0903e-001 +1.3129e-001
24 +6.036259317e-001 +6.036259317e-001 -1.514363741e+002 -1.514363741e+002 +4.8737e-001 +1.2389e+000
37 +7.713517501e-002 +7.713517501e-002 -1.519628648e+002 -1.519628648e+002 -9.2511e-003 +1.5269e+000
55 +5.849350755e-002 +5.849350755e-002 -1.519815065e+002 -1.519815065e+002 -2.0404e-001 +1.6575e+000
58 +1.379151335e-002 +1.379151335e-002 -1.520262085e+002 -1.520262085e+002 -3.5988e-001 +1.4961e+000
72 +1.020506296e-002 +1.020506296e-002 -1.520297949e+002 -1.520297949e+002 -1.7294e-001 +1.3877e+000
85 +3.425024812e-003 +3.425024812e-003 -1.520365750e+002 -1.520365750e+002 -2.7765e-001 +1.3664e+000
100 +2.406544664e-003 +2.406544664e-003 -1.520375935e+002 -1.520375935e+002 -3.0369e-001 +1.3912e+000
102 +1.482905928e-003 +1.482905928e-003 -1.520385171e+002 -1.520385171e+002 -2.4812e-001 +1.4575e+000
121 +5.564288184e-004 +5.564288184e-004 -1.520394436e+002 -1.520394436e+002 -2.4371e-001 +1.4218e+000
129 +1.268437752e-004 +1.268437752e-004 -1.520398732e+002 -1.520398732e+002 -2.5721e-001 +1.4188e+000
143 +1.217113162e-004 +1.217113162e-004 -1.520398783e+002 -1.520398783e+002 -2.5722e-001 +1.4287e+000
147 +8.343275198e-005 +8.343275198e-005 -1.520399166e+002 -1.520399166e+002 -2.6510e-001 +1.4151e+000
172 +5.685828586e-005 +5.685828586e-005 -1.520399431e+002 -1.520399431e+002 -2.7339e-001 +1.4197e+000
183 +8.535813834e-007 +8.535813834e-007 -1.520399991e+002 -1.520399991e+002 -2.6812e-001 +1.4240e+000
238 +3.326614149e-007 +3.326614149e-007 -1.520399997e+002 -1.520399997e+002 -2.6721e-001 +1.4246e+000
255 +8.314728461e-008 +8.314728461e-008 -1.520399999e+002 -1.520399999e+002 -2.6697e-001 +1.4242e+000
267 +3.104048574e-008 +3.104048574e-008 -1.520400000e+002 -1.520400000e+002 -2.6703e-001 +1.4240e+000
279 +9.848406535e-010 +9.848406535e-010 -1.520400000e+002 -1.520400000e+002 -2.6721e-001 +1.4240e+000
444 +0.000000000e+000 +0.000000000e+000 -1.520400000e+002 -1.520400000e+002 -2.6720e-001 +1.4240e+000
% function evaluation | noise-free fitness - Fopt (-2.525000000000e+001) | best noise-free fitness - Fopt | measured fitness | best measured fitness | x1 | x2...
1 +2.576340493e+001 +2.576340493e+001 +5.134049272e-001 +5.134049272e-001 +3.1231e+000 -4.4167e+000
3 +1.311826126e+001 +1.311826126e+001 -1.213173874e+001 -1.213173874e+001 +4.8836e+000 -2.7571e+000
4 +7.201682097e-001 +7.201682097e-001 -2.452983179e+001 -2.452983179e+001 +3.2630e+000 +1.4077e+000
12 +1.321690634e-001 +1.321690634e-001 -2.511783094e+001 -2.511783094e+001 +3.4660e+000 +9.6710e-001
21 +8.999924682e-002 +8.999924682e-002 -2.516000075e+001 -2.516000075e+001 +3.6251e+000 +3.3539e-001
37 +4.040021404e-002 +4.040021404e-002 -2.520959979e+001 -2.520959979e+001 +3.6275e+000 +8.3577e-001
42 +1.978070617e-002 +1.978070617e-002 -2.523021929e+001 -2.523021929e+001 +3.4900e+000 +7.0087e-001
58 +1.180289161e-002 +1.180289161e-002 -2.523819711e+001 -2.523819711e+001 +3.6205e+000 +7.4367e-001
60 +4.228153636e-003 +4.228153636e-003 -2.524577185e+001 -2.524577185e+001 +3.5872e+000 +5.7615e-001
84 +3.236524979e-003 +3.236524979e-003 -2.524676348e+001 -2.524676348e+001 +3.6386e+000 +5.8370e-001
85 +1.791803111e-003 +1.791803111e-003 -2.524820820e+001 -2.524820820e+001 +3.5730e+000 +6.4395e-001
92 +2.288120778e-005 +2.288120778e-005 -2.524997712e+001 -2.524997712e+001 +3.6113e+000 +6.3882e-001
111 +2.130022200e-005 +2.130022200e-005 -2.524997870e+001 -2.524997870e+001 +3.6147e+000 +6.3981e-001
151 +8.106239235e-007 +8.106239235e-007 -2.524999919e+001 -2.524999919e+001 +3.6135e+000 +6.3544e-001
194 +5.433544921e-007 +5.433544921e-007 -2.524999946e+001 -2.524999946e+001 +3.6138e+000 +6.3559e-001
205 +7.502328359e-008 +7.502328359e-008 -2.524999992e+001 -2.524999992e+001 +3.6142e+000 +6.3500e-001
215 +1.246070269e-008 +1.246070269e-008 -2.524999999e+001 -2.524999999e+001 +3.6145e+000 +6.3528e-001
222 +1.744631106e-009 +1.744631106e-009 -2.525000000e+001 -2.525000000e+001 +3.6144e+000 +6.3518e-001
470 +0.000000000e+000 +0.000000000e+000 -2.525000000e+001 -2.525000000e+001 +3.6144e+000 +6.3520e-001
% function evaluation | noise-free fitness - Fopt (8.790000000000e+001) | best noise-free fitness - Fopt | measured fitness | best measured fitness | x1 | x2...
1 +1.957004188e+001 +1.957004188e+001 +1.074700419e+002 +1.074700419e+002 -4.7418e+000 +2.5514e+000
4 +1.483295492e+001 +1.483295492e+001 +1.027329549e+002 +1.027329549e+002 -5.5244e+000 +1.4628e+000
5 +1.362344614e+001 +1.362344614e+001 +1.015234461e+002 +1.015234461e+002 -3.5229e+000 +2.0913e+000
8 +1.022605861e+001 +1.022605861e+001 +9.812605861e+001 +9.812605861e+001 -3.5900e+000 +1.5872e+000
10 +7.886472571e+000 +7.886472571e+000 +9.578647257e+001 +9.578647257e+001 -1.8408e+000 +8.9331e-001
20 +7.544738462e+000 +7.544738462e+000 +9.544473846e+001 +9.544473846e+001 -2.9832e+000 +1.1583e+000
23 +6.249249445e+000 +6.249249445e+000 +9.414924944e+001 +9.414924944e+001 -3.2878e+000 +9.1450e-001
29 +2.044463891e+000 +2.044463891e+000 +8.994446389e+001 +8.994446389e+001 -1.7674e+000 -1.8777e+000
34 +1.709542986e+000 +1.709542986e+000 +8.960954299e+001 +8.960954299e+001 -2.8239e+000 -3.2056e-001
41 +1.456807464e+000 +1.456807464e+000 +8.935680746e+001 +8.935680746e+001 -3.5257e+000 -4.3013e-001
42 +3.528669871e-001 +3.528669871e-001 +8.825286699e+001 +8.825286699e+001 -3.4782e+000 -1.0768e+000
58 +3.241758789e-001 +3.241758789e-001 +8.822417588e+001 +8.822417588e+001 -3.6528e+000 -1.2865e+000
62 +1.051399861e-001 +1.051399861e-001 +8.800513999e+001 +8.800513999e+001 -3.4883e+000 -1.5434e+000
74 +4.218262668e-002 +4.218262668e-002 +8.794218263e+001 +8.794218263e+001 -3.2415e+000 -1.7736e+000
81 +1.019177230e-002 +1.019177230e-002 +8.791019177e+001 +8.791019177e+001 -3.2662e+000 -1.5976e+000
85 +7.905282851e-003 +7.905282851e-003 +8.790790528e+001 +8.790790528e+001 -3.1055e+000 -1.6472e+000
91 +1.872224428e-003 +1.872224428e-003 +8.790187222e+001 +8.790187222e+001 -3.1729e+000 -1.5396e+000
97 +5.970381446e-004 +5.970381446e-004 +8.790059704e+001 +8.790059704e+001 -3.1838e+000 -1.5996e+000
137 +1.891860646e-004 +1.891860646e-004 +8.790018919e+001 +8.790018919e+001 -3.1664e+000 -1.5962e+000
143 +8.461956334e-005 +8.461956334e-005 +8.790008462e+001 +8.790008462e+001 -3.1683e+000 -1.5914e+000
156 +3.257470675e-005 +3.257470675e-005 +8.790003257e+001 +8.790003257e+001 -3.1641e+000 -1.5876e+000
160 +2.650607318e-005 +2.650607318e-005 +8.790002651e+001 +8.790002651e+001 -3.1618e+000 -1.5801e+000
163 +5.733469905e-006 +5.733469905e-006 +8.790000573e+001 +8.790000573e+001 -3.1641e+000 -1.5830e+000
179 +2.993268083e-006 +2.993268083e-006 +8.790000299e+001 +8.790000299e+001 -3.1669e+000 -1.5841e+000
183 +1.813584376e-006 +1.813584376e-006 +8.790000181e+001 +8.790000181e+001 -3.1652e+000 -1.5831e+000
188 +1.547269846e-006 +1.547269846e-006 +8.790000155e+001 +8.790000155e+001 -3.1661e+000 -1.5836e+000
192 +6.608663767e-007 +6.608663767e-007 +8.790000066e+001 +8.790000066e+001 -3.1660e+000 -1.5831e+000
196 +4.131135114e-007 +4.131135114e-007 +8.790000041e+001 +8.790000041e+001 -3.1667e+000 -1.5830e+000
201 +5.092275046e-008 +5.092275046e-008 +8.790000005e+001 +8.790000005e+001 -3.1663e+000 -1.5822e+000
212 +4.315447200e-008 +4.315447200e-008 +8.790000004e+001 +8.790000004e+001 -3.1666e+000 -1.5824e+000
229 +3.627872047e-008 +3.627872047e-008 +8.790000004e+001 +8.790000004e+001 -3.1664e+000 -1.5826e+000
231 +5.447049034e-009 +5.447049034e-009 +8.790000001e+001 +8.790000001e+001 -3.1665e+000 -1.5824e+000
476 +0.000000000e+000 +0.000000000e+000 +8.790000000e+001 +8.790000000e+001 -3.1664e+000 -1.5824e+000
% function evaluation | noise-free fitness - Fopt (2.199800000000e+002) | best noise-free fitness - Fopt | measured fitness | best measured fitness | x1 | x2...
1 +1.531741139e+001 +1.531741139e+001 +2.352974114e+002 +2.352974114e+002 +9.0058e-001 +1.5389e-001
11 +1.356060019e+001 +1.356060019e+001 +2.335406002e+002 +2.335406002e+002 -2.4125e+000 -2.4594e+000
19 +1.046682122e+001 +1.046682122e+001 +2.304468212e+002 +2.304468212e+002 +4.9538e-001 -5.6744e-001
24 +1.174745878e+000 +1.174745878e+000 +2.211547459e+002 +2.211547459e+002 +3.8318e-002 -3.3285e+000
26 +6.177825279e-001 +6.177825279e-001 +2.205977825e+002 +2.205977825e+002 +3.4723e-001 -3.3746e+000
51 +8.682062846e-003 +8.682062846e-003 +2.199886821e+002 +2.199886821e+002 +1.1143e+000 -3.8042e+000
83 +4.892374812e-003 +4.892374812e-003 +2.199848924e+002 +2.199848924e+002 +9.6367e-001 -3.7590e+000
86 +3.432834921e-003 +3.432834921e-003 +2.199834328e+002 +2.199834328e+002 +1.0384e+000 -3.6992e+000
91 +2.282523743e-003 +2.282523743e-003 +2.199822825e+002 +2.199822825e+002 +1.0533e+000 -3.7141e+000
95 +4.871335370e-004 +4.871335370e-004 +2.199804871e+002 +2.199804871e+002 +1.0174e+000 -3.7726e+000
108 +2.983323309e-004 +2.983323309e-004 +2.199802983e+002 +2.199802983e+002 +1.0428e+000 -3.7430e+000
130 +2.467254984e-004 +2.467254984e-004 +2.199802467e+002 +2.199802467e+002 +1.0238e+000 -3.7453e+000
141 +2.003641517e-004 +2.003641517e-004 +2.199802004e+002 +2.199802004e+002 +1.0241e+000 -3.7681e+000
144 +5.327730562e-005 +5.327730562e-005 +2.199800533e+002 +2.199800533e+002 +1.0282e+000 -3.7625e+000
149 +4.710958748e-005 +4.710958748e-005 +2.199800471e+002 +2.199800471e+002 +1.0346e+000 -3.7644e+000
152 +2.523935106e-005 +2.523935106e-005 +2.199800252e+002 +2.199800252e+002 +1.0327e+000 -3.7625e+000
170 +7.703518435e-006 +7.703518435e-006 +2.199800077e+002 +2.199800077e+002 +1.0352e+000 -3.7598e+000
192 +7.277011520e-006 +7.277011520e-006 +2.199800073e+002 +2.199800073e+002 +1.0337e+000 -3.7549e+000
205 +1.016967786e-006 +1.016967786e-006 +2.199800010e+002 +2.199800010e+002 +1.0343e+000 -3.7583e+000
273 +9.935723142e-007 +9.935723142e-007 +2.199800010e+002 +2.199800010e+002 +1.0328e+000 -3.7571e+000
281 +9.343565637e-007 +9.343565637e-007 +2.199800009e+002 +2.199800009e+002 +1.0328e+000 -3.7570e+000
286 +3.721451378e-007 +3.721451378e-007 +2.199800004e+002 +2.199800004e+002 +1.0330e+000 -3.7574e+000
305 +3.706181815e-007 +3.706181815e-007 +2.199800004e+002 +2.199800004e+002 +1.0331e+000 -3.7573e+000
307 +2.966841350e-007 +2.966841350e-007 +2.199800003e+002 +2.199800003e+002 +1.0331e+000 -3.7575e+000
309 +8.400613183e-008 +8.400613183e-008 +2.199800001e+002 +2.199800001e+002 +1.0334e+000 -3.7574e+000
316 +2.604909355e-008 +2.604909355e-008 +2.199800000e+002 +2.199800000e+002 +1.0335e+000 -3.7575e+000
318 +2.120290787e-008 +2.120290787e-008 +2.199800000e+002 +2.199800000e+002 +1.0336e+000 -3.7575e+000
330 +2.779927399e-009 +2.779927399e-009 +2.199800000e+002 +2.199800000e+002 +1.0335e+000 -3.7576e+000
601 +0.000000000e+000 +0.000000000e+000 +2.199800000e+002 +2.199800000e+002 +1.0336e+000 -3.7576e+000
% function evaluation | noise-free fitness - Fopt (-2.784000000000e+001) | best noise-free fitness - Fopt | measured fitness | best measured fitness | x1 | x2...
1 +3.258153049e+002 +3.258153049e+002 +2.979753049e+002 +2.979753049e+002 -1.8166e+001 +4.7006e+000
2 +8.641295526e+000 +8.641295526e+000 -1.919870447e+001 -1.919870447e+001 +8.4971e-001 +4.9439e+000
3 +3.770398665e+000 +3.770398665e+000 -2.406960134e+001 -2.406960134e+001 -2.0397e+000 +3.0631e+000
9 +7.293282254e-001 +7.293282254e-001 -2.711067177e+001 -2.711067177e+001 -6.4242e-001 +1.4565e+000
21 +2.223972319e-001 +2.223972319e-001 -2.761760277e+001 -2.761760277e+001 -8.6075e-002 +2.6597e+000
28 +1.550004474e-001 +1.550004474e-001 -2.768499955e+001 -2.768499955e+001 -5.7224e-001 +2.5010e+000
29 +6.929665470e-002 +6.929665470e-002 -2.777070335e+001 -2.777070335e+001 -4.1890e-002 +2.3334e+000
38 +1.400911518e-002 +1.400911518e-002 -2.782599088e+001 -2.782599088e+001 -3.9804e-001 +2.2664e+000
52 +8.355021428e-003 +8.355021428e-003 -2.783164498e+001 -2.783164498e+001 -1.9895e-001 +2.2634e+000
67 +2.593581464e-003 +2.593581464e-003 -2.783740642e+001 -2.783740642e+001 -2.3616e-001 +2.2169e+000
73 +2.536459661e-003 +2.536459661e-003 -2.783746354e+001 -2.783746354e+001 -2.3445e-001 +2.2308e+000
74 +5.728906461e-004 +5.728906461e-004 -2.783942711e+001 -2.783942711e+001 -2.6094e-001 +2.2339e+000
85 +1.535283897e-005 +1.535283897e-005 -2.783998465e+001 -2.783998465e+001 -2.8685e-001 +2.2287e+000
116 +5.284105271e-006 +5.284105271e-006 -2.783999472e+001 -2.783999472e+001 -2.8303e-001 +2.2305e+000
146 +1.800582716e-006 +1.800582716e-006 -2.783999820e+001 -2.783999820e+001 -2.8535e-001 +2.2308e+000
151 +1.064108105e-006 +1.064108105e-006 -2.783999894e+001 -2.783999894e+001 -2.8414e-001 +2.2312e+000
165 +3.865219718e-007 +3.865219718e-007 -2.783999961e+001 -2.783999961e+001 -2.8419e-001 +2.2321e+000
174 +2.245480886e-007 +2.245480886e-007 -2.783999978e+001 -2.783999978e+001 -2.8495e-001 +2.2316e+000
181 +4.636808981e-008 +4.636808981e-008 -2.783999995e+001 -2.783999995e+001 -2.8467e-001 +2.2318e+000
194 +4.470446768e-008 +4.470446768e-008 -2.783999996e+001 -2.783999996e+001 -2.8499e-001 +2.2319e+000
202 +3.164357310e-008 +3.164357310e-008 -2.783999997e+001 -2.783999997e+001 -2.8470e-001 +2.2319e+000
203 +1.743037359e-008 +1.743037359e-008 -2.783999998e+001 -2.783999998e+001 -2.8482e-001 +2.2319e+000
222 +1.695419982e-008 +1.695419982e-008 -2.783999998e+001 -2.783999998e+001 -2.8480e-001 +2.2319e+000
226 +1.650769121e-008 +1.650769121e-008 -2.783999998e+001 -2.783999998e+001 -2.8480e-001 +2.2319e+000
243 +1.550772666e-008 +1.550772666e-008 -2.783999998e+001 -2.783999998e+001 -2.8479e-001 +2.2319e+000
253 +1.278529638e-008 +1.278529638e-008 -2.783999999e+001 -2.783999999e+001 -2.8478e-001 +2.2319e+000
254 +1.246893433e-008 +1.246893433e-008 -2.783999999e+001 -2.783999999e+001 -2.8479e-001 +2.2319e+000
262 +1.129225424e-008 +1.129225424e-008 -2.783999999e+001 -2.783999999e+001 -2.8481e-001 +2.2319e+000
266 +1.090677060e-008 +1.090677060e-008 -2.783999999e+001 -2.783999999e+001 -2.8479e-001 +2.2319e+000
271 +9.139633050e-009 +9.139633050e-009 -2.783999999e+001 -2.783999999e+001 -2.8477e-001 +2.2319e+000
600 +0.000000000e+000 +0.000000000e+000 -2.784000000e+001 -2.784000000e+001 -2.8480e-001 +2.2320e+000
% function evaluation | noise-free fitness - Fopt (2.027000000000e+001) | best noise-free fitness - Fopt | measured fitness | best measured fitness | x1 | x2...
1 +1.521560149e+001 +1.521560149e+001 +3.548560149e+001 +3.548560149e+001 +2.8129e+000 -5.0122e+000
2 +1.171264429e+001 +1.171264429e+001 +3.198264429e+001 +3.198264429e+001 +3.8442e+000 -4.4422e+000
6 +7.541935246e+000 +7.541935246e+000 +2.781193525e+001 +2.781193525e+001 +1.4905e+000 -3.3904e+000
15 +7.393520512e+000 +7.393520512e+000 +2.766352051e+001 +2.766352051e+001 +3.1710e+000 -3.8331e+000
18 +2.750908392e+000 +2.750908392e+000 +2.302090839e+001 +2.302090839e+001 +2.0366e+000 -2.4443e+000
29 +1.271827713e+000 +1.271827713e+000 +2.154182771e+001 +2.154182771e+001 +2.7906e+000 -2.2192e+000
38 +9.350053856e-001 +9.350053856e-001 +2.120500539e+001 +2.120500539e+001 +3.3313e+000 -2.0371e+000
43 +3.129270793e-001 +3.129270793e-001 +2.058292708e+001 +2.058292708e+001 +3.0729e+000 -1.6755e+000
62 +1.820893198e-001 +1.820893198e-001 +2.045208932e+001 +2.045208932e+001 +3.0124e+000 -1.5439e+000
64 +1.187006419e-002 +1.187006419e-002 +2.028187006e+001 +2.028187006e+001 +2.9774e+000 -1.0233e+000
65 +8.681003432e-003 +8.681003432e-003 +2.027868100e+001 +2.027868100e+001 +2.9842e+000 -1.1976e+000
77 +1.993939843e-003 +1.993939843e-003 +2.027199394e+001 +2.027199394e+001 +2.9895e+000 -1.1039e+000
128 +8.314017563e-004 +8.314017563e-004 +2.027083140e+001 +2.027083140e+001 +3.0592e+000 -1.1271e+000
135 +7.937552304e-004 +7.937552304e-004 +2.027079376e+001 +2.027079376e+001 +3.0473e+000 -1.0939e+000
136 +3.432563822e-004 +3.432563822e-004 +2.027034326e+001 +2.027034326e+001 +3.0452e+000 -1.1046e+000
144 +1.723920054e-004 +1.723920054e-004 +2.027017239e+001 +2.027017239e+001 +3.0422e+000 -1.1093e+000
153 +1.190633328e-004 +1.190633328e-004 +2.027011906e+001 +2.027011906e+001 +3.0342e+000 -1.1069e+000
161 +4.487007723e-005 +4.487007723e-005 +2.027004487e+001 +2.027004487e+001 +3.0295e+000 -1.1114e+000
163 +3.733170366e-005 +3.733170366e-005 +2.027003733e+001 +2.027003733e+001 +3.0288e+000 -1.1124e+000
172 +2.593437956e-005 +2.593437956e-005 +2.027002593e+001 +2.027002593e+001 +3.0301e+000 -1.1129e+000
173 +1.799937307e-005 +1.799937307e-005 +2.027001800e+001 +2.027001800e+001 +3.0297e+000 -1.1141e+000
179 +1.052521808e-005 +1.052521808e-005 +2.027001053e+001 +2.027001053e+001 +3.0288e+000 -1.1169e+000
189 +7.299746954e-006 +7.299746954e-006 +2.027000730e+001 +2.027000730e+001 +3.0298e+000 -1.1160e+000
190 +3.905928232e-006 +3.905928232e-006 +2.027000391e+001 +2.027000391e+001 +3.0306e+000 -1.1162e+000
192 +1.743306726e-007 +1.743306726e-007 +2.027000017e+001 +2.027000017e+001 +3.0316e+000 -1.1176e+000
247 +3.149506966e-008 +3.149506966e-008 +2.027000003e+001 +2.027000003e+001 +3.0322e+000 -1.1177e+000
321 +1.555418194e-008 +1.555418194e-008 +2.027000002e+001 +2.027000002e+001 +3.0319e+000 -1.1175e+000
322 +9.017771418e-009 +9.017771418e-009 +2.027000001e+001 +2.027000001e+001 +3.0319e+000 -1.1176e+000
553 +0.000000000e+000 +0.000000000e+000 +2.027000000e+001 +2.027000000e+001 +3.0320e+000 -1.1176e+000
% function evaluation | noise-free fitness - Fopt (9.302900000000e+002) | best noise-free fitness - Fopt | measured fitness | best measured fitness | x1 | x2...
1 +7.888526671e+001 +7.888526671e+001 +1.009175267e+003 +1.009175267e+003 +6.6945e+000 -4.1852e+000
2 +9.120742050e+000 +9.120742050e+000 +9.394107420e+002 +9.394107420e+002 +1.3571e+000 -1.5671e+000
6 +7.981412418e+000 +7.981412418e+000 +9.382714124e+002 +9.382714124e+002 +1.1847e+000 -7.3123e-001
26 +7.939140414e+000 +7.939140414e+000 +9.382291404e+002 +9.382291404e+002 +1.1893e+000 -8.5772e-001
39 +7.682246673e+000 +7.682246673e+000 +9.379722467e+002 +9.379722467e+002 +1.1503e+000 -1.0079e+000
47 +7.217448946e+000 +7.217448946e+000 +9.375074489e+002 +9.375074489e+002 +1.0585e+000 -8.6703e-001
55 +6.829948050e+000 +6.829948050e+000 +9.371199481e+002 +9.371199481e+002 +9.9258e-001 -1.0503e+000
62 +5.231816283e+000 +5.231816283e+000 +9.355218163e+002 +9.355218163e+002 +5.1094e-001 -2.3483e-001
66 +1.018465190e+000 +1.018465190e+000 +9.313084652e+002 +9.313084652e+002 -1.0292e+000 -2.4643e-001
73 +2.338742463e-001 +2.338742463e-001 +9.305238742e+002 +9.305238742e+002 -1.2423e+000 -1.3650e+000
81 +2.260447995e-001 +2.260447995e-001 +9.305160448e+002 +9.305160448e+002 -1.2824e+000 -7.3000e-001
90 +1.539526688e-002 +1.539526688e-002 +9.303053953e+002 +9.303053953e+002 -1.6305e+000 -1.1877e+000
96 +7.345245531e-003 +7.345245531e-003 +9.302973452e+002 +9.302973452e+002 -1.5943e+000 -9.8249e-001
114 +5.348153670e-003 +5.348153670e-003 +9.302953482e+002 +9.302953482e+002 -1.5757e+000 -1.0064e+000
116 +3.988273559e-003 +3.988273559e-003 +9.302939883e+002 +9.302939883e+002 -1.5903e+000 -1.0087e+000
124 +1.237224225e-003 +1.237224225e-003 +9.302912372e+002 +9.302912372e+002 -1.6256e+000 -1.0292e+000
134 +9.617564845e-004 +9.617564845e-004 +9.302909618e+002 +9.302909618e+002 -1.6386e+000 -1.0386e+000
141 +5.628019026e-004 +5.628019026e-004 +9.302905628e+002 +9.302905628e+002 -1.6337e+000 -1.0441e+000
155 +3.182043008e-004 +3.182043008e-004 +9.302903182e+002 +9.302903182e+002 -1.6346e+000 -1.0752e+000
156 +4.963554466e-005 +4.963554466e-005 +9.302900496e+002 +9.302900496e+002 -1.6248e+000 -1.0582e+000
182 +1.571366852e-006 +1.571366852e-006 +9.302900016e+002 +9.302900016e+002 -1.6205e+000 -1.0628e+000
192 +3.083946467e-007 +3.083946467e-007 +9.302900003e+002 +9.302900003e+002 -1.6211e+000 -1.0635e+000
254 +1.887328835e-007 +1.887328835e-007 +9.302900002e+002 +9.302900002e+002 -1.6209e+000 -1.0644e+000
261 +9.798282008e-008 +9.798282008e-008 +9.302900001e+002 +9.302900001e+002 -1.6208e+000 -1.0643e+000
277 +9.206132745e-008 +9.206132745e-008 +9.302900001e+002 +9.302900001e+002 -1.6210e+000 -1.0642e+000
278 +6.054631285e-008 +6.054631285e-008 +9.302900001e+002 +9.302900001e+002 -1.6207e+000 -1.0642e+000
282 +5.244305612e-008 +5.244305612e-008 +9.302900001e+002 +9.302900001e+002 -1.6209e+000 -1.0642e+000
288 +4.855667157e-008 +4.855667157e-008 +9.302900000e+002 +9.302900000e+002 -1.6209e+000 -1.0642e+000
292 +4.084813554e-008 +4.084813554e-008 +9.302900000e+002 +9.302900000e+002 -1.6208e+000 -1.0642e+000
309 +7.801418178e-009 +7.801418178e-009 +9.302900000e+002 +9.302900000e+002 -1.6207e+000 -1.0640e+000
434 +0.000000000e+000 +0.000000000e+000 +9.302900000e+002 +9.302900000e+002 -1.6208e+000 -1.0640e+000
% function evaluation | noise-free fitness - Fopt (7.786100000000e+002) | best noise-free fitness - Fopt | measured fitness | best measured fitness | x1 | x2...
1 +3.776283142e+002 +3.776283142e+002 +1.156238314e+003 +1.156238314e+003 +1.5541e+001 -2.3070e+000
2 +1.828390608e+002 +1.828390608e+002 +9.614490608e+002 +9.614490608e+002 +5.1939e+000 +6.2509e+000
3 +1.273755737e+002 +1.273755737e+002 +9.059855737e+002 +9.059855737e+002 +3.6666e+000 +4.6173e+000
4 +1.088911620e+001 +1.088911620e+001 +7.894991162e+002 +7.894991162e+002 -3.9588e+000 -7.1143e+000
13 +7.261811370e+000 +7.261811370e+000 +7.858718114e+002 +7.858718114e+002 -5.9312e+000 -2.1261e+000
34 +1.403525715e+000 +1.403525715e+000 +7.800135257e+002 +7.800135257e+002 -3.6669e+000 -2.6438e+000
71 +9.557249150e-001 +9.557249150e-001 +7.795657249e+002 +7.795657249e+002 -4.1333e+000 -2.8865e+000
84 +6.922541315e-001 +6.922541315e-001 +7.793022541e+002 +7.793022541e+002 -3.9647e+000 -2.9953e+000
88 +5.168483354e-001 +5.168483354e-001 +7.791268483e+002 +7.791268483e+002 -3.8204e+000 -3.0980e+000
89 +4.063170055e-001 +4.063170055e-001 +7.790163170e+002 +7.790163170e+002 -3.9832e+000 -3.1974e+000
92 +2.087908130e-001 +2.087908130e-001 +7.788187908e+002 +7.788187908e+002 -3.9011e+000 -3.3650e+000
101 +6.437410276e-002 +6.437410276e-002 +7.786743741e+002 +7.786743741e+002 -3.5886e+000 -3.8855e+000
116 +2.640826657e-002 +2.640826657e-002 +7.786364083e+002 +7.786364083e+002 -3.7605e+000 -3.6712e+000
128 +6.852183984e-003 +6.852183984e-003 +7.786168522e+002 +7.786168522e+002 -3.9131e+000 -3.7969e+000
154 +3.547457395e-003 +3.547457395e-003 +7.786135475e+002 +7.786135475e+002 -3.7939e+000 -3.8619e+000
167 +2.662962219e-003 +2.662962219e-003 +7.786126630e+002 +7.786126630e+002 -3.8313e+000 -3.8684e+000
176 +9.815441077e-004 +9.815441077e-004 +7.786109815e+002 +7.786109815e+002 -3.8118e+000 -3.7935e+000
181 +5.389163524e-004 +5.389163524e-004 +7.786105389e+002 +7.786105389e+002 -3.8298e+000 -3.8398e+000
185 +4.038217450e-004 +4.038217450e-004 +7.786104038e+002 +7.786104038e+002 -3.8137e+000 -3.8232e+000
186 +2.058049853e-004 +2.058049853e-004 +7.786102058e+002 +7.786102058e+002 -3.8187e+000 -3.8195e+000
189 +4.319295010e-005 +4.319295010e-005 +7.786100432e+002 +7.786100432e+002 -3.8262e+000 -3.8168e+000
202 +4.234657467e-005 +4.234657467e-005 +7.786100423e+002 +7.786100423e+002 -3.8308e+000 -3.8106e+000
206 +4.749815048e-006 +4.749815048e-006 +7.786100047e+002 +7.786100047e+002 -3.8311e+000 -3.8155e+000
213 +2.984380217e-006 +2.984380217e-006 +7.786100030e+002 +7.786100030e+002 -3.8315e+000 -3.8179e+000
223 +1.306455033e-007 +1.306455033e-007 +7.786100001e+002 +7.786100001e+002 -3.8325e+000 -3.8170e+000
259 +4.876108051e-008 +4.876108051e-008 +7.786100000e+002 +7.786100000e+002 -3.8326e+000 -3.8169e+000
272 +3.739523891e-008 +3.739523891e-008 +7.786100000e+002 +7.786100000e+002 -3.8328e+000 -3.8166e+000
285 +2.139154276e-008 +2.139154276e-008 +7.786100000e+002 +7.786100000e+002 -3.8329e+000 -3.8167e+000
291 +8.079268810e-009 +8.079268810e-009 +7.786100000e+002 +7.786100000e+002 -3.8329e+000 -3.8168e+000
405 +0.000000000e+000 +0.000000000e+000 +7.786100000e+002 +7.786100000e+002 -3.8328e+000 -3.8168e+000
% function evaluation | noise-free fitness - Fopt (-2.051000000000e+001) | best noise-free fitness - Fopt | measured fitness | best measured fitness | x1 | x2...
1 +6.456775824e+001 +6.456775824e+001 +4.405775824e+001 +4.405775824e+001 +1.4972e+000 -4.5315e+000
3 +5.785118571e+001 +5.785118571e+001 +3.734118571e+001 +3.734118571e+001 -1.1403e+000 -5.4067e+000
6 +5.248210365e+001 +5.248210365e+001 +3.197210365e+001 +3.197210365e+001 +1.5511e-001 -4.4655e+000
12 +4.906387213e+001 +4.906387213e+001 +2.855387213e+001 +2.855387213e+001 -1.6600e+000 -4.9271e+000
14 +4.865298861e+001 +4.865298861e+001 +2.814298861e+001 +2.814298861e+001 -4.0059e+000 -5.0783e+000
16 +1.277617995e+001 +1.277617995e+001 -7.733820050e+000 -7.733820050e+000 -1.9564e+000 -1.4187e+000
29 +1.515390037e+000 +1.515390037e+000 -1.899460996e+001 -1.899460996e+001 -2.8729e+000 +2.9963e+000
53 +1.419709178e+000 +1.419709178e+000 -1.909029082e+001 -1.909029082e+001 -3.1353e+000 +6.9768e-001
73 +1.326302492e+000 +1.326302492e+000 -1.918369751e+001 -1.918369751e+001 -3.9277e+000 +8.6336e-001
76 +1.299416891e+000 +1.299416891e+000 -1.921058311e+001 -1.921058311e+001 -3.1283e+000 +7.5175e-001
81 +1.046027593e+000 +1.046027593e+000 -1.946397241e+001 -1.946397241e+001 -3.5890e+000 +8.6969e-001
94 +6.135816470e-001 +6.135816470e-001 -1.989641835e+001 -1.989641835e+001 -4.0563e+000 +1.5022e+000
100 +3.763854019e-001 +3.763854019e-001 -2.013361460e+001 -2.013361460e+001 -2.7579e+000 +1.7671e+000
101 +9.581515300e-002 +9.581515300e-002 -2.041418485e+001 -2.041418485e+001 -3.1639e+000 +1.6304e+000
104 +5.528461623e-002 +5.528461623e-002 -2.045471538e+001 -2.045471538e+001 -3.4001e+000 +1.6350e+000
105 +2.088081218e-002 +2.088081218e-002 -2.048911919e+001 -2.048911919e+001 -3.3442e+000 +1.7240e+000
109 +1.115049643e-002 +1.115049643e-002 -2.049884950e+001 -2.049884950e+001 -3.2613e+000 +1.8950e+000
111 +7.168428633e-003 +7.168428633e-003 -2.050283157e+001 -2.050283157e+001 -3.3053e+000 +1.8055e+000
124 +1.257083941e-003 +1.257083941e-003 -2.050874292e+001 -2.050874292e+001 -3.3744e+000 +1.8336e+000
126 +1.195135432e-003 +1.195135432e-003 -2.050880486e+001 -2.050880486e+001 -3.3725e+000 +1.8339e+000
135 +1.124027507e-003 +1.124027507e-003 -2.050887597e+001 -2.050887597e+001 -3.3620e+000 +1.8337e+000
182 +3.661229098e-004 +3.661229098e-004 -2.050963388e+001 -2.050963388e+001 -3.3447e+000 +1.8722e+000
192 +3.248273187e-005 +3.248273187e-005 -2.050996752e+001 -2.050996752e+001 -3.3576e+000 +1.8663e+000
205 +2.648409866e-005 +2.648409866e-005 -2.050997352e+001 -2.050997352e+001 -3.3598e+000 +1.8634e+000
206 +2.215153108e-005 +2.215153108e-005 -2.050997785e+001 -2.050997785e+001 -3.3615e+000 +1.8628e+000
216 +1.749333366e-005 +1.749333366e-005 -2.050998251e+001 -2.050998251e+001 -3.3618e+000 +1.8633e+000
217 +1.417387329e-005 +1.417387329e-005 -2.050998583e+001 -2.050998583e+001 -3.3615e+000 +1.8638e+000
234 +1.176761051e-005 +1.176761051e-005 -2.050998823e+001 -2.050998823e+001 -3.3620e+000 +1.8640e+000
243 +7.950891714e-007 +7.950891714e-007 -2.050999920e+001 -2.050999920e+001 -3.3623e+000 +1.8669e+000
309 +2.500098866e-007 +2.500098866e-007 -2.050999975e+001 -2.050999975e+001 -3.3628e+000 +1.8669e+000
336 +2.817798972e-008 +2.817798972e-008 -2.050999997e+001 -2.050999997e+001 -3.3632e+000 +1.8670e+000
357 +2.386891396e-008 +2.386891396e-008 -2.050999998e+001 -2.050999998e+001 -3.3631e+000 +1.8673e+000
364 +1.812285433e-008 +1.812285433e-008 -2.050999998e+001 -2.050999998e+001 -3.3631e+000 +1.8672e+000
374 +9.118974020e-009 +9.118974020e-009 -2.050999999e+001 -2.050999999e+001 -3.3631e+000 +1.8672e+000
602 +0.000000000e+000 +0.000000000e+000 -2.051000000e+001 -2.051000000e+001 -3.3632e+000 +1.8672e+000
% function evaluation | noise-free fitness - Fopt (-1.000000000000e+003) | best noise-free fitness - Fopt | measured fitness | best measured fitness | x1 | x2...
1 +3.470299910e+001 +3.470299910e+001 -9.652970009e+002 -9.652970009e+002 +8.2481e+000 +1.5918e+000
4 +4.553866875e+000 +4.553866875e+000 -9.954461331e+002 -9.954461331e+002 +3.5415e+000 +4.2163e+000
6 +2.833095709e+000 +2.833095709e+000 -9.971669043e+002 -9.971669043e+002 +4.0453e+000 +2.8178e+000
11 +6.874374702e-001 +6.874374702e-001 -9.993125625e+002 -9.993125625e+002 +3.2171e+000 +2.6094e+000
21 +5.518097357e-001 +5.518097357e-001 -9.994481903e+002 -9.994481903e+002 +2.9678e+000 +2.8995e+000
23 +2.666962230e-001 +2.666962230e-001 -9.997333038e+002 -9.997333038e+002 +2.7234e+000 +2.8180e+000
36 +4.356268456e-002 +4.356268456e-002 -9.999564373e+002 -9.999564373e+002 +2.4959e+000 +2.5966e+000
91 +1.546709425e-002 +1.546709425e-002 -9.999845329e+002 -9.999845329e+002 +2.3454e+000 +2.3008e+000
101 +7.935608565e-003 +7.935608565e-003 -9.999920644e+002 -9.999920644e+002 +2.3658e+000 +2.4800e+000
102 +1.746059322e-003 +1.746059322e-003 -9.999982539e+002 -9.999982539e+002 +2.4077e+000 +2.3634e+000
116 +3.001301270e-004 +3.001301270e-004 -9.999996999e+002 -9.999996999e+002 +2.4088e+000 +2.4215e+000
133 +1.064253078e-004 +1.064253078e-004 -9.999998936e+002 -9.999998936e+002 +2.4036e+000 +2.4072e+000
142 +5.949131332e-005 +5.949131332e-005 -9.999999405e+002 -9.999999405e+002 +2.4110e+000 +2.4121e+000
151 +2.251186390e-005 +2.251186390e-005 -9.999999775e+002 -9.999999775e+002 +2.4090e+000 +2.4061e+000
155 +2.059477401e-005 +2.059477401e-005 -9.999999794e+002 -9.999999794e+002 +2.4110e+000 +2.4085e+000
163 +1.613762140e-005 +1.613762140e-005 -9.999999839e+002 -9.999999839e+002 +2.4102e+000 +2.4069e+000
165 +1.149514185e-005 +1.149514185e-005 -9.999999885e+002 -9.999999885e+002 +2.4109e+000 +2.4068e+000
173 +5.967426205e-006 +5.967426205e-006 -9.999999940e+002 -9.999999940e+002 +2.4115e+000 +2.4060e+000
182 +7.866977967e-007 +7.866977967e-007 -9.999999992e+002 -9.999999992e+002 +2.4127e+000 +2.4050e+000
216 +1.961853968e-007 +1.961853968e-007 -9.999999998e+002 -9.999999998e+002 +2.4138e+000 +2.4044e+000
224 +1.455046004e-007 +1.455046004e-007 -9.999999999e+002 -9.999999999e+002 +2.4134e+000 +2.4045e+000
231 +1.105336196e-007 +1.105336196e-007 -9.999999999e+002 -9.999999999e+002 +2.4135e+000 +2.4045e+000
234 +7.319306405e-008 +7.319306405e-008 -9.999999999e+002 -9.999999999e+002 +2.4134e+000 +2.4046e+000
241 +4.188802905e-008 +4.188802905e-008 -1.000000000e+003 -1.000000000e+003 +2.4134e+000 +2.4047e+000
261 +3.195475529e-008 +3.195475529e-008 -1.000000000e+003 -1.000000000e+003 +2.4134e+000 +2.4048e+000
279 +1.913849701e-008 +1.913849701e-008 -1.000000000e+003 -1.000000000e+003 +2.4135e+000 +2.4047e+000
281 +7.025391824e-009 +7.025391824e-009 -1.000000000e+003 -1.000000000e+003 +2.4136e+000 +2.4047e+000
441 +0.000000000e+000 +0.000000000e+000 -1.000000000e+003 -1.000000000e+003 +2.4136e+000 +2.4048e+000
% function evaluation | noise-free fitness - Fopt (-1.730800000000e+002) | best noise-free fitness - Fopt | measured fitness | best measured fitness | x1 | x2...
1 +3.879594738e+001 +3.879594738e+001 -1.342840526e+002 -1.342840526e+002 +5.7881e-001 -8.2156e+000
3 +1.556768193e+001 +1.556768193e+001 -1.575123181e+002 -1.575123181e+002 -1.6653e+000 -1.8281e-001
4 +7.788521719e+000 +7.788521719e+000 -1.652914783e+002 -1.652914783e+002 -2.5542e+000 -1.0314e+000
19 +2.266280362e+000 +2.266280362e+000 -1.708137196e+002 -1.708137196e+002 -4.5036e+000 -2.3955e+000
21 +8.832950436e-001 +8.832950436e-001 -1.721967050e+002 -1.721967050e+002 -4.3541e+000 -3.0292e+000
104 +7.465834930e-001 +7.465834930e-001 -1.723334165e+002 -1.723334165e+002 -3.3003e+000 -2.8080e+000
135 +7.187941085e-001 +7.187941085e-001 -1.723612059e+002 -1.723612059e+002 -3.6281e+000 -2.7643e+000
136 +6.385235320e-001 +6.385235320e-001 -1.724414765e+002 -1.724414765e+002 -3.5550e+000 -2.8153e+000
147 +4.193351142e-001 +4.193351142e-001 -1.726606649e+002 -1.726606649e+002 -3.8326e+000 -3.0014e+000
151 +2.804528509e-001 +2.804528509e-001 -1.727995471e+002 -1.727995471e+002 -3.6671e+000 -3.0848e+000
162 +1.962304075e-002 +1.962304075e-002 -1.730603770e+002 -1.730603770e+002 -3.7511e+000 -3.5723e+000
172 +1.608575185e-002 +1.608575185e-002 -1.730639142e+002 -1.730639142e+002 -3.6380e+000 -3.4869e+000
194 +1.872469878e-003 +1.872469878e-003 -1.730781275e+002 -1.730781275e+002 -3.6240e+000 -3.5693e+000
218 +1.827386038e-003 +1.827386038e-003 -1.730781726e+002 -1.730781726e+002 -3.6212e+000 -3.5695e+000
228 +1.300989008e-003 +1.300989008e-003 -1.730786990e+002 -1.730786990e+002 -3.6528e+000 -3.6101e+000
229 +8.081805065e-004 +8.081805065e-004 -1.730791918e+002 -1.730791918e+002 -3.5966e+000 -3.5920e+000
235 +2.074000506e-004 +2.074000506e-004 -1.730797926e+002 -1.730797926e+002 -3.6034e+000 -3.6172e+000
244 +2.785571232e-005 +2.785571232e-005 -1.730799721e+002 -1.730799721e+002 -3.6165e+000 -3.6067e+000
251 +3.719118496e-006 +3.719118496e-006 -1.730799963e+002 -1.730799963e+002 -3.6149e+000 -3.6122e+000
255 +1.160399364e-006 +1.160399364e-006 -1.730799988e+002 -1.730799988e+002 -3.6161e+000 -3.6111e+000
280 +1.059112293e-006 +1.059112293e-006 -1.730799989e+002 -1.730799989e+002 -3.6166e+000 -3.6110e+000
293 +4.788531101e-007 +4.788531101e-007 -1.730799995e+002 -1.730799995e+002 -3.6169e+000 -3.6113e+000
307 +3.604586141e-007 +3.604586141e-007 -1.730799996e+002 -1.730799996e+002 -3.6165e+000 -3.6115e+000
311 +1.541937138e-007 +1.541937138e-007 -1.730799998e+002 -1.730799998e+002 -3.6169e+000 -3.6116e+000
335 +1.143084774e-007 +1.143084774e-007 -1.730799999e+002 -1.730799999e+002 -3.6171e+000 -3.6121e+000
340 +1.081445475e-007 +1.081445475e-007 -1.730799999e+002 -1.730799999e+002 -3.6167e+000 -3.6123e+000
341 +8.558015452e-008 +8.558015452e-008 -1.730799999e+002 -1.730799999e+002 -3.6169e+000 -3.6123e+000
342 +5.852558616e-008 +5.852558616e-008 -1.730799999e+002 -1.730799999e+002 -3.6168e+000 -3.6122e+000
350 +3.464509746e-008 +3.464509746e-008 -1.730800000e+002 -1.730800000e+002 -3.6168e+000 -3.6122e+000
359 +2.950292810e-008 +2.950292810e-008 -1.730800000e+002 -1.730800000e+002 -3.6168e+000 -3.6122e+000
364 +2.383981723e-008 +2.383981723e-008 -1.730800000e+002 -1.730800000e+002 -3.6167e+000 -3.6121e+000
369 +1.694260732e-008 +1.694260732e-008 -1.730800000e+002 -1.730800000e+002 -3.6168e+000 -3.6121e+000
371 +6.104897921e-009 +6.104897921e-009 -1.730800000e+002 -1.730800000e+002 -3.6167e+000 -3.6120e+000
640 +0.000000000e+000 +0.000000000e+000 -1.730800000e+002 -1.730800000e+002 -3.6168e+000 -3.6120e+000
% function evaluation | noise-free fitness - Fopt (5.309000000000e+001) | best noise-free fitness - Fopt | measured fitness | best measured fitness | x1 | x2...
1 +2.980303434e+002 +2.980303434e+002 +3.511203434e+002 +3.511203434e+002 +1.5451e+001 -6.8716e+000
3 +3.136940840e+001 +3.136940840e+001 +8.445940840e+001 +8.445940840e+001 +3.6703e+000 -5.7216e+000
9 +2.746982144e+001 +2.746982144e+001 +8.055982144e+001 +8.055982144e+001 +3.7487e+000 -3.3023e+000
12 +1.164245541e+001 +1.164245541e+001 +6.473245541e+001 +6.473245541e+001 +1.8662e+000 -2.9072e+000
22 +2.876725043e+000 +2.876725043e+000 +5.596672504e+001 +5.596672504e+001 +1.4887e-001 -3.9848e+000
25 +2.694918131e+000 +2.694918131e+000 +5.578491813e+001 +5.578491813e+001 -8.1724e-003 -4.2499e+000
34 +1.148092263e+000 +1.148092263e+000 +5.423809226e+001 +5.423809226e+001 -1.9234e+000 -4.5163e+000
42 +6.344483769e-001 +6.344483769e-001 +5.372444838e+001 +5.372444838e+001 -2.2786e+000 -3.6274e+000
51 +2.607053479e-001 +2.607053479e-001 +5.335070535e+001 +5.335070535e+001 -1.2576e+000 -3.9937e+000
55 +1.249857654e-001 +1.249857654e-001 +5.321498577e+001 +5.321498577e+001 -1.8002e+000 -3.7020e+000
67 +1.200779226e-002 +1.200779226e-002 +5.310200779e+001 +5.310200779e+001 -1.5318e+000 -3.6377e+000
145 +1.160756074e-002 +1.160756074e-002 +5.310160756e+001 +5.310160756e+001 -1.4836e+000 -3.6453e+000
153 +7.565162180e-003 +7.565162180e-003 +5.309756516e+001 +5.309756516e+001 -1.4837e+000 -3.6245e+000
155 +4.903887133e-003 +4.903887133e-003 +5.309490389e+001 +5.309490389e+001 -1.4797e+000 -3.6072e+000
161 +3.707234912e-003 +3.707234912e-003 +5.309370723e+001 +5.309370723e+001 -1.4784e+000 -3.5978e+000
169 +2.344097718e-004 +2.344097718e-004 +5.309023441e+001 +5.309023441e+001 -1.4827e+000 -3.5230e+000
178 +2.178703151e-005 +2.178703151e-005 +5.309002179e+001 +5.309002179e+001 -1.4828e+000 -3.5392e+000
193 +1.066944895e-005 +1.066944895e-005 +5.309001067e+001 +5.309001067e+001 -1.4839e+000 -3.5378e+000
221 +9.185388940e-006 +9.185388940e-006 +5.309000919e+001 +5.309000919e+001 -1.4845e+000 -3.5362e+000
227 +8.964924113e-006 +8.964924113e-006 +5.309000896e+001 +5.309000896e+001 -1.4843e+000 -3.5370e+000
232 +7.866841841e-006 +7.866841841e-006 +5.309000787e+001 +5.309000787e+001 -1.4847e+000 -3.5363e+000
237 +3.267658961e-006 +3.267658961e-006 +5.309000327e+001 +5.309000327e+001 -1.4855e+000 -3.5383e+000
240 +2.392262651e-006 +2.392262651e-006 +5.309000239e+001 +5.309000239e+001 -1.4858e+000 -3.5369e+000
243 +1.287016815e-006 +1.287016815e-006 +5.309000129e+001 +5.309000129e+001 -1.4861e+000 -3.5377e+000
251 +1.553032547e-008 +1.553032547e-008 +5.309000002e+001 +5.309000002e+001 -1.4873e+000 -3.5375e+000
254 +2.484313200e-009 +2.484313200e-009 +5.309000000e+001 +5.309000000e+001 -1.4872e+000 -3.5376e+000
518 +0.000000000e+000 +0.000000000e+000 +5.309000000e+001 +5.309000000e+001 -1.4872e+000 -3.5376e+000
