% function evaluation | noise-free fitness - Fopt (7.948000000000e+001) | best noise-free fitness - Fopt | measured fitness | best measured fitness | x1 | x2...
1 +4.095467079e+002 +4.095467079e+002 +4.890267079e+002 +4.890267079e+002 +2.0437e+001 -2.5449e+000 -1.1819e+000
2 +1.853899934e+002 +1.853899934e+002 +2.648699934e+002 +2.648699934e+002 +4.5913e+000 -1.2556e+001 +5.3272e+000
3 +3.972226550e+001 +3.972226550e+001 +1.192022655e+002 +1.192022655e+002 +5.6852e+000 -3.9010e+000 -2.3614e+000
4 +1.022291243e+001 +1.022291243e+001 +8.970291243e+001 +8.970291243e+001 +1.9038e+000 -3.8928e+000 -6.1807e-001
7 +4.138695686e+000 +4.138695686e+000 +8.361869569e+001 +8.361869569e+001 +2.0538e+000 -1.7275e+000 -1.4784e+000
11 +1.502439186e+000 +1.502439186e+000 +8.098243919e+001 +8.098243919e+001 +1.3208e+000 -1.7575e+000 -7.5569e-001
94 +8.093549254e-001 +8.093549254e-001 +8.028935493e+001 +8.028935493e+001 +2.6837e-001 -2.0470e+000 -5.9485e-001
140 +7.633378210e-001 +7.633378210e-001 +8.024333782e+001 +8.024333782e+001 +3.3041e-001 -1.7159e+000 -1.3909e+000
145 +6.082479367e-001 +6.082479367e-001 +8.008824794e+001 +8.008824794e+001 +1.1142e-001 -1.7727e+000 -1.1811e+000
151 +5.437714719e-001 +5.437714719e-001 +8.002377147e+001 +8.002377147e+001 +6.4765e-002 -1.8698e+000 -7.1782e-001
157 +1.511111798e-001 +1.511111798e-001 +7.963111118e+001 +7.963111118e+001 +7.0042e-002 -1.4999e+000 -7.1911e-001
172 +1.471683433e-001 +1.471683433e-001 +7.962716834e+001 +7.962716834e+001 +2.9317e-001 -1.5378e+000 -7.4431e-001
189 +8.216928549e-002 +8.216928549e-002 +7.956216929e+001 +7.956216929e+001 +3.9588e-001 -1.3626e+000 -8.6303e-001
193 +3.543884112e-002 +3.543884112e-002 +7.951543884e+001 +7.951543884e+001 +1.7890e-001 -1.0614e+000 -5.7951e-001
210 +2.450166613e-002 +2.450166613e-002 +7.950450167e+001 +7.950450167e+001 +2.8543e-001 -1.2824e+000 -8.1158e-001
226 +7.498888020e-003 +7.498888020e-003 +7.948749889e+001 +7.948749889e+001 +3.0206e-001 -1.1162e+000 -7.8253e-001
250 +5.188360522e-003 +5.188360522e-003 +7.948518836e+001 +7.948518836e+001 +2.1326e-001 -1.2078e+000 -7.5607e-001
255 +1.988319315e-003 +1.988319315e-003 +7.948198832e+001 +7.948198832e+001 +2.4174e-001 -1.1641e+000 -6.8142e-001
289 +7.608250439e-004 +7.608250439e-004 +7.948076083e+001 +7.948076083e+001 +2.6209e-001 -1.1786e+000 -7.3814e-001
301 +7.376715996e-004 +7.376715996e-004 +7.948073767e+001 +7.948073767e+001 +2.5463e-001 -1.1820e+000 -7.1397e-001
329 +3.864796178e-004 +3.864796178e-004 +7.948038648e+001 +7.948038648e+001 +2.5033e-001 -1.1757e+000 -7.2874e-001
341 +3.017125870e-004 +3.017125870e-004 +7.948030171e+001 +7.948030171e+001 +2.6930e-001 -1.1622e+000 -7.2433e-001
349 +2.223878234e-004 +2.223878234e-004 +7.948022239e+001 +7.948022239e+001 +2.5351e-001 -1.1716e+000 -7.2554e-001
362 +1.231392133e-004 +1.231392133e-004 +7.948012314e+001 +7.948012314e+001 +2.5590e-001 -1.1588e+000 -7.1354e-001
364 +4.588594268e-005 +4.588594268e-005 +7.948004589e+001 +7.948004589e+001 +2.5817e-001 -1.1605e+000 -7.2221e-001
371 +1.695898828e-005 +1.695898828e-005 +7.948001696e+001 +7.948001696e+001 +2.5505e-001 -1.1567e+000 -7.2745e-001
378 +3.718449889e-006 +3.718449889e-006 +7.948000372e+001 +7.948000372e+001 +2.5380e-001 -1.1584e+000 -7.2383e-001
489 +4.506691340e-007 +4.506691340e-007 +7.948000045e+001 +7.948000045e+001 +2.5321e-001 -1.1563e+000 -7.2415e-001
502 +6.593636215e-008 +6.593636215e-008 +7.948000007e+001 +7.948000007e+001 +2.5301e-001 -1.1568e+000 -7.2414e-001
638 +5.367428457e-008 +5.367428457e-008 +7.948000005e+001 +7.948000005e+001 +2.5261e-001 -1.1569e+000 -7.2388e-001
654 +4.901616535e-008 +4.901616535e-008 +7.948000005e+001 +7.948000005e+001 +2.5284e-001 -1.1570e+000 -7.2389e-001
661 +2.881846228e-008 +2.881846228e-008 +7.948000003e+001 +7.948000003e+001 +2.5275e-001 -1.1569e+000 -7.2385e-001
672 +2.204343730e-008 +2.204343730e-008 +7.948000002e+001 +7.948000002e+001 +2.5269e-001 -1.1567e+000 -7.2399e-001
679 +1.436517039e-008 +1.436517039e-008 +7.948000001e+001 +7.948000001e+001 +2.5277e-001 -1.1568e+000 -7.2389e-001
689 +8.466187751e-009 +8.466187751e-009 +7.948000001e+001 +7.948000001e+001 +2.5273e-001 -1.1569e+000 -7.2398e-001
1002 +0.000000000e+000 +0.000000000e+000 +7.948000000e+001 +7.948000000e+001 +2.5280e-001 -1.1568e+000 -7.2400e-001
% function evaluation | noise-free fitness - Fopt (3.944800000000e+002) | best noise-free fitness - Fopt | measured fitness | best measured fitness | x1 | x2...
1 +9.730056075e+001 +9.730056075e+001 +4.917805608e+002 +4.917805608e+002 +3.2797e+000 +2.5598e+000 -7.8114e+000
6 +9.335395639e+001 +9.335395639e+001 +4.878339564e+002 +4.878339564e+002 +4.3411e+000 +1.8473e+000 -2.0648e+000
8 +4.816772439e+001 +4.816772439e+001 +4.426477244e+002 +4.426477244e+002 +2.3973e+000 -2.3897e-001 -5.0279e+000
28 +3.605583917e+001 +3.605583917e+001 +4.305358392e+002 +4.305358392e+002 +9.1390e-001 -5.8585e-001 -1.0480e+000
29 +3.429363916e+000 +3.429363916e+000 +3.979093639e+002 +3.979093639e+002 -4.5055e+000 -1.7451e+000 -5.1249e+000
62 +2.573659479e+000 +2.573659479e+000 +3.970536595e+002 +3.970536595e+002 -4.1383e+000 -4.2480e+000 -2.9820e+000
82 +6.745573377e-001 +6.745573377e-001 +3.951545573e+002 +3.951545573e+002 -4.3606e+000 -2.3242e+000 -4.1770e+000
123 +5.945917196e-001 +5.945917196e-001 +3.950745917e+002 +3.950745917e+002 -4.1069e+000 -2.4913e+000 -3.1764e+000
141 +5.103955878e-001 +5.103955878e-001 +3.949903956e+002 +3.949903956e+002 -4.2253e+000 -3.4609e+000 -4.0818e+000
145 +4.102459485e-001 +4.102459485e-001 +3.948902459e+002 +3.948902459e+002 -4.3213e+000 -3.0318e+000 -3.3426e+000
147 +3.050777512e-001 +3.050777512e-001 +3.947850778e+002 +3.947850778e+002 -4.2236e+000 -3.1281e+000 -3.4245e+000
167 +1.699347338e-001 +1.699347338e-001 +3.946499347e+002 +3.946499347e+002 -4.0591e+000 -3.1756e+000 -3.5518e+000
172 +1.391029956e-001 +1.391029956e-001 +3.946191030e+002 +3.946191030e+002 -4.0858e+000 -3.2090e+000 -3.8521e+000
184 +8.202719533e-002 +8.202719533e-002 +3.945620272e+002 +3.945620272e+002 -3.9895e+000 -3.1605e+000 -3.7746e+000
191 +6.179660173e-002 +6.179660173e-002 +3.945417966e+002 +3.945417966e+002 -3.8680e+000 -2.7091e+000 -3.9698e+000
209 +2.039897211e-002 +2.039897211e-002 +3.945003990e+002 +3.945003990e+002 -4.0300e+000 -2.8419e+000 -3.8291e+000
222 +1.329261942e-002 +1.329261942e-002 +3.944932926e+002 +3.944932926e+002 -3.9830e+000 -2.9669e+000 -3.7855e+000
244 +1.103233156e-002 +1.103233156e-002 +3.944910323e+002 +3.944910323e+002 -4.0032e+000 -2.8843e+000 -3.8057e+000
272 +7.338686539e-003 +7.338686539e-003 +3.944873387e+002 +3.944873387e+002 -3.9729e+000 -2.8837e+000 -3.7606e+000
295 +2.740969182e-003 +2.740969182e-003 +3.944827410e+002 +3.944827410e+002 -3.9185e+000 -2.9345e+000 -3.7827e+000
322 +1.660844471e-003 +1.660844471e-003 +3.944816608e+002 +3.944816608e+002 -3.9301e+000 -2.8900e+000 -3.7768e+000
334 +1.081329605e-003 +1.081329605e-003 +3.944810813e+002 +3.944810813e+002 -3.9283e+000 -2.8974e+000 -3.7907e+000
346 +5.782995621e-004 +5.782995621e-004 +3.944805783e+002 +3.944805783e+002 -3.9198e+000 -2.8826e+000 -3.8101e+000
350 +5.322958050e-004 +5.322958050e-004 +3.944805323e+002 +3.944805323e+002 -3.9051e+000 -2.9123e+000 -3.8054e+000
355 +7.415470691e-005 +7.415470691e-005 +3.944800742e+002 +3.944800742e+002 -3.9019e+000 -2.8979e+000 -3.8048e+000
367 +2.517200977e-005 +2.517200977e-005 +3.944800252e+002 +3.944800252e+002 -3.9020e+000 -2.8886e+000 -3.8054e+000
375 +2.056276287e-005 +2.056276287e-005 +3.944800206e+002 +3.944800206e+002 -3.8954e+000 -2.8935e+000 -3.8037e+000
392 +1.397383505e-005 +1.397383505e-005 +3.944800140e+002 +3.944800140e+002 -3.9001e+000 -2.8918e+000 -3.8054e+000
393 +8.274740594e-006 +8.274740594e-006 +3.944800083e+002 +3.944800083e+002 -3.8974e+000 -2.8889e+000 -3.8047e+000
405 +7.853304908e-006 +7.853304908e-006 +3.944800079e+002 +3.944800079e+002 -3.9003e+000 -2.8905e+000 -3.8044e+000
446 +6.478610430e-006 +6.478610430e-006 +3.944800065e+002 +3.944800065e+002 -3.8970e+000 -2.8883e+000 -3.8027e+000
451 +4.984347299e-006 +4.984347299e-006 +3.944800050e+002 +3.944800050e+002 -3.8980e+000 -2.8889e+000 -3.8040e+000
453 +4.757027682e-006 +4.757027682e-006 +3.944800048e+002 +3.944800048e+002 -3.8980e+000 -2.8892e+000 -3.8042e+000
462 +2.897942636e-006 +2.897942636e-006 +3.944800029e+002 +3.944800029e+002 -3.8983e+000 -2.8890e+000 -3.8034e+000
475 +8.770633144e-007 +8.770633144e-007 +3.944800009e+002 +3.944800009e+002 -3.8981e+000 -2.8897e+000 -3.8029e+000
483 +7.149046155e-007 +7.149046155e-007 +3.944800007e+002 +3.944800007e+002 -3.8980e+000 -2.8896e+000 -3.8024e+000
492 +3.680476652e-007 +3.680476652e-007 +3.944800004e+002 +3.944800004e+002 -3.8981e+000 -2.8899e+000 -3.8025e+000
622 +2.867840863e-007 +2.867840863e-007 +3.944800003e+002 +3.944800003e+002 -3.8979e+000 -2.8903e+000 -3.8027e+000
624 +1.713141273e-007 +1.713141273e-007 +3.944800002e+002 +3.944800002e+002 -3.8983e+000 -2.8906e+000 -3.8027e+000
638 +1.344037628e-007 +1.344037628e-007 +3.944800001e+002 +3.944800001e+002 -3.8981e+000 -2.8904e+000 -3.8026e+000
644 +6.549140608e-008 +6.549140608e-008 +3.944800001e+002 +3.944800001e+002 -3.8984e+000 -2.8903e+000 -3.8026e+000
654 +6.292026455e-008 +6.292026455e-008 +3.944800001e+002 +3.944800001e+002 -3.8983e+000 -2.8903e+000 -3.8026e+000
664 +5.473089004e-008 +5.473089004e-008 +3.944800001e+002 +3.944800001e+002 -3.8983e+000 -2.8904e+000 -3.8026e+000
676 +4.466090786e-008 +4.466090786e-008 +3.944800000e+002 +3.944800000e+002 -3.8984e+000 -2.8904e+000 -3.8026e+000
689 +4.057784508e-008 +4.057784508e-008 +3.944800000e+002 +3.944800000e+002 -3.8984e+000 -2.8904e+000 -3.8026e+000
694 +2.830444146e-008 +2.830444146e-008 +3.944800000e+002 +3.944800000e+002 -3.8984e+000 -2.8905e+000 -3.8025e+000
706 +2.303943347e-008 +2.303943347e-008 +3.944800000e+002 +3.944800000e+002 -3.8984e+000 -2.8904e+000 -3.8025e+000
710 +1.215045131e-008 +1.215045131e-008 +3.944800000e+002 +3.944800000e+002 -3.8984e+000 -2.8904e+000 -3.8025e+000
716 +8.193808299e-009 +8.193808299e-009 +3.944800000e+002 +3.944800000e+002 -3.8984e+000 -2.8904e+000 -3.8025e+000
1014 +0.000000000e+000 +0.000000000e+000 +3.944800000e+002 +3.944800000e+002 -3.8984e+000 -2.8904e+000 -3.8024e+000
% function evaluation | noise-free fitness - Fopt (-2.471100000000e+002) | best noise-free fitness - Fopt | measured fitness | best measured fitness | x1 | x2...
1 +2.601888039e+001 +2.601888039e+001 -2.210911196e+002 -2.210911196e+002 -4.2317e+000 +4.4254e+000 +2.1380e+000
6 +1.979635825e+001 +1.979635825e+001 -2.273136417e+002 -2.273136417e+002 -2.4619e+000 +3.7646e+000 +1.6168e+000
16 +1.485247176e+001 +1.485247176e+001 -2.322575282e+002 -2.322575282e+002 -5.9701e+000 +3.3173e+000 -2.9193e-002
22 +6.257284496e+000 +6.257284496e+000 -2.408527155e+002 -2.408527155e+002 -3.9066e+000 +2.2589e+000 +7.2997e-001
54 +5.478213704e+000 +5.478213704e+000 -2.416317863e+002 -2.416317863e+002 -2.9043e+000 +2.2362e+000 -1.4300e+000
56 +4.354057586e+000 +4.354057586e+000 -2.427559424e+002 -2.427559424e+002 -4.3697e+000 +2.2076e+000 -5.9109e-001
60 +2.794753661e+000 +2.794753661e+000 -2.443152463e+002 -2.443152463e+002 -3.8587e+000 -3.6371e-001 +8.8034e-001
76 +8.877353854e-001 +8.877353854e-001 -2.462222646e+002 -2.462222646e+002 -3.1012e+000 +2.3830e-001 -5.8449e-002
83 +1.921588241e-001 +1.921588241e-001 -2.469178412e+002 -2.469178412e+002 -3.7213e+000 +3.4718e-001 -1.0980e+000
130 +6.844238852e-002 +6.844238852e-002 -2.470415576e+002 -2.470415576e+002 -3.5898e+000 +1.3474e-001 -5.4889e-001
133 +3.445074685e-002 +3.445074685e-002 -2.470755493e+002 -2.470755493e+002 -3.6390e+000 +2.1994e-001 -5.9761e-001
166 +2.578605187e-002 +2.578605187e-002 -2.470842139e+002 -2.470842139e+002 -3.9520e+000 +1.9699e-001 -6.4479e-001
195 +7.280243783e-003 +7.280243783e-003 -2.471027198e+002 -2.471027198e+002 -3.7472e+000 +2.7088e-001 -6.8247e-001
233 +6.260585145e-003 +6.260585145e-003 -2.471037394e+002 -2.471037394e+002 -3.7425e+000 +1.7720e-001 -6.4159e-001
238 +5.999114606e-003 +5.999114606e-003 -2.471040009e+002 -2.471040009e+002 -3.7350e+000 +1.8144e-001 -6.5239e-001
245 +3.247301463e-003 +3.247301463e-003 -2.471067527e+002 -2.471067527e+002 -3.7831e+000 +2.3560e-001 -6.4689e-001
261 +1.554627422e-003 +1.554627422e-003 -2.471084454e+002 -2.471084454e+002 -3.7817e+000 +1.9210e-001 -6.5725e-001
274 +1.348600171e-003 +1.348600171e-003 -2.471086514e+002 -2.471086514e+002 -3.8221e+000 +1.7717e-001 -6.8081e-001
277 +7.370698368e-004 +7.370698368e-004 -2.471092629e+002 -2.471092629e+002 -3.7753e+000 +2.1663e-001 -6.8628e-001
313 +5.805511347e-005 +5.805511347e-005 -2.471099419e+002 -2.471099419e+002 -3.8039e+000 +2.0797e-001 -6.8903e-001
361 +4.093306109e-005 +4.093306109e-005 -2.471099591e+002 -2.471099591e+002 -3.8047e+000 +2.0242e-001 -6.9103e-001
373 +3.536229318e-005 +3.536229318e-005 -2.471099646e+002 -2.471099646e+002 -3.8002e+000 +2.0468e-001 -6.8573e-001
377 +3.154950261e-005 +3.154950261e-005 -2.471099685e+002 -2.471099685e+002 -3.8037e+000 +2.0283e-001 -6.8929e-001
380 +6.126197263e-006 +6.126197263e-006 -2.471099939e+002 -2.471099939e+002 -3.8004e+000 +2.0460e-001 -6.9096e-001
391 +3.187708359e-006 +3.187708359e-006 -2.471099968e+002 -2.471099968e+002 -3.7973e+000 +2.0327e-001 -6.9262e-001
451 +2.144887389e-006 +2.144887389e-006 -2.471099979e+002 -2.471099979e+002 -3.7994e+000 +2.0316e-001 -6.9226e-001
486 +1.410310972e-006 +1.410310972e-006 -2.471099986e+002 -2.471099986e+002 -3.7989e+000 +2.0212e-001 -6.9130e-001
498 +7.816296375e-007 +7.816296375e-007 -2.471099992e+002 -2.471099992e+002 -3.7987e+000 +2.0270e-001 -6.9184e-001
515 +1.424716913e-007 +1.424716913e-007 -2.471099999e+002 -2.471099999e+002 -3.7984e+000 +2.0346e-001 -6.9093e-001
555 +1.372794145e-008 +1.372794145e-008 -2.471100000e+002 -2.471100000e+002 -3.7985e+000 +2.0315e-001 -6.9113e-001
569 +1.038017672e-008 +1.038017672e-008 -2.471100000e+002 -2.471100000e+002 -3.7984e+000 +2.0315e-001 -6.9129e-001
578 +2.071516292e-009 +2.071516292e-009 -2.471100000e+002 -2.471100000e+002 -3.7984e+000 +2.0316e-001 -6.9121e-001
925 +0.000000000e+000 +0.000000000e+000 -2.471100000e+002 -2.471100000e+002 -3.7984e+000 +2.0320e-001 -6.9120e-001
% function evaluation | noise-free fitness - Fopt (-1.520400000000e+002) | best noise-free fitness - Fopt | measured fitness | best measured fitness | x1 | x2...
1 +5.786668769e+002 +5.786668769e+002 +4.266268769e+002 +4.266268769e+002 -2.3250e+001 -5.2063e+000 -6.4765e+000
2 +5.549281481e+001 +5.549281481e+001 -9.654718519e+001 -9.654718519e+001 +4.6507e+000 -2.4479e+000 +1.1441e-001
3 +3.075944500e+001 +3.075944500e+001 -1.212805550e+002 -1.212805550e+002 +2.4089e+000 +9.8060e-001 +9.1270e-001
11 +2.504154381e+001 +2.504154381e+001 -1.269984562e+002 -1.269984562e+002 +2.4358e+000 -1.9857e+000 -1.4532e+000
16 +4.321558831e+000 +4.321558831e+000 -1.477184412e+002 -1.477184412e+002 +1.5950e+000 +1.6389e+000 -3.0262e+000
50 +4.210530701e+000 +4.210530701e+000 -1.478294693e+002 -1.478294693e+002 +1.5269e+000 +1.2799e+000 -2.9395e+000
70 +3.937705615e+000 +3.937705615e+000 -1.481022944e+002 -1.481022944e+002 +1.4207e+000 +1.9318e+000 -4.8364e+000
72 +3.737461591e+000 +3.737461591e+000 -1.483025384e+002 -1.483025384e+002 +1.6296e+000 +1.5641e+000 -3.5782e+000
77 +3.712690871e+000 +3.712690871e+000 -1.483273091e+002 -1.483273091e+002 +1.3063e+000 +1.6749e+000 -5.0082e+000
78 +3.456390652e+000 +3.456390652e+000 -1.485836093e+002 -1.485836093e+002 +1.5420e+000 +1.2089e+000 -4.2949e+000
91 +3.233537029e+000 +3.233537029e+000 -1.488064630e+002 -1.488064630e+002 +1.4941e+000 +1.7716e+000 -4.0267e+000
92 +3.138469312e+000 +3.138469312e+000 -1.489015307e+002 -1.489015307e+002 +1.4960e+000 +1.4451e+000 -4.0959e+000
108 +3.058603427e+000 +3.058603427e+000 -1.489813966e+002 -1.489813966e+002 +1.2285e+000 +2.2977e+000 -4.1658e+000
110 +3.017826875e+000 +3.017826875e+000 -1.490221731e+002 -1.490221731e+002 +1.4523e+000 +1.6394e+000 -4.0466e+000
123 +2.777393900e+000 +2.777393900e+000 -1.492626061e+002 -1.492626061e+002 +1.3362e+000 +1.8773e+000 -3.8912e+000
128 +2.380032767e+000 +2.380032767e+000 -1.496599672e+002 -1.496599672e+002 +1.2274e+000 +1.8055e+000 -3.9521e+000
136 +2.064559515e+000 +2.064559515e+000 -1.499754405e+002 -1.499754405e+002 +1.1058e+000 +1.7402e+000 -4.2066e+000
158 +1.736822647e+000 +1.736822647e+000 -1.503031774e+002 -1.503031774e+002 +9.0393e-001 +1.9485e+000 -4.2251e+000
196 +1.585597557e+000 +1.585597557e+000 -1.504544024e+002 -1.504544024e+002 +9.7147e-001 +1.5249e+000 -3.7220e+000
200 +1.484657432e+000 +1.484657432e+000 -1.505553426e+002 -1.505553426e+002 +9.1267e-001 +1.2706e+000 -4.1875e+000
212 +1.280197718e+000 +1.280197718e+000 -1.507598023e+002 -1.507598023e+002 +8.3485e-001 +1.4942e+000 -3.6783e+000
223 +7.399598767e-001 +7.399598767e-001 -1.513000401e+002 -1.513000401e+002 +2.8618e-001 +9.4375e-001 -4.3754e+000
226 +5.249936025e-001 +5.249936025e-001 -1.515150064e+002 -1.515150064e+002 +4.5055e-001 +1.3678e+000 -4.0065e+000
234 +1.140029842e-001 +1.140029842e-001 -1.519259970e+002 -1.519259970e+002 -1.4819e-001 +1.1673e+000 -4.1090e+000
256 +8.074395726e-002 +8.074395726e-002 -1.519592560e+002 -1.519592560e+002 -1.7457e-002 +1.2910e+000 -3.8987e+000
266 +6.413701259e-003 +6.413701259e-003 -1.520335863e+002 -1.520335863e+002 -2.9713e-001 +1.3542e+000 -3.8994e+000
359 +5.073644314e-003 +5.073644314e-003 -1.520349264e+002 -1.520349264e+002 -2.6611e-001 +1.4224e+000 -3.9960e+000
362 +3.620392668e-003 +3.620392668e-003 -1.520363796e+002 -1.520363796e+002 -2.7497e-001 +1.3773e+000 -3.9620e+000
367 +2.646393124e-003 +2.646393124e-003 -1.520373536e+002 -1.520373536e+002 -2.4408e-001 +1.3784e+000 -3.9190e+000
382 +1.218024602e-003 +1.218024602e-003 -1.520387820e+002 -1.520387820e+002 -2.7259e-001 +1.4473e+000 -3.9502e+000
385 +4.183119491e-004 +4.183119491e-004 -1.520395817e+002 -1.520395817e+002 -2.5882e-001 +1.4099e+000 -3.9125e+000
409 +3.000880940e-004 +3.000880940e-004 -1.520396999e+002 -1.520396999e+002 -2.5494e-001 +1.4180e+000 -3.9141e+000
422 +1.082771341e-004 +1.082771341e-004 -1.520398917e+002 -1.520398917e+002 -2.7221e-001 +1.4223e+000 -3.9158e+000
458 +4.883183837e-005 +4.883183837e-005 -1.520399512e+002 -1.520399512e+002 -2.7061e-001 +1.4239e+000 -3.9187e+000
466 +3.442429701e-005 +3.442429701e-005 -1.520399656e+002 -1.520399656e+002 -2.6672e-001 +1.4207e+000 -3.9200e+000
497 +2.228769827e-005 +2.228769827e-005 -1.520399777e+002 -1.520399777e+002 -2.6708e-001 +1.4223e+000 -3.9204e+000
511 +1.439781738e-005 +1.439781738e-005 -1.520399856e+002 -1.520399856e+002 -2.6699e-001 +1.4234e+000 -3.9211e+000
528 +1.353985516e-005 +1.353985516e-005 -1.520399865e+002 -1.520399865e+002 -2.6859e-001 +1.4268e+000 -3.9228e+000
534 +2.281409365e-006 +2.281409365e-006 -1.520399977e+002 -1.520399977e+002 -2.6668e-001 +1.4243e+000 -3.9234e+000
543 +1.723771931e-006 +1.723771931e-006 -1.520399983e+002 -1.520399983e+002 -2.6731e-001 +1.4236e+000 -3.9235e+000
577 +7.138896194e-007 +7.138896194e-007 -1.520399993e+002 -1.520399993e+002 -2.6657e-001 +1.4246e+000 -3.9248e+000
591 +4.365734299e-007 +4.365734299e-007 -1.520399996e+002 -1.520399996e+002 -2.6687e-001 +1.4238e+000 -3.9243e+000
596 +3.582755141e-007 +3.582755141e-007 -1.520399996e+002 -1.520399996e+002 -2.6744e-001 +1.4239e+000 -3.9243e+000
601 +1.282317612e-007 +1.282317612e-007 -1.520399999e+002 -1.520399999e+002 -2.6693e-001 +1.4240e+000 -3.9246e+000
617 +8.605397284e-008 +8.605397284e-008 -1.520399999e+002 -1.520399999e+002 -2.6714e-001 +1.4237e+000 -3.9248e+000
618 +8.181714861e-008 +8.181714861e-008 -1.520399999e+002 -1.520399999e+002 -2.6716e-001 +1.4237e+000 -3.9249e+000
621 +3.154090678e-008 +3.154090678e-008 -1.520400000e+002 -1.520400000e+002 -2.6713e-001 +1.4239e+000 -3.9247e+000
639 +2.034829549e-008 +2.034829549e-008 -1.520400000e+002 -1.520400000e+002 -2.6730e-001 +1.4239e+000 -3.9248e+000
652 +6.074628800e-009 +6.074628800e-009 -1.520400000e+002 -1.520400000e+002 -2.6725e-001 +1.4240e+000 -3.9249e+000
1081 +0.000000000e+000 +0.000000000e+000 -1.520400000e+002 -1.520400000e+002 -2.6720e-001 +1.4240e+000 -3.9248e+000
% function evaluation | noise-free fitness - Fopt (-2.525000000000e+001) | best noise-free fitness - Fopt | measured fitness | best measured fitness | x1 | x2...
1 +8.558310497e+000 +8.558310497e+000 -1.669168950e+001 -1.669168950e+001 +4.3853e+000 -2.0428e+000 -2.3116e+000
38 +7.114430806e+000 +7.114430806e+000 -1.813556919e+001 -1.813556919e+001 +3.6766e+000 -1.6630e+000 -2.7740e+000
61 +6.782355624e+000 +6.782355624e+000 -1.846764438e+001 -1.846764438e+001 +1.8124e+000 -9.2860e-001 -3.7777e-001
68 +6.499948396e+000 +6.499948396e+000 -1.875005160e+001 -1.875005160e+001 +2.3243e+000 -1.4402e+000 -2.1484e+000
80 +4.191767388e+000 +4.191767388e+000 -2.105823261e+001 -2.105823261e+001 +2.0383e+000 -4.6705e-001 -2.1234e+000
86 +3.554954620e+000 +3.554954620e+000 -2.169504538e+001 -2.169504538e+001 +1.9968e+000 -3.2639e-001 -1.5390e+000
92 +3.139931485e+000 +3.139931485e+000 -2.211006852e+001 -2.211006852e+001 +2.2601e+000 +9.4200e-002 -4.1502e-001
98 +1.661758952e+000 +1.661758952e+000 -2.358824105e+001 -2.358824105e+001 +3.5286e+000 +9.1499e-001 -2.6770e+000
107 +4.815188311e-001 +4.815188311e-001 -2.476848117e+001 -2.476848117e+001 +2.9330e+000 +5.5781e-001 -1.3159e+000
122 +2.333190634e-001 +2.333190634e-001 -2.501668094e+001 -2.501668094e+001 +3.5004e+000 +2.1146e-001 -1.6235e+000
125 +2.155810875e-001 +2.155810875e-001 -2.503441891e+001 -2.503441891e+001 +3.1585e+000 +5.4720e-001 -1.4187e+000
126 +1.203490899e-001 +1.203490899e-001 -2.512965091e+001 -2.512965091e+001 +3.3172e+000 +7.2260e-001 -1.5778e+000
159 +2.275892595e-002 +2.275892595e-002 -2.522724107e+001 -2.522724107e+001 +3.4679e+000 +6.2317e-001 -1.4556e+000
181 +6.586159678e-003 +6.586159678e-003 -2.524341384e+001 -2.524341384e+001 +3.6291e+000 +5.6585e-001 -1.4611e+000
183 +5.428445295e-003 +5.428445295e-003 -2.524457155e+001 -2.524457155e+001 +3.6543e+000 +6.2127e-001 -1.3612e+000
207 +2.528124812e-003 +2.528124812e-003 -2.524747188e+001 -2.524747188e+001 +3.6391e+000 +6.5343e-001 -1.4614e+000
239 +1.316951166e-003 +1.316951166e-003 -2.524868305e+001 -2.524868305e+001 +3.6175e+000 +6.5283e-001 -1.3900e+000
295 +9.407724298e-004 +9.407724298e-004 -2.524905923e+001 -2.524905923e+001 +3.5869e+000 +6.4079e-001 -1.4093e+000
310 +6.733144544e-004 +6.733144544e-004 -2.524932669e+001 -2.524932669e+001 +3.5984e+000 +6.5509e-001 -1.4261e+000
320 +6.381830465e-004 +6.381830465e-004 -2.524936182e+001 -2.524936182e+001 +3.5907e+000 +6.3601e-001 -1.4129e+000
330 +5.389378821e-004 +5.389378821e-004 -2.524946106e+001 -2.524946106e+001 +3.5921e+000 +6.4137e-001 -1.4200e+000
336 +4.199610644e-004 +4.199610644e-004 -2.524958004e+001 -2.524958004e+001 +3.5981e+000 +6.2371e-001 -1.4169e+000
340 +4.225331374e-005 +4.225331374e-005 -2.524995775e+001 -2.524995775e+001 +3.6093e+000 +6.3544e-001 -1.4176e+000
354 +3.034796067e-005 +3.034796067e-005 -2.524996965e+001 -2.524996965e+001 +3.6094e+000 +6.3417e-001 -1.4195e+000
366 +2.647720153e-005 +2.647720153e-005 -2.524997352e+001 -2.524997352e+001 +3.6167e+000 +6.3060e-001 -1.4217e+000
367 +1.447122593e-005 +1.447122593e-005 -2.524998553e+001 -2.524998553e+001 +3.6111e+000 +6.3331e-001 -1.4211e+000
385 +9.944897233e-006 +9.944897233e-006 -2.524999006e+001 -2.524999006e+001 +3.6130e+000 +6.3273e-001 -1.4202e+000
387 +6.458127796e-006 +6.458127796e-006 -2.524999354e+001 -2.524999354e+001 +3.6131e+000 +6.3335e-001 -1.4228e+000
408 +4.948241557e-006 +4.948241557e-006 -2.524999505e+001 -2.524999505e+001 +3.6128e+000 +6.3401e-001 -1.4226e+000
411 +4.366527186e-006 +4.366527186e-006 -2.524999563e+001 -2.524999563e+001 +3.6124e+000 +6.3493e-001 -1.4212e+000
414 +4.518828298e-007 +4.518828298e-007 -2.524999955e+001 -2.524999955e+001 +3.6143e+000 +6.3519e-001 -1.4223e+000
453 +2.945718727e-007 +2.945718727e-007 -2.524999971e+001 -2.524999971e+001 +3.6141e+000 +6.3539e-001 -1.4220e+000
456 +2.849744618e-008 +2.849744618e-008 -2.524999997e+001 -2.524999997e+001 +3.6145e+000 +6.3527e-001 -1.4215e+000
476 +1.809680938e-008 +1.809680938e-008 -2.524999998e+001 -2.524999998e+001 +3.6143e+000 +6.3531e-001 -1.4215e+000
505 +1.647422110e-008 +1.647422110e-008 -2.524999998e+001 -2.524999998e+001 +3.6144e+000 +6.3530e-001 -1.4217e+000
524 +6.096485095e-009 +6.096485095e-009 -2.524999999e+001 -2.524999999e+001 +3.6144e+000 +6.3525e-001 -1.4217e+000
949 +0.000000000e+000 +0.000000000e+000 -2.525000000e+001 -2.525000000e+001 +3.6144e+000 +6.3520e-001 -1.4216e+000
% function evaluation | noise-free fitness - Fopt (8.790000000000e+001) | best noise-free fitness - Fopt | measured fitness | best measured fitness | x1 | x2...
1 +4.497884899e+001 +4.497884899e+001 +1.328788490e+002 +1.328788490e+002 +2.3914e-002 +4.2867e+000 +8.6612e-001
4 +3.061444789e+001 +3.061444789e+001 +1.185144479e+002 +1.185144479e+002 -5.0768e-001 +2.6163e+000 +2.7028e+000
16 +2.605474937e+001 +2.605474937e+001 +1.139547494e+002 +1.139547494e+002 -5.9564e+000 +2.3033e+000 +2.0514e+000
19 +8.216353414e+000 +8.216353414e+000 +9.611635341e+001 +9.611635341e+001 -5.5227e-001 -5.2408e-001 +7.8286e-001
34 +1.642085324e+000 +1.642085324e+000 +8.954208532e+001 +8.954208532e+001 -2.2112e+000 -1.7239e+000 +1.1128e+000
73 +1.038906655e+000 +1.038906655e+000 +8.893890666e+001 +8.893890666e+001 -3.0948e+000 -1.7902e+000 +1.2657e+000
243 +8.625293242e-001 +8.625293242e-001 +8.876252932e+001 +8.876252932e+001 -2.8925e+000 -1.5052e+000 +1.1544e+000
256 +3.508517353e-001 +3.508517353e-001 +8.825085174e+001 +8.825085174e+001 -3.5241e+000 -1.1855e+000 +1.4683e-002
284 +1.096021708e-001 +1.096021708e-001 +8.800960217e+001 +8.800960217e+001 -3.4748e+000 -1.5842e+000 +3.9065e-001
294 +2.406535390e-002 +2.406535390e-002 +8.792406535e+001 +8.792406535e+001 -3.1799e+000 -1.5832e+000 +4.2494e-001
317 +1.606954013e-002 +1.606954013e-002 +8.791606954e+001 +8.791606954e+001 -3.2673e+000 -1.6563e+000 +2.9106e-001
335 +1.041487823e-002 +1.041487823e-002 +8.791041488e+001 +8.791041488e+001 -3.1908e+000 -1.6059e+000 +3.6667e-001
338 +1.533442624e-003 +1.533442624e-003 +8.790153344e+001 +8.790153344e+001 -3.1507e+000 -1.5487e+000 +2.5816e-001
421 +1.494834651e-003 +1.494834651e-003 +8.790149483e+001 +8.790149483e+001 -3.1334e+000 -1.5650e+000 +2.8072e-001
461 +1.027886593e-003 +1.027886593e-003 +8.790102789e+001 +8.790102789e+001 -3.1384e+000 -1.5709e+000 +2.8099e-001
467 +8.152750194e-004 +8.152750194e-004 +8.790081528e+001 +8.790081528e+001 -3.1628e+000 -1.6105e+000 +2.6720e-001
469 +7.181561145e-004 +7.181561145e-004 +8.790071816e+001 +8.790071816e+001 -3.1440e+000 -1.5858e+000 +2.5614e-001
488 +7.005641864e-004 +7.005641864e-004 +8.790070056e+001 +8.790070056e+001 -3.1430e+000 -1.5869e+000 +2.5883e-001
496 +1.570287381e-004 +1.570287381e-004 +8.790015703e+001 +8.790015703e+001 -3.1736e+000 -1.5921e+000 +2.7374e-001
524 +1.048193656e-004 +1.048193656e-004 +8.790010482e+001 +8.790010482e+001 -3.1711e+000 -1.5867e+000 +2.7839e-001
546 +5.815262901e-005 +5.815262901e-005 +8.790005815e+001 +8.790005815e+001 -3.1709e+000 -1.5874e+000 +2.7399e-001
583 +8.306489661e-006 +8.306489661e-006 +8.790000831e+001 +8.790000831e+001 -3.1691e+000 -1.5834e+000 +2.7041e-001
602 +5.817832005e-006 +5.817832005e-006 +8.790000582e+001 +8.790000582e+001 -3.1671e+000 -1.5842e+000 +2.6900e-001
605 +3.252694995e-006 +3.252694995e-006 +8.790000325e+001 +8.790000325e+001 -3.1664e+000 -1.5842e+000 +2.7017e-001
644 +2.800059335e-006 +2.800059335e-006 +8.790000280e+001 +8.790000280e+001 -3.1666e+000 -1.5812e+000 +2.6930e-001
646 +5.379392434e-007 +5.379392434e-007 +8.790000054e+001 +8.790000054e+001 -3.1663e+000 -1.5817e+000 +2.7050e-001
652 +4.471307449e-007 +4.471307449e-007 +8.790000045e+001 +8.790000045e+001 -3.1668e+000 -1.5819e+000 +2.7050e-001
670 +3.697846438e-007 +3.697846438e-007 +8.790000037e+001 +8.790000037e+001 -3.1669e+000 -1.5827e+000 +2.7031e-001
673 +2.286043355e-007 +2.286043355e-007 +8.790000023e+001 +8.790000023e+001 -3.1661e+000 -1.5820e+000 +2.7038e-001
677 +1.729818422e-007 +1.729818422e-007 +8.790000017e+001 +8.790000017e+001 -3.1666e+000 -1.5821e+000 +2.7024e-001
680 +6.812423692e-008 +6.812423692e-008 +8.790000007e+001 +8.790000007e+001 -3.1666e+000 -1.5823e+000 +2.7032e-001
683 +3.698933426e-008 +3.698933426e-008 +8.790000004e+001 +8.790000004e+001 -3.1663e+000 -1.5823e+000 +2.7026e-001
694 +3.101737889e-008 +3.101737889e-008 +8.790000003e+001 +8.790000003e+001 -3.1664e+000 -1.5824e+000 +2.7023e-001
700 +1.650944625e-008 +1.650944625e-008 +8.790000002e+001 +8.790000002e+001 -3.1664e+000 -1.5823e+000 +2.7029e-001
749 +1.167370556e-008 +1.167370556e-008 +8.790000001e+001 +8.790000001e+001 -3.1664e+000 -1.5824e+000 +2.7029e-001
758 +4.292004974e-009 +4.292004974e-009 +8.790000000e+001 +8.790000000e+001 -3.1664e+000 -1.5824e+000 +2.7035e-001
1422 +0.000000000e+000 +0.000000000e+000 +8.790000000e+001 +8.790000000e+001 -3.1664e+000 -1.5824e+000 +2.7040e-001
% function evaluation | noise-free fitness - Fopt (2.199800000000e+002) | best noise-free fitness - Fopt | measured fitness | best measured fitness | x1 | x2...
1 +1.540936916e+002 +1.540936916e+002 +3.740736916e+002 +3.740736916e+002 +1.3010e+001 -2.3636e+000 -3.1591e+000
2 +5.785391119e+001 +5.785391119e+001 +2.778339112e+002 +2.778339112e+002 +7.4375e+000 -3.8558e+000 -4.3101e+000
3 +1.682717875e+001 +1.682717875e+001 +2.368071787e+002 +2.368071787e+002 +3.4177e+000 -2.4486e+000 -3.2779e+000
26 +1.315422205e+001 +1.315422205e+001 +2.331342220e+002 +2.331342220e+002 +1.5515e+000 -2.4804e+000 -3.5620e+000
33 +1.074115518e+001 +1.074115518e+001 +2.307211552e+002 +2.307211552e+002 +1.6852e+000 -1.5955e+000 +2.1680e+000
44 +5.016997164e+000 +5.016997164e+000 +2.249969972e+002 +2.249969972e+002 +1.5279e+000 -2.0809e+000 -1.6077e+000
50 +4.448789061e+000 +4.448789061e+000 +2.244287891e+002 +2.244287891e+002 +2.2917e+000 -2.0652e+000 -1.6385e-001
63 +2.417295205e+000 +2.417295205e+000 +2.223972952e+002 +2.223972952e+002 +1.6984e+000 -3.4564e+000 -1.5800e+000
70 +1.327690010e+000 +1.327690010e+000 +2.213076900e+002 +2.213076900e+002 +1.2975e+000 -2.6939e+000 -5.6291e-001
81 +5.748255677e-001 +5.748255677e-001 +2.205548256e+002 +2.205548256e+002 +1.3662e+000 -3.5875e+000 +4.5253e-001
83 +4.781103342e-001 +4.781103342e-001 +2.204581103e+002 +2.204581103e+002 +1.6877e+000 -3.7266e+000 -4.2929e-001
91 +4.277967660e-001 +4.277967660e-001 +2.204077968e+002 +2.204077968e+002 +1.5081e+000 -3.7180e+000 -6.5558e-001
106 +1.989287416e-001 +1.989287416e-001 +2.201789287e+002 +2.201789287e+002 +1.4632e+000 -3.8436e+000 -2.9080e-001
117 +1.751968579e-001 +1.751968579e-001 +2.201551969e+002 +2.201551969e+002 +1.2340e+000 -4.0195e+000 +5.0579e-002
124 +1.467755337e-001 +1.467755337e-001 +2.201267755e+002 +2.201267755e+002 +1.3681e+000 -3.7598e+000 -2.0408e-002
129 +9.832451168e-002 +9.832451168e-002 +2.200783245e+002 +2.200783245e+002 +1.2612e+000 -3.5559e+000 -1.3092e-001
167 +9.246006602e-002 +9.246006602e-002 +2.200724601e+002 +2.200724601e+002 +1.3207e+000 -3.7335e+000 -1.1002e-001
185 +6.494473585e-002 +6.494473585e-002 +2.200449447e+002 +2.200449447e+002 +1.2340e+000 -3.6800e+000 -7.0154e-002
194 +5.543105900e-002 +5.543105900e-002 +2.200354311e+002 +2.200354311e+002 +1.2226e+000 -3.6937e+000 -8.2174e-002
198 +3.253216090e-002 +3.253216090e-002 +2.200125322e+002 +2.200125322e+002 +1.0489e+000 -3.7412e+000 -2.8241e-002
211 +2.089354137e-002 +2.089354137e-002 +2.200008935e+002 +2.200008935e+002 +9.4476e-001 -3.8234e+000 -1.1406e-001
221 +2.023850954e-002 +2.023850954e-002 +2.200002385e+002 +2.200002385e+002 +1.1145e+000 -3.6450e+000 -1.7527e-001
228 +1.271100443e-002 +1.271100443e-002 +2.199927110e+002 +2.199927110e+002 +1.1438e+000 -3.7425e+000 -2.2559e-001
230 +1.194539059e-002 +1.194539059e-002 +2.199919454e+002 +2.199919454e+002 +1.0150e+000 -3.7463e+000 -1.0010e-001
239 +3.819471573e-003 +3.819471573e-003 +2.199838195e+002 +2.199838195e+002 +1.0205e+000 -3.7437e+000 -1.4843e-001
251 +3.592360139e-003 +3.592360139e-003 +2.199835924e+002 +2.199835924e+002 +1.0738e+000 -3.7608e+000 -2.5150e-001
252 +2.469826226e-003 +2.469826226e-003 +2.199824698e+002 +2.199824698e+002 +1.0594e+000 -3.7467e+000 -1.6611e-001
253 +1.707362302e-003 +1.707362302e-003 +2.199817074e+002 +2.199817074e+002 +1.0553e+000 -3.7789e+000 -2.3511e-001
261 +2.901228788e-004 +2.901228788e-004 +2.199802901e+002 +2.199802901e+002 +1.0429e+000 -3.7717e+000 -2.0495e-001
287 +2.974554954e-005 +2.974554954e-005 +2.199800297e+002 +2.199800297e+002 +1.0377e+000 -3.7610e+000 -2.0614e-001
321 +1.379150359e-005 +1.379150359e-005 +2.199800138e+002 +2.199800138e+002 +1.0326e+000 -3.7585e+000 -2.0373e-001
410 +8.273422281e-006 +8.273422281e-006 +2.199800083e+002 +2.199800083e+002 +1.0328e+000 -3.7549e+000 -2.0643e-001
456 +6.691674827e-006 +6.691674827e-006 +2.199800067e+002 +2.199800067e+002 +1.0328e+000 -3.7594e+000 -2.0890e-001
457 +1.594592646e-006 +1.594592646e-006 +2.199800016e+002 +2.199800016e+002 +1.0324e+000 -3.7579e+000 -2.0700e-001
477 +1.561764776e-006 +1.561764776e-006 +2.199800016e+002 +2.199800016e+002 +1.0328e+000 -3.7585e+000 -2.0695e-001
483 +1.519054678e-006 +1.519054678e-006 +2.199800015e+002 +2.199800015e+002 +1.0331e+000 -3.7587e+000 -2.0706e-001
497 +7.399901563e-007 +7.399901563e-007 +2.199800007e+002 +2.199800007e+002 +1.0335e+000 -3.7580e+000 -2.0794e-001
498 +6.829399979e-007 +6.829399979e-007 +2.199800007e+002 +2.199800007e+002 +1.0333e+000 -3.7580e+000 -2.0652e-001
503 +5.489500836e-007 +5.489500836e-007 +2.199800005e+002 +2.199800005e+002 +1.0335e+000 -3.7575e+000 -2.0646e-001
513 +1.597363166e-007 +1.597363166e-007 +2.199800002e+002 +2.199800002e+002 +1.0335e+000 -3.7580e+000 -2.0702e-001
529 +9.591860817e-008 +9.591860817e-008 +2.199800001e+002 +2.199800001e+002 +1.0333e+000 -3.7576e+000 -2.0707e-001
544 +5.807834214e-008 +5.807834214e-008 +2.199800001e+002 +2.199800001e+002 +1.0334e+000 -3.7577e+000 -2.0724e-001
545 +4.755864325e-008 +4.755864325e-008 +2.199800000e+002 +2.199800000e+002 +1.0334e+000 -3.7576e+000 -2.0723e-001
558 +1.856014364e-008 +1.856014364e-008 +2.199800000e+002 +2.199800000e+002 +1.0335e+000 -3.7576e+000 -2.0717e-001
575 +5.675815373e-009 +5.675815373e-009 +2.199800000e+002 +2.199800000e+002 +1.0336e+000 -3.7576e+000 -2.0727e-001
915 +0.000000000e+000 +0.000000000e+000 +2.199800000e+002 +2.199800000e+002 +1.0336e+000 -3.7576e+000 -2.0720e-001
% function evaluation | noise-free fitness - Fopt (-2.784000000000e+001) | best noise-free fitness - Fopt | measured fitness | best measured fitness | x1 | x2...
1 +1.099629682e+002 +1.099629682e+002 +8.212296815e+001 +8.212296815e+001 +6.9651e+000 -3.9497e+000 -3.3237e+000
2 +4.270296497e+001 +4.270296497e+001 +1.486296497e+001 +1.486296497e+001 -3.5956e+000 -1.8641e+000 -2.8115e+000
3 +1.923606374e+001 +1.923606374e+001 -8.603936262e+000 -8.603936262e+000 -1.4268e+000 +3.2302e+000 -3.0585e+000
12 +5.017786693e+000 +5.017786693e+000 -2.282221331e+001 -2.282221331e+001 -1.0491e+000 +1.7286e+000 -9.8776e-001
31 +3.746477119e+000 +3.746477119e+000 -2.409352288e+001 -2.409352288e+001 -1.3710e+000 +2.8862e+000 -4.0563e-001
36 +1.302543280e+000 +1.302543280e+000 -2.653745672e+001 -2.653745672e+001 -6.4936e-001 +2.5751e+000 +3.1180e-002
54 +6.340467990e-001 +6.340467990e-001 -2.720595320e+001 -2.720595320e+001 -9.5326e-001 +1.7995e+000 +1.0454e+000
66 +2.092627345e-001 +2.092627345e-001 -2.763073727e+001 -2.763073727e+001 -7.3775e-001 +2.1894e+000 +1.1046e+000
111 +9.036187865e-002 +9.036187865e-002 -2.774963812e+001 -2.774963812e+001 -4.1017e-001 +2.4976e+000 +1.1207e+000
122 +5.305191804e-002 +5.305191804e-002 -2.778694808e+001 -2.778694808e+001 -1.0183e-001 +2.1477e+000 +9.4514e-001
134 +3.852898832e-002 +3.852898832e-002 -2.780147101e+001 -2.780147101e+001 -3.0069e-001 +2.2933e+000 +8.7100e-001
139 +3.563788524e-002 +3.563788524e-002 -2.780436211e+001 -2.780436211e+001 -3.1334e-001 +2.1811e+000 +8.7726e-001
147 +2.444646410e-002 +2.444646410e-002 -2.781555354e+001 -2.781555354e+001 -2.5294e-001 +2.0800e+000 +1.0389e+000
153 +1.195693769e-002 +1.195693769e-002 -2.782804306e+001 -2.782804306e+001 -3.6674e-001 +2.2040e+000 +9.9002e-001
166 +6.630360301e-003 +6.630360301e-003 -2.783336964e+001 -2.783336964e+001 -2.7942e-001 +2.3044e+000 +1.0200e+000
186 +4.395817129e-003 +4.395817129e-003 -2.783560418e+001 -2.783560418e+001 -3.3176e-001 +2.2771e+000 +1.0694e+000
189 +4.331405916e-003 +4.331405916e-003 -2.783566859e+001 -2.783566859e+001 -2.5680e-001 +2.2592e+000 +1.0038e+000
196 +1.860717145e-003 +1.860717145e-003 -2.783813928e+001 -2.783813928e+001 -2.5298e-001 +2.2604e+000 +1.0506e+000
204 +7.229361301e-004 +7.229361301e-004 -2.783927706e+001 -2.783927706e+001 -2.8930e-001 +2.2581e+000 +1.0613e+000
271 +6.444822822e-004 +6.444822822e-004 -2.783935552e+001 -2.783935552e+001 -2.7686e-001 +2.2550e+000 +1.0494e+000
287 +6.305587304e-004 +6.305587304e-004 -2.783936944e+001 -2.783936944e+001 -2.8586e-001 +2.2568e+000 +1.0530e+000
305 +6.137204344e-004 +6.137204344e-004 -2.783938628e+001 -2.783938628e+001 -2.7923e-001 +2.2558e+000 +1.0607e+000
306 +5.093923913e-004 +5.093923913e-004 -2.783949061e+001 -2.783949061e+001 -2.9099e-001 +2.2510e+000 +1.0463e+000
312 +4.593607162e-004 +4.593607162e-004 -2.783954064e+001 -2.783954064e+001 -2.8135e-001 +2.2444e+000 +1.0740e+000
318 +3.465421077e-004 +3.465421077e-004 -2.783965346e+001 -2.783965346e+001 -2.8165e-001 +2.2503e+000 +1.0554e+000
319 +1.304405567e-004 +1.304405567e-004 -2.783986956e+001 -2.783986956e+001 -2.8160e-001 +2.2422e+000 +1.0609e+000
335 +1.006423450e-004 +1.006423450e-004 -2.783989936e+001 -2.783989936e+001 -2.8312e-001 +2.2403e+000 +1.0622e+000
346 +3.192016730e-005 +3.192016730e-005 -2.783996808e+001 -2.783996808e+001 -2.8179e-001 +2.2301e+000 +1.0612e+000
372 +2.178469792e-005 +2.178469792e-005 -2.783997822e+001 -2.783997822e+001 -2.8053e-001 +2.2339e+000 +1.0566e+000
373 +1.287157838e-005 +1.287157838e-005 -2.783998713e+001 -2.783998713e+001 -2.8223e-001 +2.2301e+000 +1.0585e+000
402 +1.112601099e-005 +1.112601099e-005 -2.783998887e+001 -2.783998887e+001 -2.8152e-001 +2.2314e+000 +1.0570e+000
459 +3.060782682e-006 +3.060782682e-006 -2.783999694e+001 -2.783999694e+001 -2.8306e-001 +2.2320e+000 +1.0569e+000
493 +2.066084861e-006 +2.066084861e-006 -2.783999793e+001 -2.783999793e+001 -2.8586e-001 +2.2314e+000 +1.0560e+000
494 +1.950348711e-006 +1.950348711e-006 -2.783999805e+001 -2.783999805e+001 -2.8358e-001 +2.2326e+000 +1.0571e+000
499 +1.415617277e-006 +1.415617277e-006 -2.783999858e+001 -2.783999858e+001 -2.8386e-001 +2.2320e+000 +1.0561e+000
507 +4.963611211e-007 +4.963611211e-007 -2.783999950e+001 -2.783999950e+001 -2.8461e-001 +2.2319e+000 +1.0561e+000
510 +1.222026071e-007 +1.222026071e-007 -2.783999988e+001 -2.783999988e+001 -2.8510e-001 +2.2320e+000 +1.0570e+000
523 +1.066921449e-007 +1.066921449e-007 -2.783999989e+001 -2.783999989e+001 -2.8499e-001 +2.2322e+000 +1.0566e+000
526 +3.639436130e-008 +3.639436130e-008 -2.783999996e+001 -2.783999996e+001 -2.8468e-001 +2.2320e+000 +1.0567e+000
541 +3.013525784e-008 +3.013525784e-008 -2.783999997e+001 -2.783999997e+001 -2.8466e-001 +2.2320e+000 +1.0569e+000
564 +8.343274516e-009 +8.343274516e-009 -2.783999999e+001 -2.783999999e+001 -2.8472e-001 +2.2320e+000 +1.0568e+000
963 +0.000000000e+000 +0.000000000e+000 -2.784000000e+001 -2.784000000e+001 -2.8480e-001 +2.2320e+000 +1.0568e+000
% function evaluation | noise-free fitness - Fopt (2.027000000000e+001) | best noise-free fitness - Fopt | measured fitness | best measured fitness | x1 | x2...
1 +5.808407849e+002 +5.808407849e+002 +6.011107849e+002 +6.011107849e+002 -3.5478e+000 -7.7747e+000 +1.8758e+001
2 +2.941617349e+001 +2.941617349e+001 +4.968617349e+001 +4.968617349e+001 +8.7442e-001 -4.7945e+000 -9.8424e-002
18 +2.106845408e+001 +2.106845408e+001 +4.133845408e+001 +4.133845408e+001 -1.0724e+000 -2.1515e+000 -5.2269e+000
38 +8.126368600e+000 +8.126368600e+000 +2.839636860e+001 +2.839636860e+001 +5.3330e-001 -2.4794e+000 -3.2826e+000
40 +7.404802464e+000 +7.404802464e+000 +2.767480246e+001 +2.767480246e+001 +3.9717e-001 -1.7829e+000 -3.5922e+000
46 +6.391428399e+000 +6.391428399e+000 +2.666142840e+001 +2.666142840e+001 +1.2724e+000 -4.0328e-001 -5.1200e+000
92 +3.061578898e+000 +3.061578898e+000 +2.333157890e+001 +2.333157890e+001 +1.6502e+000 -2.1814e+000 -3.3085e+000
99 +2.974747038e+000 +2.974747038e+000 +2.324474704e+001 +2.324474704e+001 +1.3697e+000 -1.2187e+000 -3.0025e+000
106 +4.508236739e-001 +4.508236739e-001 +2.072082367e+001 +2.072082367e+001 +2.6821e+000 -1.6559e+000 -3.6476e+000
115 +4.179116638e-001 +4.179116638e-001 +2.068791166e+001 +2.068791166e+001 +2.7718e+000 -1.6545e+000 -3.2023e+000
122 +1.027945662e-001 +1.027945662e-001 +2.037279457e+001 +2.037279457e+001 +3.3437e+000 -1.1823e+000 -3.4126e+000
161 +7.530151052e-002 +7.530151052e-002 +2.034530151e+001 +2.034530151e+001 +2.9078e+000 -1.2155e+000 -3.6755e+000
213 +1.492201527e-002 +1.492201527e-002 +2.028492202e+001 +2.028492202e+001 +3.0803e+000 -1.1988e+000 -3.3738e+000
266 +1.005419854e-002 +1.005419854e-002 +2.028005420e+001 +2.028005420e+001 +3.0232e+000 -1.1886e+000 -3.3809e+000
274 +7.446274512e-003 +7.446274512e-003 +2.027744627e+001 +2.027744627e+001 +3.0388e+000 -1.1480e+000 -3.5317e+000
317 +1.439064960e-004 +1.439064960e-004 +2.027014391e+001 +2.027014391e+001 +3.0231e+000 -1.1244e+000 -3.4469e+000
379 +1.262749737e-004 +1.262749737e-004 +2.027012627e+001 +2.027012627e+001 +3.0418e+000 -1.1140e+000 -3.4555e+000
390 +2.703195004e-005 +2.703195004e-005 +2.027002703e+001 +2.027002703e+001 +3.0364e+000 -1.1203e+000 -3.4516e+000
412 +5.709765475e-006 +5.709765475e-006 +2.027000571e+001 +2.027000571e+001 +3.0335e+000 -1.1195e+000 -3.4513e+000
438 +2.156470867e-006 +2.156470867e-006 +2.027000216e+001 +2.027000216e+001 +3.0312e+000 -1.1182e+000 -3.4523e+000
452 +1.937001493e-006 +1.937001493e-006 +2.027000194e+001 +2.027000194e+001 +3.0328e+000 -1.1185e+000 -3.4520e+000
475 +1.117897543e-006 +1.117897543e-006 +2.027000112e+001 +2.027000112e+001 +3.0314e+000 -1.1179e+000 -3.4520e+000
480 +4.880716169e-007 +4.880716169e-007 +2.027000049e+001 +2.027000049e+001 +3.0327e+000 -1.1177e+000 -3.4511e+000
500 +6.185302581e-008 +6.185302581e-008 +2.027000006e+001 +2.027000006e+001 +3.0322e+000 -1.1177e+000 -3.4514e+000
556 +5.154741345e-008 +5.154741345e-008 +2.027000005e+001 +2.027000005e+001 +3.0320e+000 -1.1175e+000 -3.4514e+000
571 +3.053900954e-008 +3.053900954e-008 +2.027000003e+001 +2.027000003e+001 +3.0320e+000 -1.1177e+000 -3.4514e+000
582 +1.537098271e-008 +1.537098271e-008 +2.027000002e+001 +2.027000002e+001 +3.0320e+000 -1.1176e+000 -3.4513e+000
609 +1.426533203e-008 +1.426533203e-008 +2.027000001e+001 +2.027000001e+001 +3.0320e+000 -1.1176e+000 -3.4513e+000
620 +1.337107136e-008 +1.337107136e-008 +2.027000001e+001 +2.027000001e+001 +3.0320e+000 -1.1176e+000 -3.4513e+000
631 +5.944329473e-009 +5.944329473e-009 +2.027000001e+001 +2.027000001e+001 +3.0320e+000 -1.1176e+000 -3.4513e+000
997 +0.000000000e+000 +0.000000000e+000 +2.027000000e+001 +2.027000000e+001 +3.0320e+000 -1.1176e+000 -3.4512e+000
% function evaluation | noise-free fitness - Fopt (9.302900000000e+002) | best noise-free fitness - Fopt | measured fitness | best measured fitness | x1 | x2...
1 +3.267051925e+001 +3.267051925e+001 +9.629605193e+002 +9.629605193e+002 -2.1601e-001 +2.1129e+000 +1.0368e+000
4 +2.938184744e+001 +2.938184744e+001 +9.596718474e+002 +9.596718474e+002 -1.2959e-001 +2.3186e+000 +4.6193e-001
6 +2.279580948e+001 +2.279580948e+001 +9.530858095e+002 +9.530858095e+002 -5.1919e-001 +1.5948e+000 +3.0720e-001
9 +2.044360477e+001 +2.044360477e+001 +9.507336048e+002 +9.507336048e+002 -1.6322e+000 +4.2317e-001 +7.6747e-001
10 +1.096985679e+001 +1.096985679e+001 +9.412598568e+002 +9.412598568e+002 -2.7102e+000 -3.0505e-001 -4.6807e-001
18 +6.197303131e+000 +6.197303131e+000 +9.364873031e+002 +9.364873031e+002 -3.7876e-001 +5.7537e-001 -2.0999e+000
22 +2.891713947e+000 +2.891713947e+000 +9.331817139e+002 +9.331817139e+002 -1.6956e+000 +2.9449e-001 -2.4823e+000
41 +2.480637139e+000 +2.480637139e+000 +9.327706371e+002 +9.327706371e+002 -1.9981e+000 +4.5332e-001 -3.3125e+000
49 +2.155300093e+000 +2.155300093e+000 +9.324453001e+002 +9.324453001e+002 -2.1090e+000 -1.9603e+000 -2.4471e+000
51 +2.630291237e-001 +2.630291237e-001 +9.305530291e+002 +9.305530291e+002 -2.0386e+000 -8.4394e-001 -3.3023e+000
64 +9.753133607e-002 +9.753133607e-002 +9.303875313e+002 +9.303875313e+002 -1.6153e+000 -1.1048e+000 -3.1928e+000
67 +3.923829956e-002 +3.923829956e-002 +9.303292383e+002 +9.303292383e+002 -1.7485e+000 -9.4287e-001 -3.4116e+000
93 +1.372141592e-002 +1.372141592e-002 +9.303037214e+002 +9.303037214e+002 -1.6459e+000 -1.0675e+000 -3.3880e+000
127 +1.257937420e-002 +1.257937420e-002 +9.303025794e+002 +9.303025794e+002 -1.6871e+000 -1.0791e+000 -3.4132e+000
139 +8.624439751e-003 +8.624439751e-003 +9.302986244e+002 +9.302986244e+002 -1.6614e+000 -1.0547e+000 -3.4194e+000
149 +6.321326697e-004 +6.321326697e-004 +9.302906321e+002 +9.302906321e+002 -1.6219e+000 -1.0389e+000 -3.5042e+000
213 +7.301762980e-005 +7.301762980e-005 +9.302900730e+002 +9.302900730e+002 -1.6164e+000 -1.0605e+000 -3.4960e+000
301 +4.397686382e-005 +4.397686382e-005 +9.302900440e+002 +9.302900440e+002 -1.6149e+000 -1.0670e+000 -3.5029e+000
318 +3.882132432e-005 +3.882132432e-005 +9.302900388e+002 +9.302900388e+002 -1.6149e+000 -1.0660e+000 -3.5028e+000
323 +3.615568687e-005 +3.615568687e-005 +9.302900362e+002 +9.302900362e+002 -1.6158e+000 -1.0673e+000 -3.5027e+000
336 +3.043675122e-005 +3.043675122e-005 +9.302900304e+002 +9.302900304e+002 -1.6159e+000 -1.0663e+000 -3.5014e+000
342 +2.150616285e-005 +2.150616285e-005 +9.302900215e+002 +9.302900215e+002 -1.6175e+000 -1.0671e+000 -3.5015e+000
366 +1.880346224e-005 +1.880346224e-005 +9.302900188e+002 +9.302900188e+002 -1.6169e+000 -1.0657e+000 -3.5033e+000
371 +1.849020578e-005 +1.849020578e-005 +9.302900185e+002 +9.302900185e+002 -1.6168e+000 -1.0652e+000 -3.5013e+000
382 +1.432609474e-005 +1.432609474e-005 +9.302900143e+002 +9.302900143e+002 -1.6172e+000 -1.0642e+000 -3.5034e+000
396 +1.329704253e-005 +1.329704253e-005 +9.302900133e+002 +9.302900133e+002 -1.6172e+000 -1.0640e+000 -3.5031e+000
402 +1.306572267e-005 +1.306572267e-005 +9.302900131e+002 +9.302900131e+002 -1.6173e+000 -1.0641e+000 -3.5034e+000
410 +1.022134234e-005 +1.022134234e-005 +9.302900102e+002 +9.302900102e+002 -1.6178e+000 -1.0650e+000 -3.5025e+000
418 +4.368832720e-006 +4.368832720e-006 +9.302900044e+002 +9.302900044e+002 -1.6190e+000 -1.0636e+000 -3.5033e+000
435 +5.464911510e-007 +5.464911510e-007 +9.302900005e+002 +9.302900005e+002 -1.6207e+000 -1.0644e+000 -3.5030e+000
452 +4.376324796e-007 +4.376324796e-007 +9.302900004e+002 +9.302900004e+002 -1.6215e+000 -1.0641e+000 -3.5025e+000
456 +4.220015626e-007 +4.220015626e-007 +9.302900004e+002 +9.302900004e+002 -1.6204e+000 -1.0635e+000 -3.5025e+000
474 +2.317839289e-007 +2.317839289e-007 +9.302900002e+002 +9.302900002e+002 -1.6205e+000 -1.0644e+000 -3.5024e+000
485 +6.447260148e-008 +6.447260148e-008 +9.302900001e+002 +9.302900001e+002 -1.6206e+000 -1.0640e+000 -3.5024e+000
498 +3.871423360e-008 +3.871423360e-008 +9.302900000e+002 +9.302900000e+002 -1.6207e+000 -1.0640e+000 -3.5023e+000
502 +2.569731805e-008 +2.569731805e-008 +9.302900000e+002 +9.302900000e+002 -1.6208e+000 -1.0640e+000 -3.5026e+000
526 +4.972889656e-009 +4.972889656e-009 +9.302900000e+002 +9.302900000e+002 -1.6207e+000 -1.0640e+000 -3.5024e+000
928 +0.000000000e+000 +0.000000000e+000 +9.302900000e+002 +9.302900000e+002 -1.6208e+000 -1.0640e+000 -3.5024e+000
% function evaluation | noise-free fitness - Fopt (7.786100000000e+002) | best noise-free fitness - Fopt | measured fitness | best measured fitness | x1 | x2...
1 +1.501498977e+002 +1.501498977e+002 +9.287598977e+002 +9.287598977e+002 -1.0767e+001 +6.2329e+000 -3.8907e+000
3 +1.302030753e+001 +1.302030753e+001 +7.916303075e+002 +7.916303075e+002 -1.9400e+000 -1.7649e+000 -5.7129e-001
9 +3.336923659e+000 +3.336923659e+000 +7.819469237e+002 +7.819469237e+002 -2.4659e+000 -4.2204e+000 -4.0003e+000
19 +9.733717657e-001 +9.733717657e-001 +7.795833718e+002 +7.795833718e+002 -2.8545e+000 -3.6962e+000 -2.9006e+000
60 +9.234494165e-001 +9.234494165e-001 +7.795334494e+002 +7.795334494e+002 -4.4443e+000 -3.2844e+000 -3.3735e+000
63 +7.318274400e-001 +7.318274400e-001 +7.793418274e+002 +7.793418274e+002 -3.8865e+000 -3.1769e+000 -3.4229e+000
78 +2.663931471e-001 +2.663931471e-001 +7.788763931e+002 +7.788763931e+002 -4.0893e+000 -3.3823e+000 -2.9661e+000
89 +9.082655795e-002 +9.082655795e-002 +7.787008266e+002 +7.787008266e+002 -4.0777e+000 -3.6737e+000 -2.7558e+000
95 +5.633412926e-002 +5.633412926e-002 +7.786663341e+002 +7.786663341e+002 -3.8461e+000 -4.0082e+000 -2.9974e+000
119 +3.615061580e-002 +3.615061580e-002 +7.786461506e+002 +7.786461506e+002 -3.8891e+000 -3.6555e+000 -2.9410e+000
132 +3.401652057e-002 +3.401652057e-002 +7.786440165e+002 +7.786440165e+002 -3.9884e+000 -3.7678e+000 -2.7716e+000
143 +3.015437135e-002 +3.015437135e-002 +7.786401544e+002 +7.786401544e+002 -3.9642e+000 -3.7318e+000 -2.9329e+000
146 +2.728932175e-002 +2.728932175e-002 +7.786372893e+002 +7.786372893e+002 -3.9754e+000 -3.8009e+000 -2.9394e+000
147 +1.424857399e-002 +1.424857399e-002 +7.786242486e+002 +7.786242486e+002 -3.9482e+000 -3.8258e+000 -2.8867e+000
179 +1.037307553e-002 +1.037307553e-002 +7.786203731e+002 +7.786203731e+002 -3.8656e+000 -3.8342e+000 -2.9524e+000
195 +7.024790434e-003 +7.024790434e-003 +7.786170248e+002 +7.786170248e+002 -3.8719e+000 -3.8282e+000 -2.9309e+000
201 +3.383808243e-003 +3.383808243e-003 +7.786133838e+002 +7.786133838e+002 -3.7976e+000 -3.8444e+000 -2.8948e+000
211 +2.394194684e-003 +2.394194684e-003 +7.786123942e+002 +7.786123942e+002 -3.8408e+000 -3.8650e+000 -2.8548e+000
225 +1.900731652e-003 +1.900731652e-003 +7.786119007e+002 +7.786119007e+002 -3.8186e+000 -3.8553e+000 -2.8722e+000
226 +1.297196576e-003 +1.297196576e-003 +7.786112972e+002 +7.786112972e+002 -3.8297e+000 -3.8353e+000 -2.8269e+000
234 +7.915092125e-004 +7.915092125e-004 +7.786107915e+002 +7.786107915e+002 -3.8157e+000 -3.8325e+000 -2.8735e+000
242 +2.887180366e-004 +2.887180366e-004 +7.786102887e+002 +7.786102887e+002 -3.8377e+000 -3.8042e+000 -2.8679e+000
260 +2.493117603e-004 +2.493117603e-004 +7.786102493e+002 +7.786102493e+002 -3.8392e+000 -3.8235e+000 -2.8704e+000
265 +1.681145757e-004 +1.681145757e-004 +7.786101681e+002 +7.786101681e+002 -3.8300e+000 -3.8237e+000 -2.8682e+000
277 +1.381086929e-004 +1.381086929e-004 +7.786101381e+002 +7.786101381e+002 -3.8334e+000 -3.8122e+000 -2.8684e+000
281 +3.157839762e-005 +3.157839762e-005 +7.786100316e+002 +7.786100316e+002 -3.8304e+000 -3.8176e+000 -2.8526e+000
304 +2.032113173e-005 +2.032113173e-005 +7.786100203e+002 +7.786100203e+002 -3.8302e+000 -3.8134e+000 -2.8591e+000
314 +3.666347538e-006 +3.666347538e-006 +7.786100037e+002 +7.786100037e+002 -3.8323e+000 -3.8155e+000 -2.8589e+000
391 +8.794082760e-007 +8.794082760e-007 +7.786100009e+002 +7.786100009e+002 -3.8332e+000 -3.8175e+000 -2.8581e+000
427 +4.239769851e-007 +4.239769851e-007 +7.786100004e+002 +7.786100004e+002 -3.8326e+000 -3.8165e+000 -2.8581e+000
450 +1.219460728e-007 +1.219460728e-007 +7.786100001e+002 +7.786100001e+002 -3.8326e+000 -3.8166e+000 -2.8578e+000
464 +2.685396794e-008 +2.685396794e-008 +7.786100000e+002 +7.786100000e+002 -3.8329e+000 -3.8168e+000 -2.8577e+000
470 +1.978446562e-008 +1.978446562e-008 +7.786100000e+002 +7.786100000e+002 -3.8327e+000 -3.8167e+000 -2.8576e+000
497 +1.667569904e-008 +1.667569904e-008 +7.786100000e+002 +7.786100000e+002 -3.8327e+000 -3.8168e+000 -2.8577e+000
498 +1.349633294e-008 +1.349633294e-008 +7.786100000e+002 +7.786100000e+002 -3.8327e+000 -3.8167e+000 -2.8576e+000
500 +5.401716408e-009 +5.401716408e-009 +7.786100000e+002 +7.786100000e+002 -3.8328e+000 -3.8167e+000 -2.8576e+000
990 +0.000000000e+000 +0.000000000e+000 +7.786100000e+002 +7.786100000e+002 -3.8328e+000 -3.8168e+000 -2.8576e+000
% function evaluation | noise-free fitness - Fopt (-2.051000000000e+001) | best noise-free fitness - Fopt | measured fitness | best measured fitness | x1 | x2...
1 +2.225797987e+002 +2.225797987e+002 +2.020697987e+002 +2.020697987e+002 +1.0382e+001 -3.9273e+000 +2.2954e+000
2 +1.194834352e+002 +1.194834352e+002 +9.897343518e+001 +9.897343518e+001 +3.6547e+000 -4.5985e+000 -2.7717e+000
4 +6.904483106e+001 +6.904483106e+001 +4.853483106e+001 +4.853483106e+001 +1.8498e+000 -2.9143e+000 -1.7997e+000
16 +6.297810884e+001 +6.297810884e+001 +4.246810884e+001 +4.246810884e+001 +2.5455e+000 +1.6573e+000 -2.7335e+000
19 +5.770898381e+001 +5.770898381e+001 +3.719898381e+001 +3.719898381e+001 +3.9575e+000 -3.0090e-002 +3.2786e+000
23 +4.437150591e+001 +4.437150591e+001 +2.386150591e+001 +2.386150591e+001 +8.6463e-001 -5.7146e-001 -1.9732e+000
31 +4.033888418e+001 +4.033888418e+001 +1.982888418e+001 +1.982888418e+001 +2.8951e+000 +1.5272e+000 +3.5879e+000
37 +2.381851913e+001 +2.381851913e+001 +3.308519128e+000 +3.308519128e+000 -2.5838e+000 +6.4547e+000 +1.0883e+000
48 +1.743873710e+001 +1.743873710e+001 -3.071262901e+000 -3.071262901e+000 +5.6024e-001 +3.2751e+000 +2.8113e+000
59 +1.385003313e+001 +1.385003313e+001 -6.659966867e+000 -6.659966867e+000 -3.4763e-001 +4.0480e+000 +2.5340e+000
64 +1.236498413e+001 +1.236498413e+001 -8.145015870e+000 -8.145015870e+000 -5.1116e+000 +4.8950e+000 +2.9352e+000
76 +7.707543522e+000 +7.707543522e+000 -1.280245648e+001 -1.280245648e+001 -5.0011e+000 -3.7366e-001 +2.5007e+000
79 +4.893593958e+000 +4.893593958e+000 -1.561640604e+001 -1.561640604e+001 -1.6815e+000 +3.3029e+000 +2.4938e+000
91 +8.323416026e-001 +8.323416026e-001 -1.967765840e+001 -1.967765840e+001 -3.3745e+000 +2.1806e+000 +3.4167e+000
113 +6.628286625e-001 +6.628286625e-001 -1.984717134e+001 -1.984717134e+001 -3.9002e+000 +2.2011e+000 +3.0729e+000
115 +6.525054551e-001 +6.525054551e-001 -1.985749454e+001 -1.985749454e+001 -3.9237e+000 +1.4161e+000 +2.9272e+000
134 +4.691090666e-001 +4.691090666e-001 -2.004089093e+001 -2.004089093e+001 -3.3423e+000 +2.5095e+000 +2.7970e+000
166 +2.748412542e-001 +2.748412542e-001 -2.023515875e+001 -2.023515875e+001 -3.6898e+000 +1.4963e+000 +2.7348e+000
187 +1.362253872e-001 +1.362253872e-001 -2.037377461e+001 -2.037377461e+001 -3.6029e+000 +1.7052e+000 +2.7892e+000
206 +1.251180912e-001 +1.251180912e-001 -2.038488191e+001 -2.038488191e+001 -3.4637e+000 +1.6290e+000 +2.3186e+000
211 +4.555365343e-002 +4.555365343e-002 -2.046444635e+001 -2.046444635e+001 -3.4331e+000 +1.7937e+000 +2.3722e+000
226 +3.090112919e-002 +3.090112919e-002 -2.047909887e+001 -2.047909887e+001 -3.4108e+000 +1.7485e+000 +2.4394e+000
229 +2.711034619e-002 +2.711034619e-002 -2.048288965e+001 -2.048288965e+001 -3.4130e+000 +1.7464e+000 +2.4598e+000
230 +1.876400669e-002 +1.876400669e-002 -2.049123599e+001 -2.049123599e+001 -3.4095e+000 +1.7536e+000 +2.4991e+000
263 +1.413145502e-002 +1.413145502e-002 -2.049586854e+001 -2.049586854e+001 -3.2891e+000 +1.8131e+000 +2.6356e+000
267 +8.126902770e-003 +8.126902770e-003 -2.050187310e+001 -2.050187310e+001 -3.2856e+000 +1.8928e+000 +2.5981e+000
290 +7.194934175e-003 +7.194934175e-003 -2.050280507e+001 -2.050280507e+001 -3.2855e+000 +1.8936e+000 +2.5386e+000
301 +2.982688927e-003 +2.982688927e-003 -2.050701731e+001 -2.050701731e+001 -3.3504e+000 +1.9203e+000 +2.5599e+000
338 +6.358648550e-004 +6.358648550e-004 -2.050936414e+001 -2.050936414e+001 -3.3727e+000 +1.8867e+000 +2.5471e+000
351 +1.798294938e-004 +1.798294938e-004 -2.050982017e+001 -2.050982017e+001 -3.3508e+000 +1.8715e+000 +2.5626e+000
383 +1.349373134e-004 +1.349373134e-004 -2.050986506e+001 -2.050986506e+001 -3.3678e+000 +1.8567e+000 +2.5581e+000
485 +1.834117471e-005 +1.834117471e-005 -2.050998166e+001 -2.050998166e+001 -3.3653e+000 +1.8694e+000 +2.5570e+000
506 +1.199279679e-005 +1.199279679e-005 -2.050998801e+001 -2.050998801e+001 -3.3608e+000 +1.8693e+000 +2.5586e+000
519 +2.784214523e-006 +2.784214523e-006 -2.050999722e+001 -2.050999722e+001 -3.3646e+000 +1.8681e+000 +2.5602e+000
528 +1.631507274e-006 +1.631507274e-006 -2.050999837e+001 -2.050999837e+001 -3.3632e+000 +1.8663e+000 +2.5591e+000
597 +1.290855646e-006 +1.290855646e-006 -2.050999871e+001 -2.050999871e+001 -3.3627e+000 +1.8681e+000 +2.5606e+000
599 +1.044429233e-006 +1.044429233e-006 -2.050999896e+001 -2.050999896e+001 -3.3633e+000 +1.8681e+000 +2.5605e+000
600 +7.208489734e-007 +7.208489734e-007 -2.050999928e+001 -2.050999928e+001 -3.3633e+000 +1.8680e+000 +2.5603e+000
616 +6.001204120e-007 +6.001204120e-007 -2.050999940e+001 -2.050999940e+001 -3.3633e+000 +1.8679e+000 +2.5602e+000
620 +5.089308601e-007 +5.089308601e-007 -2.050999949e+001 -2.050999949e+001 -3.3637e+000 +1.8677e+000 +2.5603e+000
631 +3.955442409e-007 +3.955442409e-007 -2.050999960e+001 -2.050999960e+001 -3.3636e+000 +1.8676e+000 +2.5603e+000
635 +9.771392229e-008 +9.771392229e-008 -2.050999990e+001 -2.050999990e+001 -3.3630e+000 +1.8674e+000 +2.5602e+000
661 +8.007219066e-008 +8.007219066e-008 -2.050999992e+001 -2.050999992e+001 -3.3630e+000 +1.8673e+000 +2.5602e+000
675 +6.827301036e-008 +6.827301036e-008 -2.050999993e+001 -2.050999993e+001 -3.3630e+000 +1.8672e+000 +2.5602e+000
684 +5.660344371e-008 +5.660344371e-008 -2.050999994e+001 -2.050999994e+001 -3.3630e+000 +1.8671e+000 +2.5601e+000
687 +3.975952012e-008 +3.975952012e-008 -2.050999996e+001 -2.050999996e+001 -3.3632e+000 +1.8673e+000 +2.5598e+000
692 +1.762498059e-008 +1.762498059e-008 -2.050999998e+001 -2.050999998e+001 -3.3631e+000 +1.8673e+000 +2.5600e+000
710 +1.050801757e-008 +1.050801757e-008 -2.050999999e+001 -2.050999999e+001 -3.3632e+000 +1.8673e+000 +2.5600e+000
712 +1.000985250e-008 +1.000985250e-008 -2.050999999e+001 -2.050999999e+001 -3.3632e+000 +1.8673e+000 +2.5601e+000
719 +9.029083259e-009 +9.029083259e-009 -2.050999999e+001 -2.050999999e+001 -3.3632e+000 +1.8673e+000 +2.5600e+000
996 +0.000000000e+000 +0.000000000e+000 -2.051000000e+001 -2.051000000e+001 -3.3632e+000 +1.8672e+000 +2.5600e+000
% function evaluation | noise-free fitness - Fopt (-1.000000000000e+003) | best noise-free fitness - Fopt | measured fitness | best measured fitness | x1 | x2...
1 +1.702970375e+002 +1.702970375e+002 -8.297029625e+002 -8.297029625e+002 -8.8316e+000 +6.4662e-001 +3.5716e+000
2 +1.100003043e+002 +1.100003043e+002 -8.899996957e+002 -8.899996957e+002 +2.0117e+000 -7.4152e+000 +8.4948e-001
3 +4.372667247e+001 +4.372667247e+001 -9.562733275e+002 -9.562733275e+002 -3.4499e+000 +1.4633e-001 -7.5153e-001
18 +3.926125802e+001 +3.926125802e+001 -9.607387420e+002 -9.607387420e+002 -2.0141e+000 +5.1226e-001 +1.1974e+000
21 +9.751338514e+000 +9.751338514e+000 -9.902486615e+002 -9.902486615e+002 -2.1071e-001 +7.2723e-001 -2.5882e+000
56 +5.197938567e+000 +5.197938567e+000 -9.948020614e+002 -9.948020614e+002 +1.2333e+000 +7.4160e-001 -1.7929e+000
65 +3.973593149e+000 +3.973593149e+000 -9.960264069e+002 -9.960264069e+002 +4.7779e-001 +2.1350e+000 -3.2037e+000
85 +1.363984285e+000 +1.363984285e+000 -9.986360157e+002 -9.986360157e+002 +1.6194e+000 +1.5786e+000 -3.0371e+000
110 +1.218879505e+000 +1.218879505e+000 -9.987811205e+002 -9.987811205e+002 +1.7700e+000 +1.5475e+000 -3.0760e+000
124 +1.054127030e+000 +1.054127030e+000 -9.989458730e+002 -9.989458730e+002 +1.4331e+000 +2.1908e+000 -2.5952e+000
128 +1.036013802e+000 +1.036013802e+000 -9.989639862e+002 -9.989639862e+002 +1.5208e+000 +1.9184e+000 -2.7631e+000
137 +6.933282552e-001 +6.933282552e-001 -9.993066717e+002 -9.993066717e+002 +1.8774e+000 +1.9916e+000 -3.2969e+000
152 +1.298438256e-001 +1.298438256e-001 -9.998701562e+002 -9.998701562e+002 +2.6365e+000 +2.1328e+000 -2.7335e+000
166 +1.132558844e-001 +1.132558844e-001 -9.998867441e+002 -9.998867441e+002 +2.1035e+000 +2.4343e+000 -2.6847e+000
167 +7.340527039e-002 +7.340527039e-002 -9.999265947e+002 -9.999265947e+002 +2.2599e+000 +2.3386e+000 -2.5990e+000
186 +5.572774793e-002 +5.572774793e-002 -9.999442723e+002 -9.999442723e+002 +2.3109e+000 +2.5596e+000 -2.6663e+000
190 +3.349110675e-002 +3.349110675e-002 -9.999665089e+002 -9.999665089e+002 +2.4365e+000 +2.4978e+000 -2.6560e+000
191 +2.453421570e-002 +2.453421570e-002 -9.999754658e+002 -9.999754658e+002 +2.2643e+000 +2.3605e+000 -2.7957e+000
208 +2.047936757e-002 +2.047936757e-002 -9.999795206e+002 -9.999795206e+002 +2.3536e+000 +2.4726e+000 -2.7012e+000
210 +1.095895217e-002 +1.095895217e-002 -9.999890410e+002 -9.999890410e+002 +2.3889e+000 +2.3453e+000 -2.7295e+000
217 +9.925989168e-003 +9.925989168e-003 -9.999900740e+002 -9.999900740e+002 +2.4438e+000 +2.4132e+000 -2.7174e+000
228 +3.742917109e-003 +3.742917109e-003 -9.999962571e+002 -9.999962571e+002 +2.4128e+000 +2.4638e+000 -2.7960e+000
243 +2.868547605e-003 +2.868547605e-003 -9.999971315e+002 -9.999971315e+002 +2.4572e+000 +2.4155e+000 -2.7827e+000
260 +1.942045371e-003 +1.942045371e-003 -9.999980580e+002 -9.999980580e+002 +2.4378e+000 +2.4071e+000 -2.7752e+000
277 +4.454559351e-004 +4.454559351e-004 -9.999995545e+002 -9.999995545e+002 +2.4074e+000 +2.4187e+000 -2.7974e+000
311 +3.853592693e-004 +3.853592693e-004 -9.999996146e+002 -9.999996146e+002 +2.4044e+000 +2.4178e+000 -2.8005e+000
320 +3.080255885e-005 +3.080255885e-005 -9.999999692e+002 -9.999999692e+002 +2.4141e+000 +2.3993e+000 -2.8119e+000
348 +2.828983804e-005 +2.828983804e-005 -9.999999717e+002 -9.999999717e+002 +2.4158e+000 +2.4054e+000 -2.8072e+000
370 +6.725255957e-006 +6.725255957e-006 -9.999999933e+002 -9.999999933e+002 +2.4154e+000 +2.4036e+000 -2.8106e+000
385 +4.407188385e-006 +4.407188385e-006 -9.999999956e+002 -9.999999956e+002 +2.4143e+000 +2.4064e+000 -2.8131e+000
410 +2.255357003e-006 +2.255357003e-006 -9.999999977e+002 -9.999999977e+002 +2.4150e+000 +2.4044e+000 -2.8125e+000
429 +9.230025171e-007 +9.230025171e-007 -9.999999991e+002 -9.999999991e+002 +2.4135e+000 +2.4051e+000 -2.8111e+000
453 +5.106513754e-007 +5.106513754e-007 -9.999999995e+002 -9.999999995e+002 +2.4142e+000 +2.4046e+000 -2.8124e+000
457 +3.028377478e-007 +3.028377478e-007 -9.999999997e+002 -9.999999997e+002 +2.4135e+000 +2.4045e+000 -2.8124e+000
468 +2.252565992e-007 +2.252565992e-007 -9.999999998e+002 -9.999999998e+002 +2.4139e+000 +2.4050e+000 -2.8117e+000
516 +4.544347121e-008 +4.544347121e-008 -1.000000000e+003 -1.000000000e+003 +2.4137e+000 +2.4050e+000 -2.8121e+000
542 +1.960131613e-008 +1.960131613e-008 -1.000000000e+003 -1.000000000e+003 +2.4136e+000 +2.4047e+000 -2.8121e+000
562 +1.481123491e-008 +1.481123491e-008 -1.000000000e+003 -1.000000000e+003 +2.4136e+000 +2.4047e+000 -2.8121e+000
610 +1.059675014e-009 +1.059675014e-009 -1.000000000e+003 -1.000000000e+003 +2.4136e+000 +2.4048e+000 -2.8120e+000
933 +0.000000000e+000 +0.000000000e+000 -1.000000000e+003 -1.000000000e+003 +2.4136e+000 +2.4048e+000 -2.8120e+000
% function evaluation | noise-free fitness - Fopt (-1.730800000000e+002) | best noise-free fitness - Fopt | measured fitness | best measured fitness | x1 | x2...
1 +3.099010752e+001 +3.099010752e+001 -1.420898925e+002 -1.420898925e+002 -3.1412e+000 -2.7679e+000 -4.2707e+000
21 +8.672902132e+000 +8.672902132e+000 -1.644070979e+002 -1.644070979e+002 -4.4436e+000 -4.7729e+000 -1.3659e+000
37 +7.932613072e+000 +7.932613072e+000 -1.651473869e+002 -1.651473869e+002 -5.1224e+000 -1.3059e+000 +1.8009e+000
46 +7.261382230e+000 +7.261382230e+000 -1.658186178e+002 -1.658186178e+002 -5.1586e+000 -1.4715e+000 +6.6122e-001
47 +6.726704355e+000 +6.726704355e+000 -1.663532956e+002 -1.663532956e+002 -3.7763e+000 -5.1835e+000 +3.2683e+000
50 +3.312672004e+000 +3.312672004e+000 -1.697673280e+002 -1.697673280e+002 -4.4815e+000 -4.4407e+000 -1.5926e-001
56 +1.940568091e+000 +1.940568091e+000 -1.711394319e+002 -1.711394319e+002 -2.5965e+000 -4.2901e+000 +1.8744e+000
77 +7.626342195e-001 +7.626342195e-001 -1.723173658e+002 -1.723173658e+002 -3.4729e+000 -4.4042e+000 +8.7313e-001
95 +4.235478043e-001 +4.235478043e-001 -1.726564522e+002 -1.726564522e+002 -3.0989e+000 -3.9511e+000 +1.4120e+000
103 +9.105981615e-002 +9.105981615e-002 -1.729889402e+002 -1.729889402e+002 -3.3282e+000 -3.5943e+000 +1.1250e+000
156 +7.393615397e-002 +7.393615397e-002 -1.730060638e+002 -1.730060638e+002 -3.3829e+000 -3.4786e+000 +1.2494e+000
163 +5.037310702e-002 +5.037310702e-002 -1.730296269e+002 -1.730296269e+002 -3.5142e+000 -3.7365e+000 +1.3672e+000
166 +3.261853297e-002 +3.261853297e-002 -1.730473815e+002 -1.730473815e+002 -3.5103e+000 -3.5056e+000 +1.1114e+000
170 +1.153526346e-002 +1.153526346e-002 -1.730684647e+002 -1.730684647e+002 -3.5725e+000 -3.5732e+000 +1.3010e+000
221 +7.195733199e-003 +7.195733199e-003 -1.730728043e+002 -1.730728043e+002 -3.5808e+000 -3.6888e+000 +1.2138e+000
229 +6.270044280e-003 +6.270044280e-003 -1.730737300e+002 -1.730737300e+002 -3.5420e+000 -3.6328e+000 +1.1954e+000
244 +6.063499131e-003 +6.063499131e-003 -1.730739365e+002 -1.730739365e+002 -3.5441e+000 -3.6396e+000 +1.2071e+000
250 +5.768802278e-003 +5.768802278e-003 -1.730742312e+002 -1.730742312e+002 -3.5479e+000 -3.6375e+000 +1.2305e+000
252 +3.488713615e-003 +3.488713615e-003 -1.730765113e+002 -1.730765113e+002 -3.5620e+000 -3.6228e+000 +1.1919e+000
271 +2.833370048e-003 +2.833370048e-003 -1.730771666e+002 -1.730771666e+002 -3.5666e+000 -3.5976e+000 +1.2008e+000
272 +2.461932403e-003 +2.461932403e-003 -1.730775381e+002 -1.730775381e+002 -3.5694e+000 -3.5974e+000 +1.2132e+000
288 +1.223796789e-003 +1.223796789e-003 -1.730787762e+002 -1.730787762e+002 -3.5844e+000 -3.5992e+000 +1.2078e+000
305 +7.234518229e-004 +7.234518229e-004 -1.730792765e+002 -1.730792765e+002 -3.5901e+000 -3.6147e+000 +1.2103e+000
323 +1.377649724e-004 +1.377649724e-004 -1.730798622e+002 -1.730798622e+002 -3.6067e+000 -3.6066e+000 +1.2086e+000
338 +4.896329551e-005 +4.896329551e-005 -1.730799510e+002 -1.730799510e+002 -3.6124e+000 -3.6066e+000 +1.2117e+000
365 +2.078910097e-005 +2.078910097e-005 -1.730799792e+002 -1.730799792e+002 -3.6130e+000 -3.6102e+000 +1.2095e+000
377 +2.167789262e-006 +2.167789262e-006 -1.730799978e+002 -1.730799978e+002 -3.6161e+000 -3.6115e+000 +1.2100e+000
410 +6.811491460e-007 +6.811491460e-007 -1.730799993e+002 -1.730799993e+002 -3.6161e+000 -3.6119e+000 +1.2108e+000
435 +4.304812080e-007 +4.304812080e-007 -1.730799996e+002 -1.730799996e+002 -3.6165e+000 -3.6126e+000 +1.2112e+000
451 +3.802652770e-007 +3.802652770e-007 -1.730799996e+002 -1.730799996e+002 -3.6167e+000 -3.6116e+000 +1.2108e+000
467 +2.309728302e-007 +2.309728302e-007 -1.730799998e+002 -1.730799998e+002 -3.6168e+000 -3.6117e+000 +1.2108e+000
474 +4.821058042e-008 +4.821058042e-008 -1.730800000e+002 -1.730800000e+002 -3.6167e+000 -3.6118e+000 +1.2112e+000
496 +2.386411779e-008 +2.386411779e-008 -1.730800000e+002 -1.730800000e+002 -3.6168e+000 -3.6119e+000 +1.2113e+000
503 +1.985671361e-008 +1.985671361e-008 -1.730800000e+002 -1.730800000e+002 -3.6167e+000 -3.6121e+000 +1.2111e+000
514 +1.326901611e-008 +1.326901611e-008 -1.730800000e+002 -1.730800000e+002 -3.6169e+000 -3.6120e+000 +1.2113e+000
520 +2.289681333e-009 +2.289681333e-009 -1.730800000e+002 -1.730800000e+002 -3.6168e+000 -3.6120e+000 +1.2112e+000
932 +0.000000000e+000 +0.000000000e+000 -1.730800000e+002 -1.730800000e+002 -3.6168e+000 -3.6120e+000 +1.2112e+000
% function evaluation | noise-free fitness - Fopt (5.309000000000e+001) | best noise-free fitness - Fopt | measured fitness | best measured fitness | x1 | x2...
1 +9.623189242e+002 +9.623189242e+002 +1.015408924e+003 +1.015408924e+003 -5.6662e+000 +2.6717e+001 -6.0521e+000
2 +5.934783137e+002 +5.934783137e+002 +6.465683137e+002 +6.465683137e+002 -2.5396e+000 +5.9895e+000 +2.1775e+001
4 +3.724049714e+001 +3.724049714e+001 +9.033049714e+001 +9.033049714e+001 +2.4982e+000 -8.0970e+000 +1.3230e-001
6 +2.261199500e+001 +2.261199500e+001 +7.570199500e+001 +7.570199500e+001 -7.8684e-001 +6.2920e-001 -2.8032e+000
8 +2.029551430e+001 +2.029551430e+001 +7.338551430e+001 +7.338551430e+001 +2.1461e+000 -1.7861e+000 -2.6283e+000
15 +6.874290670e+000 +6.874290670e+000 +5.996429067e+001 +5.996429067e+001 -2.1012e+000 -1.9040e+000 -2.5783e+000
32 +3.550871809e+000 +3.550871809e+000 +5.664087181e+001 +5.664087181e+001 -6.6468e-001 -1.9946e+000 +8.0937e-002
44 +3.105156564e+000 +3.105156564e+000 +5.619515656e+001 +5.619515656e+001 -1.6879e+000 -1.8626e+000 -1.1308e+000
49 +2.819344801e+000 +2.819344801e+000 +5.590934480e+001 +5.590934480e+001 -2.2373e+000 -4.4575e+000 +5.6605e-001
61 +1.782248213e-001 +1.782248213e-001 +5.326822482e+001 +5.326822482e+001 -1.3438e+000 -3.3338e+000 -2.8085e-001
155 +1.381412370e-001 +1.381412370e-001 +5.322814124e+001 +5.322814124e+001 -1.4161e+000 -3.7101e+000 -3.0015e-001
170 +1.222776813e-001 +1.222776813e-001 +5.321227768e+001 +5.321227768e+001 -1.4308e+000 -3.5117e+000 -2.7747e-001
176 +1.136824822e-001 +1.136824822e-001 +5.320368248e+001 +5.320368248e+001 -1.4276e+000 -3.5491e+000 -2.8993e-001
180 +5.894239504e-002 +5.894239504e-002 +5.314894240e+001 +5.314894240e+001 -1.4854e+000 -3.7055e+000 -4.4627e-001
182 +5.623198843e-002 +5.623198843e-002 +5.314623199e+001 +5.314623199e+001 -1.4634e+000 -3.3648e+000 -4.6097e-001
199 +5.295774916e-002 +5.295774916e-002 +5.314295775e+001 +5.314295775e+001 -1.3550e+000 -3.6499e+000 -4.7039e-001
204 +3.964789359e-002 +3.964789359e-002 +5.312964789e+001 +5.312964789e+001 -1.4410e+000 -3.5194e+000 -4.2877e-001
208 +2.829689319e-002 +2.829689319e-002 +5.311829689e+001 +5.311829689e+001 -1.4704e+000 -3.4183e+000 -5.0421e-001
212 +2.447531187e-002 +2.447531187e-002 +5.311447531e+001 +5.311447531e+001 -1.4630e+000 -3.5107e+000 -4.6939e-001
219 +8.097635366e-003 +8.097635366e-003 +5.309809764e+001 +5.309809764e+001 -1.4041e+000 -3.5461e+000 -6.5517e-001
228 +7.188728629e-003 +7.188728629e-003 +5.309718873e+001 +5.309718873e+001 -1.4679e+000 -3.5247e+000 -5.4005e-001
231 +6.184518161e-003 +6.184518161e-003 +5.309618452e+001 +5.309618452e+001 -1.4518e+000 -3.5289e+000 -5.5193e-001
237 +1.612301134e-003 +1.612301134e-003 +5.309161230e+001 +5.309161230e+001 -1.4539e+000 -3.5185e+000 -6.0982e-001
254 +5.361804463e-004 +5.361804463e-004 +5.309053618e+001 +5.309053618e+001 -1.4666e+000 -3.5314e+000 -6.1299e-001
275 +5.037374900e-004 +5.037374900e-004 +5.309050374e+001 +5.309050374e+001 -1.4915e+000 -3.5161e+000 -6.2624e-001
276 +3.443586234e-004 +3.443586234e-004 +5.309034436e+001 +5.309034436e+001 -1.4755e+000 -3.5238e+000 -6.2559e-001
296 +2.333580015e-004 +2.333580015e-004 +5.309023336e+001 +5.309023336e+001 -1.4802e+000 -3.5249e+000 -6.1694e-001
309 +2.053493289e-004 +2.053493289e-004 +5.309020535e+001 +5.309020535e+001 -1.4798e+000 -3.5265e+000 -6.1632e-001
310 +1.226034457e-004 +1.226034457e-004 +5.309012260e+001 +5.309012260e+001 -1.4846e+000 -3.5268e+000 -6.2197e-001
322 +8.716687256e-005 +8.716687256e-005 +5.309008717e+001 +5.309008717e+001 -1.4792e+000 -3.5338e+000 -6.2450e-001
336 +7.724455738e-005 +7.724455738e-005 +5.309007724e+001 +5.309007724e+001 -1.4826e+000 -3.5301e+000 -6.2112e-001
340 +3.979777549e-005 +3.979777549e-005 +5.309003980e+001 +5.309003980e+001 -1.4882e+000 -3.5315e+000 -6.2039e-001
346 +3.010541374e-005 +3.010541374e-005 +5.309003011e+001 +5.309003011e+001 -1.4886e+000 -3.5323e+000 -6.2083e-001
363 +1.105495788e-005 +1.105495788e-005 +5.309001105e+001 +5.309001105e+001 -1.4886e+000 -3.5360e+000 -6.1905e-001
371 +4.427404420e-006 +4.427404420e-006 +5.309000443e+001 +5.309000443e+001 -1.4889e+000 -3.5387e+000 -6.2206e-001
421 +2.535592529e-006 +2.535592529e-006 +5.309000254e+001 +5.309000254e+001 -1.4873e+000 -3.5385e+000 -6.2030e-001
461 +7.650173970e-007 +7.650173970e-007 +5.309000077e+001 +5.309000077e+001 -1.4865e+000 -3.5376e+000 -6.2212e-001
488 +4.664399000e-007 +4.664399000e-007 +5.309000047e+001 +5.309000047e+001 -1.4874e+000 -3.5378e+000 -6.2221e-001
530 +2.426660473e-007 +2.426660473e-007 +5.309000024e+001 +5.309000024e+001 -1.4873e+000 -3.5373e+000 -6.2201e-001
539 +2.121513916e-007 +2.121513916e-007 +5.309000021e+001 +5.309000021e+001 -1.4871e+000 -3.5374e+000 -6.2202e-001
557 +4.185287139e-008 +4.185287139e-008 +5.309000004e+001 +5.309000004e+001 -1.4870e+000 -3.5377e+000 -6.2161e-001
586 +1.283446949e-008 +1.283446949e-008 +5.309000001e+001 +5.309000001e+001 -1.4872e+000 -3.5376e+000 -6.2171e-001
604 +1.030898034e-008 +1.030898034e-008 +5.309000001e+001 +5.309000001e+001 -1.4873e+000 -3.5376e+000 -6.2166e-001
607 +1.405183525e-009 +1.405183525e-009 +5.309000000e+001 +5.309000000e+001 -1.4872e+000 -3.5376e+000 -6.2161e-001
961 +0.000000000e+000 +0.000000000e+000 +5.309000000e+001 +5.309000000e+001 -1.4872e+000 -3.5376e+000 -6.2160e-001
