% function evaluation | noise-free fitness - Fopt (7.135000000000e+001) | best noise-free fitness - Fopt | measured fitness | best measured fitness | x1 | x2...
1 +8.673085829e+001 +8.673085829e+001 +1.580808583e+002 +1.580808583e+002 -2.9053e+000 -5.8609e+000 -1.8196e+000 -2.5583e+000 +3.9908e+000
2 +5.028470744e+001 +5.028470744e+001 +1.216347074e+002 +1.216347074e+002 -3.5677e+000 -4.7423e+000 -7.8118e+000 -5.3587e+000 +4.7288e+000
7 +3.937661690e+001 +3.937661690e+001 +1.107266169e+002 +1.107266169e+002 -2.4788e+000 -4.5530e+000 +8.9813e-001 -2.3816e+000 +5.7199e+000
20 +1.922018854e+001 +1.922018854e+001 +9.057018854e+001 +9.057018854e+001 -4.2496e+000 -3.6687e+000 -5.0360e+000 -1.8571e+000 +3.9676e+000
43 +7.944438204e+000 +7.944438204e+000 +7.929443820e+001 +7.929443820e+001 -5.3823e+000 -6.8789e-001 -3.2213e+000 -2.5879e+000 +3.1971e+000
58 +7.220657635e+000 +7.220657635e+000 +7.857065763e+001 +7.857065763e+001 -2.6334e+000 -1.9773e+000 -2.2940e+000 -8.0546e-001 +3.4773e+000
2052 +5.438000921e+000 +5.438000921e+000 +7.678800092e+001 +7.678800092e+001 +3.8218e+000 +9.6569e-001 -1.5849e+000 -4.4284e+000 -6.1679e+000
% function evaluation | noise-free fitness - Fopt (-3.552200000000e+002) | best noise-free fitness - Fopt | measured fitness | best measured fitness | x1 | x2...
1 +2.170287192e+002 +2.170287192e+002 -1.381912808e+002 -1.381912808e+002 -4.1682e+000 +8.9040e+000 +1.3940e-001 +1.1910e+001 -2.7859e+000
2 +1.812266871e+001 +1.812266871e+001 -3.370973313e+002 -3.370973313e+002 -1.2838e+000 +4.4757e+000 +4.5470e+000 +3.7704e+000 -4.1831e+000
192 +1.735857821e+001 +1.735857821e+001 -3.378614218e+002 -3.378614218e+002 -1.9275e+000 +3.6594e+000 +5.2690e+000 -1.7565e+000 +1.9803e+000
233 +8.284559097e+000 +8.284559097e+000 -3.469354409e+002 -3.469354409e+002 +1.1080e+000 +9.5861e-001 +2.8603e+000 -1.8192e+000 +2.7107e+000
337 +4.581433394e+000 +4.581433394e+000 -3.506385666e+002 -3.506385666e+002 -2.1742e+000 +1.2315e+000 -9.4633e-001 -1.2375e+000 +3.8160e+000
% function evaluation | noise-free fitness - Fopt (9.917000000000e+001) | best noise-free fitness - Fopt | measured fitness | best measured fitness | x1 | x2...
1 +2.100816772e+002 +2.100816772e+002 +3.092516772e+002 +3.092516772e+002 +3.2651e+000 -2.0524e+000 -2.0433e+000 +1.9766e+000 -4.7960e+000
2 +1.122910497e+002 +1.122910497e+002 +2.114610497e+002 +2.114610497e+002 -9.0775e+000 -5.1232e+000 -1.8929e+000 -2.5861e-001 -5.4451e+000
3 +3.844933848e+001 +3.844933848e+001 +1.376193385e+002 +1.376193385e+002 +5.4646e+000 -4.2103e+000 -2.3305e-002 -7.4034e-001 -5.1924e+000
8 +3.380798905e+001 +3.380798905e+001 +1.329779890e+002 +1.329779890e+002 +4.2659e+000 -4.0695e+000 +4.0471e+000 +4.5642e+000 -4.7266e+000
10 +2.848544897e+001 +2.848544897e+001 +1.276554490e+002 +1.276554490e+002 +4.0244e+000 -4.8389e+000 -1.5590e+000 -5.5525e-001 -2.5016e+000
129 +2.440643692e+001 +2.440643692e+001 +1.235764369e+002 +1.235764369e+002 +3.4295e+000 -4.3257e-001 +3.0221e+000 +1.8713e-001 +1.0645e+000
192 +2.373555999e+001 +2.373555999e+001 +1.229055600e+002 +1.229055600e+002 +3.0351e+000 +9.8793e-002 +1.8828e+000 -3.2096e-001 +1.8785e+000
198 +2.252698470e+001 +2.252698470e+001 +1.216969847e+002 +1.216969847e+002 +3.7785e+000 +2.4252e+000 +6.1601e-001 -9.5111e-001 +2.0149e+000
243 +2.047596039e+001 +2.047596039e+001 +1.196459604e+002 +1.196459604e+002 +6.9105e-001 -1.8000e+000 +2.8970e+000 +5.6149e-001 +1.9621e+000
298 +1.842554308e+001 +1.842554308e+001 +1.175955431e+002 +1.175955431e+002 +7.6656e-001 -8.5509e-001 +2.9974e+000 -1.1846e+000 +1.7806e+000
323 +1.613162455e+001 +1.613162455e+001 +1.153016245e+002 +1.153016245e+002 +4.6971e+000 +3.5256e-001 +8.6068e-001 -1.3560e-001 +1.7057e+000
369 +1.228829248e+001 +1.228829248e+001 +1.114582925e+002 +1.114582925e+002 -2.4904e+000 +4.7581e+000 -4.5474e+000 +2.7629e+000 +1.6738e+000
476 +1.062537586e+001 +1.062537586e+001 +1.097953759e+002 +1.097953759e+002 +3.4715e+000 -3.1077e+000 -1.4797e+000 +1.9445e+000 +1.0353e+000
1010 +8.518368629e+000 +8.518368629e+000 +1.076883686e+002 +1.076883686e+002 +1.4773e+000 +2.6100e+000 -2.1929e+000 -4.5514e-001 -8.7599e-001
1066 +7.550781726e+000 +7.550781726e+000 +1.067207817e+002 +1.067207817e+002 -1.4708e+000 -5.0729e-001 -2.0105e+000 -1.6469e+000 -4.4251e+000
1939 +4.304647623e+000 +4.304647623e+000 +1.034746476e+002 +1.034746476e+002 -2.3220e+000 -2.8696e+000 -4.1409e+000 +1.8615e+000 +1.5039e+000
% function evaluation | noise-free fitness - Fopt (-5.179100000000e+002) | best noise-free fitness - Fopt | measured fitness | best measured fitness | x1 | x2...
1 +2.381927905e+002 +2.381927905e+002 -2.797172095e+002 -2.797172095e+002 -5.2871e+000 -4.9500e+000 +1.9741e+000 +1.5204e+001 -7.0499e+000
2 +1.300305260e+002 +1.300305260e+002 -3.878794740e+002 -3.878794740e+002 +1.5919e+000 -4.0105e+000 +7.5251e+000 -2.4333e+000 -3.4592e+000
3 +8.767704729e+001 +8.767704729e+001 -4.302329527e+002 -4.302329527e+002 -9.6170e-002 -1.5830e+000 +4.4589e-001 -9.7922e-001 -2.0707e+000
5 +6.059150320e+001 +6.059150320e+001 -4.573184968e+002 -4.573184968e+002 -4.6949e+000 -3.2312e+000 +6.2570e+000 -8.5123e-001 -3.9970e+000
8 +3.928966770e+001 +3.928966770e+001 -4.786203323e+002 -4.786203323e+002 -4.5440e+000 -2.0284e+000 -6.3031e-002 +6.0024e-001 -4.5446e+000
18 +2.669268212e+001 +2.669268212e+001 -4.912173179e+002 -4.912173179e+002 +7.2795e-001 -3.2325e+000 +5.0374e+000 +1.0283e+000 -4.4069e-001
47 +2.343338667e+001 +2.343338667e+001 -4.944766133e+002 -4.944766133e+002 +1.1950e-002 +8.8235e-001 +3.3642e+000 +7.3641e-001 -2.2007e+000
53 +1.500325951e+001 +1.500325951e+001 -5.029067405e+002 -5.029067405e+002 -1.5222e+000 -1.5937e+000 +1.4453e+000 +1.3425e+000 -2.8262e+000
107 +1.478131810e+001 +1.478131810e+001 -5.031286819e+002 -5.031286819e+002 +6.5852e+000 -5.7351e-001 -1.4218e-002 -1.1961e+000 -5.4516e+000
209 +1.318747054e+001 +1.318747054e+001 -5.047225295e+002 -5.047225295e+002 -1.3266e+000 -5.4880e+000 +1.3228e+000 -3.7433e-001 -4.3945e+000
275 +1.255199444e+001 +1.255199444e+001 -5.053580056e+002 -5.053580056e+002 -3.0384e+000 -7.2407e-001 +2.8069e+000 -2.4589e+000 -4.5384e+000
407 +1.071820704e+001 +1.071820704e+001 -5.071917930e+002 -5.071917930e+002 -1.8051e+000 -5.8339e+000 +1.7214e+000 -3.4570e-001 +4.6703e+000
1111 +7.923638379e+000 +7.923638379e+000 -5.099863616e+002 -5.099863616e+002 -6.4112e-001 -2.8824e+000 +4.1738e+000 +3.4081e+000 -3.7775e+000
1982 +5.912664740e+000 +5.912664740e+000 -5.119973353e+002 -5.119973353e+002 +1.1268e-001 -8.5787e-001 -1.1668e+000 +6.0090e+000 -8.2652e-001
3402 +5.635280506e+000 +5.635280506e+000 -5.122747195e+002 -5.122747195e+002 +1.4460e+000 -2.5829e+000 +1.8790e+000 -1.9882e+000 -1.9545e+000
% function evaluation | noise-free fitness - Fopt (-5.721000000000e+001) | best noise-free fitness - Fopt | measured fitness | best measured fitness | x1 | x2...
1 +9.088010524e+001 +9.088010524e+001 +3.367010524e+001 +3.367010524e+001 +3.0571e+000 -1.3194e+000 -1.7969e+000 -1.8258e+000 -5.1213e+000
3 +7.508891657e+001 +7.508891657e+001 +1.787891657e+001 +1.787891657e+001 +3.0160e+000 +2.8053e+000 -2.1547e+000 +4.0590e+000 +5.8110e+000
5 +6.707556300e+001 +6.707556300e+001 +9.865563000e+000 +9.865563000e+000 +5.3645e-001 +3.5569e+000 +2.6661e+000 +4.3288e+000 -6.8370e-001
15 +5.983436625e+001 +5.983436625e+001 +2.624366254e+000 +2.624366254e+000 +1.4037e+000 -2.1920e-001 -5.2479e+000 +4.1522e+000 +1.7478e+000
20 +4.408299674e+001 +4.408299674e+001 -1.312700326e+001 -1.312700326e+001 +3.6126e+000 +3.5139e+000 +7.1763e-001 -1.2031e+000 -2.3804e+000
22 +3.074710823e+001 +3.074710823e+001 -2.646289177e+001 -2.646289177e+001 +3.8798e-001 +2.1441e+000 -3.1643e+000 +3.2479e+000 +5.7307e+000
199 +2.991990127e+001 +2.991990127e+001 -2.729009873e+001 -2.729009873e+001 -1.1946e+000 +1.9871e+000 +6.8771e-001 +2.8692e+000 -2.3482e+000
252 +2.300450315e+001 +2.300450315e+001 -3.420549685e+001 -3.420549685e+001 +3.3332e+000 +1.2908e+000 +6.1217e-001 -1.8849e+000 -2.1621e+000
306 +1.788657721e+001 +1.788657721e+001 -3.932342279e+001 -3.932342279e+001 -1.4232e-001 +1.1068e+000 -1.5574e+000 +7.1142e+000 -7.8183e-001
652 +8.869787920e+000 +8.869787920e+000 -4.834021208e+001 -4.834021208e+001 +1.5187e+000 -1.3453e+000 -8.2602e-001 +1.8721e+000 -4.4976e+000
1856 +8.676608753e+000 +8.676608753e+000 -4.853339125e+001 -4.853339125e+001 +4.6460e+000 -1.8968e+000 -5.6439e-001 -3.9339e+000 +2.7736e+000
1936 +7.171497243e+000 +7.171497243e+000 -5.003850276e+001 -5.003850276e+001 +3.6962e+000 -4.8273e+000 -2.8719e+000 +1.8078e+000 +5.2761e+000
3893 +5.809393000e+000 +5.809393000e+000 -5.140060700e+001 -5.140060700e+001 +3.4711e+000 -1.4444e+000 -1.1132e+000 -2.2852e+000 +4.3278e+000
% function evaluation | noise-free fitness - Fopt (-1.000000000000e+003) | best noise-free fitness - Fopt | measured fitness | best measured fitness | x1 | x2...
1 +6.680919805e+001 +6.680919805e+001 -9.331908019e+002 -9.331908019e+002 +9.7198e-001 +4.6708e+000 -4.3367e+000 +1.4351e+000 +2.9754e+000
2 +4.954133467e+001 +4.954133467e+001 -9.504586653e+002 -9.504586653e+002 +5.2438e+000 +4.6033e+000 -2.0583e+000 +2.9773e+000 +4.8538e-001
3 +2.993647705e+001 +2.993647705e+001 -9.700635230e+002 -9.700635230e+002 +5.4355e+000 +6.4690e+000 +5.7489e-001 +2.6708e+000 +4.5033e+000
15 +2.844307325e+001 +2.844307325e+001 -9.715569268e+002 -9.715569268e+002 +3.3162e+000 +1.4701e+000 -1.1290e+000 +6.6016e+000 +5.2022e+000
79 +2.553079325e+001 +2.553079325e+001 -9.744692068e+002 -9.744692068e+002 +1.7328e+000 +1.8762e+000 +1.6381e+000 +3.2698e-002 +4.1652e+000
80 +1.044051264e+001 +1.044051264e+001 -9.895594874e+002 -9.895594874e+002 +3.8799e+000 +3.9228e-001 -1.9696e+000 +2.1364e+000 -1.7505e+000
445 +4.080243028e+000 +4.080243028e+000 -9.959197570e+002 -9.959197570e+002 +5.1113e+000 +2.9434e+000 -4.1873e+000 +4.9764e+000 -2.2070e+000
1023 +3.952006048e+000 +3.952006048e+000 -9.960479940e+002 -9.960479940e+002 +5.1929e+000 +4.8936e+000 -5.2542e-001 -6.3345e-001 +9.5201e-001
% function evaluation | noise-free fitness - Fopt (-6.554000000000e+001) | best noise-free fitness - Fopt | measured fitness | best measured fitness | x1 | x2...
1 +1.827767919e+002 +1.827767919e+002 +1.172367919e+002 +1.172367919e+002 +9.0803e+000 -1.6816e+000 -6.3594e+000 +4.0890e+000 +1.7443e+000
2 +1.325156620e+002 +1.325156620e+002 +6.697566199e+001 +6.697566199e+001 +3.6107e+000 +2.2247e+000 +1.8920e+000 +1.0470e+001 +3.4100e+000
3 +7.848750741e+001 +7.848750741e+001 +1.294750741e+001 +1.294750741e+001 +1.4603e+000 -1.8104e+000 -2.6655e+000 +6.4704e+000 -8.5644e+000
9 +7.153133341e+001 +7.153133341e+001 +5.991333409e+000 +5.991333409e+000 +9.0208e+000 -3.6584e+000 +1.1982e+000 -4.6804e+000 -4.7544e+000
14 +5.455951747e+001 +5.455951747e+001 -1.098048253e+001 -1.098048253e+001 +2.2598e+000 -1.1950e+000 +2.4453e-001 +2.0972e-001 -1.1625e+000
20 +4.102388196e+001 +4.102388196e+001 -2.451611804e+001 -2.451611804e+001 +2.5531e+000 -4.5948e+000 -4.4355e+000 +3.3299e+000 -2.5020e-001
39 +3.100862178e+001 +3.100862178e+001 -3.453137822e+001 -3.453137822e+001 +5.3292e+000 -2.4946e+000 -1.9519e+000 +2.2500e+000 -5.7305e+000
45 +2.673648752e+001 +2.673648752e+001 -3.880351248e+001 -3.880351248e+001 +2.6950e+000 -2.4677e+000 -5.4914e+000 +6.7946e-001 -3.9346e+000
52 +1.686157181e+001 +1.686157181e+001 -4.867842819e+001 -4.867842819e+001 +3.4350e+000 -3.7933e+000 -1.0073e+000 +3.6886e+000 +1.4413e+000
135 +1.308496030e+001 +1.308496030e+001 -5.245503970e+001 -5.245503970e+001 +1.4628e+000 -5.4243e+000 -3.8877e+000 +4.0397e+000 +8.8342e-001
540 +8.852041533e+000 +8.852041533e+000 -5.668795847e+001 -5.668795847e+001 +3.0587e+000 +2.2434e+000 -3.2276e+000 -4.1640e-001 +2.5951e+000
702 +5.929041213e+000 +5.929041213e+000 -5.961095879e+001 -5.961095879e+001 -6.8127e-001 +2.4361e+000 -5.0622e-001 +5.9061e-001 +3.5777e+000
1173 +5.597003759e+000 +5.597003759e+000 -5.994299624e+001 -5.994299624e+001 -1.4096e+000 +3.3885e+000 -7.5570e-001 +1.2739e+000 +4.4382e+000
1208 +4.495756031e+000 +4.495756031e+000 -6.104424397e+001 -6.104424397e+001 -1.0514e+000 +3.4511e+000 -7.4659e-001 +1.2935e+000 +4.6706e+000
1233 +4.118921977e+000 +4.118921977e+000 -6.142107802e+001 -6.142107802e+001 -1.3376e+000 +3.5123e+000 -1.0227e+000 +1.3292e+000 +4.4298e+000
1236 +2.248237996e+000 +2.248237996e+000 -6.329176200e+001 -6.329176200e+001 -1.1329e+000 +3.4820e+000 -7.5467e-001 +1.2720e+000 +4.5614e+000
2069 +1.669054557e+000 +1.669054557e+000 -6.387094544e+001 -6.387094544e+001 -2.0154e+000 +3.3725e+000 +9.7074e-001 +1.1043e+000 +4.7095e+000
2144 +1.451113253e+000 +1.451113253e+000 -6.408888675e+001 -6.408888675e+001 -1.9009e+000 +3.4472e+000 +9.2262e-001 +9.5189e-001 +4.8430e+000
2154 +1.087472881e+000 +1.087472881e+000 -6.445252712e+001 -6.445252712e+001 -1.8971e+000 +3.4398e+000 +1.0793e+000 +8.8672e-001 +4.7901e+000
2231 +7.102684824e-001 +7.102684824e-001 -6.482973152e+001 -6.482973152e+001 -1.8711e+000 +3.4444e+000 +1.0217e+000 +9.0462e-001 +4.9046e+000
2354 +5.976474411e-001 +5.976474411e-001 -6.494235256e+001 -6.494235256e+001 -1.8725e+000 +3.4503e+000 +1.0291e+000 +9.1793e-001 +4.8824e+000
2507 +4.875233516e-001 +4.875233516e-001 -6.505247665e+001 -6.505247665e+001 -1.8712e+000 +3.4588e+000 +1.0390e+000 +9.1959e-001 +4.8890e+000
2525 +4.171363866e-001 +4.171363866e-001 -6.512286361e+001 -6.512286361e+001 -1.8716e+000 +3.4569e+000 +1.0311e+000 +9.2404e-001 +4.8853e+000
2571 +3.792477356e-001 +3.792477356e-001 -6.516075226e+001 -6.516075226e+001 -1.8696e+000 +3.4624e+000 +1.0215e+000 +9.2823e-001 +4.8964e+000
2692 +3.604145524e-001 +3.604145524e-001 -6.517958545e+001 -6.517958545e+001 -1.8693e+000 +3.4579e+000 +1.0308e+000 +9.2450e-001 +4.8896e+000
2700 +3.514762472e-001 +3.514762472e-001 -6.518852375e+001 -6.518852375e+001 -1.8701e+000 +3.4592e+000 +1.0284e+000 +9.2428e-001 +4.8906e+000
2795 +3.272165695e-001 +3.272165695e-001 -6.521278343e+001 -6.521278343e+001 -1.8702e+000 +3.4591e+000 +1.0296e+000 +9.2421e-001 +4.8893e+000
2805 +3.194698218e-001 +3.194698218e-001 -6.522053018e+001 -6.522053018e+001 -1.8704e+000 +3.4587e+000 +1.0305e+000 +9.2396e-001 +4.8883e+000
2874 +3.139815227e-001 +3.139815227e-001 -6.522601848e+001 -6.522601848e+001 -1.8703e+000 +3.4590e+000 +1.0292e+000 +9.2423e-001 +4.8891e+000
3106 +3.088982288e-001 +3.088982288e-001 -6.523110177e+001 -6.523110177e+001 -1.8704e+000 +3.4593e+000 +1.0295e+000 +9.2383e-001 +4.8888e+000
3310 +3.005691066e-001 +3.005691066e-001 -6.523943089e+001 -6.523943089e+001 -1.8703e+000 +3.4592e+000 +1.0300e+000 +9.2372e-001 +4.8886e+000
3660 +2.947289087e-001 +2.947289087e-001 -6.524527109e+001 -6.524527109e+001 -1.8702e+000 +3.4591e+000 +1.0303e+000 +9.2356e-001 +4.8884e+000
% function evaluation | noise-free fitness - Fopt (-2.375000000000e+001) | best noise-free fitness - Fopt | measured fitness | best measured fitness | x1 | x2...
1 +4.540701375e+001 +4.540701375e+001 +2.165701375e+001 +2.165701375e+001 -3.5042e-001 +1.3388e+000 +3.1381e+000 -3.3938e+000 +5.6239e+000
5 +4.040889592e+001 +4.040889592e+001 +1.665889592e+001 +1.665889592e+001 -1.6095e+000 +4.9316e+000 +3.4150e+000 -5.0825e+000 +3.5797e+000
7 +3.345834810e+001 +3.345834810e+001 +9.708348095e+000 +9.708348095e+000 -1.7543e+000 +1.8825e+000 +1.1279e+000 -4.6418e+000 +4.1595e+000
27 +2.877445668e+001 +2.877445668e+001 +5.024456677e+000 +5.024456677e+000 -1.3120e+000 +4.3200e+000 +1.9395e+000 -3.8589e+000 +4.3987e+000
58 +1.725224690e+001 +1.725224690e+001 -6.497753096e+000 -6.497753096e+000 -3.0995e-001 +2.0663e+000 +6.5717e-001 -3.6983e+000 +4.6248e+000
357 +7.968675972e+000 +7.968675972e+000 -1.578132403e+001 -1.578132403e+001 -4.8722e-001 -8.5487e-001 +1.4223e+000 +1.1338e+000 +2.8900e+000
556 +6.474007610e+000 +6.474007610e+000 -1.727599239e+001 -1.727599239e+001 +3.8813e+000 +3.6220e-001 -2.0543e+000 +4.3631e+000 +1.1065e+000
3596 +3.148218424e+000 +3.148218424e+000 -2.060178158e+001 -2.060178158e+001 -2.3263e+000 -1.8236e+000 +3.5855e+000 +2.0395e+000 +6.9175e-001
% function evaluation | noise-free fitness - Fopt (3.513000000000e+001) | best noise-free fitness - Fopt | measured fitness | best measured fitness | x1 | x2...
1 +1.594038244e+002 +1.594038244e+002 +1.945338244e+002 +1.945338244e+002 +1.6006e+000 +3.5643e+000 -2.6941e+000 +6.7250e+000 +2.9828e+000
3 +4.283154804e+001 +4.283154804e+001 +7.796154804e+001 +7.796154804e+001 +7.5335e+000 +5.2847e+000 -7.5257e+000 +3.6469e+000 +3.8553e+000
6 +3.987835782e+001 +3.987835782e+001 +7.500835782e+001 +7.500835782e+001 -6.6908e-001 +3.6270e+000 -2.1294e+000 +5.6445e+000 +5.7441e-001
7 +3.028380813e+001 +3.028380813e+001 +6.541380813e+001 +6.541380813e+001 +6.3499e+000 +3.3371e+000 -4.8274e-001 +5.6648e+000 -1.6406e+000
9 +2.999113868e+001 +2.999113868e+001 +6.512113868e+001 +6.512113868e+001 +3.8315e+000 +5.7033e+000 -2.7670e+000 +4.2791e+000 -1.6577e+000
13 +1.212845281e+001 +1.212845281e+001 +4.725845281e+001 +4.725845281e+001 +4.3602e+000 +4.8595e+000 -3.6364e+000 +4.1579e+000 +2.8439e-001
1082 +5.534524985e+000 +5.534524985e+000 +4.066452499e+001 +4.066452499e+001 -1.6229e+000 +3.9100e+000 +3.2461e+000 -3.2540e-001 -2.1208e+000
1928 +1.850749103e+000 +1.850749103e+000 +3.698074910e+001 +3.698074910e+001 +5.7312e-001 -3.1795e+000 +2.1103e+000 -2.6505e+000 +1.1417e+000
2082 +1.643606299e+000 +1.643606299e+000 +3.677360630e+001 +3.677360630e+001 -3.4252e-001 -3.6866e+000 +2.0646e+000 -1.8781e+000 +1.2735e-001
2130 +1.231634423e+000 +1.231634423e+000 +3.636163442e+001 +3.636163442e+001 -5.1703e-001 -3.5395e+000 +2.0318e+000 -1.8402e+000 +1.8222e-001
2181 +1.165402986e+000 +1.165402986e+000 +3.629540299e+001 +3.629540299e+001 -2.8022e-001 -3.5708e+000 +2.0331e+000 -1.7844e+000 +1.4786e-001
2225 +1.029685742e+000 +1.029685742e+000 +3.615968574e+001 +3.615968574e+001 -4.2766e-001 -3.6190e+000 +1.9219e+000 -1.6931e+000 +1.3447e-001
2279 +7.721718624e-001 +7.721718624e-001 +3.590217186e+001 +3.590217186e+001 -4.3257e-001 -3.5285e+000 +1.9581e+000 -1.7078e+000 +2.6479e-001
2281 +3.830930381e-001 +3.830930381e-001 +3.551309304e+001 +3.551309304e+001 -4.9263e-001 -3.5196e+000 +1.9597e+000 -1.8359e+000 +1.7156e-001
2315 +4.671184077e-002 +4.671184077e-002 +3.517671184e+001 +3.517671184e+001 -3.9594e-001 -3.5674e+000 +1.9648e+000 -1.7659e+000 +9.0876e-002
2557 +3.359372849e-002 +3.359372849e-002 +3.516359373e+001 +3.516359373e+001 -3.9238e-001 -3.5455e+000 +2.0059e+000 -1.7694e+000 +1.5689e-001
2570 +2.180001267e-002 +2.180001267e-002 +3.515180001e+001 +3.515180001e+001 -3.7959e-001 -3.5335e+000 +2.0042e+000 -1.7664e+000 +1.1701e-001
2585 +1.728393449e-002 +1.728393449e-002 +3.514728393e+001 +3.514728393e+001 -3.9367e-001 -3.5080e+000 +2.0071e+000 -1.7846e+000 +1.1455e-001
2628 +1.541398209e-002 +1.541398209e-002 +3.514541398e+001 +3.514541398e+001 -3.9170e-001 -3.5290e+000 +2.0005e+000 -1.7858e+000 +1.1043e-001
2642 +1.385119421e-002 +1.385119421e-002 +3.514385119e+001 +3.514385119e+001 -3.8804e-001 -3.5193e+000 +2.0099e+000 -1.7820e+000 +1.1434e-001
2685 +1.010952551e-002 +1.010952551e-002 +3.514010953e+001 +3.514010953e+001 -3.8727e-001 -3.5334e+000 +2.0110e+000 -1.7873e+000 +1.1797e-001
2708 +8.624709255e-003 +8.624709255e-003 +3.513862471e+001 +3.513862471e+001 -3.9129e-001 -3.5289e+000 +2.0043e+000 -1.7853e+000 +1.1420e-001
2712 +8.117203276e-003 +8.117203276e-003 +3.513811720e+001 +3.513811720e+001 -3.8893e-001 -3.5232e+000 +2.0056e+000 -1.7850e+000 +1.1434e-001
2755 +7.703068032e-003 +7.703068032e-003 +3.513770307e+001 +3.513770307e+001 -3.8888e-001 -3.5401e+000 +1.9971e+000 -1.7764e+000 +1.1436e-001
2782 +5.778372350e-003 +5.778372350e-003 +3.513577837e+001 +3.513577837e+001 -3.8168e-001 -3.5347e+000 +2.0063e+000 -1.7819e+000 +1.0832e-001
2879 +4.182571017e-003 +4.182571017e-003 +3.513418257e+001 +3.513418257e+001 -3.9151e-001 -3.5229e+000 +2.0109e+000 -1.7888e+000 +1.1801e-001
3059 +3.292371895e-003 +3.292371895e-003 +3.513329237e+001 +3.513329237e+001 -3.8408e-001 -3.5289e+000 +2.0078e+000 -1.7843e+000 +1.0878e-001
3077 +1.594804173e-003 +1.594804173e-003 +3.513159480e+001 +3.513159480e+001 -3.8455e-001 -3.5304e+000 +2.0069e+000 -1.7811e+000 +1.1312e-001
3171 +1.434955996e-003 +1.434955996e-003 +3.513143496e+001 +3.513143496e+001 -3.8671e-001 -3.5307e+000 +2.0071e+000 -1.7816e+000 +1.1382e-001
3231 +1.215475702e-003 +1.215475702e-003 +3.513121548e+001 +3.513121548e+001 -3.8592e-001 -3.5299e+000 +2.0062e+000 -1.7811e+000 +1.1173e-001
3259 +8.358940313e-004 +8.358940313e-004 +3.513083589e+001 +3.513083589e+001 -3.8612e-001 -3.5309e+000 +2.0062e+000 -1.7809e+000 +1.1338e-001
3276 +6.896790738e-004 +6.896790738e-004 +3.513068968e+001 +3.513068968e+001 -3.8598e-001 -3.5301e+000 +2.0061e+000 -1.7816e+000 +1.1198e-001
3371 +6.520400575e-004 +6.520400575e-004 +3.513065204e+001 +3.513065204e+001 -3.8614e-001 -3.5301e+000 +2.0064e+000 -1.7822e+000 +1.1221e-001
3384 +4.471915493e-004 +4.471915493e-004 +3.513044719e+001 +3.513044719e+001 -3.8584e-001 -3.5297e+000 +2.0066e+000 -1.7820e+000 +1.1211e-001
3626 +4.391816442e-004 +4.391816442e-004 +3.513043918e+001 +3.513043918e+001 -3.8609e-001 -3.5293e+000 +2.0069e+000 -1.7825e+000 +1.1224e-001
3632 +3.869152146e-004 +3.869152146e-004 +3.513038692e+001 +3.513038692e+001 -3.8619e-001 -3.5292e+000 +2.0068e+000 -1.7823e+000 +1.1217e-001
3662 +3.562674827e-004 +3.562674827e-004 +3.513035627e+001 +3.513035627e+001 -3.8615e-001 -3.5292e+000 +2.0068e+000 -1.7823e+000 +1.1216e-001
3692 +3.535900811e-004 +3.535900811e-004 +3.513035359e+001 +3.513035359e+001 -3.8615e-001 -3.5292e+000 +2.0068e+000 -1.7824e+000 +1.1221e-001
3739 +3.429709081e-004 +3.429709081e-004 +3.513034297e+001 +3.513034297e+001 -3.8615e-001 -3.5292e+000 +2.0069e+000 -1.7824e+000 +1.1226e-001
3788 +3.058295469e-004 +3.058295469e-004 +3.513030583e+001 +3.513030583e+001 -3.8613e-001 -3.5292e+000 +2.0068e+000 -1.7824e+000 +1.1220e-001
3885 +3.015411659e-004 +3.015411659e-004 +3.513030154e+001 +3.513030154e+001 -3.8612e-001 -3.5292e+000 +2.0068e+000 -1.7824e+000 +1.1219e-001
3888 +2.842143816e-004 +2.842143816e-004 +3.513028421e+001 +3.513028421e+001 -3.8611e-001 -3.5292e+000 +2.0068e+000 -1.7824e+000 +1.1218e-001
% function evaluation | noise-free fitness - Fopt (-7.982000000000e+001) | best noise-free fitness - Fopt | measured fitness | best measured fitness | x1 | x2...
1 +2.908587316e+002 +2.908587316e+002 +2.110387316e+002 +2.110387316e+002 +6.7968e+000 +4.4896e+000 +1.0490e+001 +2.1386e+000 +1.3391e+001
2 +1.580807840e+002 +1.580807840e+002 +7.826078401e+001 +7.826078401e+001 +5.9472e+000 +1.0650e+001 -2.9591e+000 +5.0299e+000 +4.9897e+000
7 +1.092069512e+002 +1.092069512e+002 +2.938695118e+001 +2.938695118e+001 -5.0763e-001 +9.2860e-001 -5.2842e+000 +2.1640e+000 +6.8789e-001
8 +7.366360171e+001 +7.366360171e+001 -6.156398292e+000 -6.156398292e+000 -1.4240e+000 +4.1189e+000 -5.5112e+000 +3.6283e+000 +1.5166e+000
13 +5.073252602e+001 +5.073252602e+001 -2.908747398e+001 -2.908747398e+001 +3.1412e+000 +3.0761e+000 -3.1472e+000 +7.3440e+000 +1.8676e+000
14 +3.998000748e+001 +3.998000748e+001 -3.983999252e+001 -3.983999252e+001 +2.5510e+000 +1.5451e+000 -2.8947e+000 +4.2763e+000 +1.6120e+000
18 +3.616448306e+001 +3.616448306e+001 -4.365551694e+001 -4.365551694e+001 +7.3342e+000 +5.3777e-001 -4.6938e+000 +3.6482e+000 +5.1771e+000
22 +1.973192138e+001 +1.973192138e+001 -6.008807862e+001 -6.008807862e+001 -1.0089e+000 +1.8181e+000 -3.8576e+000 +1.6190e+000 +1.4496e+000
75 +1.403011610e+001 +1.403011610e+001 -6.578988390e+001 -6.578988390e+001 +2.9015e+000 +2.9959e+000 +1.8322e+000 +4.8024e+000 -1.3624e+000
305 +8.924602650e+000 +8.924602650e+000 -7.089539735e+001 -7.089539735e+001 +1.8768e+000 +1.8131e+000 +3.3039e+000 +2.3986e+000 +2.8104e+000
367 +8.607453822e+000 +8.607453822e+000 -7.121254618e+001 -7.121254618e+001 -1.2142e+000 -2.3423e+000 +2.0716e+000 +3.9950e+000 -5.0856e+000
982 +7.756054188e+000 +7.756054188e+000 -7.206394581e+001 -7.206394581e+001 -1.7507e+000 -7.6678e-001 -1.8821e+000 +5.4123e-001 -4.9892e+000
1273 +7.339714444e+000 +7.339714444e+000 -7.248028556e+001 -7.248028556e+001 -2.0601e+000 -9.4249e-001 -1.4231e+000 +2.6513e+000 +2.9428e+000
3974 +6.218974135e+000 +6.218974135e+000 -7.360102586e+001 -7.360102586e+001 +9.2780e-001 +7.0501e-001 +1.8478e+000 -1.7457e+000 -3.2710e+000
% function evaluation | noise-free fitness - Fopt (1.925800000000e+002) | best noise-free fitness - Fopt | measured fitness | best measured fitness | x1 | x2...
1 +5.096476387e+001 +5.096476387e+001 +2.435447639e+002 +2.435447639e+002 -2.8652e+000 -2.2638e+000 -9.0021e-001 +4.6957e+000 +1.0484e+000
11 +3.265192116e+001 +3.265192116e+001 +2.252319212e+002 +2.252319212e+002 -1.1664e+000 -5.2648e+000 -3.8090e-001 +4.9105e+000 +3.4621e+000
28 +2.321961279e+001 +2.321961279e+001 +2.157996128e+002 +2.157996128e+002 +1.7793e+000 +5.9260e+000 -6.1677e+000 -2.6135e+000 -4.7841e+000
277 +1.894987497e+001 +1.894987497e+001 +2.115298750e+002 +2.115298750e+002 +1.7637e+000 +8.3760e-001 -2.5472e-002 -3.8730e+000 -2.5052e+000
369 +1.203160124e+001 +1.203160124e+001 +2.046116012e+002 +2.046116012e+002 -1.8966e-001 +3.8578e+000 -1.8767e+000 -3.1663e+000 +2.2006e+000
387 +1.146438876e+001 +1.146438876e+001 +2.040443888e+002 +2.040443888e+002 -1.5227e+000 +4.5716e+000 +8.6392e-001 -4.0172e+000 +6.6494e+000
756 +8.203125487e+000 +8.203125487e+000 +2.007831255e+002 +2.007831255e+002 -3.2029e+000 +3.3771e+000 -9.9771e-001 +3.3230e+000 -1.3440e-001
1303 +6.156399422e+000 +6.156399422e+000 +1.987363994e+002 +1.987363994e+002 +2.6070e+000 +1.3237e+000 -2.0467e+000 -2.1025e+000 +4.6069e-001
1345 +3.735864465e+000 +3.735864465e+000 +1.963158645e+002 +1.963158645e+002 -8.8580e-001 +1.0821e+000 -2.0182e+000 -3.4399e+000 -1.2931e+000
% function evaluation | noise-free fitness - Fopt (-2.684800000000e+002) | best noise-free fitness - Fopt | measured fitness | best measured fitness | x1 | x2...
1 +8.790020016e+001 +8.790020016e+001 -1.805797998e+002 -1.805797998e+002 -6.3601e+000 -2.7024e+000 -7.0328e+000 -4.9986e+000 +3.0800e+000
3 +7.705433522e+001 +7.705433522e+001 -1.914256648e+002 -1.914256648e+002 -5.9963e+000 -6.1731e+000 -6.9411e+000 -7.6925e+000 +3.4445e+000
4 +6.974457878e+001 +6.974457878e+001 -1.987354212e+002 -1.987354212e+002 -4.7226e+000 -5.1435e+000 -5.2655e+000 -8.2690e+000 +6.4567e+000
5 +6.140242406e+001 +6.140242406e+001 -2.070775759e+002 -2.070775759e+002 -4.5266e+000 -5.7373e+000 -5.7333e+000 -3.9301e+000 +2.5901e+000
16 +4.889784984e+001 +4.889784984e+001 -2.195821502e+002 -2.195821502e+002 -7.2039e+000 -5.3117e+000 -4.3476e+000 -1.8379e+000 +6.4458e+000
23 +3.674587058e+001 +3.674587058e+001 -2.317341294e+002 -2.317341294e+002 -6.1627e+000 -5.0801e+000 -3.7709e+000 -7.0691e+000 +2.0260e+000
40 +2.801387847e+001 +2.801387847e+001 -2.404661215e+002 -2.404661215e+002 -5.5880e+000 +2.4761e+000 -3.5012e+000 -5.4483e+000 +2.2732e+000
129 +2.178576043e+001 +2.178576043e+001 -2.466942396e+002 -2.466942396e+002 -5.5997e+000 -2.5063e+000 -2.3560e+000 -3.3835e+000 +4.2818e+000
133 +1.901443289e+001 +1.901443289e+001 -2.494655671e+002 -2.494655671e+002 -4.7485e+000 -3.2941e+000 +1.9646e+000 -6.4815e+000 -5.4223e-001
139 +1.471633469e+001 +1.471633469e+001 -2.537636653e+002 -2.537636653e+002 -2.4212e+000 +2.2252e+000 +2.7247e+000 -4.8457e+000 +6.5356e-001
168 +9.482080988e+000 +9.482080988e+000 -2.589979190e+002 -2.589979190e+002 -3.9068e+000 -1.4312e+000 +2.7525e+000 -3.9286e+000 -4.7403e-002
1696 +9.244831721e+000 +9.244831721e+000 -2.592351683e+002 -2.592351683e+002 +2.2826e+000 +4.1976e-001 -4.5112e+000 +1.5334e+000 -5.0934e-001
2001 +6.412152713e+000 +6.412152713e+000 -2.620678473e+002 -2.620678473e+002 +1.1867e+000 -2.8180e+000 +1.8810e+000 +1.8960e-001 -4.9597e-001
% function evaluation | noise-free fitness - Fopt (-1.000000000000e+003) | best noise-free fitness - Fopt | measured fitness | best measured fitness | x1 | x2...
1 +3.788345703e+001 +3.788345703e+001 -9.621165430e+002 -9.621165430e+002 -1.2936e+000 +3.6962e+000 +6.8518e+000 +2.6607e+000 +3.3243e+000
18 +2.187176864e+001 +2.187176864e+001 -9.781282314e+002 -9.781282314e+002 -2.8822e+000 +4.9084e-002 +1.6303e+000 +2.5506e+000 +4.8838e+000
62 +1.415696558e+001 +1.415696558e+001 -9.858430344e+002 -9.858430344e+002 +1.1022e+000 +4.5087e+000 +4.5460e+000 -1.1106e+000 -5.4147e+000
105 +8.323946293e+000 +8.323946293e+000 -9.916760537e+002 -9.916760537e+002 -3.5966e-001 +4.6909e+000 +1.4376e+000 +2.8463e+000 -1.2708e+000
1232 +4.139576184e+000 +4.139576184e+000 -9.958604238e+002 -9.958604238e+002 -5.4234e-001 +3.6878e+000 -2.5424e+000 -3.7523e+000 +2.8667e+000
% function evaluation | noise-free fitness - Fopt (-1.388000000000e+001) | best noise-free fitness - Fopt | measured fitness | best measured fitness | x1 | x2...
1 +7.236632762e+001 +7.236632762e+001 +5.848632762e+001 +5.848632762e+001 -5.5209e+000 -2.1083e+000 +7.2939e+000 +2.0612e+000 +1.8363e+000
3 +6.336340791e+001 +6.336340791e+001 +4.948340791e+001 +4.948340791e+001 -5.9163e+000 -2.6396e+000 -5.7196e-001 +6.2560e+000 +7.4314e+000
8 +1.528418740e+001 +1.528418740e+001 +1.404187403e+000 +1.404187403e+000 +3.1843e+000 -3.0268e-001 -2.8864e+000 -1.6690e+000 +1.6338e+000
1039 +1.096464293e+001 +1.096464293e+001 -2.915357071e+000 -2.915357071e+000 -4.4539e+000 -1.1191e+000 -2.6734e+000 +1.1409e+000 -1.1719e+000
1171 +5.333581605e+000 +5.333581605e+000 -8.546418395e+000 -8.546418395e+000 -1.0914e-001 +8.0206e-001 -1.6684e+000 +1.5025e+000 -8.1159e-001
3234 +2.203801753e+000 +2.203801753e+000 -1.167619825e+001 -1.167619825e+001 +1.7889e+000 -1.4898e+000 -9.9527e-001 -4.0140e+000 -5.3559e+000
% function evaluation | noise-free fitness - Fopt (-1.240400000000e+002) | best noise-free fitness - Fopt | measured fitness | best measured fitness | x1 | x2...
1 +1.367998935e+002 +1.367998935e+002 +1.275989355e+001 +1.275989355e+001 +1.5026e+000 -9.0879e+000 -7.5250e-001 -5.8481e+000 +1.7238e+000
2 +9.798877842e+001 +9.798877842e+001 -2.605122158e+001 -2.605122158e+001 +3.7202e+000 -7.8997e+000 -5.5342e+000 -2.7789e+000 +3.9464e+000
4 +7.584370377e+001 +7.584370377e+001 -4.819629623e+001 -4.819629623e+001 +1.8999e+000 -6.1154e+000 -2.8494e+000 -6.4727e+000 +6.5932e+000
15 +5.225181970e+001 +5.225181970e+001 -7.178818030e+001 -7.178818030e+001 +2.5000e+000 -4.4668e+000 -4.8945e+000 -2.2823e+000 +4.3345e+000
23 +4.149940791e+001 +4.149940791e+001 -8.254059209e+001 -8.254059209e+001 +4.5692e+000 -5.0328e+000 -2.8728e+000 -4.3580e+000 +4.9704e+000
25 +3.842168931e+001 +3.842168931e+001 -8.561831069e+001 -8.561831069e+001 +3.9827e+000 -4.1501e+000 -4.5609e+000 -1.9268e-001 +5.6944e+000
36 +1.621152911e+001 +1.621152911e+001 -1.078284709e+002 -1.078284709e+002 +3.8028e+000 -4.0685e+000 -5.3699e+000 -4.6292e+000 +1.3537e+000
105 +5.999670343e+000 +5.999670343e+000 -1.180403297e+002 -1.180403297e+002 +3.4678e+000 -5.1661e+000 -5.1052e+000 -3.5275e+000 +4.8665e+000
