% function evaluation | noise-free fitness - Fopt (1.238300000000e+002) | best noise-free fitness - Fopt | measured fitness | best measured fitness | x1 | x2...
1 +1.987851602e+001 +1.987851602e+001 +1.437085160e+002 +1.437085160e+002 +9.1405e-001 -5.4839e-001
5 +1.500716883e+001 +1.500716883e+001 +1.388371688e+002 +1.388371688e+002 +1.8602e+000 -6.0073e-001
15 +1.090918231e+001 +1.090918231e+001 +1.347391823e+002 +1.347391823e+002 +1.3179e+000 -8.1866e-001
18 +7.981877520e+000 +7.981877520e+000 +1.318118775e+002 +1.318118775e+002 +1.3870e+000 -7.6081e-001
21 +2.409097095e+000 +2.409097095e+000 +1.262390971e+002 +1.262390971e+002 -5.5709e-002 +2.0220e-001
33 +1.088133189e+000 +1.088133189e+000 +1.249181332e+002 +1.249181332e+002 -1.7939e-002 -5.5807e-001
56 +5.137757242e-001 +5.137757242e-001 +1.243437757e+002 +1.243437757e+002 -1.3354e-001 -2.1171e-001
73 +1.354938034e-001 +1.354938034e-001 +1.239654938e+002 +1.239654938e+002 -1.6980e-001 +9.1511e-002
79 +1.255296169e-001 +1.255296169e-001 +1.239555296e+002 +1.239555296e+002 -1.1551e-001 +2.8261e-001
86 +6.939539256e-002 +6.939539256e-002 +1.238993954e+002 +1.238993954e+002 -1.4487e-001 +1.9219e-001
93 +4.669924097e-002 +4.669924097e-002 +1.238766992e+002 +1.238766992e+002 -3.1651e-002 +6.6495e-001
103 +2.986222899e-002 +2.986222899e-002 +1.238598622e+002 +1.238598622e+002 -1.1734e-001 +3.5844e-001
109 +1.616916516e-002 +1.616916516e-002 +1.238461692e+002 +1.238461692e+002 -8.7801e-002 +5.0465e-001
150 +4.968549306e-003 +4.968549306e-003 +1.238349685e+002 +1.238349685e+002 -1.1222e-002 +7.6051e-001
224 +2.867490716e-003 +2.867490716e-003 +1.238328675e+002 +1.238328675e+002 -3.1663e-002 +6.9218e-001
234 +6.173893671e-004 +6.173893671e-004 +1.238306174e+002 +1.238306174e+002 -2.2735e-002 +7.2814e-001
242 +4.878839022e-005 +4.878839022e-005 +1.238300488e+002 +1.238300488e+002 -2.9360e-002 +7.0778e-001
% function evaluation | noise-free fitness - Fopt (4.751000000000e+001) | best noise-free fitness - Fopt | measured fitness | best measured fitness | x1 | x2...
1 +3.861552343e+005 +3.861552343e+005 +3.862027443e+005 +3.862027443e+005 -1.0645e+001 +3.4813e-001
3 +5.249694281e+003 +5.249694281e+003 +5.297204281e+003 +5.297204281e+003 +4.7772e+000 -1.1695e+000
11 +4.599855037e+002 +4.599855037e+002 +5.074955037e+002 +5.074955037e+002 +3.8297e+000 -2.7170e+000
12 +7.848864278e+001 +7.848864278e+001 +1.259986428e+002 +1.259986428e+002 +6.0056e+000 -3.9910e+000
88 +7.599235742e+000 +7.599235742e+000 +5.510923574e+001 +5.510923574e+001 +2.0703e+000 -9.1698e-001
251 +1.707056420e+000 +1.707056420e+000 +4.921705642e+001 +4.921705642e+001 +1.5534e+000 -5.5287e-001
285 +1.479366417e+000 +1.479366417e+000 +4.898936642e+001 +4.898936642e+001 +1.5214e+000 -4.3833e-001
295 +6.488590555e-001 +6.488590555e-001 +4.815885906e+001 +4.815885906e+001 +1.5169e+000 -4.5306e-001
296 +1.398113062e-001 +1.398113062e-001 +4.764981131e+001 +4.764981131e+001 +1.5393e+000 -4.9780e-001
309 +1.346084554e-001 +1.346084554e-001 +4.764460846e+001 +4.764460846e+001 +1.5334e+000 -4.9327e-001
881 +1.317968489e-001 +1.317968489e-001 +4.764179685e+001 +4.764179685e+001 +1.5325e+000 -4.9103e-001
1508 +1.286242155e-001 +1.286242155e-001 +4.763862422e+001 +4.763862422e+001 +1.5214e+000 -4.8466e-001
1532 +1.255177818e-001 +1.255177818e-001 +4.763551778e+001 +4.763551778e+001 +1.5091e+000 -4.7810e-001
% function evaluation | noise-free fitness - Fopt (5.534000000000e+001) | best noise-free fitness - Fopt | measured fitness | best measured fitness | x1 | x2...
1 +7.151999501e+004 +7.151999501e+004 +7.157533501e+004 +7.157533501e+004 +7.1374e+000 +2.0127e+000
4 +2.324782772e+003 +2.324782772e+003 +2.380122772e+003 +2.380122772e+003 +4.9692e+000 -1.9274e+000
11 +1.353575678e+000 +1.353575678e+000 +5.669357568e+001 +5.669357568e+001 +5.7888e-001 -3.4860e-002
46 +1.162084743e+000 +1.162084743e+000 +5.650208474e+001 +5.650208474e+001 -7.7810e-001 -2.4109e-001
49 +4.930819557e-001 +4.930819557e-001 +5.583308196e+001 +5.583308196e+001 -6.2027e-001 -1.6909e-001
59 +1.955441952e-001 +1.955441952e-001 +5.553554420e+001 +5.553554420e+001 -5.8974e-001 -1.8171e-001
61 +4.069234249e-003 +4.069234249e-003 +5.534406923e+001 +5.534406923e+001 -8.1841e-001 -1.9219e-001
98 +5.141834343e-004 +5.141834343e-004 +5.534051418e+001 +5.534051418e+001 -7.2603e-001 -1.9813e-001
172 +4.609730800e-004 +4.609730800e-004 +5.534046097e+001 +5.534046097e+001 -7.2372e-001 -1.9820e-001
181 +3.698942301e-004 +3.698942301e-004 +5.534036989e+001 +5.534036989e+001 -7.1268e-001 -1.9783e-001
194 +3.578433236e-004 +3.578433236e-004 +5.534035784e+001 +5.534035784e+001 -7.1936e-001 -1.9784e-001
227 +3.342329604e-004 +3.342329604e-004 +5.534033423e+001 +5.534033423e+001 -7.1774e-001 -1.9790e-001
232 +3.286058054e-004 +3.286058054e-004 +5.534032861e+001 +5.534032861e+001 -7.1835e-001 -1.9795e-001
233 +2.945709217e-004 +2.945709217e-004 +5.534029457e+001 +5.534029457e+001 -7.1599e-001 -1.9804e-001
247 +2.404428991e-004 +2.404428991e-004 +5.534024044e+001 +5.534024044e+001 -7.0568e-001 -1.9822e-001
270 +2.159616998e-004 +2.159616998e-004 +5.534021596e+001 +5.534021596e+001 -7.0994e-001 -1.9828e-001
276 +2.135451700e-004 +2.135451700e-004 +5.534021355e+001 +5.534021355e+001 -7.0787e-001 -1.9827e-001
283 +2.044251773e-004 +2.044251773e-004 +5.534020443e+001 +5.534020443e+001 -7.0779e-001 -1.9830e-001
291 +2.035091122e-004 +2.035091122e-004 +5.534020351e+001 +5.534020351e+001 -7.0847e-001 -1.9831e-001
310 +1.946973124e-004 +1.946973124e-004 +5.534019470e+001 +5.534019470e+001 -7.0792e-001 -1.9835e-001
334 +1.902179104e-004 +1.902179104e-004 +5.534019022e+001 +5.534019022e+001 -7.0617e-001 -1.9835e-001
335 +1.579806263e-004 +1.579806263e-004 +5.534015798e+001 +5.534015798e+001 -7.0542e-001 -1.9850e-001
347 +1.475775321e-004 +1.475775321e-004 +5.534014758e+001 +5.534014758e+001 -7.0434e-001 -1.9854e-001
352 +1.428007106e-004 +1.428007106e-004 +5.534014280e+001 +5.534014280e+001 -7.0204e-001 -1.9854e-001
353 +1.351780372e-004 +1.351780372e-004 +5.534013518e+001 +5.534013518e+001 -7.0022e-001 -1.9858e-001
362 +1.277395992e-004 +1.277395992e-004 +5.534012774e+001 +5.534012774e+001 -7.0206e-001 -1.9861e-001
385 +1.205285486e-004 +1.205285486e-004 +5.534012053e+001 +5.534012053e+001 -7.0276e-001 -1.9870e-001
414 +1.196954576e-004 +1.196954576e-004 +5.534011970e+001 +5.534011970e+001 -7.0289e-001 -1.9874e-001
426 +1.158031792e-004 +1.158031792e-004 +5.534011580e+001 +5.534011580e+001 -7.0247e-001 -1.9876e-001
443 +1.138849720e-004 +1.138849720e-004 +5.534011388e+001 +5.534011388e+001 -7.0108e-001 -1.9868e-001
451 +1.081033573e-004 +1.081033573e-004 +5.534010810e+001 +5.534010810e+001 -7.0152e-001 -1.9876e-001
453 +1.061924214e-004 +1.061924214e-004 +5.534010619e+001 +5.534010619e+001 -6.9946e-001 -1.9871e-001
461 +9.553942114e-005 +9.553942114e-005 +5.534009554e+001 +5.534009554e+001 -6.9776e-001 -1.9876e-001
468 +9.160353970e-005 +9.160353970e-005 +5.534009160e+001 +5.534009160e+001 -6.9638e-001 -1.9925e-001
475 +7.160397416e-005 +7.160397416e-005 +5.534007160e+001 +5.534007160e+001 -6.9696e-001 -1.9892e-001
481 +6.465264438e-005 +6.465264438e-005 +5.534006465e+001 +5.534006465e+001 -6.9618e-001 -1.9897e-001
495 +5.843889414e-005 +5.843889414e-005 +5.534005844e+001 +5.534005844e+001 -6.9541e-001 -1.9908e-001
497 +5.568067778e-005 +5.568067778e-005 +5.534005568e+001 +5.534005568e+001 -6.9352e-001 -1.9899e-001
498 +4.918436983e-005 +4.918436983e-005 +5.534004918e+001 +5.534004918e+001 -6.9328e-001 -1.9904e-001
504 +4.067639679e-005 +4.067639679e-005 +5.534004068e+001 +5.534004068e+001 -6.9237e-001 -1.9923e-001
511 +3.259788486e-005 +3.259788486e-005 +5.534003260e+001 +5.534003260e+001 -6.9084e-001 -1.9918e-001
526 +1.905647902e-005 +1.905647902e-005 +5.534001906e+001 +5.534001906e+001 -6.8786e-001 -1.9930e-001
552 +1.590966797e-005 +1.590966797e-005 +5.534001591e+001 +5.534001591e+001 -6.8716e-001 -1.9935e-001
563 +1.288685541e-005 +1.288685541e-005 +5.534001289e+001 +5.534001289e+001 -6.8629e-001 -1.9938e-001
581 +1.112165810e-005 +1.112165810e-005 +5.534001112e+001 +5.534001112e+001 -6.8296e-001 -1.9941e-001
591 +1.018362613e-005 +1.018362613e-005 +5.534001018e+001 +5.534001018e+001 -6.8275e-001 -1.9943e-001
604 +9.760669094e-006 +9.760669094e-006 +5.534000976e+001 +5.534000976e+001 -6.8459e-001 -1.9941e-001
607 +9.326247763e-006 +9.326247763e-006 +5.534000933e+001 +5.534000933e+001 -6.8274e-001 -1.9943e-001
612 +9.066876672e-006 +9.066876672e-006 +5.534000907e+001 +5.534000907e+001 -6.8367e-001 -1.9942e-001
615 +8.377464987e-006 +8.377464987e-006 +5.534000838e+001 +5.534000838e+001 -6.8430e-001 -1.9943e-001
617 +6.973837394e-006 +6.973837394e-006 +5.534000697e+001 +5.534000697e+001 -6.8423e-001 -1.9948e-001
623 +4.504971258e-006 +4.504971258e-006 +5.534000450e+001 +5.534000450e+001 -6.8305e-001 -1.9954e-001
660 +3.733213866e-006 +3.733213866e-006 +5.534000373e+001 +5.534000373e+001 -6.8241e-001 -1.9952e-001
666 +3.481284494e-006 +3.481284494e-006 +5.534000348e+001 +5.534000348e+001 -6.8229e-001 -1.9953e-001
673 +2.515646024e-006 +2.515646024e-006 +5.534000252e+001 +5.534000252e+001 -6.8181e-001 -1.9956e-001
681 +2.501809583e-006 +2.501809583e-006 +5.534000250e+001 +5.534000250e+001 -6.8186e-001 -1.9957e-001
684 +2.092336892e-006 +2.092336892e-006 +5.534000209e+001 +5.534000209e+001 -6.8153e-001 -1.9959e-001
691 +1.609048823e-006 +1.609048823e-006 +5.534000161e+001 +5.534000161e+001 -6.8112e-001 -1.9959e-001
715 +1.413619586e-006 +1.413619586e-006 +5.534000141e+001 +5.534000141e+001 -6.8090e-001 -1.9959e-001
725 +1.348859143e-006 +1.348859143e-006 +5.534000135e+001 +5.534000135e+001 -6.8062e-001 -1.9959e-001
732 +1.289676923e-006 +1.289676923e-006 +5.534000129e+001 +5.534000129e+001 -6.8073e-001 -1.9960e-001
739 +1.232950538e-006 +1.232950538e-006 +5.534000123e+001 +5.534000123e+001 -6.8041e-001 -1.9960e-001
747 +1.124111563e-006 +1.124111563e-006 +5.534000112e+001 +5.534000112e+001 -6.8064e-001 -1.9961e-001
752 +9.085276176e-007 +9.085276176e-007 +5.534000091e+001 +5.534000091e+001 -6.8045e-001 -1.9962e-001
754 +8.652760641e-007 +8.652760641e-007 +5.534000087e+001 +5.534000087e+001 -6.8029e-001 -1.9961e-001
771 +7.453674513e-007 +7.453674513e-007 +5.534000075e+001 +5.534000075e+001 -6.8013e-001 -1.9962e-001
782 +5.153132818e-007 +5.153132818e-007 +5.534000052e+001 +5.534000052e+001 -6.7932e-001 -1.9964e-001
792 +3.194089686e-007 +3.194089686e-007 +5.534000032e+001 +5.534000032e+001 -6.7944e-001 -1.9965e-001
800 +1.142716215e-007 +1.142716215e-007 +5.534000011e+001 +5.534000011e+001 -6.7908e-001 -1.9967e-001
823 +9.934033329e-008 +9.934033329e-008 +5.534000010e+001 +5.534000010e+001 -6.7902e-001 -1.9968e-001
843 +9.484726604e-008 +9.484726604e-008 +5.534000009e+001 +5.534000009e+001 -6.7901e-001 -1.9968e-001
848 +9.144539348e-008 +9.144539348e-008 +5.534000009e+001 +5.534000009e+001 -6.7900e-001 -1.9968e-001
860 +8.336699864e-008 +8.336699864e-008 +5.534000008e+001 +5.534000008e+001 -6.7893e-001 -1.9967e-001
866 +6.502479266e-008 +6.502479266e-008 +5.534000007e+001 +5.534000007e+001 -6.7881e-001 -1.9968e-001
879 +5.795845226e-008 +5.795845226e-008 +5.534000006e+001 +5.534000006e+001 -6.7884e-001 -1.9968e-001
886 +4.662425823e-008 +4.662425823e-008 +5.534000005e+001 +5.534000005e+001 -6.7880e-001 -1.9968e-001
890 +4.291020161e-008 +4.291020161e-008 +5.534000004e+001 +5.534000004e+001 -6.7878e-001 -1.9968e-001
892 +3.838969320e-008 +3.838969320e-008 +5.534000004e+001 +5.534000004e+001 -6.7876e-001 -1.9969e-001
902 +3.729693532e-008 +3.729693532e-008 +5.534000004e+001 +5.534000004e+001 -6.7875e-001 -1.9968e-001
906 +3.429175877e-008 +3.429175877e-008 +5.534000003e+001 +5.534000003e+001 -6.7873e-001 -1.9968e-001
922 +3.280171512e-008 +3.280171512e-008 +5.534000003e+001 +5.534000003e+001 -6.7871e-001 -1.9968e-001
928 +3.191203035e-008 +3.191203035e-008 +5.534000003e+001 +5.534000003e+001 -6.7871e-001 -1.9968e-001
931 +2.895350093e-008 +2.895350093e-008 +5.534000003e+001 +5.534000003e+001 -6.7870e-001 -1.9969e-001
944 +2.873498062e-008 +2.873498062e-008 +5.534000003e+001 +5.534000003e+001 -6.7868e-001 -1.9968e-001
948 +2.676428323e-008 +2.676428323e-008 +5.534000003e+001 +5.534000003e+001 -6.7868e-001 -1.9969e-001
950 +2.529090892e-008 +2.529090892e-008 +5.534000003e+001 +5.534000003e+001 -6.7865e-001 -1.9969e-001
951 +2.123396570e-008 +2.123396570e-008 +5.534000002e+001 +5.534000002e+001 -6.7863e-001 -1.9969e-001
952 +2.035885416e-008 +2.035885416e-008 +5.534000002e+001 +5.534000002e+001 -6.7864e-001 -1.9969e-001
962 +1.987331899e-008 +1.987331899e-008 +5.534000002e+001 +5.534000002e+001 -6.7863e-001 -1.9969e-001
966 +1.907545766e-008 +1.907545766e-008 +5.534000002e+001 +5.534000002e+001 -6.7863e-001 -1.9969e-001
969 +1.872648170e-008 +1.872648170e-008 +5.534000002e+001 +5.534000002e+001 -6.7862e-001 -1.9969e-001
973 +1.696551521e-008 +1.696551521e-008 +5.534000002e+001 +5.534000002e+001 -6.7861e-001 -1.9969e-001
986 +1.309456366e-008 +1.309456366e-008 +5.534000001e+001 +5.534000001e+001 -6.7858e-001 -1.9969e-001
997 +1.252045934e-008 +1.252045934e-008 +5.534000001e+001 +5.534000001e+001 -6.7857e-001 -1.9969e-001
1018 +7.676113967e-009 +7.676113967e-009 +5.534000001e+001 +5.534000001e+001 -6.7844e-001 -1.9969e-001
1482 +0.000000000e+000 +0.000000000e+000 +5.534000000e+001 +5.534000000e+001 -6.7832e-001 -1.9970e-001
% function evaluation | noise-free fitness - Fopt (-9.033000000000e+001) | best noise-free fitness - Fopt | measured fitness | best measured fitness | x1 | x2...
1 +2.733650043e+004 +2.733650043e+004 +2.724617043e+004 +2.724617043e+004 -1.4303e+000 +4.0406e+000
3 +2.872032385e+003 +2.872032385e+003 +2.781702385e+003 +2.781702385e+003 -4.8347e+000 +3.4025e+000
12 +1.911775643e+002 +1.911775643e+002 +1.008475643e+002 +1.008475643e+002 -3.5475e+000 -1.6756e+000
14 +9.458050382e+001 +9.458050382e+001 +4.250503823e+000 +4.250503823e+000 -7.3365e+000 +3.0436e+000
15 +2.214052600e+001 +2.214052600e+001 -6.818947400e+001 -6.818947400e+001 -9.8009e+000 +3.8566e+000
25 +1.876240156e+001 +1.876240156e+001 -7.156759844e+001 -7.156759844e+001 -8.2049e+000 +3.4083e+000
39 +1.403051554e+001 +1.403051554e+001 -7.629948446e+001 -7.629948446e+001 -7.8092e+000 +3.4154e+000
44 +5.169810724e+000 +5.169810724e+000 -8.516018928e+001 -8.516018928e+001 -7.3628e+000 +3.2521e+000
74 +4.841960742e+000 +4.841960742e+000 -8.548803926e+001 -8.548803926e+001 -8.3014e+000 +3.5169e+000
75 +4.458586242e+000 +4.458586242e+000 -8.587141376e+001 -8.587141376e+001 -7.8304e+000 +3.3805e+000
81 +4.035575042e+000 +4.035575042e+000 -8.629442496e+001 -8.629442496e+001 -8.1114e+000 +3.4521e+000
% function evaluation | noise-free fitness - Fopt (6.561000000000e+001) | best noise-free fitness - Fopt | measured fitness | best measured fitness | x1 | x2...
1 +4.541972675e+003 +4.541972675e+003 +4.607582675e+003 +4.607582675e+003 -2.1352e+000 -2.3185e+000
6 +7.655978724e+001 +7.655978724e+001 +1.421697872e+002 +1.421697872e+002 -4.3797e-001 -2.3242e+000
11 +1.175940338e+001 +1.175940338e+001 +7.736940338e+001 +7.736940338e+001 -8.9185e-001 -3.2901e+000
25 +1.072075869e+001 +1.072075869e+001 +7.633075869e+001 +7.633075869e+001 +7.5933e-001 +2.5560e-001
27 +1.896325319e+000 +1.896325319e+000 +6.750632532e+001 +6.750632532e+001 -6.9877e-001 -2.4646e+000
54 +7.051730879e-001 +7.051730879e-001 +6.631517309e+001 +6.631517309e+001 +1.8776e-001 +4.5326e-001
62 +6.299357408e-001 +6.299357408e-001 +6.623993574e+001 +6.623993574e+001 +7.7732e-002 +4.4910e-001
82 +2.731126621e-001 +2.731126621e-001 +6.588311266e+001 +6.588311266e+001 -9.7118e-002 +2.0137e-001
117 +2.610859505e-001 +2.610859505e-001 +6.587108595e+001 +6.587108595e+001 -8.2319e-002 +2.1821e-001
145 +2.413909776e-001 +2.413909776e-001 +6.585139098e+001 +6.585139098e+001 -5.3079e-002 +2.3710e-001
182 +2.302723332e-001 +2.302723332e-001 +6.584027233e+001 +6.584027233e+001 -6.1471e-002 +2.2160e-001
310 +2.286703045e-001 +2.286703045e-001 +6.583867030e+001 +6.583867030e+001 -6.5591e-002 +2.2177e-001
317 +2.187564551e-001 +2.187564551e-001 +6.582875646e+001 +6.582875646e+001 -7.1494e-002 +2.0818e-001
371 +2.118427757e-001 +2.118427757e-001 +6.582184278e+001 +6.582184278e+001 -7.8421e-002 +1.9973e-001
375 +2.083705235e-001 +2.083705235e-001 +6.581837052e+001 +6.581837052e+001 -8.0358e-002 +1.8843e-001
432 +2.040668127e-001 +2.040668127e-001 +6.581406681e+001 +6.581406681e+001 -8.3648e-002 +1.8673e-001
447 +1.989420684e-001 +1.989420684e-001 +6.580894207e+001 +6.580894207e+001 -8.8302e-002 +1.8053e-001
504 +1.947129136e-001 +1.947129136e-001 +6.580471291e+001 +6.580471291e+001 -9.1883e-002 +1.7382e-001
521 +1.891729544e-001 +1.891729544e-001 +6.579917295e+001 +6.579917295e+001 -9.7125e-002 +1.6673e-001
533 +1.814124951e-001 +1.814124951e-001 +6.579141250e+001 +6.579141250e+001 -1.0393e-001 +1.5451e-001
619 +1.776591024e-001 +1.776591024e-001 +6.578765910e+001 +6.578765910e+001 -1.0814e-001 +1.4972e-001
662 +1.728480908e-001 +1.728480908e-001 +6.578284809e+001 +6.578284809e+001 -1.1161e-001 +1.3938e-001
711 +1.697551301e-001 +1.697551301e-001 +6.577975513e+001 +6.577975513e+001 -1.1588e-001 +1.3718e-001
752 +1.658589097e-001 +1.658589097e-001 +6.577585891e+001 +6.577585891e+001 -1.1841e-001 +1.2993e-001
801 +1.620678282e-001 +1.620678282e-001 +6.577206783e+001 +6.577206783e+001 -1.2261e-001 +1.2430e-001
841 +1.584673333e-001 +1.584673333e-001 +6.576846733e+001 +6.576846733e+001 -1.2668e-001 +1.1826e-001
966 +1.548330560e-001 +1.548330560e-001 +6.576483306e+001 +6.576483306e+001 -1.2878e-001 +1.0803e-001
1004 +1.505917599e-001 +1.505917599e-001 +6.576059176e+001 +6.576059176e+001 -1.3484e-001 +9.2365e-002
1006 +1.398760244e-001 +1.398760244e-001 +6.574987602e+001 +6.574987602e+001 -1.4360e-001 +8.3594e-002
1074 +1.378616834e-001 +1.378616834e-001 +6.574786168e+001 +6.574786168e+001 -1.4552e-001 +7.8352e-002
1103 +1.348686378e-001 +1.348686378e-001 +6.574486864e+001 +6.574486864e+001 -1.4879e-001 +7.4308e-002
1106 +1.305106073e-001 +1.305106073e-001 +6.574051061e+001 +6.574051061e+001 -1.5308e-001 +6.4523e-002
1191 +1.287125644e-001 +1.287125644e-001 +6.573871256e+001 +6.573871256e+001 -1.5579e-001 +6.2807e-002
1233 +1.245663373e-001 +1.245663373e-001 +6.573456634e+001 +6.573456634e+001 -1.5935e-001 +5.2880e-002
1264 +1.229828083e-001 +1.229828083e-001 +6.573298281e+001 +6.573298281e+001 -1.6132e-001 +5.0647e-002
1317 +1.198815261e-001 +1.198815261e-001 +6.572988153e+001 +6.572988153e+001 -1.6547e-001 +4.4560e-002
1348 +1.172276861e-001 +1.172276861e-001 +6.572722769e+001 +6.572722769e+001 -1.6936e-001 +3.8473e-002
1406 +1.144835132e-001 +1.144835132e-001 +6.572448351e+001 +6.572448351e+001 -1.7075e-001 +2.6675e-002
1448 +1.120429020e-001 +1.120429020e-001 +6.572204290e+001 +6.572204290e+001 -1.7357e-001 +2.7420e-002
1511 +1.083908662e-001 +1.083908662e-001 +6.571839087e+001 +6.571839087e+001 -1.7800e-001 +1.9230e-002
1538 +1.060781177e-001 +1.060781177e-001 +6.571607812e+001 +6.571607812e+001 -1.8005e-001 +1.3738e-002
% function evaluation | noise-free fitness - Fopt (-2.259500000000e+002) | best noise-free fitness - Fopt | measured fitness | best measured fitness | x1 | x2...
1 +1.883979451e+007 +1.883979451e+007 +1.883956856e+007 +1.883956856e+007 -2.0065e+001 -7.2904e+000
2 +9.457487916e+004 +9.457487916e+004 +9.434892916e+004 +9.434892916e+004 +6.6069e+000 -1.6381e+000
3 +4.154624016e+003 +4.154624016e+003 +3.928674016e+003 +3.928674016e+003 -1.4278e+000 +5.2675e+000
4 +2.734571708e-001 +2.734571708e-001 -2.256765428e+002 -2.256765428e+002 +1.0978e+000 -7.0301e-001
652 +2.562525406e-001 +2.562525406e-001 -2.256937475e+002 -2.256937475e+002 -1.0078e-001 +2.2782e-001
660 +2.480238884e-001 +2.480238884e-001 -2.257019761e+002 -2.257019761e+002 -8.0651e-002 +2.3221e-001
669 +2.420060186e-001 +2.420060186e-001 -2.257079940e+002 -2.257079940e+002 -6.9512e-002 +2.2813e-001
685 +2.360884402e-001 +2.360884402e-001 -2.257139116e+002 -2.257139116e+002 -7.8322e-002 +2.2137e-001
695 +2.340807720e-001 +2.340807720e-001 -2.257159192e+002 -2.257159192e+002 -7.6429e-002 +2.2199e-001
741 +2.281794783e-001 +2.281794783e-001 -2.257218205e+002 -2.257218205e+002 -6.7632e-002 +2.2046e-001
865 +2.235845249e-001 +2.235845249e-001 -2.257264155e+002 -2.257264155e+002 -5.9081e-002 +2.1837e-001
872 +2.182866162e-001 +2.182866162e-001 -2.257317134e+002 -2.257317134e+002 -5.3591e-002 +2.1435e-001
888 +2.052019579e-001 +2.052019579e-001 -2.257447980e+002 -2.257447980e+002 -3.2421e-002 +2.0623e-001
894 +1.954635961e-001 +1.954635961e-001 -2.257545364e+002 -2.257545364e+002 -1.9174e-002 +1.9454e-001
1056 +1.895897489e-001 +1.895897489e-001 -2.257604103e+002 -2.257604103e+002 -1.0157e-002 +1.9461e-001
1136 +1.820079570e-001 +1.820079570e-001 -2.257679920e+002 -2.257679920e+002 +1.2315e-002 +1.7528e-001
1144 +1.811566178e-001 +1.811566178e-001 -2.257688434e+002 -2.257688434e+002 +3.9288e-003 +1.8303e-001
1163 +1.776983786e-001 +1.776983786e-001 -2.257723016e+002 -2.257723016e+002 +9.1247e-003 +1.8538e-001
1173 +1.664938655e-001 +1.664938655e-001 -2.257835061e+002 -2.257835061e+002 +2.6116e-002 +1.7479e-001
1212 +1.649976346e-001 +1.649976346e-001 -2.257850024e+002 -2.257850024e+002 +3.0048e-002 +1.7461e-001
1378 +1.617124437e-001 +1.617124437e-001 -2.257882876e+002 -2.257882876e+002 +4.7865e-002 +1.6962e-001
1393 +1.565379720e-001 +1.565379720e-001 -2.257934620e+002 -2.257934620e+002 +4.3440e-002 +1.6628e-001
1405 +1.543146734e-001 +1.543146734e-001 -2.257956853e+002 -2.257956853e+002 +4.8078e-002 +1.6477e-001
1444 +1.504560451e-001 +1.504560451e-001 -2.257995440e+002 -2.257995440e+002 +5.4243e-002 +1.6052e-001
1475 +1.478824670e-001 +1.478824670e-001 -2.258021175e+002 -2.258021175e+002 +6.0102e-002 +1.5875e-001
1537 +1.443755037e-001 +1.443755037e-001 -2.258056245e+002 -2.258056245e+002 +6.7057e-002 +1.5534e-001
1551 +1.407907118e-001 +1.407907118e-001 -2.258092093e+002 -2.258092093e+002 +7.1931e-002 +1.5071e-001
% function evaluation | noise-free fitness - Fopt (1.306000000000e+001) | best noise-free fitness - Fopt | measured fitness | best measured fitness | x1 | x2...
1 +2.283002466e+005 +2.283002466e+005 +2.283133066e+005 +2.283133066e+005 -2.7603e+000 -7.1727e+000
3 +9.764586492e+001 +9.764586492e+001 +1.107058649e+002 +1.107058649e+002 -4.0389e+000 +4.9698e-001
4 +2.345114324e+001 +2.345114324e+001 +3.651114324e+001 +3.651114324e+001 -5.0940e+000 +6.5942e-001
28 +1.661464895e+001 +1.661464895e+001 +2.967464895e+001 +2.967464895e+001 -4.6255e+000 +4.4137e-001
50 +1.279286874e+001 +1.279286874e+001 +2.585286874e+001 +2.585286874e+001 -4.2502e+000 +2.7161e-001
65 +9.846393448e+000 +9.846393448e+000 +2.290639345e+001 +2.290639345e+001 -4.1694e+000 +2.5742e-001
69 +8.979392372e+000 +8.979392372e+000 +2.203939237e+001 +2.203939237e+001 -4.2334e+000 +3.0899e-001
75 +8.714649154e+000 +8.714649154e+000 +2.177464915e+001 +2.177464915e+001 -4.1138e+000 +2.5906e-001
391 +8.709154338e+000 +8.709154338e+000 +2.176915434e+001 +2.176915434e+001 -4.1108e+000 +2.5711e-001
1473 +8.511371453e+000 +8.511371453e+000 +2.157137145e+001 +2.157137145e+001 -3.9892e+000 +1.9917e-001
% function evaluation | noise-free fitness - Fopt (-3.270100000000e+002) | best noise-free fitness - Fopt | measured fitness | best measured fitness | x1 | x2...
1 +8.043908405e+003 +8.043908405e+003 +7.716898405e+003 +7.716898405e+003 +3.9215e+000 +1.9107e+000
5 +4.019075083e+002 +4.019075083e+002 +7.489750832e+001 +7.489750832e+001 +6.2198e-001 -1.2175e+000
21 +1.019026198e+001 +1.019026198e+001 -3.168197380e+002 -3.168197380e+002 -1.6749e-001 -1.1273e+000
26 +1.403187327e+000 +1.403187327e+000 -3.256068127e+002 -3.256068127e+002 +5.5178e-002 +6.8272e-001
44 +1.100158617e+000 +1.100158617e+000 -3.259098414e+002 -3.259098414e+002 +1.0479e-001 -3.8218e-002
63 +2.512901380e-001 +2.512901380e-001 -3.267587099e+002 -3.267587099e+002 +1.8302e-001 -1.6417e-001
73 +1.569375939e-001 +1.569375939e-001 -3.268530624e+002 -3.268530624e+002 +1.3409e-001 -2.4440e-001
74 +9.179015727e-002 +9.179015727e-002 -3.269182098e+002 -3.269182098e+002 +1.6062e-001 -2.6904e-001
83 +7.362329265e-002 +7.362329265e-002 -3.269363767e+002 -3.269363767e+002 +1.5531e-001 -1.7674e-001
85 +5.282732763e-002 +5.282732763e-002 -3.269571727e+002 -3.269571727e+002 +1.4738e-001 -2.5610e-001
110 +4.847638293e-002 +4.847638293e-002 -3.269615236e+002 -3.269615236e+002 +1.5141e-001 -2.8394e-001
112 +4.170238695e-002 +4.170238695e-002 -3.269682976e+002 -3.269682976e+002 +1.4602e-001 -2.8995e-001
123 +2.824147836e-002 +2.824147836e-002 -3.269817585e+002 -3.269817585e+002 +1.3853e-001 -3.6684e-001
124 +2.671335802e-002 +2.671335802e-002 -3.269832866e+002 -3.269832866e+002 +1.2736e-001 -4.0251e-001
140 +2.379572455e-002 +2.379572455e-002 -3.269862043e+002 -3.269862043e+002 +1.3122e-001 -3.9139e-001
141 +2.072558432e-002 +2.072558432e-002 -3.269892744e+002 -3.269892744e+002 +1.3143e-001 -4.0634e-001
155 +2.005366451e-002 +2.005366451e-002 -3.269899463e+002 -3.269899463e+002 +1.3028e-001 -4.0929e-001
162 +1.965107763e-002 +1.965107763e-002 -3.269903489e+002 -3.269903489e+002 +1.2970e-001 -4.1207e-001
210 +1.948740805e-002 +1.948740805e-002 -3.269905126e+002 -3.269905126e+002 +1.3005e-001 -4.1457e-001
252 +1.884604934e-002 +1.884604934e-002 -3.269911540e+002 -3.269911540e+002 +1.2721e-001 -4.2119e-001
262 +1.860807415e-002 +1.860807415e-002 -3.269913919e+002 -3.269913919e+002 +1.2772e-001 -4.2073e-001
268 +1.810733170e-002 +1.810733170e-002 -3.269918927e+002 -3.269918927e+002 +1.2786e-001 -4.2320e-001
294 +1.764083129e-002 +1.764083129e-002 -3.269923592e+002 -3.269923592e+002 +1.2773e-001 -4.2691e-001
319 +1.736817257e-002 +1.736817257e-002 -3.269926318e+002 -3.269926318e+002 +1.2742e-001 -4.2902e-001
359 +1.695566050e-002 +1.695566050e-002 -3.269930443e+002 -3.269930443e+002 +1.2713e-001 -4.3395e-001
367 +1.639041168e-002 +1.639041168e-002 -3.269936096e+002 -3.269936096e+002 +1.2642e-001 -4.3861e-001
397 +1.553350895e-002 +1.553350895e-002 -3.269944665e+002 -3.269944665e+002 +1.2493e-001 -4.4288e-001
409 +1.537511232e-002 +1.537511232e-002 -3.269946249e+002 -3.269946249e+002 +1.2503e-001 -4.4954e-001
416 +1.480746580e-002 +1.480746580e-002 -3.269951925e+002 -3.269951925e+002 +1.2347e-001 -4.4909e-001
427 +1.440945551e-002 +1.440945551e-002 -3.269955905e+002 -3.269955905e+002 +1.2356e-001 -4.5228e-001
439 +1.393546521e-002 +1.393546521e-002 -3.269960645e+002 -3.269960645e+002 +1.2141e-001 -4.5843e-001
484 +1.343063296e-002 +1.343063296e-002 -3.269965694e+002 -3.269965694e+002 +1.2234e-001 -4.6171e-001
514 +1.313873672e-002 +1.313873672e-002 -3.269968613e+002 -3.269968613e+002 +1.2151e-001 -4.6286e-001
594 +1.285951834e-002 +1.285951834e-002 -3.269971405e+002 -3.269971405e+002 +1.2111e-001 -4.6532e-001
662 +1.246654319e-002 +1.246654319e-002 -3.269975335e+002 -3.269975335e+002 +1.2086e-001 -4.7283e-001
690 +1.192820662e-002 +1.192820662e-002 -3.269980718e+002 -3.269980718e+002 +1.1999e-001 -4.7807e-001
707 +1.155637943e-002 +1.155637943e-002 -3.269984436e+002 -3.269984436e+002 +1.1889e-001 -4.7731e-001
716 +1.101642033e-002 +1.101642033e-002 -3.269989836e+002 -3.269989836e+002 +1.1843e-001 -4.8272e-001
722 +1.070120021e-002 +1.070120021e-002 -3.269992988e+002 -3.269992988e+002 +1.1771e-001 -4.8541e-001
731 +1.012212644e-002 +1.012212644e-002 -3.269998779e+002 -3.269998779e+002 +1.1691e-001 -4.9165e-001
746 +9.749011918e-003 +9.749011918e-003 -3.270002510e+002 -3.270002510e+002 +1.1622e-001 -4.9534e-001
777 +9.444958156e-003 +9.444958156e-003 -3.270005550e+002 -3.270005550e+002 +1.1569e-001 -4.9866e-001
796 +9.128342386e-003 +9.128342386e-003 -3.270008717e+002 -3.270008717e+002 +1.1489e-001 -5.0146e-001
815 +8.556943741e-003 +8.556943741e-003 -3.270014431e+002 -3.270014431e+002 +1.1397e-001 -5.0811e-001
952 +8.501432983e-003 +8.501432983e-003 -3.270014986e+002 -3.270014986e+002 +1.1387e-001 -5.0883e-001
986 +8.287551617e-003 +8.287551617e-003 -3.270017124e+002 -3.270017124e+002 +1.1309e-001 -5.1069e-001
1003 +8.095417219e-003 +8.095417219e-003 -3.270019046e+002 -3.270019046e+002 +1.1308e-001 -5.1515e-001
1025 +7.941370549e-003 +7.941370549e-003 -3.270020586e+002 -3.270020586e+002 +1.1255e-001 -5.1460e-001
1094 +7.745194003e-003 +7.745194003e-003 -3.270022548e+002 -3.270022548e+002 +1.1201e-001 -5.1687e-001
1107 +7.488447739e-003 +7.488447739e-003 -3.270025116e+002 -3.270025116e+002 +1.1179e-001 -5.2071e-001
1121 +7.403672087e-003 +7.403672087e-003 -3.270025963e+002 -3.270025963e+002 +1.1131e-001 -5.2088e-001
1135 +7.233868975e-003 +7.233868975e-003 -3.270027661e+002 -3.270027661e+002 +1.1117e-001 -5.2327e-001
1157 +7.065349941e-003 +7.065349941e-003 -3.270029347e+002 -3.270029347e+002 +1.1085e-001 -5.2590e-001
1170 +6.740004442e-003 +6.740004442e-003 -3.270032600e+002 -3.270032600e+002 +1.0942e-001 -5.2957e-001
1190 +6.520431649e-003 +6.520431649e-003 -3.270034796e+002 -3.270034796e+002 +1.0916e-001 -5.3190e-001
1214 +6.386425306e-003 +6.386425306e-003 -3.270036136e+002 -3.270036136e+002 +1.0854e-001 -5.3419e-001
1239 +6.214074836e-003 +6.214074836e-003 -3.270037859e+002 -3.270037859e+002 +1.0886e-001 -5.3672e-001
1243 +6.024995514e-003 +6.024995514e-003 -3.270039750e+002 -3.270039750e+002 +1.0839e-001 -5.3955e-001
1260 +5.854591598e-003 +5.854591598e-003 -3.270041454e+002 -3.270041454e+002 +1.0795e-001 -5.4237e-001
1263 +5.711050013e-003 +5.711050013e-003 -3.270042889e+002 -3.270042889e+002 +1.0737e-001 -5.4244e-001
1276 +5.547181711e-003 +5.547181711e-003 -3.270044528e+002 -3.270044528e+002 +1.0551e-001 -5.4826e-001
1301 +5.454384477e-003 +5.454384477e-003 -3.270045456e+002 -3.270045456e+002 +1.0691e-001 -5.4684e-001
1331 +5.271873889e-003 +5.271873889e-003 -3.270047281e+002 -3.270047281e+002 +1.0612e-001 -5.4863e-001
1366 +5.220010801e-003 +5.220010801e-003 -3.270047800e+002 -3.270047800e+002 +1.0621e-001 -5.4951e-001
1395 +4.946244307e-003 +4.946244307e-003 -3.270050538e+002 -3.270050538e+002 +1.0534e-001 -5.5331e-001
1427 +4.879048414e-003 +4.879048414e-003 -3.270051210e+002 -3.270051210e+002 +1.0533e-001 -5.5553e-001
1437 +4.641945483e-003 +4.641945483e-003 -3.270053581e+002 -3.270053581e+002 +1.0460e-001 -5.6016e-001
1448 +4.559760200e-003 +4.559760200e-003 -3.270054402e+002 -3.270054402e+002 +1.0437e-001 -5.5943e-001
1463 +4.352221195e-003 +4.352221195e-003 -3.270056478e+002 -3.270056478e+002 +1.0303e-001 -5.6335e-001
1471 +4.250753095e-003 +4.250753095e-003 -3.270057492e+002 -3.270057492e+002 +1.0331e-001 -5.6399e-001
1565 +4.164688530e-003 +4.164688530e-003 -3.270058353e+002 -3.270058353e+002 +1.0291e-001 -5.6542e-001
1567 +4.071813678e-003 +4.071813678e-003 -3.270059282e+002 -3.270059282e+002 +1.0289e-001 -5.6729e-001
% function evaluation | noise-free fitness - Fopt (2.100000000000e-001) | best noise-free fitness - Fopt | measured fitness | best measured fitness | x1 | x2...
1 +4.260653206e+005 +4.260653206e+005 +4.260655306e+005 +4.260655306e+005 -9.6977e+000 +1.9698e+000
2 +1.428292008e+004 +1.428292008e+004 +1.428313008e+004 +1.428313008e+004 -4.7013e+000 +2.6835e+000
3 +8.724335459e+003 +8.724335459e+003 +8.724545459e+003 +8.724545459e+003 -3.0835e+000 -2.6050e+000
5 +2.853104676e+002 +2.853104676e+002 +2.855204676e+002 +2.855204676e+002 -5.8407e-001 -2.6094e+000
14 +8.212535872e+001 +8.212535872e+001 +8.233535872e+001 +8.233535872e+001 -7.1790e-001 -1.0423e+000
22 +5.116926961e-002 +5.116926961e-002 +2.611692696e-001 +2.611692696e-001 +2.9123e-001 +9.6241e-003
% function evaluation | noise-free fitness - Fopt (-1.000000000000e+003) | best noise-free fitness - Fopt | measured fitness | best measured fitness | x1 | x2...
1 +2.627016380e+001 +2.627016380e+001 -9.737298362e+002 -9.737298362e+002 -2.1944e+000 +9.6455e-002
35 +1.418651115e+001 +1.418651115e+001 -9.858134889e+002 -9.858134889e+002 -1.5171e+000 +4.4615e-001
42 +4.112457384e+000 +4.112457384e+000 -9.958875426e+002 -9.958875426e+002 -1.5106e+000 +6.0344e-001
105 +3.923063252e+000 +3.923063252e+000 -9.960769367e+002 -9.960769367e+002 -1.3605e+000 +6.4613e-001
123 +3.310205213e+000 +3.310205213e+000 -9.966897948e+002 -9.966897948e+002 -1.0977e+000 +7.4864e-001
% function evaluation | noise-free fitness - Fopt (-1.076400000000e+002) | best noise-free fitness - Fopt | measured fitness | best measured fitness | x1 | x2...
1 +1.653227553e+003 +1.653227553e+003 +1.545587553e+003 +1.545587553e+003 -1.7092e+000 -3.1589e-002
14 +4.211728466e+002 +4.211728466e+002 +3.135328466e+002 +3.135328466e+002 -1.4015e-001 -2.5182e+000
17 +3.480486894e+002 +3.480486894e+002 +2.404086894e+002 +2.404086894e+002 +3.3013e+000 -1.3877e+000
18 +2.177477593e+001 +2.177477593e+001 -8.586522407e+001 -8.586522407e+001 +4.3544e-001 -2.1018e+000
19 +1.211296753e+001 +1.211296753e+001 -9.552703247e+001 -9.552703247e+001 +3.9743e+000 -1.2726e+000
42 +1.088287116e+001 +1.088287116e+001 -9.675712884e+001 -9.675712884e+001 +2.6144e+000 -1.0212e-001
56 +7.924816277e+000 +7.924816277e+000 -9.971518372e+001 -9.971518372e+001 +3.2714e+000 -6.8707e-001
72 +6.917126553e+000 +6.917126553e+000 -1.007228734e+002 -1.007228734e+002 +2.6977e+000 -2.7256e-001
555 +6.759339426e+000 +6.759339426e+000 -1.008806606e+002 -1.008806606e+002 +2.9163e+000 -3.9934e-001
1418 +6.606870016e+000 +6.606870016e+000 -1.010331300e+002 -1.010331300e+002 +2.8367e+000 -3.4205e-001
% function evaluation | noise-free fitness - Fopt (-4.480000000000e+001) | best noise-free fitness - Fopt | measured fitness | best measured fitness | x1 | x2...
1 +1.196925670e+007 +1.196925670e+007 +1.196921190e+007 +1.196921190e+007 +1.8337e+001 -4.8722e+000
2 +8.266646336e+004 +8.266646336e+004 +8.262166336e+004 +8.262166336e+004 +4.1475e+000 -2.6063e+000
3 +3.899253394e+004 +3.899253394e+004 +3.894773394e+004 +3.894773394e+004 +3.1681e+000 -2.4001e+000
6 +1.121970305e+004 +1.121970305e+004 +1.117490305e+004 +1.117490305e+004 +2.0814e+000 -1.8744e+000
7 +5.079259786e+002 +5.079259786e+002 +4.631259786e+002 +4.631259786e+002 +3.4030e+000 +3.3775e+000
9 +1.592695774e+002 +1.592695774e+002 +1.144695774e+002 +1.144695774e+002 -1.4516e+000 -1.1512e+000
14 +1.255792379e+002 +1.255792379e+002 +8.077923793e+001 +8.077923793e+001 +1.4545e+000 +1.2696e+000
19 +5.415363822e+001 +5.415363822e+001 +9.353638223e+000 +9.353638223e+000 +1.7104e+000 +6.5718e-001
48 +4.574672922e+000 +4.574672922e+000 -4.022532708e+001 -4.022532708e+001 +2.4219e-001 -2.0483e-001
68 +1.297590194e+000 +1.297590194e+000 -4.350240981e+001 -4.350240981e+001 +2.7822e-001 +9.3065e-003
71 +6.778997453e-001 +6.778997453e-001 -4.412210025e+001 -4.412210025e+001 +9.3242e-001 +3.0162e-001
85 +5.388566156e-001 +5.388566156e-001 -4.426114338e+001 -4.426114338e+001 +7.2692e-001 +1.6310e-001
103 +7.557102828e-002 +7.557102828e-002 -4.472442897e+001 -4.472442897e+001 +3.7378e-001 +2.5782e-003
922 +6.452218893e-002 +6.452218893e-002 -4.473547781e+001 -4.473547781e+001 +2.4098e-001 -7.8294e-002
961 +5.156668354e-002 +5.156668354e-002 -4.474843332e+001 -4.474843332e+001 +2.8472e-001 -5.6683e-002
977 +4.678086963e-002 +4.678086963e-002 -4.475321913e+001 -4.475321913e+001 +3.2736e-001 -2.9595e-002
1001 +3.635781322e-002 +3.635781322e-002 -4.476364219e+001 -4.476364219e+001 +4.0381e-001 +1.2664e-002
1002 +2.480137044e-002 +2.480137044e-002 -4.477519863e+001 -4.477519863e+001 +4.0764e-001 +6.4775e-003
1013 +2.356220563e-002 +2.356220563e-002 -4.477643779e+001 -4.477643779e+001 +4.0908e-001 +9.8397e-003
1075 +2.265968944e-002 +2.265968944e-002 -4.477734031e+001 -4.477734031e+001 +4.1501e-001 +1.1526e-002
1148 +2.216640302e-002 +2.216640302e-002 -4.477783360e+001 -4.477783360e+001 +4.1697e-001 +1.2951e-002
1187 +2.178538402e-002 +2.178538402e-002 -4.477821462e+001 -4.477821462e+001 +4.1989e-001 +1.4294e-002
1200 +2.114375478e-002 +2.114375478e-002 -4.477885625e+001 -4.477885625e+001 +4.2388e-001 +1.6453e-002
1363 +2.089264255e-002 +2.089264255e-002 -4.477910736e+001 -4.477910736e+001 +4.2455e-001 +1.7130e-002
1460 +2.038446305e-002 +2.038446305e-002 -4.477961554e+001 -4.477961554e+001 +4.2952e-001 +1.9319e-002
1574 +1.985565543e-002 +1.985565543e-002 -4.478014434e+001 -4.478014434e+001 +4.3020e-001 +2.0816e-002
% function evaluation | noise-free fitness - Fopt (-1.245500000000e+002) | best noise-free fitness - Fopt | measured fitness | best measured fitness | x1 | x2...
1 +1.036536020e+003 +1.036536020e+003 +9.119860201e+002 +9.119860201e+002 +1.2800e-001 +3.9971e+000
4 +4.676541754e+002 +4.676541754e+002 +3.431041754e+002 +3.431041754e+002 +4.7848e-001 +1.6785e+000
9 +1.527475132e+002 +1.527475132e+002 +2.819751319e+001 +2.819751319e+001 -1.1985e+000 +3.9718e+000
22 +1.301537347e+002 +1.301537347e+002 +5.603734750e+000 +5.603734750e+000 +4.5184e-001 +8.5353e-001
27 +1.316295905e+001 +1.316295905e+001 -1.113870410e+002 -1.113870410e+002 -4.1895e-001 +6.3853e+000
37 +1.276292550e+001 +1.276292550e+001 -1.117870745e+002 -1.117870745e+002 -7.5755e-001 +5.0297e+000
41 +1.071153185e+001 +1.071153185e+001 -1.138384681e+002 -1.138384681e+002 -7.4932e-001 +4.9763e+000
74 +1.015574732e+001 +1.015574732e+001 -1.143942527e+002 -1.143942527e+002 -7.2920e-001 +5.0001e+000
689 +9.998886012e+000 +9.998886012e+000 -1.145511140e+002 -1.145511140e+002 -7.4590e-001 +4.8923e+000
1160 +9.771927126e+000 +9.771927126e+000 -1.147780729e+002 -1.147780729e+002 -7.7532e-001 +4.7356e+000
% function evaluation | noise-free fitness - Fopt (-6.322000000000e+001) | best noise-free fitness - Fopt | measured fitness | best measured fitness | x1 | x2...
1 +6.547646402e+003 +6.547646402e+003 +6.484426402e+003 +6.484426402e+003 +4.6869e+000 -3.5647e+000
2 +4.720430618e+003 +4.720430618e+003 +4.657210618e+003 +4.657210618e+003 +3.9263e+000 -1.9446e+000
5 +1.440827781e+003 +1.440827781e+003 +1.377607781e+003 +1.377607781e+003 +2.9354e+000 -2.7385e+000
10 +6.312365203e+002 +6.312365203e+002 +5.680165203e+002 +5.680165203e+002 +1.6559e+000 -2.4301e+000
13 +2.705240525e+002 +2.705240525e+002 +2.073040525e+002 +2.073040525e+002 +1.7833e+000 -1.2237e+000
14 +6.241531460e+001 +6.241531460e+001 -8.046853952e-001 -8.046853952e-001 +1.3330e+000 -5.3123e-001
25 +1.276539476e+001 +1.276539476e+001 -5.045460524e+001 -5.045460524e+001 +5.7666e-001 +1.5584e-001
31 +1.149309377e+001 +1.149309377e+001 -5.172690623e+001 -5.172690623e+001 +9.2886e-001 -3.9836e-001
33 +8.385432993e+000 +8.385432993e+000 -5.483456701e+001 -5.483456701e+001 +9.6697e-001 -2.7801e-001
42 +6.184572877e+000 +6.184572877e+000 -5.703542712e+001 -5.703542712e+001 +1.0631e+000 +1.0755e-002
43 +1.028595985e+000 +1.028595985e+000 -6.219140401e+001 -6.219140401e+001 +3.2207e-001 -1.8969e-001
78 +2.466733672e-002 +2.466733672e-002 -6.319533266e+001 -6.319533266e+001 -8.7238e-001 +3.1963e-001
81 +8.667082633e-003 +8.667082633e-003 -6.321133292e+001 -6.321133292e+001 -8.0785e-001 +2.6443e-001
138 +5.890940901e-003 +5.890940901e-003 -6.321410906e+001 -6.321410906e+001 -5.4967e-001 +9.9051e-002
139 +4.200225594e-003 +4.200225594e-003 -6.321579977e+001 -6.321579977e+001 -6.3904e-001 +1.5097e-001
186 +3.617222335e-003 +3.617222335e-003 -6.321638278e+001 -6.321638278e+001 -5.9655e-001 +1.2497e-001
196 +3.063004412e-003 +3.063004412e-003 -6.321693700e+001 -6.321693700e+001 -5.8981e-001 +1.2154e-001
198 +2.939331627e-003 +2.939331627e-003 -6.321706067e+001 -6.321706067e+001 -5.9090e-001 +1.2231e-001
201 +2.545973953e-003 +2.545973953e-003 -6.321745403e+001 -6.321745403e+001 -5.9024e-001 +1.2289e-001
218 +2.470707615e-003 +2.470707615e-003 -6.321752929e+001 -6.321752929e+001 -5.9966e-001 +1.2787e-001
249 +2.370393836e-003 +2.370393836e-003 -6.321762961e+001 -6.321762961e+001 -5.9374e-001 +1.2499e-001
264 +2.313736203e-003 +2.313736203e-003 -6.321768626e+001 -6.321768626e+001 -5.9438e-001 +1.2568e-001
298 +2.242746609e-003 +2.242746609e-003 -6.321775725e+001 -6.321775725e+001 -5.9585e-001 +1.2673e-001
364 +2.233470445e-003 +2.233470445e-003 -6.321776653e+001 -6.321776653e+001 -5.9591e-001 +1.2665e-001
453 +2.183319900e-003 +2.183319900e-003 -6.321781668e+001 -6.321781668e+001 -5.9689e-001 +1.2729e-001
560 +2.125686945e-003 +2.125686945e-003 -6.321787431e+001 -6.321787431e+001 -5.9819e-001 +1.2791e-001
683 +2.087960211e-003 +2.087960211e-003 -6.321791204e+001 -6.321791204e+001 -5.9876e-001 +1.2843e-001
850 +2.035229224e-003 +2.035229224e-003 -6.321796477e+001 -6.321796477e+001 -5.9987e-001 +1.2905e-001
988 +1.995137451e-003 +1.995137451e-003 -6.321800486e+001 -6.321800486e+001 -6.0069e-001 +1.2957e-001
1329 +1.948802933e-003 +1.948802933e-003 -6.321805120e+001 -6.321805120e+001 -6.0161e-001 +1.3018e-001
% function evaluation | noise-free fitness - Fopt (-1.045400000000e+002) | best noise-free fitness - Fopt | measured fitness | best measured fitness | x1 | x2...
1 +2.309584949e+003 +2.309584949e+003 +2.205044949e+003 +2.205044949e+003 +1.6850e+000 +1.0465e+000
2 +1.023761484e+003 +1.023761484e+003 +9.192214836e+002 +9.192214836e+002 -4.3340e-001 +1.8770e+000
3 +1.519969640e+001 +1.519969640e+001 -8.934030360e+001 -8.934030360e+001 +3.2133e-001 +2.1909e-001
24 +6.130462720e+000 +6.130462720e+000 -9.840953728e+001 -9.840953728e+001 +1.2837e-001 -3.8761e-001
32 +1.156878192e+000 +1.156878192e+000 -1.033831218e+002 -1.033831218e+002 -2.1867e-001 +4.4259e-001
763 +1.137293217e+000 +1.137293217e+000 -1.034027068e+002 -1.034027068e+002 +3.2112e-001 -6.8420e-001
874 +1.051832358e+000 +1.051832358e+000 -1.034881676e+002 -1.034881676e+002 +3.1614e-001 -6.4916e-001
880 +1.004012956e+000 +1.004012956e+000 -1.035359870e+002 -1.035359870e+002 +3.1206e-001 -5.9254e-001
881 +9.612342836e-001 +9.612342836e-001 -1.035787657e+002 -1.035787657e+002 +3.1505e-001 -5.5584e-001
892 +7.714875463e-001 +7.714875463e-001 -1.037685125e+002 -1.037685125e+002 +3.6788e-001 -4.9242e-001
905 +6.850326163e-001 +6.850326163e-001 -1.038549674e+002 -1.038549674e+002 +3.4605e-001 -4.5024e-001
906 +6.415488793e-001 +6.415488793e-001 -1.038984511e+002 -1.038984511e+002 +3.4236e-001 -4.1941e-001
913 +5.807297054e-001 +5.807297054e-001 -1.039592703e+002 -1.039592703e+002 +3.1807e-001 -3.4096e-001
941 +5.309010991e-001 +5.309010991e-001 -1.040090989e+002 -1.040090989e+002 +3.3580e-001 -3.4427e-001
947 +4.968512653e-001 +4.968512653e-001 -1.040431487e+002 -1.040431487e+002 +3.4159e-001 -3.1013e-001
950 +4.821051225e-001 +4.821051225e-001 -1.040578949e+002 -1.040578949e+002 +3.3922e-001 -2.6900e-001
962 +3.485674854e-001 +3.485674854e-001 -1.041914325e+002 -1.041914325e+002 +2.9386e-001 -1.6212e-001
975 +2.549366281e-001 +2.549366281e-001 -1.042850634e+002 -1.042850634e+002 +1.8602e-001 -1.0860e-002
979 +1.022189340e-001 +1.022189340e-001 -1.044377811e+002 -1.044377811e+002 +7.5639e-002 +1.7284e-001
