% function evaluation | noise-free fitness - Fopt (1.000000000000e+003) | best noise-free fitness - Fopt | measured fitness | best measured fitness | x1 | x2...
1 +1.021752194e+003 +1.021752194e+003 +2.021752194e+003 +2.021752194e+003 +4.2494e+000 +2.3868e+000 +2.0776e+000 -9.4138e-001 +1.4253e+000 +1.1860e+000 +1.8705e+000 -5.4382e-001 -4.1894e+000 +3.1797e-001
2 +8.642832919e+002 +8.642832919e+002 +1.864283292e+003 +1.864283292e+003 +3.9205e+000 +1.6977e+000 +2.2073e-001 -5.3258e+000 +5.8907e+000 -2.6806e+000 -7.5368e-001 -8.6132e-001 -4.7215e+000 +5.2714e+000
6 +7.448008616e+002 +7.448008616e+002 +1.744800862e+003 +1.744800862e+003 +2.8186e+000 -9.8958e-001 +1.3858e+000 -2.0349e+000 +2.7821e+000 -4.8027e-001 +6.5540e-001 -1.9435e+000 -4.5139e+000 +6.1413e+000
28 +6.084080736e+002 +6.084080736e+002 +1.608408074e+003 +1.608408074e+003 -3.7229e-003 +2.1607e+000 +5.6448e-001 +5.4458e-002 +4.1121e+000 -2.7176e+000 +2.8686e-001 -7.1849e+000 -3.2364e+000 +2.0278e+000
36 +2.626945574e+002 +2.626945574e+002 +1.262694557e+003 +1.262694557e+003 +1.1888e-001 +1.2053e-001 +4.5405e-001 +1.0381e+000 +4.1914e+000 +1.2678e+000 -2.1680e+000 +6.0992e-001 -1.7650e+000 -5.7575e-001
118 +2.073259953e+002 +2.073259953e+002 +1.207325995e+003 +1.207325995e+003 -5.1436e-001 +1.2895e+000 -1.0797e+000 +1.4335e+000 +1.1803e+000 -3.1227e-001 -1.5785e+000 -1.0855e+000 -4.0347e+000 +1.5982e+000
205 +1.947041669e+002 +1.947041669e+002 +1.194704167e+003 +1.194704167e+003 +9.3493e-001 +2.2751e+000 +4.6537e-001 -1.3323e-001 +1.0709e+000 -2.0794e+000 -2.6014e+000 -1.2065e+000 -3.5468e+000 -3.2127e-001
255 +1.541083558e+002 +1.541083558e+002 +1.154108356e+003 +1.154108356e+003 -7.0898e-001 +8.3467e-001 +3.8644e-002 +6.5097e-001 +1.3584e+000 -2.7140e+000 -9.9115e-001 -6.9844e-001 -9.5397e-001 -4.7509e-001
292 +1.464636749e+002 +1.464636749e+002 +1.146463675e+003 +1.146463675e+003 -1.1330e+000 +5.6424e+000 +1.3473e+000 +7.9094e-001 +7.8907e-001 -4.9585e+000 -1.3103e+000 -2.1106e+000 -3.0562e+000 -8.9680e-001
419 +1.342678549e+002 +1.342678549e+002 +1.134267855e+003 +1.134267855e+003 +2.9136e-001 +2.4023e+000 -7.2229e-001 +1.3232e+000 +7.5215e-001 -4.3405e+000 -1.6703e+000 +9.4286e-001 -1.4881e+000 -1.4521e+000
483 +1.303375470e+002 +1.303375470e+002 +1.130337547e+003 +1.130337547e+003 -1.7769e-002 +2.5036e+000 +1.4496e-001 +1.6994e+000 +1.2837e+000 -3.4465e+000 -7.7442e-001 -2.9048e-001 -2.3899e+000 -3.5141e-001
503 +1.194652179e+002 +1.194652179e+002 +1.119465218e+003 +1.119465218e+003 -1.3620e+000 +3.3273e+000 +1.3328e+000 +1.9373e+000 +1.3287e+000 -5.0629e+000 -1.6692e+000 -1.0571e+000 -2.7540e+000 -9.0965e-001
569 +1.102615099e+002 +1.102615099e+002 +1.110261510e+003 +1.110261510e+003 +1.8366e+000 +2.4149e+000 +1.3345e+000 +2.2482e+000 +1.2091e+000 -3.3553e+000 -6.3781e-001 -1.0421e+000 -2.5741e+000 -1.8322e+000
577 +1.062501128e+002 +1.062501128e+002 +1.106250113e+003 +1.106250113e+003 -1.5463e-001 +2.5141e+000 +1.7246e+000 +1.7513e+000 +1.3982e+000 -2.4223e+000 -1.4195e+000 -1.1933e+000 -2.8389e+000 -7.9713e-001
613 +1.014101812e+002 +1.014101812e+002 +1.101410181e+003 +1.101410181e+003 -1.8237e+000 +2.5790e+000 +1.0310e+000 +3.4932e+000 +1.2944e+000 -3.4580e+000 -1.4670e+000 +4.9161e-001 -2.2532e+000 -2.6571e+000
788 +8.399730747e+001 +8.399730747e+001 +1.083997307e+003 +1.083997307e+003 -6.2346e-001 +3.8488e+000 +1.3751e+000 +2.9340e+000 +2.2780e+000 -2.9328e+000 -1.3260e+000 -2.0660e+000 -2.1676e+000 -1.2834e+000
1199 +8.195986435e+001 +8.195986435e+001 +1.081959864e+003 +1.081959864e+003 -1.1845e+000 +2.3844e+000 +1.9414e+000 +2.7739e+000 +1.7115e+000 -2.7447e+000 -2.2784e+000 +3.4934e-002 -1.8395e+000 -1.9159e+000
1229 +7.643615818e+001 +7.643615818e+001 +1.076436158e+003 +1.076436158e+003 -1.3584e+000 +3.1961e+000 +2.5545e+000 +3.6275e+000 +1.7713e+000 -2.8315e+000 -2.2719e+000 +3.8403e-001 -2.3053e+000 -1.4265e+000
1251 +5.980289556e+001 +5.980289556e+001 +1.059802896e+003 +1.059802896e+003 -1.1413e+000 +3.1369e+000 +2.1393e+000 +3.4450e+000 +1.9068e+000 -2.7430e+000 -2.0969e+000 -5.6122e-001 -2.2469e+000 -1.2112e+000
1355 +5.149533971e+001 +5.149533971e+001 +1.051495340e+003 +1.051495340e+003 -1.1129e+000 +2.3609e+000 +2.4122e+000 +3.1074e+000 +2.4449e+000 -3.4880e+000 -1.4903e+000 -2.9506e-001 -2.4728e+000 -5.3752e-001
3217 +3.981813162e+001 +3.981813162e+001 +1.039818132e+003 +1.039818132e+003 -2.4545e+000 +2.9189e+000 +4.0470e+000 +5.0558e+000 +3.2931e+000 -3.0482e+000 -1.7889e+000 -8.2441e-001 -1.8176e+000 -1.3197e+000
4849 +3.924438256e+001 +3.924438256e+001 +1.039244383e+003 +1.039244383e+003 -2.6743e+000 +3.0689e+000 +3.3477e+000 +3.7195e+000 +2.9775e+000 -3.5639e+000 -2.2493e+000 -9.2598e-001 -2.4692e+000 -1.8198e+000
9122 +3.833114818e+001 +3.833114818e+001 +1.038331148e+003 +1.038331148e+003 -2.3501e+000 +3.0050e+000 +3.8489e+000 +3.9366e+000 +3.1857e+000 -2.4253e+000 -1.8753e+000 -5.6322e-001 -2.9192e+000 -1.2218e+000
11500 +3.625955581e+001 +3.625955581e+001 +1.036259556e+003 +1.036259556e+003 -3.8059e+000 +3.0096e+000 +4.1466e+000 +3.6980e+000 +3.6765e+000 -2.8369e+000 -2.1772e+000 -8.6462e-001 -2.6206e+000 -1.9095e+000
33138 +3.414654680e+001 +3.414654680e+001 +1.034146547e+003 +1.034146547e+003 -3.3854e+000 +2.3329e+000 +3.5784e+000 +3.1592e+000 +2.3254e+000 -3.4442e+000 -2.4081e+000 +1.1030e+000 -2.6828e+000 -1.1815e+000
36397 +3.156703474e+001 +3.156703474e+001 +1.031567035e+003 +1.031567035e+003 -3.5629e+000 +2.9880e+000 +3.8823e+000 +3.8844e+000 +3.6982e+000 -3.3978e+000 -2.8940e+000 -1.5619e+000 -2.4183e+000 -4.5809e-001
64106 +2.346405975e+001 +2.346405975e+001 +1.023464060e+003 +1.023464060e+003 -3.3153e+000 +3.2612e+000 +4.0130e+000 +3.8344e+000 +3.7919e+000 -3.2213e+000 -3.2161e+000 +1.1338e-001 -2.5606e+000 -1.0911e+000
85393 +2.080843979e+001 +2.080843979e+001 +1.020808440e+003 +1.020808440e+003 -2.3481e+000 +3.1383e+000 +3.3245e+000 +3.0669e+000 +2.6310e+000 -3.4403e+000 -1.5483e+000 -2.5975e-001 -3.0119e+000 -2.6703e-001
900692 +1.805028136e+001 +1.805028136e+001 +1.018050281e+003 +1.018050281e+003 -3.7855e+000 +3.2423e+000 +2.4101e+000 +4.6620e+000 +2.8128e+000 -3.7622e+000 -2.1947e+000 +8.4461e-003 -2.5829e+000 -1.3198e+000
% function evaluation | noise-free fitness - Fopt (7.003000000000e+001) | best noise-free fitness - Fopt | measured fitness | best measured fitness | x1 | x2...
1 +3.689022966e+003 +3.689022966e+003 +3.759052966e+003 +3.759052966e+003 -2.8682e+000 -2.8120e+000 +1.0372e+000 -2.5906e+000 +1.0191e+001 -1.4171e+000 -8.1484e-001 +2.4973e+000 -4.1501e+000 +3.1582e+000
4 +3.493401045e+003 +3.493401045e+003 +3.563431045e+003 +3.563431045e+003 -4.9427e+000 -4.4316e+000 +4.1261e+000 -4.6982e+000 +4.2269e+000 -3.4464e+000 +3.7345e+000 +2.3040e+000 -4.5333e+000 +5.0628e+000
10 +1.821655825e+003 +1.821655825e+003 +1.891685825e+003 +1.891685825e+003 -8.2009e-002 +3.9476e-001 +3.5500e+000 -8.8461e+000 +5.1254e+000 -2.6033e+000 +2.9920e+000 +8.7169e-001 -3.0792e+000 +6.5617e+000
11 +1.377730498e+003 +1.377730498e+003 +1.447760498e+003 +1.447760498e+003 -2.0916e+000 -5.1097e+000 +1.4916e+000 -4.8000e+000 +2.4125e+000 +1.0084e+000 +1.9465e+000 +2.2207e+000 -6.5187e+000 +4.9238e+000
40 +1.125600130e+003 +1.125600130e+003 +1.195630130e+003 +1.195630130e+003 -3.4034e+000 -3.2915e+000 +4.2221e+000 -2.5044e+000 -2.5855e-002 -1.6157e+000 +5.8231e+000 -1.0305e+000 -2.9322e+000 +5.2875e+000
48 +1.037772694e+003 +1.037772694e+003 +1.107802694e+003 +1.107802694e+003 -3.2720e+000 -6.0625e+000 +1.5205e+000 -4.3532e+000 -1.0378e+000 -5.0374e+000 +7.2331e-001 +2.2265e+000 -7.4308e+000 +6.2553e+000
62 +5.327722209e+002 +5.327722209e+002 +6.028022209e+002 +6.028022209e+002 +4.1832e-001 -2.5654e+000 +1.3171e-002 -2.6750e+000 +4.3018e-001 -2.9977e+000 -1.9925e+000 +2.2470e+000 +2.4574e+000 +1.3031e-001
102 +3.633301980e+002 +3.633301980e+002 +4.333601980e+002 +4.333601980e+002 +4.2648e+000 -3.8314e+000 +3.7579e-001 -3.0083e+000 +3.4915e+000 -1.0919e+000 -1.0753e+000 -4.7438e+000 +2.3020e+000 +4.7842e+000
107 +3.449072010e+002 +3.449072010e+002 +4.149372010e+002 +4.149372010e+002 -4.7181e+000 -3.6327e+000 -2.7893e+000 -4.6249e+000 +2.9471e-001 -2.3790e+000 +1.6178e+000 +2.7193e+000 -6.2231e+000 +3.7025e+000
172 +2.915535347e+002 +2.915535347e+002 +3.615835347e+002 +3.615835347e+002 +1.2099e+000 -5.1080e+000 -5.0275e+000 -3.5733e+000 +5.1411e-001 -2.9357e+000 +2.3343e+000 +2.2627e+000 -5.7203e+000 +6.4743e+000
187 +2.421258539e+002 +2.421258539e+002 +3.121558539e+002 +3.121558539e+002 +3.9542e-001 -1.2988e+000 -3.6651e+000 -4.6828e+000 +1.7806e+000 -6.7436e+000 +6.4013e-001 -9.8581e-001 -4.1580e+000 +5.1781e+000
248 +2.124153828e+002 +2.124153828e+002 +2.824453828e+002 +2.824453828e+002 +7.1518e-001 -3.3631e+000 -2.9286e+000 -3.2070e+000 -2.0951e+000 -1.8258e+000 +3.7290e-002 +5.9651e-001 -1.1602e+000 +5.1983e+000
252 +2.020717554e+002 +2.020717554e+002 +2.721017554e+002 +2.721017554e+002 -3.7557e-001 -3.6512e+000 -4.1476e+000 +4.5217e-003 -1.9637e+000 -4.3947e+000 -4.5461e-001 -5.3682e-001 -3.8181e+000 +4.9247e+000
371 +1.989216182e+002 +1.989216182e+002 +2.689516182e+002 +2.689516182e+002 +2.3643e+000 -4.3605e+000 -4.7263e+000 -3.4347e+000 -1.6608e+000 -3.8286e+000 +6.4150e-001 -1.3741e+000 -6.5660e+000 +3.8232e+000
373 +1.775388121e+002 +1.775388121e+002 +2.475688121e+002 +2.475688121e+002 -3.9475e-001 -2.0394e+000 -3.8013e+000 -5.0268e+000 +3.9684e-001 -3.0922e+000 +8.6570e-001 -9.0657e-001 -4.8697e+000 +5.4193e+000
418 +1.679552344e+002 +1.679552344e+002 +2.379852344e+002 +2.379852344e+002 +3.8262e-001 -4.9983e+000 -3.1227e+000 -4.5888e+000 +8.5948e-001 -3.4389e+000 +4.7757e-001 -1.0920e+000 -4.0593e+000 +2.9485e+000
430 +1.549923371e+002 +1.549923371e+002 +2.250223371e+002 +2.250223371e+002 -6.5174e-001 -3.2544e+000 -4.4850e+000 -2.9442e+000 +4.8250e-001 -3.3997e+000 +4.0058e-001 -9.4239e-001 -3.8851e+000 +4.9756e+000
475 +1.546309361e+002 +1.546309361e+002 +2.246609361e+002 +2.246609361e+002 -9.1697e-003 -3.2466e+000 -4.7212e+000 -4.1313e+000 +1.9892e+000 -3.3660e+000 -1.6138e+000 -1.2302e+000 -4.9294e+000 +4.8013e+000
500 +1.509465227e+002 +1.509465227e+002 +2.209765227e+002 +2.209765227e+002 -1.0672e-002 -2.8997e+000 -2.7642e+000 -3.0772e+000 +2.7490e+000 -3.2365e+000 -8.4906e-001 -8.3711e-001 -4.1713e+000 +3.3697e+000
512 +1.451279503e+002 +1.451279503e+002 +2.151579503e+002 +2.151579503e+002 +9.2882e-001 -3.6085e+000 -5.4994e+000 -3.7839e+000 +6.1531e-001 -3.0269e+000 -5.6647e-001 -7.2326e-001 -4.0494e+000 +3.7691e+000
519 +1.178244370e+002 +1.178244370e+002 +1.878544370e+002 +1.878544370e+002 +7.1441e-001 -4.0549e+000 -4.9730e+000 -3.4192e+000 -8.8917e-001 -3.1702e+000 -3.1428e-002 -1.0316e+000 -3.3776e+000 +3.3864e+000
600 +1.011489597e+002 +1.011489597e+002 +1.711789597e+002 +1.711789597e+002 +5.8217e-001 -4.0003e+000 -3.9670e+000 -3.3033e+000 -4.1733e-002 -3.2370e+000 -4.3881e-001 -6.0021e-002 -4.9661e+000 +3.6887e+000
633 +9.216700164e+001 +9.216700164e+001 +1.621970016e+002 +1.621970016e+002 -3.1314e-001 -4.0369e+000 -4.5189e+000 -3.1476e+000 +8.3491e-001 -3.2182e+000 -3.1471e-001 -7.5179e-001 -4.3027e+000 +2.8275e+000
718 +8.759211072e+001 +8.759211072e+001 +1.576221107e+002 +1.576221107e+002 +6.8435e-001 -4.4669e+000 -4.3978e+000 -3.0819e+000 -7.1868e-001 -3.0339e+000 +6.2635e-002 -7.1764e-001 -4.1848e+000 +3.2232e+000
906 +7.909017192e+001 +7.909017192e+001 +1.491201719e+002 +1.491201719e+002 +2.8302e-001 -3.9170e+000 -4.2210e+000 -3.0634e+000 +2.6216e-001 -3.2506e+000 -6.5518e-001 -8.9241e-001 -2.0420e+000 +2.6470e+000
1140 +6.790658587e+001 +6.790658587e+001 +1.379365859e+002 +1.379365859e+002 +4.5466e-001 -4.0101e+000 -4.0708e+000 -1.8947e+000 -1.9564e-001 -4.2840e+000 +5.6807e-001 -6.9042e-001 -2.5950e+000 +2.8657e+000
1194 +6.104973020e+001 +6.104973020e+001 +1.310797302e+002 +1.310797302e+002 +7.1248e-001 -4.0613e+000 -3.8191e+000 -1.8737e+000 -2.9672e-001 -4.5441e+000 -6.3017e-001 -6.6005e-001 -2.3833e+000 +2.9375e+000
2764 +5.950775733e+001 +5.950775733e+001 +1.295377573e+002 +1.295377573e+002 +3.2314e-002 -3.5945e+000 -3.8107e+000 -1.6633e+000 +6.3204e-001 -8.7700e-001 -1.1727e+000 -5.2594e-001 -3.2177e+000 +1.1752e+000
3240 +5.566282365e+001 +5.566282365e+001 +1.256928236e+002 +1.256928236e+002 +1.5412e-001 -3.0925e+000 -3.9046e+000 -2.2848e+000 +3.8568e-001 -3.1836e+000 -1.3008e+000 +6.4920e-001 -2.9026e+000 +1.4127e+000
3359 +4.410497201e+001 +4.410497201e+001 +1.141349720e+002 +1.141349720e+002 -1.1746e+000 -2.9788e+000 -4.3417e+000 -2.2780e+000 +3.5271e-001 -3.2772e+000 -9.9253e-001 +9.7816e-001 -2.7153e+000 +7.4476e-001
3686 +3.959391308e+001 +3.959391308e+001 +1.096239131e+002 +1.096239131e+002 -5.3248e-001 -2.6068e+000 -4.0557e+000 -2.1335e+000 +1.2245e+000 -4.3228e+000 -1.3495e+000 +1.6340e+000 -3.3413e+000 +9.2349e-001
6697 +3.669111429e+001 +3.669111429e+001 +1.067211143e+002 +1.067211143e+002 -1.4021e+000 -2.7184e+000 -4.0056e+000 -2.0743e+000 +2.0838e-001 -3.5805e+000 -7.9891e-001 +1.6240e+000 -3.2864e+000 -3.0632e-002
12259 +3.471714531e+001 +3.471714531e+001 +1.047471453e+002 +1.047471453e+002 -1.2764e+000 -2.9068e+000 -3.8297e+000 -1.0643e+000 -4.3478e-001 -4.3376e+000 -7.4852e-001 +1.3007e+000 -4.1263e+000 +1.0905e+000
19978 +3.241566319e+001 +3.241566319e+001 +1.024456632e+002 +1.024456632e+002 -5.9738e-001 -2.7588e+000 -4.8017e+000 -1.6405e+000 -4.9561e-001 -3.3829e+000 -3.9093e-001 +1.5459e+000 -4.4475e+000 +4.9831e-001
36911 +3.153718974e+001 +3.153718974e+001 +1.015671897e+002 +1.015671897e+002 -1.1605e+000 -1.7478e+000 -3.3934e+000 -1.0191e+000 +7.5828e-001 -4.9831e+000 -9.7664e-001 +1.3621e+000 -2.9587e+000 -1.8925e-002
106221 +2.181605881e+001 +2.181605881e+001 +9.184605881e+001 +9.184605881e+001 -1.0011e+000 -3.0445e+000 -4.0120e+000 -1.8823e+000 -7.9178e-001 -3.7821e+000 -6.7819e-001 +9.4163e-001 -5.3596e+000 +1.0954e+000
185448 +2.036392000e+001 +2.036392000e+001 +9.039392000e+001 +9.039392000e+001 -1.3975e+000 -2.7030e+000 -4.0526e+000 -1.8928e+000 -1.2060e-001 -2.8310e+000 -6.1673e-001 +1.9097e+000 -3.8576e+000 -1.7181e-002
% function evaluation | noise-free fitness - Fopt (-4.822000000000e+001) | best noise-free fitness - Fopt | measured fitness | best measured fitness | x1 | x2...
1 +5.314365995e+003 +5.314365995e+003 +5.266145995e+003 +5.266145995e+003 +5.8310e+000 -1.5898e+000 +1.8543e+000 +3.7269e+000 -4.6438e+000 -2.8405e+000 -5.4089e+000 +2.3396e+000 +5.6093e+000 +8.9318e-001
2 +2.218945916e+003 +2.218945916e+003 +2.170725916e+003 +2.170725916e+003 +3.5982e+000 +3.2026e+000 +2.2333e-001 +9.5579e+000 -3.5209e+000 +2.7419e+000 +6.5860e-001 +9.1751e+000 -1.0278e-001 +1.5716e+000
3 +1.015773328e+003 +1.015773328e+003 +9.675533275e+002 +9.675533275e+002 +6.4225e-001 +7.9833e-001 +3.1067e+000 -1.3024e+000 -7.6251e+000 -8.4843e-001 -2.3766e+000 +7.0360e+000 +2.7976e-001 +5.0218e+000
13 +9.739982894e+002 +9.739982894e+002 +9.257782894e+002 +9.257782894e+002 -2.9546e+000 +1.6342e+000 +2.6517e+000 -2.9913e+000 -1.0494e+001 -4.1028e+000 -1.4354e+000 +2.5108e+000 +1.1611e+000 +4.1956e+000
29 +8.423169611e+002 +8.423169611e+002 +7.940969611e+002 +7.940969611e+002 +4.5561e+000 +5.1727e+000 -6.2971e+000 +2.6573e-001 -5.8210e+000 -2.4996e+000 -5.5604e-001 +2.2637e+000 +4.3337e-002 +2.3684e+000
52 +7.190786830e+002 +7.190786830e+002 +6.708586830e+002 +6.708586830e+002 -7.2616e-001 +4.2470e-001 +2.2610e+000 +3.6096e-001 -6.9769e-001 +3.3079e+000 -2.1732e+000 +7.9910e+000 -1.2623e+000 +8.5431e-001
54 +5.642540793e+002 +5.642540793e+002 +5.160340793e+002 +5.160340793e+002 +7.9487e-001 +1.0217e+000 +1.1672e+000 +2.4348e-001 -3.8447e+000 -3.8588e+000 -6.5969e-001 -1.0427e+000 -3.6261e+000 +3.7516e+000
111 +2.964475401e+002 +2.964475401e+002 +2.482275401e+002 +2.482275401e+002 -1.6805e+000 -3.8201e+000 +1.6470e+000 +7.7141e-001 -1.1803e+000 +1.7483e+000 +2.5539e+000 -1.1647e+000 -2.5897e+000 +5.9484e+000
244 +2.498104793e+002 +2.498104793e+002 +2.015904793e+002 +2.015904793e+002 -1.3527e+000 -1.4122e+000 +2.1735e+000 +6.1443e-001 -3.2152e+000 +1.7507e+000 -3.0092e+000 -2.3245e+000 -2.7118e+000 +5.6960e+000
252 +2.209938462e+002 +2.209938462e+002 +1.727738462e+002 +1.727738462e+002 +1.3380e-002 +1.1394e+000 -8.8895e-001 +1.8743e+000 -2.8708e+000 +3.0796e+000 -4.3753e+000 -5.0649e+000 -4.0321e+000 +3.3550e+000
273 +1.658664958e+002 +1.658664958e+002 +1.176464958e+002 +1.176464958e+002 -3.9983e-001 +2.2180e+000 -2.1850e+000 +3.0137e+000 -4.0540e+000 +4.0344e+000 -2.6295e+000 +1.6572e+000 -2.8055e+000 +5.9513e+000
361 +1.034296543e+002 +1.034296543e+002 +5.520965429e+001 +5.520965429e+001 -5.8239e-001 +8.3735e-001 -4.4206e+000 +1.7731e+000 -3.4835e+000 +3.1748e+000 -5.1791e+000 +1.3441e+000 -2.9972e+000 +3.9322e+000
457 +9.400970366e+001 +9.400970366e+001 +4.578970366e+001 +4.578970366e+001 -1.2427e+000 -3.2401e-002 -2.5516e+000 -1.2432e-001 -3.7088e+000 +1.8229e+000 -2.9491e+000 +7.4939e-001 -3.0448e+000 +5.1769e+000
664 +8.170790657e+001 +8.170790657e+001 +3.348790657e+001 +3.348790657e+001 -9.1107e-001 +2.6422e-001 -3.1014e+000 +1.1382e+000 -4.4921e+000 +3.8352e+000 -3.3168e+000 +2.4480e+000 -1.7116e+000 +3.8725e+000
780 +6.418668156e+001 +6.418668156e+001 +1.596668156e+001 +1.596668156e+001 -2.5784e+000 -1.1886e+000 -1.2992e+000 +5.3631e-001 -4.5491e+000 +5.2310e+000 -2.5061e+000 +7.9143e-001 -2.1885e+000 +5.1973e+000
1365 +4.953198942e+001 +4.953198942e+001 +1.311989421e+000 +1.311989421e+000 -1.3389e+000 -3.9907e-001 -2.5367e+000 +1.2428e+000 -4.2260e+000 +4.0213e+000 -4.1548e+000 +1.5492e+000 -2.1069e+000 +3.3951e+000
1493 +4.785925021e+001 +4.785925021e+001 -3.607497888e-001 -3.607497888e-001 -1.5120e+000 -1.1293e-001 -2.4934e+000 -1.3863e-001 -3.9378e+000 +3.3594e+000 -4.4204e+000 +1.2858e+000 -2.5796e+000 +3.4673e+000
2638 +4.218476553e+001 +4.218476553e+001 -6.035234470e+000 -6.035234470e+000 -1.5601e+000 -8.1161e-001 -2.5659e+000 +5.7145e-001 -3.7381e+000 +3.4715e+000 -3.3498e+000 +1.9707e+000 -1.7315e+000 +3.9238e+000
3520 +3.719173536e+001 +3.719173536e+001 -1.102826464e+001 -1.102826464e+001 -1.2485e+000 -1.1964e+000 -2.2826e+000 +1.1145e+000 -3.6153e+000 +4.5504e+000 -3.3267e+000 -6.2123e-001 -2.1445e+000 +4.1298e+000
6000 +3.613923388e+001 +3.613923388e+001 -1.208076612e+001 -1.208076612e+001 -1.5601e+000 -7.1250e-001 -1.5253e+000 +8.6932e-001 -4.2944e+000 +3.9775e+000 -2.6930e+000 +1.1770e+000 -2.5911e+000 +4.2478e+000
10539 +3.110024978e+001 +3.110024978e+001 -1.711975022e+001 -1.711975022e+001 -2.2073e+000 -2.2610e+000 -1.8196e+000 +1.6773e-001 -3.2502e+000 +4.1448e+000 -3.1051e+000 +9.2100e-001 -2.9448e+000 +3.5617e+000
27228 +3.048636655e+001 +3.048636655e+001 -1.773363345e+001 -1.773363345e+001 -2.2360e+000 -8.0265e-001 -2.8443e+000 -1.1539e-001 -2.9977e+000 +2.9730e+000 -3.9164e+000 +1.6953e+000 -2.4277e+000 +3.6605e+000
37078 +2.789001111e+001 +2.789001111e+001 -2.032998889e+001 -2.032998889e+001 -2.4507e+000 -1.6598e+000 -1.4855e+000 +3.0844e-001 -2.9472e+000 +4.8677e+000 -2.9913e+000 +1.3536e+000 -3.4453e+000 +4.3564e+000
43841 +2.380761894e+001 +2.380761894e+001 -2.441238106e+001 -2.441238106e+001 -2.3600e+000 -7.6260e-001 -2.7863e+000 -1.2945e-001 -3.4062e+000 +3.6577e+000 -4.1126e+000 +1.0141e+000 -2.2084e+000 +2.7809e+000
425168 +2.149066161e+001 +2.149066161e+001 -2.672933839e+001 -2.672933839e+001 -1.8976e+000 -9.2555e-001 -2.1830e+000 +1.3190e-001 -3.5806e+000 +3.9046e+000 -3.2869e+000 +1.2904e+000 -2.3247e+000 +3.9741e+000
438673 +1.787391923e+001 +1.787391923e+001 -3.034608077e+001 -3.034608077e+001 -2.3131e+000 -1.2060e+000 -1.6749e+000 +3.3699e-003 -3.4312e+000 +3.3798e+000 -3.9028e+000 +3.5922e-001 -2.6952e+000 +3.4937e+000
480998 +1.765773236e+001 +1.765773236e+001 -3.056226764e+001 -3.056226764e+001 -1.8348e+000 -1.3267e+000 -1.7240e+000 +3.8844e-001 -3.4798e+000 +4.5812e+000 -3.4327e+000 +1.2873e+000 -2.2790e+000 +4.0613e+000
% function evaluation | noise-free fitness - Fopt (2.547000000000e+001) | best noise-free fitness - Fopt | measured fitness | best measured fitness | x1 | x2...
1 +6.799711910e+002 +6.799711910e+002 +7.054411910e+002 +7.054411910e+002 -3.6043e+000 -7.8416e+000 +1.1334e+000 -4.2147e+000 +1.6059e+000 +2.0213e+000 -2.7177e+000 -2.3541e+000 +2.7667e+000 -6.3412e+000
2 +4.646326681e+002 +4.646326681e+002 +4.901026681e+002 +4.901026681e+002 -3.2222e+000 -5.6969e+000 -6.2168e+000 +1.3481e+000 -1.2415e+000 +2.4679e+000 -1.8195e+000 -3.2151e+000 -3.7679e-001 +6.7319e-001
3 +2.195773282e+002 +2.195773282e+002 +2.450473282e+002 +2.450473282e+002 -2.9236e+000 -3.1300e+000 -5.3948e+000 +1.5563e+000 -2.6238e+000 +1.7814e+000 -1.4363e+000 -2.0302e+000 +2.0099e+000 -8.9507e-001
6 +2.171531852e+002 +2.171531852e+002 +2.426231852e+002 +2.426231852e+002 -3.5837e+000 -2.2137e+000 -3.7767e+000 +1.7554e+000 -2.9225e+000 +1.3982e+000 -1.3121e+000 +2.4205e+000 +4.6949e+000 -2.9666e+000
33 +2.084062483e+002 +2.084062483e+002 +2.338762483e+002 +2.338762483e+002 -3.5775e+000 -1.2758e+000 -3.2880e+000 +1.3622e-001 -1.8573e+000 +3.6124e-001 -1.5666e+000 -2.9258e+000 +3.2181e-001 -1.2525e+000
56 +1.854385304e+002 +1.854385304e+002 +2.109085304e+002 +2.109085304e+002 -3.2708e+000 -5.4331e+000 -4.0631e+000 +1.0876e+000 -1.2033e+000 -5.5705e-001 -1.9286e+000 -1.9622e+000 +2.4989e+000 -1.0852e+000
96 +1.446526646e+002 +1.446526646e+002 +1.701226646e+002 +1.701226646e+002 -4.6946e+000 -3.7115e+000 -3.0871e+000 +8.4118e-001 -3.5832e+000 +7.7653e-001 -4.3826e-001 -3.3855e-001 +2.1666e+000 -1.4680e+000
123 +1.413306641e+002 +1.413306641e+002 +1.668006641e+002 +1.668006641e+002 -2.8196e+000 -2.8356e+000 -8.7315e-001 +2.0421e+000 -3.8002e+000 +6.9416e-001 -1.7047e-002 -3.1978e-001 +2.3601e+000 -8.2685e-003
176 +1.140538524e+002 +1.140538524e+002 +1.395238524e+002 +1.395238524e+002 -4.0195e+000 -2.2506e+000 -1.6921e+000 +5.8911e-001 -3.4657e+000 +9.8551e-001 -2.3813e+000 -1.1342e+000 +2.9754e+000 -1.3635e+000
286 +1.073911679e+002 +1.073911679e+002 +1.328611679e+002 +1.328611679e+002 -2.6803e+000 -2.2835e+000 -2.2105e+000 -2.0228e-001 -3.4862e+000 +1.0608e+000 -1.7140e+000 -4.2798e-001 +3.1999e+000 -1.7152e+000
350 +7.338344040e+001 +7.338344040e+001 +9.885344040e+001 +9.885344040e+001 -3.3731e+000 -2.2480e+000 -2.4122e+000 +4.6528e-001 -3.7979e+000 +5.6120e-001 +5.2859e-001 -2.2144e+000 +2.5858e+000 -1.2422e+000
482 +5.833086884e+001 +5.833086884e+001 +8.380086884e+001 +8.380086884e+001 -3.4944e+000 -2.2314e+000 -2.2737e+000 -9.5672e-001 -2.6273e+000 +1.2834e+000 -1.1990e+000 +2.2678e-001 +3.2441e+000 -1.3806e+000
1772 +5.748129738e+001 +5.748129738e+001 +8.295129738e+001 +8.295129738e+001 -4.1461e+000 -1.9410e+000 -1.6187e+000 -1.5612e+000 -2.3891e+000 -2.0477e+000 +1.1294e+000 -6.1692e-001 +2.8955e+000 -6.7203e-001
2997 +5.537602914e+001 +5.537602914e+001 +8.084602914e+001 +8.084602914e+001 -4.1573e+000 -2.6103e+000 -7.5566e-001 -1.6883e+000 -2.1244e+000 -1.3631e+000 -1.0749e+000 -2.5208e-001 +1.5428e+000 -4.0784e-001
3175 +4.682321958e+001 +4.682321958e+001 +7.229321958e+001 +7.229321958e+001 -3.9541e+000 -1.5266e+000 -1.0917e+000 -3.2775e+000 -1.5731e+000 -1.5708e+000 -5.5820e-001 -6.1181e-001 +2.8691e+000 -3.7873e-001
3845 +4.598818957e+001 +4.598818957e+001 +7.145818957e+001 +7.145818957e+001 -4.0819e+000 -2.6303e+000 -1.1350e+000 -1.6910e+000 -1.6669e+000 -4.7942e-001 -1.2287e+000 -3.7223e-001 +2.6749e+000 +1.3551e-002
6927 +4.150810094e+001 +4.150810094e+001 +6.697810094e+001 +6.697810094e+001 -3.5803e+000 -1.9372e+000 -1.5673e+000 -1.6426e+000 -2.0912e+000 -8.9382e-001 -1.0180e+000 +4.7900e-001 +2.6464e+000 -1.6552e+000
9358 +3.661899777e+001 +3.661899777e+001 +6.208899777e+001 +6.208899777e+001 -3.6778e+000 -2.1276e+000 -7.9349e-001 -1.5756e+000 -2.1744e+000 -6.8296e-001 -5.2240e-001 -3.5493e-001 +2.6265e+000 -2.2984e-001
14849 +3.174086026e+001 +3.174086026e+001 +5.721086026e+001 +5.721086026e+001 -4.0470e+000 -2.3491e+000 -6.9156e-001 -2.6050e+000 -7.8658e-001 -4.2718e-001 -1.7012e+000 +2.3720e-001 +3.2651e+000 -2.3217e-001
26468 +3.093598946e+001 +3.093598946e+001 +5.640598946e+001 +5.640598946e+001 -3.4370e+000 -1.1131e+000 -8.9928e-001 -1.9575e+000 -1.8037e+000 -6.0638e-001 -1.2926e+000 -4.9153e-001 +3.9340e+000 -1.3069e-001
70810 +2.383006648e+001 +2.383006648e+001 +4.930006648e+001 +4.930006648e+001 -4.0710e+000 -2.3827e+000 -1.3283e+000 -2.0531e+000 -1.2738e+000 -4.9596e-001 -7.2899e-001 +7.8995e-001 +3.3460e+000 -4.7904e-001
141316 +1.783079772e+001 +1.783079772e+001 +4.330079772e+001 +4.330079772e+001 -3.2826e+000 -2.1307e+000 -1.3320e+000 -2.0902e+000 -2.5360e+000 -3.3757e-001 -8.3611e-001 +3.5121e-001 +3.1123e+000 -7.9664e-001
% function evaluation | noise-free fitness - Fopt (-1.008100000000e+002) | best noise-free fitness - Fopt | measured fitness | best measured fitness | x1 | x2...
1 +4.846712902e+003 +4.846712902e+003 +4.745902902e+003 +4.745902902e+003 +8.6819e+000 +1.0702e+001 +3.4516e+000 -1.6858e+001 -7.8810e+000 +3.5900e+000 -2.7309e+000 +3.0451e+000 +3.9860e+000 +3.2864e-001
2 +3.294267606e+003 +3.294267606e+003 +3.193457606e+003 +3.193457606e+003 -6.5299e+000 -1.4176e+000 -4.8481e-001 -4.9564e+000 -4.0491e+000 +3.5949e+000 +3.5593e+000 +7.3934e+000 +8.4949e+000 +3.4571e+000
3 +2.453227498e+003 +2.453227498e+003 +2.352417498e+003 +2.352417498e+003 -5.2099e+000 -7.3946e+000 -2.3493e+000 -3.0557e+000 -1.5188e+001 +2.6616e+000 -2.8477e+000 +5.3009e+000 -5.5173e+000 +1.0432e+000
4 +1.650029461e+003 +1.650029461e+003 +1.549219461e+003 +1.549219461e+003 -3.1080e+000 +1.1573e+000 -5.8218e-001 -3.2488e+000 -3.5230e+000 +1.9229e+000 +4.2800e+000 +5.4768e+000 +5.3643e+000 +7.8848e-001
5 +1.439178450e+003 +1.439178450e+003 +1.338368450e+003 +1.338368450e+003 +5.7291e+000 +3.9773e+000 -8.6702e+000 -2.3791e+000 -5.0173e+000 -7.8158e+000 +4.0183e+000 +5.5208e+000 +4.6834e+000 +5.3983e+000
25 +1.273531653e+003 +1.273531653e+003 +1.172721653e+003 +1.172721653e+003 -5.9299e+000 +5.3318e+000 +2.3714e-001 +2.2054e-003 -4.2415e+000 +3.2342e+000 +1.9843e+000 +4.4337e+000 -7.8837e-001 +3.3439e+000
30 +9.747260161e+002 +9.747260161e+002 +8.739160161e+002 +8.739160161e+002 -6.8181e+000 +1.3819e+000 +2.9519e-001 -5.2692e+000 -5.8188e+000 +2.2700e+000 +3.6057e-001 +2.7105e+000 -1.3899e-001 +3.2448e+000
67 +7.606586720e+002 +7.606586720e+002 +6.598486720e+002 +6.598486720e+002 -4.6379e+000 +6.8691e-001 +1.1959e-001 -4.4356e+000 +1.5740e+000 -1.4857e+000 +4.2103e+000 +1.7053e+000 +4.7449e+000 -5.7225e-001
77 +4.801208842e+002 +4.801208842e+002 +3.793108842e+002 +3.793108842e+002 -2.1245e+000 +5.0842e-001 -3.2980e+000 -2.9919e+000 -2.0836e+000 -1.7827e+000 +3.8536e+000 +3.3069e+000 +3.8242e-001 +4.5788e+000
93 +4.050522878e+002 +4.050522878e+002 +3.042422878e+002 +3.042422878e+002 +4.6292e+000 +9.2721e-001 -6.4825e-001 -3.7124e+000 -1.6569e+000 +9.6888e-001 +2.5397e+000 +5.6784e+000 -1.8059e+000 +5.6382e-001
102 +2.354526533e+002 +2.354526533e+002 +1.346426533e+002 +1.346426533e+002 -6.0646e-001 +2.9321e+000 +3.5049e+000 -3.0077e+000 +2.9618e+000 +2.1473e+000 +1.4645e-001 +1.0695e+000 +5.2228e-004 -6.1882e-001
158 +2.322981808e+002 +2.322981808e+002 +1.314881808e+002 +1.314881808e+002 +3.1453e+000 +2.8419e+000 -3.0232e+000 -3.2937e+000 +4.7859e-001 -4.6251e-001 +1.5312e+000 -4.9457e-001 -2.1959e+000 +4.6517e+000
203 +2.006953795e+002 +2.006953795e+002 +9.988537947e+001 +9.988537947e+001 -8.8800e-001 +2.0320e+000 +2.1365e+000 -3.0853e+000 +1.7291e+000 +2.5818e+000 +1.0197e+000 +2.7305e+000 -1.7699e+000 +3.4425e-001
206 +1.848378248e+002 +1.848378248e+002 +8.402782477e+001 +8.402782477e+001 +1.7653e+000 +2.9755e+000 +4.3822e+000 -2.6733e+000 +1.3571e+000 +9.3663e-001 +7.9547e-001 +3.9523e+000 -4.4254e+000 +2.2283e+000
257 +1.458100795e+002 +1.458100795e+002 +4.500007953e+001 +4.500007953e+001 -1.1977e+000 +9.7872e-001 +5.3040e-001 -2.2889e+000 +3.1970e+000 +8.0857e-001 +1.0468e+000 +2.7420e+000 -1.2146e+000 +2.4706e+000
261 +1.337894474e+002 +1.337894474e+002 +3.297944743e+001 +3.297944743e+001 +6.1284e-001 +1.5079e+000 +1.6945e-001 -2.5286e+000 +2.2554e+000 +1.1310e+000 +1.8248e+000 +9.8770e-001 -3.6272e+000 +2.7678e-001
418 +1.176938279e+002 +1.176938279e+002 +1.688382789e+001 +1.688382789e+001 -9.4401e-001 +9.6587e-001 +2.3193e+000 -1.1365e+000 +2.0799e+000 +2.5221e-001 +7.6325e-001 +3.0029e+000 -3.9989e+000 +6.1678e-001
572 +1.101933261e+002 +1.101933261e+002 +9.383326086e+000 +9.383326086e+000 +5.2209e-001 +1.9920e+000 +1.1647e+000 -7.7270e-001 +1.9984e+000 +1.0775e+000 +1.2347e+000 +2.1431e+000 -3.8005e+000 +1.3839e+000
649 +9.266571264e+001 +9.266571264e+001 -8.144287359e+000 -8.144287359e+000 +6.3403e-001 +2.0262e+000 +7.7987e-001 -2.6396e+000 +2.2809e+000 +1.1514e-001 -1.2451e-001 +1.9307e+000 -4.2279e+000 +2.2741e+000
697 +8.974479529e+001 +8.974479529e+001 -1.106520471e+001 -1.106520471e+001 +5.9390e-001 +1.0825e+000 +9.3407e-001 -1.7614e+000 +1.9056e+000 +5.8902e-001 +3.8273e-001 +2.3242e+000 -4.5319e+000 +1.4798e+000
768 +8.393397626e+001 +8.393397626e+001 -1.687602374e+001 -1.687602374e+001 +3.1351e-001 +1.5488e+000 +8.5873e-001 -1.9934e-001 +1.6478e+000 +1.7143e+000 +3.3542e-001 +1.2984e+000 -2.5172e+000 +2.6483e-001
770 +8.093008928e+001 +8.093008928e+001 -1.987991072e+001 -1.987991072e+001 +1.3907e+000 +9.3130e-001 +8.5099e-001 -9.5230e-001 +2.5321e+000 -5.0466e-001 +1.3399e+000 +2.5384e+000 -2.3872e+000 +4.4104e-001
881 +7.914376916e+001 +7.914376916e+001 -2.166623084e+001 -2.166623084e+001 -2.1880e-001 +8.6968e-001 +1.5081e+000 +2.5115e-002 +2.6709e+000 +2.1212e+000 +7.8801e-002 +2.1364e+000 -3.1286e+000 +1.1788e-001
911 +4.811610239e+001 +4.811610239e+001 -5.269389761e+001 -5.269389761e+001 +3.4364e-001 +8.5238e-001 +1.0562e+000 +4.4387e-001 +2.7741e+000 +1.1817e+000 +5.4352e-001 +2.1845e+000 -3.4258e+000 -7.1069e-002
1757 +4.413731479e+001 +4.413731479e+001 -5.667268521e+001 -5.667268521e+001 +1.2619e+000 +8.6823e-001 +1.4427e+000 +3.8245e-001 +3.1785e+000 +1.8902e+000 -9.6341e-002 +1.7045e+000 -3.9606e+000 -2.7737e-001
2225 +2.696305266e+001 +2.696305266e+001 -7.384694734e+001 -7.384694734e+001 +1.4663e+000 +1.0616e+000 +1.0741e+000 +1.8766e-001 +1.9045e+000 +1.1512e+000 +4.9322e-001 +2.4832e+000 -2.7843e+000 -4.9038e-001
29616 +2.219861036e+001 +2.219861036e+001 -7.861138964e+001 -7.861138964e+001 +1.6182e+000 -4.6619e-003 +9.4342e-001 +4.5920e-001 +2.6102e+000 +2.4518e+000 +4.4151e-001 +1.5361e+000 -4.0186e+000 -9.2852e-001
81383 +1.750750496e+001 +1.750750496e+001 -8.330249504e+001 -8.330249504e+001 +1.0042e+000 -1.3392e-001 +5.7613e-001 +3.5160e-001 +3.3337e+000 +1.9969e+000 +9.0079e-002 +1.4426e+000 -4.2535e+000 -6.2634e-001
% function evaluation | noise-free fitness - Fopt (-3.496000000000e+001) | best noise-free fitness - Fopt | measured fitness | best measured fitness | x1 | x2...
1 +5.355172477e+002 +5.355172477e+002 +5.005572477e+002 +5.005572477e+002 -2.3630e+000 +2.6575e+000 -1.6592e+000 +7.1119e+000 -1.3649e+000 -3.3591e+000 -9.6913e-001 -4.7987e+000 +4.7843e+000 -9.9512e-001
5 +4.966431520e+002 +4.966431520e+002 +4.616831520e+002 +4.616831520e+002 +1.3520e-002 -5.3107e+000 -9.8756e-001 +3.3824e+000 +8.0775e-002 -4.6539e+000 -2.2449e+000 -2.3473e+000 +1.3652e+000 -3.1914e+000
13 +1.669189938e+002 +1.669189938e+002 +1.319589938e+002 +1.319589938e+002 +1.2604e-001 -4.4199e+000 -3.1693e+000 +3.8220e+000 -2.1510e+000 -6.5791e-001 -1.3278e+000 +2.1651e-001 +1.8242e+000 -2.0589e+000
205 +1.606969663e+002 +1.606969663e+002 +1.257369663e+002 +1.257369663e+002 +1.8741e-001 -2.5923e+000 -5.3095e-001 +4.4098e+000 -1.7866e+000 +1.9249e+000 -6.4718e-001 -1.0722e+000 +2.7638e+000 -2.8894e+000
235 +1.466903997e+002 +1.466903997e+002 +1.117303997e+002 +1.117303997e+002 -2.0126e+000 -1.3316e+000 -3.0098e+000 +5.5517e+000 -2.6186e+000 +9.0181e-001 +4.4527e-001 -1.2990e+000 +2.6983e+000 -2.9930e+000
317 +1.340866651e+002 +1.340866651e+002 +9.912666508e+001 +9.912666508e+001 -1.8277e+000 -3.0111e+000 -9.0537e-001 +3.7747e+000 -1.7503e+000 +2.3791e+000 -2.6327e-002 -2.3762e+000 +1.5692e+000 -2.5593e+000
350 +1.300465521e+002 +1.300465521e+002 +9.508655205e+001 +9.508655205e+001 -2.1958e+000 -2.2066e+000 -1.1974e+000 +3.8068e+000 -2.0055e+000 +8.8587e-001 +2.3863e-001 -2.2430e+000 +3.4860e+000 -4.1734e+000
467 +1.176334550e+002 +1.176334550e+002 +8.267345499e+001 +8.267345499e+001 +1.9157e-001 -3.9765e+000 -1.4192e+000 +5.5589e-001 -3.9236e+000 +1.5271e+000 -5.3945e-001 -2.6837e+000 +2.0721e+000 -2.6943e+000
547 +9.640054418e+001 +9.640054418e+001 +6.144054418e+001 +6.144054418e+001 -1.0327e+000 -3.4195e+000 -1.3653e+000 +2.3045e+000 -1.3565e+000 +8.4432e-001 -1.4162e+000 -2.3501e+000 +2.3607e+000 -3.7531e+000
589 +9.510132995e+001 +9.510132995e+001 +6.014132995e+001 +6.014132995e+001 +1.8440e-001 -2.9937e+000 -2.2702e+000 +9.2615e-001 -4.5416e-001 +1.7032e+000 -1.3647e+000 -1.2605e+000 +3.3512e+000 -3.1820e+000
697 +8.989952719e+001 +8.989952719e+001 +5.493952719e+001 +5.493952719e+001 -1.6389e+000 -3.2504e+000 -1.8461e+000 +2.0164e+000 -1.5779e+000 +3.6554e+000 -8.6805e-001 -1.9266e+000 +3.1133e+000 -3.2540e+000
738 +8.091414650e+001 +8.091414650e+001 +4.595414650e+001 +4.595414650e+001 -1.3879e+000 -2.9030e+000 -1.2467e+000 +1.5138e+000 -1.1118e+000 +2.8902e+000 -1.7246e+000 -1.0234e+000 +2.6949e+000 -3.3855e+000
986 +7.025261291e+001 +7.025261291e+001 +3.529261291e+001 +3.529261291e+001 -1.1794e+000 -2.7751e+000 -2.1039e+000 +2.7478e+000 -9.7949e-001 +1.9411e+000 -5.3889e-001 -9.8915e-001 +3.0673e+000 -2.9135e+000
1101 +5.701344584e+001 +5.701344584e+001 +2.205344584e+001 +2.205344584e+001 -1.1539e+000 -3.1822e+000 -2.5724e+000 +3.1840e+000 -2.1550e+000 +2.5328e+000 -4.2854e-001 -6.2716e-001 +2.4666e+000 -3.5566e+000
1997 +5.012213048e+001 +5.012213048e+001 +1.516213048e+001 +1.516213048e+001 +1.1798e+000 -2.4429e+000 -2.8781e+000 +2.3579e+000 -1.8481e+000 +3.0708e+000 -8.5429e-001 +5.9900e-001 +2.2457e+000 -2.7944e+000
2599 +4.974001595e+001 +4.974001595e+001 +1.478001595e+001 +1.478001595e+001 +1.4130e+000 -3.2632e+000 -2.4560e+000 +2.3982e+000 -1.3780e+000 +3.1826e+000 -4.3738e-001 +3.7579e-001 +2.3557e+000 -2.1875e+000
2814 +3.497867456e+001 +3.497867456e+001 +1.867455885e-002 +1.867455885e-002 +1.7858e-001 -2.6236e+000 -3.0904e+000 +3.4626e+000 -2.1727e+000 +3.3464e+000 -1.2791e+000 -4.8904e-001 +1.6673e+000 -2.8486e+000
5787 +2.188405017e+001 +2.188405017e+001 -1.307594983e+001 -1.307594983e+001 +9.1283e-001 -3.0319e+000 -3.0723e+000 +2.2051e+000 -1.7963e+000 +3.3361e+000 -6.6910e-001 -4.1369e-001 +2.6900e+000 -1.4113e+000
300644 +1.371487917e+001 +1.371487917e+001 -2.124512083e+001 -2.124512083e+001 +4.6202e-001 -2.9362e+000 -2.7820e+000 +1.8549e+000 -1.8812e+000 +4.2003e+000 -1.0155e+000 -3.2109e-001 +3.1829e+000 -2.2005e+000
% function evaluation | noise-free fitness - Fopt (-2.727900000000e+002) | best noise-free fitness - Fopt | measured fitness | best measured fitness | x1 | x2...
1 +6.427510697e+002 +6.427510697e+002 +3.699610697e+002 +3.699610697e+002 -2.9646e+000 +7.6377e+000 +1.0564e+000 +2.4601e+000 +1.6320e+000 +3.8600e+000 -3.3499e+000 +4.4161e+000 -2.3606e-001 +1.3579e+000
2 +5.878586046e+002 +5.878586046e+002 +3.150686046e+002 +3.150686046e+002 -5.6725e+000 +2.3516e+000 +2.4857e+000 +2.5443e+000 +2.1728e+000 +2.2849e+000 -1.6707e+000 +2.7167e+000 -6.0584e-001 +4.3415e+000
7 +4.408071187e+002 +4.408071187e+002 +1.680171187e+002 +1.680171187e+002 -2.6996e+000 +4.1248e+000 +2.8687e+000 -3.2158e+000 +2.3400e+000 +2.1127e+000 -1.3456e+000 -2.7508e+000 -1.8242e+000 +1.9548e+000
11 +3.932168539e+002 +3.932168539e+002 +1.204268539e+002 +1.204268539e+002 -4.7197e+000 +2.2845e+000 -6.1852e-001 -3.8932e+000 +4.2692e+000 +4.6128e+000 -3.0314e+000 +2.9345e+000 +4.4355e-001 +3.5308e+000
15 +2.448347501e+002 +2.448347501e+002 -2.795524988e+001 -2.795524988e+001 -4.0464e+000 -2.0152e-001 -4.1738e-001 -9.3641e-001 +2.4585e+000 +1.5268e+000 -1.4750e+000 +1.9622e+000 +1.8166e+000 +4.2814e+000
22 +2.086398733e+002 +2.086398733e+002 -6.415012668e+001 -6.415012668e+001 -1.0382e+000 +9.2663e-001 +1.9964e+000 +5.1083e-001 +1.8387e+000 +6.0927e+000 -8.5732e-001 -1.3526e+000 +5.8527e-001 -6.4096e-002
111 +1.452264159e+002 +1.452264159e+002 -1.275635841e+002 -1.275635841e+002 -2.4819e+000 +2.8934e+000 +5.9140e-001 -8.3499e-001 +1.3941e+000 +5.0412e+000 -2.6724e+000 +4.6511e-001 +2.8062e+000 +1.6904e+000
185 +1.384505245e+002 +1.384505245e+002 -1.343394755e+002 -1.343394755e+002 -2.4485e+000 -3.5088e-001 +9.8288e-001 -2.0699e+000 -7.3841e-001 +4.6061e+000 -1.0285e+000 +8.7478e-001 +2.1454e+000 -2.9038e-003
192 +1.375360628e+002 +1.375360628e+002 -1.352539372e+002 -1.352539372e+002 -3.9698e+000 -5.7340e-001 +2.8300e+000 -2.7952e+000 +6.6576e-001 +4.3752e+000 -1.4040e+000 +9.3266e-001 +1.8556e+000 +7.4607e-001
211 +8.701619889e+001 +8.701619889e+001 -1.857738011e+002 -1.857738011e+002 -3.2992e+000 +2.3874e+000 +1.0302e+000 -1.8708e+000 +1.8053e+000 +4.7445e+000 -2.7510e+000 +2.6995e+000 +3.5503e+000 -1.1647e-001
340 +7.921702235e+001 +7.921702235e+001 -1.935729776e+002 -1.935729776e+002 -3.3673e+000 +2.4882e+000 +6.3452e-001 -1.6223e+000 +1.0284e+000 +4.1812e+000 -2.1341e+000 +1.3925e+000 +2.0395e+000 -9.4189e-001
476 +6.716108578e+001 +6.716108578e+001 -2.056289142e+002 -2.056289142e+002 -4.4167e+000 +1.1556e+000 -4.3301e-001 -2.7677e+000 +1.7980e+000 +4.0114e+000 -1.9018e+000 +1.3509e+000 +4.1867e+000 -1.0324e+000
508 +6.269171865e+001 +6.269171865e+001 -2.100982813e+002 -2.100982813e+002 -4.4658e+000 +6.1627e-001 +1.7091e+000 -3.5901e+000 +1.4875e+000 +4.5028e+000 -1.1300e+000 +6.7794e-001 +3.5065e+000 +1.0906e+000
632 +6.049912868e+001 +6.049912868e+001 -2.122908713e+002 -2.122908713e+002 -2.9425e+000 +5.2424e-001 +1.5244e+000 -3.9118e+000 +1.0437e+000 +3.2624e+000 -1.4505e+000 +9.1404e-001 +4.1468e+000 -6.2428e-001
680 +5.179194593e+001 +5.179194593e+001 -2.209980541e+002 -2.209980541e+002 -4.0490e+000 +9.4197e-001 +1.8245e+000 -2.8352e+000 +1.3884e+000 +3.9730e+000 -1.7947e+000 +1.1627e+000 +3.7599e+000 -7.6989e-001
1098 +4.982672087e+001 +4.982672087e+001 -2.229632791e+002 -2.229632791e+002 -3.0877e+000 +3.2426e-001 +2.9276e+000 -3.3895e+000 +1.7088e+000 +3.9938e+000 -1.9562e+000 +4.2075e-001 +3.6669e+000 -9.9369e-001
2213 +3.705714427e+001 +3.705714427e+001 -2.357328557e+002 -2.357328557e+002 -2.1758e+000 -4.4769e-001 +2.0806e+000 -2.2650e+000 +1.2799e+000 +3.1648e+000 -9.9956e-001 +5.5252e-001 +3.5999e+000 -1.6467e+000
3049 +3.137789750e+001 +3.137789750e+001 -2.414121025e+002 -2.414121025e+002 -3.5725e+000 +4.8251e-001 +1.5111e+000 -1.7211e+000 -3.5026e-002 +3.6756e+000 -1.4452e+000 +6.0000e-001 +3.5356e+000 -2.0281e+000
5250 +2.765981791e+001 +2.765981791e+001 -2.451301821e+002 -2.451301821e+002 -3.3937e+000 +4.1658e-001 +9.2168e-001 -2.1595e+000 +1.3714e+000 +4.4481e+000 -1.4871e+000 +9.9382e-001 +4.0887e+000 -1.2258e+000
61545 +1.983368970e+001 +1.983368970e+001 -2.529563103e+002 -2.529563103e+002 -2.5945e+000 +8.0502e-001 +5.3053e-001 -2.8238e+000 +9.3847e-001 +4.1016e+000 -1.2971e+000 +7.5200e-001 +3.0546e+000 -8.7889e-001
% function evaluation | noise-free fitness - Fopt (1.410200000000e+002) | best noise-free fitness - Fopt | measured fitness | best measured fitness | x1 | x2...
1 +6.988617584e+002 +6.988617584e+002 +8.398817584e+002 +8.398817584e+002 -2.2865e+000 +4.0238e+000 +2.3035e+000 -6.2095e+000 +2.1530e+000 +2.3111e+000 +3.0486e+000 +1.7311e+000 +7.0263e-001 +4.2809e+000
10 +6.237729220e+002 +6.237729220e+002 +7.647929220e+002 +7.647929220e+002 -3.6198e+000 +1.3814e+000 +2.5712e+000 +7.5584e-002 +3.8069e+000 +4.1761e+000 +2.8701e+000 +2.8753e+000 -2.6451e+000 +3.5222e+000
18 +5.179370172e+002 +5.179370172e+002 +6.589570172e+002 +6.589570172e+002 -1.0227e+000 +3.9643e+000 +2.7887e+000 -2.9465e+000 -7.6347e-001 +3.1835e+000 +1.2372e-001 +5.6419e+000 +3.2151e-001 +3.7189e+000
50 +4.439608608e+002 +4.439608608e+002 +5.849808608e+002 +5.849808608e+002 -5.1690e+000 +4.1729e+000 +7.9535e-001 -3.2054e+000 +1.4481e+000 +1.3563e+000 +1.7598e-001 +1.9684e+000 +1.0092e+000 +4.4865e+000
59 +3.328705320e+002 +3.328705320e+002 +4.738905320e+002 +4.738905320e+002 -6.5398e-002 +2.7964e+000 +1.5628e+000 +2.2428e+000 +1.6702e+000 +2.4246e+000 -3.0815e-002 +2.9367e+000 +5.5932e-001 +2.0666e+000
139 +2.842407952e+002 +2.842407952e+002 +4.252607952e+002 +4.252607952e+002 -2.1440e+000 +3.9424e+000 +2.0872e+000 -4.3658e+000 +4.1723e+000 +2.9400e+000 -3.2622e+000 +2.7025e+000 -4.4038e-001 +3.1444e+000
152 +2.198416292e+002 +2.198416292e+002 +3.608616292e+002 +3.608616292e+002 -2.7297e+000 +2.9882e+000 +1.1013e+000 -2.1397e+000 +3.0795e+000 +8.3087e-001 -4.5759e+000 +1.5977e+000 +2.1996e+000 +2.1177e+000
172 +1.855616769e+002 +1.855616769e+002 +3.265816769e+002 +3.265816769e+002 -1.6409e+000 +6.2773e-001 +8.2278e-001 -5.9084e+000 +3.9664e+000 +2.3131e+000 -4.1957e+000 +3.0148e+000 -2.3516e+000 +3.7391e+000
283 +1.634436440e+002 +1.634436440e+002 +3.044636440e+002 +3.044636440e+002 -1.7266e+000 +1.6621e-001 -4.5623e-001 -1.8788e+000 +3.2565e+000 +1.2545e+000 -1.8092e+000 +3.5004e+000 +1.0816e+000 +4.0060e+000
390 +1.262574903e+002 +1.262574903e+002 +2.672774903e+002 +2.672774903e+002 -3.1317e+000 -1.1310e+000 -1.8021e+000 -6.5847e-001 +2.8215e+000 -1.9451e-001 -1.5777e+000 +2.0276e+000 -8.1190e-002 +1.3323e+000
404 +1.255899781e+002 +1.255899781e+002 +2.666099781e+002 +2.666099781e+002 -1.3137e+000 -6.7132e-001 -3.0584e-001 -1.3418e+000 +3.5026e+000 +2.2062e-001 -1.3626e+000 +2.9727e+000 -3.7195e-001 +1.0512e+000
452 +1.185600090e+002 +1.185600090e+002 +2.595800090e+002 +2.595800090e+002 -2.3024e+000 -5.9506e-001 -1.0119e+000 -1.3017e+000 +2.5837e+000 +7.6311e-001 -3.4324e+000 +2.1716e+000 +1.3445e+000 +1.9963e+000
530 +1.167766311e+002 +1.167766311e+002 +2.577966311e+002 +2.577966311e+002 -1.7848e+000 +1.2386e+000 -8.2853e-001 -1.5610e+000 +1.8200e+000 -4.8176e-001 -1.1590e+000 +2.3411e+000 +2.2042e+000 +2.0079e+000
639 +1.102398712e+002 +1.102398712e+002 +2.512598712e+002 +2.512598712e+002 -1.1324e+000 +4.3239e-001 -6.9684e-001 -2.2440e+000 +2.7747e+000 +2.2494e-001 -2.5597e+000 +2.8750e+000 -3.3450e-001 +1.5373e+000
651 +1.059338870e+002 +1.059338870e+002 +2.469538870e+002 +2.469538870e+002 -1.6178e+000 +8.7401e-001 -1.3400e+000 -2.6144e+000 +2.2743e+000 -1.7747e+000 -2.8005e+000 +3.7377e+000 -7.0196e-001 +5.5091e-001
652 +8.800270650e+001 +8.800270650e+001 +2.290227065e+002 +2.290227065e+002 -1.2522e+000 +1.2048e+000 -1.7162e+000 -2.8228e+000 +3.1157e+000 +4.8309e-001 -2.6699e+000 +2.6402e+000 -5.9696e-001 +1.9364e+000
680 +8.546213993e+001 +8.546213993e+001 +2.264821399e+002 +2.264821399e+002 -1.5657e+000 +1.8770e+000 -1.5821e+000 -2.8376e+000 +2.9687e+000 +1.1219e+000 -3.1260e+000 +2.1906e+000 -3.5425e-001 +1.7497e+000
811 +8.303234542e+001 +8.303234542e+001 +2.240523454e+002 +2.240523454e+002 -1.5460e+000 +4.0323e-001 -2.4285e+000 -1.8623e+000 +3.1368e+000 +3.6417e-001 -2.8238e+000 +2.3306e+000 +1.2547e-001 +2.5256e+000
820 +6.795162603e+001 +6.795162603e+001 +2.089716260e+002 +2.089716260e+002 -1.3266e+000 +7.4414e-001 -2.7273e+000 -2.6436e+000 +2.7415e+000 -1.6112e-001 -2.6700e+000 +2.8170e+000 -6.4358e-001 +2.8829e+000
902 +6.668930900e+001 +6.668930900e+001 +2.077093090e+002 +2.077093090e+002 -1.5800e+000 +1.0926e+000 -3.9054e+000 -2.0325e+000 +3.1966e+000 +4.1290e-001 -2.7451e+000 +2.5420e+000 +1.7711e+000 +1.7717e+000
1513 +6.534698131e+001 +6.534698131e+001 +2.063669813e+002 +2.063669813e+002 -9.2428e-001 +1.8290e+000 -4.1335e+000 -2.7925e+000 +2.4085e+000 +4.5511e-002 -1.9793e+000 +2.9320e+000 +9.4432e-001 +2.4388e+000
1521 +5.678115544e+001 +5.678115544e+001 +1.978011554e+002 +1.978011554e+002 -9.3060e-001 +2.0370e+000 -2.7878e+000 -3.8216e+000 +3.3519e+000 -9.3833e-004 -2.7337e+000 +2.6230e+000 +1.2955e+000 +2.6971e+000
2024 +5.069556058e+001 +5.069556058e+001 +1.917155606e+002 +1.917155606e+002 -1.5317e+000 +2.2295e+000 -2.7434e+000 -2.2465e+000 +3.1361e+000 -7.0131e-002 -2.3199e+000 +1.6044e+000 +9.0362e-001 +2.6936e+000
2488 +4.623158039e+001 +4.623158039e+001 +1.872515804e+002 +1.872515804e+002 -2.3512e+000 +1.5444e+000 -3.1812e+000 -2.7358e+000 +3.6964e+000 +2.7751e-001 -2.6733e+000 +2.7461e+000 +1.4029e+000 +2.6653e+000
3333 +4.184850876e+001 +4.184850876e+001 +1.828685088e+002 +1.828685088e+002 -2.2755e+000 +1.3562e+000 -3.1186e+000 -3.0577e+000 +3.4306e+000 -6.7031e-002 -2.5877e+000 +3.3542e+000 +9.4430e-001 +2.3105e+000
3692 +2.104296177e+001 +2.104296177e+001 +1.620629618e+002 +1.620629618e+002 -1.8304e+000 +2.1599e+000 -2.8978e+000 -3.5010e+000 +3.4098e+000 -5.0931e-001 -2.5068e+000 +2.4532e+000 +6.2970e-001 +3.1118e+000
336052 +1.712104033e+001 +1.712104033e+001 +1.581410403e+002 +1.581410403e+002 -1.3876e+000 +1.9845e+000 -3.3774e+000 -3.4606e+000 +3.9764e+000 +2.0061e-001 -2.0951e+000 +2.8065e+000 +1.4520e-001 +3.2530e+000
723627 +1.586581124e+001 +1.586581124e+001 +1.568858112e+002 +1.568858112e+002 -1.8280e+000 +2.0761e+000 -2.9422e+000 -3.3796e+000 +3.4241e+000 -3.4911e-001 -2.6632e+000 +3.8080e+000 +1.4693e+000 +2.7862e+000
% function evaluation | noise-free fitness - Fopt (8.113000000000e+001) | best noise-free fitness - Fopt | measured fitness | best measured fitness | x1 | x2...
1 +9.065171498e+002 +9.065171498e+002 +9.876471498e+002 +9.876471498e+002 +1.8736e+000 -1.8811e+000 +2.7468e+000 -2.3859e+000 +6.4700e+000 +1.0754e+000 +1.6592e+000 -1.8271e+000 -1.5795e+000 -2.7588e+000
5 +4.208939688e+002 +4.208939688e+002 +5.020239688e+002 +5.020239688e+002 -9.4760e-001 +6.3047e-001 +2.5240e+000 -3.8245e-002 -6.8548e-001 -5.2066e-001 +7.3608e-001 +3.0530e+000 -2.6729e+000 +1.9697e+000
57 +3.289640571e+002 +3.289640571e+002 +4.100940571e+002 +4.100940571e+002 +5.4891e+000 +4.4397e-002 +4.8896e-001 -2.1468e+000 +1.3142e+000 +1.7195e+000 +3.0305e+000 -2.1496e+000 -2.6639e+000 -3.7968e+000
64 +3.066202757e+002 +3.066202757e+002 +3.877502757e+002 +3.877502757e+002 +3.6253e+000 +1.2139e+000 +3.7075e-002 -2.7517e+000 +2.4143e+000 +4.1453e-001 +4.6865e+000 +1.5312e+000 -1.3740e+000 -3.8019e+000
75 +2.840091395e+002 +2.840091395e+002 +3.651391395e+002 +3.651391395e+002 -6.1657e-001 +3.0146e-001 +8.5202e-001 -5.3863e+000 +6.8380e-001 +3.4219e+000 -3.0145e-001 +9.7458e-001 -1.9369e+000 -5.3961e+000
101 +2.456882592e+002 +2.456882592e+002 +3.268182592e+002 +3.268182592e+002 +3.7225e+000 -1.8018e+000 +1.5376e+000 -2.9556e+000 -1.1787e+000 +7.7003e-001 +8.2769e-001 +8.8781e-001 -1.6516e+000 -3.9804e+000
116 +2.439268121e+002 +2.439268121e+002 +3.250568121e+002 +3.250568121e+002 +3.1455e+000 -5.2080e-002 -3.5151e-002 -1.9564e+000 -2.4977e-001 +1.6303e+000 +2.5843e+000 +1.3893e+000 -1.6977e+000 -1.7333e+000
134 +1.893801574e+002 +1.893801574e+002 +2.705101574e+002 +2.705101574e+002 -7.7319e-002 +9.9265e-001 +1.9446e+000 -1.9064e+000 -7.7950e-001 +1.2870e+000 +7.0289e-001 +1.7206e-001 -2.0590e+000 -3.5175e+000
158 +1.846085563e+002 +1.846085563e+002 +2.657385563e+002 +2.657385563e+002 +9.6444e-001 +6.3741e-001 +1.2040e+000 -4.0108e+000 -1.1633e-001 +4.7838e+000 -1.2447e+000 +1.3448e+000 -2.2104e+000 -1.7863e+000
169 +1.818808215e+002 +1.818808215e+002 +2.630108215e+002 +2.630108215e+002 +2.6188e+000 -1.6093e-001 +8.4934e-001 -1.4199e+000 +3.1371e-001 +2.5996e+000 -6.9389e-001 +4.8083e-001 -1.4080e+000 -1.0406e+000
251 +1.373429169e+002 +1.373429169e+002 +2.184729169e+002 +2.184729169e+002 +2.8496e+000 +2.0525e+000 +5.2727e-001 -3.5678e+000 -1.3630e+000 +8.8509e-001 +3.9590e-001 +5.3529e-002 -4.9180e-001 -2.3161e+000
382 +1.197611572e+002 +1.197611572e+002 +2.008911572e+002 +2.008911572e+002 +3.1493e+000 +2.0812e+000 +1.4236e+000 -4.8938e+000 -1.3961e+000 +1.3859e+000 +6.2602e-001 +9.4342e-002 -1.0821e+000 -2.9538e+000
410 +1.098513524e+002 +1.098513524e+002 +1.909813524e+002 +1.909813524e+002 +1.9074e+000 +1.0967e+000 +1.9372e+000 -2.1837e+000 -2.0995e+000 +7.4874e-001 -1.0260e+000 -1.1179e+000 -1.0454e+000 -1.6510e+000
505 +1.072869969e+002 +1.072869969e+002 +1.884169969e+002 +1.884169969e+002 +3.1254e+000 +5.7533e-001 +1.4772e+000 -3.6299e+000 -2.2223e+000 +1.5338e+000 -1.7391e-001 +1.1898e-001 -1.2668e+000 -2.5154e+000
507 +1.031015311e+002 +1.031015311e+002 +1.842315311e+002 +1.842315311e+002 +3.4982e+000 +1.0701e+000 +1.7150e+000 -2.7268e+000 -2.1397e+000 +8.1448e-001 -2.2159e-002 -6.3858e-001 -6.5310e-001 -2.1265e+000
573 +8.269606783e+001 +8.269606783e+001 +1.638260678e+002 +1.638260678e+002 +2.8168e+000 -3.7225e-001 +1.6089e+000 -2.4889e+000 -4.6789e+000 +1.7597e+000 +3.9348e-001 -2.6765e+000 +4.2261e-001 -2.6017e+000
636 +7.386167486e+001 +7.386167486e+001 +1.549916749e+002 +1.549916749e+002 +3.1986e+000 +2.4971e+000 +1.8038e+000 -2.3903e+000 -2.6258e+000 +1.4639e+000 -3.3220e-001 -1.1344e+000 -8.6041e-001 -2.7593e+000
796 +6.651887844e+001 +6.651887844e+001 +1.476488784e+002 +1.476488784e+002 +1.7235e+000 +3.5821e-001 +3.1097e+000 -3.7761e+000 -3.3607e+000 +7.1084e-001 -3.0804e-001 -1.0989e+000 -4.7380e-001 -2.3557e+000
1020 +6.174005523e+001 +6.174005523e+001 +1.428700552e+002 +1.428700552e+002 +3.5155e+000 +1.5032e+000 +3.6828e+000 -3.0099e+000 -4.0872e+000 -1.4184e+000 -9.9107e-002 -1.8571e+000 -7.9706e-001 -1.9493e+000
1224 +3.762950051e+001 +3.762950051e+001 +1.187595005e+002 +1.187595005e+002 +3.5573e+000 +8.7076e-001 +2.7815e+000 -2.7510e+000 -4.6866e+000 -5.3725e-001 +7.0067e-001 -1.8099e+000 -5.1036e-001 -2.7208e+000
28532 +3.176900937e+001 +3.176900937e+001 +1.128990094e+002 +1.128990094e+002 +3.3880e+000 +4.4471e-001 +2.2990e+000 -2.9326e+000 -3.8861e+000 -3.6166e-001 +1.6594e+000 -2.7886e+000 -1.4151e+000 -3.8168e+000
54220 +2.986553539e+001 +2.986553539e+001 +1.109955354e+002 +1.109955354e+002 +2.7668e+000 +1.0656e+000 +3.0085e+000 -2.6381e+000 -3.8245e+000 -1.1136e-001 +1.6031e+000 -2.0885e+000 -5.8250e-001 -3.4639e+000
103746 +2.633953663e+001 +2.633953663e+001 +1.074695366e+002 +1.074695366e+002 +3.3122e+000 +1.8780e+000 +2.3247e+000 -3.0268e+000 -3.5281e+000 -9.9425e-001 +1.5525e+000 -2.6093e+000 -6.4760e-001 -3.7591e+000
118452 +2.295659694e+001 +2.295659694e+001 +1.040865969e+002 +1.040865969e+002 +3.0990e+000 +1.7221e+000 +2.5781e+000 -2.6053e+000 -3.4677e+000 -1.4702e+000 +1.3333e+000 -3.0817e+000 -1.0450e+000 -4.0276e+000
175074 +2.264207199e+001 +2.264207199e+001 +1.037720720e+002 +1.037720720e+002 +2.6610e+000 +2.0482e+000 +2.3799e+000 -3.0378e+000 -3.8305e+000 -1.3071e+000 +2.1734e+000 -3.0989e+000 -1.1850e+000 -3.5739e+000
215226 +2.157803617e+001 +2.157803617e+001 +1.027080362e+002 +1.027080362e+002 +3.3171e+000 +6.6128e-001 +2.0382e+000 -3.3214e+000 -4.3146e+000 -1.4132e+000 +1.0090e+000 -2.8951e+000 -1.2957e+000 -3.4913e+000
587985 +1.919936958e+001 +1.919936958e+001 +1.003293696e+002 +1.003293696e+002 +2.7967e+000 +3.1820e-001 +1.5957e+000 -3.6923e+000 -4.5604e+000 -1.1258e+000 +1.6945e+000 -3.3383e+000 -1.0674e+000 -4.1890e+000
% function evaluation | noise-free fitness - Fopt (1.049200000000e+002) | best noise-free fitness - Fopt | measured fitness | best measured fitness | x1 | x2...
1 +8.481718500e+002 +8.481718500e+002 +9.530918500e+002 +9.530918500e+002 +5.0493e+000 -5.9195e+000 -1.7243e+000 -2.9976e+000 -4.6398e+000 -1.4877e+000 +3.5629e+000 -1.7830e+000 -9.2018e+000 -2.2528e+000
10 +6.236656370e+002 +6.236656370e+002 +7.285856370e+002 +7.285856370e+002 -9.4972e+000 -4.5657e+000 -6.7110e+000 -9.8297e-001 -2.3214e+000 +1.5233e+000 +1.9187e+000 +2.0556e+000 -1.8947e-001 +8.1950e-001
13 +5.549413614e+002 +5.549413614e+002 +6.598613614e+002 +6.598613614e+002 +2.1599e+000 -4.2854e+000 -1.0784e+000 +1.0366e+000 +3.1932e+000 -6.4781e+000 +1.2179e+000 -1.3562e+000 +3.6131e+000 -3.2729e+000
17 +3.167653732e+002 +3.167653732e+002 +4.216853732e+002 +4.216853732e+002 +1.5328e+000 -5.6816e+000 -4.1260e+000 -1.0891e-001 -5.1060e-001 -2.1715e-001 -1.5730e+000 +2.3319e+000 +4.2109e-001 -5.2138e-002
57 +3.033687488e+002 +3.033687488e+002 +4.082887488e+002 +4.082887488e+002 +1.3973e+000 -4.4324e+000 -3.9198e+000 -1.6459e+000 +1.2190e+000 -3.1103e+000 +1.1606e-001 +4.8570e-001 -7.6501e-001 +8.9373e-001
59 +2.710774100e+002 +2.710774100e+002 +3.759974100e+002 +3.759974100e+002 +2.1252e-003 -5.6461e+000 -2.4995e+000 +3.0439e-001 +4.4660e-001 -9.9050e-001 +7.9474e-001 -1.2412e+000 +8.4329e-001 -1.6267e+000
125 +2.005069607e+002 +2.005069607e+002 +3.054269607e+002 +3.054269607e+002 +2.3645e-001 -3.0493e+000 -2.1391e+000 -7.2471e-001 +6.7662e-001 -8.5646e-001 -1.1857e-001 -6.0284e-001 -4.4545e-001 -6.7184e-001
130 +1.851082108e+002 +1.851082108e+002 +2.900282108e+002 +2.900282108e+002 +2.2837e+000 -1.9457e+000 -3.0684e+000 +7.1278e-001 +4.3426e-001 -1.0213e+000 +2.3394e+000 -7.1586e-002 -2.3343e+000 +2.0412e-001
214 +1.645131211e+002 +1.645131211e+002 +2.694331211e+002 +2.694331211e+002 +1.1972e+000 -2.9442e+000 -3.6211e+000 -1.3076e+000 -3.8361e-002 -1.1743e+000 -1.0413e+000 -7.4837e-001 -1.4287e+000 -2.0643e-001
231 +1.458579648e+002 +1.458579648e+002 +2.507779648e+002 +2.507779648e+002 +1.3529e+000 -2.3414e+000 -4.9272e+000 -2.2703e+000 -2.0248e+000 -1.4787e+000 +3.6866e-001 +7.5176e-002 -1.5301e+000 -9.4735e-001
269 +1.349384704e+002 +1.349384704e+002 +2.398584704e+002 +2.398584704e+002 +2.4508e+000 -9.3123e-001 -3.4367e+000 -2.0115e-001 -8.3885e-001 -9.3825e-001 +4.3372e-001 -1.1256e+000 -9.2007e-001 -6.4095e-002
270 +1.224754207e+002 +1.224754207e+002 +2.273954207e+002 +2.273954207e+002 +3.9592e-001 -1.6308e+000 -4.3407e+000 -1.7935e+000 -3.0409e+000 -2.1881e+000 +2.0687e+000 -1.5428e+000 -1.9484e+000 -1.4867e-001
474 +9.766648405e+001 +9.766648405e+001 +2.025864841e+002 +2.025864841e+002 +1.6083e-001 -1.3598e+000 -2.9648e+000 +3.0080e+000 -1.7476e+000 -3.2090e+000 +1.0542e+000 -2.3068e+000 -1.9698e+000 -5.2512e-001
754 +8.751617587e+001 +8.751617587e+001 +1.924361759e+002 +1.924361759e+002 -1.1106e-001 -2.7221e+000 -3.7014e+000 +9.1782e-001 -3.4522e+000 -2.7978e+000 +9.5288e-001 -2.6018e+000 -3.9653e+000 -6.5017e-001
904 +8.549734412e+001 +8.549734412e+001 +1.904173441e+002 +1.904173441e+002 -1.1398e+000 -2.7962e+000 -3.5820e+000 +6.4852e-001 -1.8745e+000 -2.3062e+000 +2.2319e+000 -2.3660e+000 -1.3387e+000 -1.0249e+000
965 +7.607632245e+001 +7.607632245e+001 +1.809963225e+002 +1.809963225e+002 -1.1695e+000 -2.2553e+000 -3.3743e+000 +1.2619e+000 -2.4225e+000 -4.1576e+000 +1.9850e+000 -2.2862e+000 -1.9097e+000 -1.0300e+000
1100 +7.583961566e+001 +7.583961566e+001 +1.807596157e+002 +1.807596157e+002 -4.9939e-001 -2.7842e+000 -3.9314e+000 +1.0402e+000 -1.8287e+000 -2.8774e+000 +1.6482e+000 -2.3845e+000 -2.2800e+000 -1.0768e+000
1171 +4.301829302e+001 +4.301829302e+001 +1.479382930e+002 +1.479382930e+002 -1.0712e+000 -2.8487e+000 -3.5511e+000 +2.1607e+000 -1.8707e+000 -3.5646e+000 +1.4098e+000 -2.7311e+000 -2.2354e+000 -1.4311e+000
6925 +3.604334690e+001 +3.604334690e+001 +1.409633469e+002 +1.409633469e+002 -2.1259e+000 -3.8199e+000 -2.9506e+000 +1.4744e+000 -3.1546e+000 -4.4749e+000 +2.4325e+000 -3.3527e+000 -3.1848e+000 -6.5604e-001
18812 +3.470972163e+001 +3.470972163e+001 +1.396297216e+002 +1.396297216e+002 -2.7196e+000 -3.8428e+000 -3.3103e+000 +1.7269e+000 -2.3117e+000 -3.7847e+000 +2.1291e+000 -3.1167e+000 -3.1626e+000 -6.3263e-001
52344 +3.372607900e+001 +3.372607900e+001 +1.386460790e+002 +1.386460790e+002 -3.1483e+000 -3.9321e+000 -2.6687e+000 +3.1518e+000 -3.8422e+000 -4.2768e+000 +2.5289e+000 -4.1808e+000 -4.0025e+000 -1.1086e+000
79142 +3.149430403e+001 +3.149430403e+001 +1.364143040e+002 +1.364143040e+002 -2.2742e+000 -3.6422e+000 -3.1181e+000 +8.8847e-001 -2.7607e+000 -4.5172e+000 +2.3616e+000 -3.1185e+000 -3.8827e+000 -1.3068e+000
79629 +3.061788990e+001 +3.061788990e+001 +1.355378899e+002 +1.355378899e+002 -2.4428e+000 -2.8156e+000 -3.4050e+000 +2.3814e+000 -2.9323e+000 -4.1546e+000 +1.9606e+000 -3.9567e+000 -3.4204e+000 -1.5924e+000
80971 +2.752066083e+001 +2.752066083e+001 +1.324406608e+002 +1.324406608e+002 -2.1114e+000 -2.9179e+000 -3.0011e+000 +1.8469e+000 -3.1998e+000 -4.4733e+000 +1.8747e+000 -2.6438e+000 -3.2057e+000 -2.0262e+000
106068 +2.503406139e+001 +2.503406139e+001 +1.299540614e+002 +1.299540614e+002 -2.3908e+000 -3.1194e+000 -3.2846e+000 +1.9886e+000 -2.4522e+000 -4.3900e+000 +1.9110e+000 -2.6627e+000 -3.9085e+000 -1.3578e+000
747706 +2.121521891e+001 +2.121521891e+001 +1.261352189e+002 +1.261352189e+002 -2.1700e+000 -3.1724e+000 -2.8505e+000 +7.1370e-001 -3.7278e+000 -4.4200e+000 +2.0381e+000 -3.3277e+000 -2.9735e+000 +1.4315e-001
813799 +2.036215909e+001 +2.036215909e+001 +1.252821591e+002 +1.252821591e+002 -1.7180e+000 -3.1976e+000 -3.2641e+000 +1.2469e+000 -2.4453e+000 -4.2428e+000 +1.5095e+000 -3.3357e+000 -3.8871e+000 -3.4913e-001
% function evaluation | noise-free fitness - Fopt (3.029000000000e+001) | best noise-free fitness - Fopt | measured fitness | best measured fitness | x1 | x2...
1 +3.242340612e+003 +3.242340612e+003 +3.272630612e+003 +3.272630612e+003 -2.2707e+000 +4.7377e+000 +1.9684e+000 +3.0878e+000 -8.6967e+000 +5.8593e+000 +1.7169e+000 +3.2338e+000 +5.5468e+000 +6.8593e+000
2 +1.787210282e+003 +1.787210282e+003 +1.817500282e+003 +1.817500282e+003 -6.1849e+000 +4.0706e+000 +1.4392e+000 +2.8293e+000 -3.8696e+000 +7.9321e+000 -2.2320e+000 +3.8250e+000 -2.6358e-001 +7.5862e+000
3 +6.093351760e+002 +6.093351760e+002 +6.396251760e+002 +6.396251760e+002 -4.1474e+000 +3.2362e+000 -4.5735e+000 +5.3053e+000 +4.4432e+000 +1.2391e+000 -2.2174e+000 +5.9979e+000 +2.9971e+000 +2.8863e+000
58 +4.272861743e+002 +4.272861743e+002 +4.575761743e+002 +4.575761743e+002 -2.6198e+000 +3.3317e+000 +2.4937e-001 +5.9405e+000 +3.4943e+000 +2.0757e+000 +1.5478e+000 +1.0084e+000 +1.6078e+000 +2.2873e+000
115 +4.064996977e+002 +4.064996977e+002 +4.367896977e+002 +4.367896977e+002 +1.0741e+000 +3.3853e-002 +3.1115e-001 +2.6227e+000 +5.4542e+000 +1.1903e+000 +8.2971e+000 -6.7116e-001 +2.3230e+000 +3.7052e+000
130 +3.084138310e+002 +3.084138310e+002 +3.387038310e+002 +3.387038310e+002 -2.6109e+000 -6.4823e-001 +1.1009e+000 +5.0815e+000 +1.6067e+000 +2.0346e+000 +2.6058e+000 -2.2383e+000 +1.6456e+000 +1.6687e+000
160 +2.802760156e+002 +2.802760156e+002 +3.105660156e+002 +3.105660156e+002 -1.7007e+000 -3.5693e+000 +2.6185e+000 +5.1807e+000 +4.2223e+000 +3.4481e+000 +4.6178e+000 +1.0890e+000 -3.0503e-001 +1.8105e+000
196 +2.282404674e+002 +2.282404674e+002 +2.585304674e+002 +2.585304674e+002 +4.8808e-002 -5.3165e+000 -2.2461e-001 +1.8669e+000 +2.8021e+000 +2.5936e+000 +5.8740e+000 -1.2857e-001 -5.6957e-001 +7.0504e-001
240 +2.099018108e+002 +2.099018108e+002 +2.401918108e+002 +2.401918108e+002 -1.4137e+000 -3.5857e+000 +1.7304e+000 +3.3520e+000 +3.9231e+000 -1.0243e+000 +2.9586e+000 +2.0177e+000 +2.7405e+000 +2.1165e+000
245 +1.911188229e+002 +1.911188229e+002 +2.214088229e+002 +2.214088229e+002 -3.9407e+000 -2.3960e+000 +3.6052e-001 +5.1268e+000 +1.6655e+000 -8.0032e-001 +3.9269e+000 +1.3814e+000 +8.2000e-001 +2.1621e+000
319 +1.354842571e+002 +1.354842571e+002 +1.657742571e+002 +1.657742571e+002 -2.1767e+000 -2.5189e+000 +2.4956e+000 +4.4289e+000 +3.4983e+000 -1.9876e+000 +2.3849e+000 +8.6002e-002 +1.1125e+000 +4.1817e-001
434 +1.324298876e+002 +1.324298876e+002 +1.627198876e+002 +1.627198876e+002 -3.1213e+000 -2.2209e+000 +2.1590e+000 +4.4219e+000 +4.7218e+000 -1.6686e+000 +4.6752e+000 -2.3139e+000 +1.1817e+000 +7.3807e-001
453 +1.138787259e+002 +1.138787259e+002 +1.441687259e+002 +1.441687259e+002 -2.4030e+000 -2.3868e+000 +2.7376e+000 +3.3886e+000 +4.5317e+000 -2.1533e+000 +2.1419e+000 +2.9404e-002 +2.9662e-001 +2.1303e+000
539 +9.737057367e+001 +9.737057367e+001 +1.276605737e+002 +1.276605737e+002 -2.3280e+000 -1.1857e+000 +2.8023e+000 +3.9799e+000 +5.3263e+000 -1.3813e+000 +2.1088e+000 -9.2812e-001 +7.5402e-001 +1.0732e+000
603 +8.871475124e+001 +8.871475124e+001 +1.190047512e+002 +1.190047512e+002 -2.7485e+000 -2.5312e+000 +2.1420e+000 +3.6644e+000 +3.2357e+000 -1.1542e+000 +2.5088e+000 -2.2534e-002 -3.2887e-001 +1.3343e+000
663 +7.844756120e+001 +7.844756120e+001 +1.087375612e+002 +1.087375612e+002 -3.2941e+000 -2.3485e+000 +2.7084e+000 +3.3393e+000 +5.0247e+000 -1.4967e+000 +2.3272e+000 +2.0806e-002 +3.4237e-001 +1.4365e+000
802 +7.149719645e+001 +7.149719645e+001 +1.017871964e+002 +1.017871964e+002 -2.8372e+000 -1.6174e+000 +2.9447e+000 +2.9285e+000 +4.1907e+000 -2.0028e+000 +3.9798e+000 -6.2448e-002 -9.8967e-001 +1.1906e+000
1192 +6.683790778e+001 +6.683790778e+001 +9.712790778e+001 +9.712790778e+001 -2.7817e+000 -1.1095e+000 +3.4492e+000 +1.4760e+000 +4.6485e+000 -2.0989e+000 +2.8889e+000 -1.6614e+000 -1.9161e+000 +2.5199e-001
1231 +4.319647078e+001 +4.319647078e+001 +7.348647078e+001 +7.348647078e+001 -2.3916e+000 -2.3884e+000 +3.1247e+000 +2.9975e+000 +5.2791e+000 -2.0769e+000 +2.9215e+000 -1.3209e+000 -2.7530e+000 +2.4348e-001
1719 +4.238696897e+001 +4.238696897e+001 +7.267696897e+001 +7.267696897e+001 -2.7559e+000 -2.1029e+000 +2.9876e+000 +3.5885e+000 +4.4488e+000 -2.7520e+000 +2.5794e+000 -1.7084e+000 -2.2975e+000 -5.1005e-001
4309 +4.052874573e+001 +4.052874573e+001 +7.081874573e+001 +7.081874573e+001 -3.7543e+000 -1.8136e+000 +3.0554e+000 +3.7639e+000 +3.8046e+000 -3.2571e+000 +2.7870e+000 -1.1731e+000 -2.8552e+000 -2.5989e-001
6883 +3.507590296e+001 +3.507590296e+001 +6.536590296e+001 +6.536590296e+001 -3.1755e+000 -2.0704e+000 +2.1236e+000 +2.4912e+000 +3.5652e+000 -3.5206e+000 +2.4748e+000 -8.8839e-001 -2.7598e+000 -1.5519e+000
7607 +2.988501868e+001 +2.988501868e+001 +6.017501868e+001 +6.017501868e+001 -3.3351e+000 -1.9689e+000 +2.6912e+000 +2.8952e+000 +4.0446e+000 -3.4971e+000 +1.0293e+000 -2.8287e-001 -2.0054e+000 -1.4821e+000
59810 +1.610509729e+001 +1.610509729e+001 +4.639509729e+001 +4.639509729e+001 -3.8942e+000 -1.9138e+000 +3.1744e+000 +2.9130e+000 +3.5249e+000 -3.9100e+000 +2.1332e+000 -7.8208e-001 -2.3826e+000 -1.1915e+000
% function evaluation | noise-free fitness - Fopt (1.210500000000e+002) | best noise-free fitness - Fopt | measured fitness | best measured fitness | x1 | x2...
1 +2.472318518e+003 +2.472318518e+003 +2.593368518e+003 +2.593368518e+003 +6.0931e+000 +5.7125e+000 +2.8802e+000 -3.6622e+000 -2.6044e+000 +5.1380e+000 +7.2413e+000 -3.9189e+000 -4.1197e+000 +7.1265e-001
2 +7.691299494e+002 +7.691299494e+002 +8.901799494e+002 +8.901799494e+002 +3.5140e+000 +2.2222e+000 -9.6838e-001 -1.0578e+000 +2.8904e+000 +5.0431e+000 -4.2591e+000 -4.2361e+000 -8.3487e-002 -5.2626e+000
8 +7.156108209e+002 +7.156108209e+002 +8.366608209e+002 +8.366608209e+002 +4.0081e+000 +3.0811e+000 +2.6784e+000 -1.2018e+000 -1.0263e+000 +2.5925e+000 -1.4940e+000 -2.3281e+000 +5.3184e-001 -9.2585e-001
10 +6.581427400e+002 +6.581427400e+002 +7.791927400e+002 +7.791927400e+002 +5.4511e+000 +2.9530e+000 +2.5643e+000 +1.4081e+000 -4.9302e+000 +4.3373e+000 -5.9978e+000 -3.7369e+000 -2.5128e+000 -1.9131e+000
33 +5.576731714e+002 +5.576731714e+002 +6.787231714e+002 +6.787231714e+002 +3.4877e+000 -4.3321e+000 +2.7483e+000 -4.4881e+000 +3.1353e-001 -1.1013e+000 -6.3502e+000 -5.4243e+000 -2.5827e+000 +1.1234e+000
52 +2.936541142e+002 +2.936541142e+002 +4.147041142e+002 +4.147041142e+002 +3.0901e+000 -1.2808e+000 -1.3986e-001 -3.2905e+000 -1.0332e+000 -3.5789e+000 -2.0209e+000 -1.2484e+000 -2.7651e+000 -2.5952e+000
110 +2.529432159e+002 +2.529432159e+002 +3.739932159e+002 +3.739932159e+002 +2.1380e+000 -4.4477e-001 -7.7200e-001 +1.4894e-001 -1.5515e+000 -1.4856e+000 -3.7088e+000 -2.6507e+000 -2.1196e+000 -3.9311e+000
168 +2.162647852e+002 +2.162647852e+002 +3.373147852e+002 +3.373147852e+002 +2.3043e+000 -2.3880e+000 +5.1924e-001 -8.2461e-001 -4.5140e+000 +1.5957e+000 -5.6746e+000 -4.5401e+000 -1.7536e+000 -3.4604e-001
217 +1.896250937e+002 +1.896250937e+002 +3.106750937e+002 +3.106750937e+002 +5.0413e+000 -1.4841e+000 +6.3596e-003 +4.8556e+000 -1.5667e+000 -9.5735e-001 -1.9465e+000 -4.4080e+000 -1.4005e+000 +1.9397e+000
237 +1.651152841e+002 +1.651152841e+002 +2.861652841e+002 +2.861652841e+002 +2.2502e+000 -4.4995e+000 -6.0539e-001 +1.0187e+000 -2.1560e+000 +3.8749e-001 -1.1856e+000 -3.1924e+000 -1.4892e+000 -4.1958e-001
240 +1.504930777e+002 +1.504930777e+002 +2.715430777e+002 +2.715430777e+002 +3.3578e+000 -2.0302e+000 +7.7957e-001 +9.4701e-001 -1.2231e+000 -1.4630e+000 -2.2073e+000 -3.3675e+000 -2.0969e+000 -1.9342e+000
305 +1.467312077e+002 +1.467312077e+002 +2.677812077e+002 +2.677812077e+002 +2.8593e+000 -4.1953e+000 -1.7259e+000 +2.7159e-001 -1.3900e+000 -2.6255e+000 -2.7368e+000 -2.7680e+000 -2.0460e+000 -1.5890e+000
352 +1.192903547e+002 +1.192903547e+002 +2.403403547e+002 +2.403403547e+002 +2.5636e+000 -4.8547e+000 -1.7055e+000 +7.0843e-001 -3.6257e+000 -1.8314e+000 -1.9450e+000 -4.9083e+000 -2.2913e+000 -6.9893e-001
389 +1.122562107e+002 +1.122562107e+002 +2.333062107e+002 +2.333062107e+002 +2.9993e+000 -3.7633e+000 -1.9159e+000 +9.0720e-001 -3.0683e+000 -3.0474e+000 -1.5584e+000 -3.6127e+000 -1.4484e+000 -8.5324e-001
416 +7.426999429e+001 +7.426999429e+001 +1.953199943e+002 +1.953199943e+002 +2.6033e+000 -3.5830e+000 -3.4738e+000 +1.0907e+000 -2.7922e+000 -2.0854e+000 -2.4425e+000 -3.2964e+000 -1.3224e+000 -1.7378e+000
646 +6.602272488e+001 +6.602272488e+001 +1.870727249e+002 +1.870727249e+002 +2.8631e+000 -3.7177e+000 -2.8057e+000 +1.7621e+000 -3.2767e+000 -1.4767e+000 -2.7838e+000 -2.3052e+000 -1.0845e+000 -1.4588e+000
1073 +6.238859738e+001 +6.238859738e+001 +1.834385974e+002 +1.834385974e+002 +2.2259e+000 -3.5853e+000 -2.2357e+000 +1.0703e+000 -3.4965e+000 -1.7428e+000 -2.8787e+000 -3.0029e+000 -5.2596e-001 -1.6417e+000
1157 +5.647428063e+001 +5.647428063e+001 +1.775242806e+002 +1.775242806e+002 +2.8474e+000 -3.8702e+000 -2.1860e+000 +2.2106e+000 -2.9502e+000 -1.6193e+000 -2.8404e+000 -1.6642e+000 -1.1847e+000 -4.2802e-001
2953 +5.027793249e+001 +5.027793249e+001 +1.713279325e+002 +1.713279325e+002 +2.3549e+000 -3.3773e+000 -1.8349e+000 +2.0084e+000 -2.9709e+000 -1.8610e+000 -2.0509e+000 -2.2760e+000 -9.4800e-001 -1.2329e+000
3030 +4.905616396e+001 +4.905616396e+001 +1.701061640e+002 +1.701061640e+002 +2.0735e+000 -3.2119e+000 -1.6274e+000 +1.2395e+000 -2.1569e+000 -2.2979e+000 -2.1972e+000 -3.0801e+000 -8.5380e-001 -1.4216e+000
4513 +4.352424872e+001 +4.352424872e+001 +1.645742487e+002 +1.645742487e+002 +1.9361e+000 -3.8868e+000 -3.0882e+000 +6.8967e-001 -2.9320e+000 -1.1525e+000 -3.1657e+000 -3.0525e+000 -8.5694e-001 -8.2478e-001
6170 +3.868449485e+001 +3.868449485e+001 +1.597344949e+002 +1.597344949e+002 +1.9686e+000 -3.5421e+000 -1.8792e+000 +2.0635e+000 -2.6526e+000 -1.3816e+000 -2.7368e+000 -3.2054e+000 -7.3792e-001 -1.2710e+000
8461 +3.722662572e+001 +3.722662572e+001 +1.582766257e+002 +1.582766257e+002 +2.1382e+000 -3.1222e+000 -2.8362e+000 +1.0251e+000 -3.4307e+000 -1.7874e+000 -2.5011e+000 -2.6842e+000 -7.5673e-001 -9.2468e-001
10304 +3.502210691e+001 +3.502210691e+001 +1.560721069e+002 +1.560721069e+002 +1.8896e+000 -3.7360e+000 -2.2030e+000 +1.3017e+000 -2.4782e+000 -1.1175e+000 -3.4027e+000 -2.4360e+000 -8.5345e-001 -1.0983e+000
11294 +2.950554487e+001 +2.950554487e+001 +1.505555449e+002 +1.505555449e+002 +2.0917e+000 -3.5831e+000 -1.7463e+000 +1.7552e+000 -3.9363e+000 -1.1233e+000 -2.8163e+000 -3.2718e+000 -5.4848e-001 -1.3339e+000
79207 +2.571396215e+001 +2.571396215e+001 +1.467639621e+002 +1.467639621e+002 +2.0713e+000 -4.0716e+000 -2.1478e+000 +1.8914e+000 -3.3270e+000 -1.3863e+000 -2.3173e+000 -3.1129e+000 -2.2427e-001 -1.7558e-001
123346 +2.340063410e+001 +2.340063410e+001 +1.444506341e+002 +1.444506341e+002 +2.3882e+000 -3.7395e+000 -2.7715e+000 +1.4822e+000 -2.8944e+000 -1.6969e+000 -2.5862e+000 -3.0671e+000 -7.5250e-001 -1.6594e+000
277804 +2.164269438e+001 +2.164269438e+001 +1.426926944e+002 +1.426926944e+002 +1.3685e+000 -4.0184e+000 -1.7944e+000 +1.2859e+000 -3.3452e+000 -1.2702e+000 -2.5451e+000 -3.1778e+000 -2.8145e-001 -1.1921e+000
339165 +1.724910481e+001 +1.724910481e+001 +1.382991048e+002 +1.382991048e+002 +1.6975e+000 -3.7468e+000 -2.3526e+000 +8.9309e-001 -3.7830e+000 -1.9131e+000 -2.4390e+000 -3.4452e+000 -1.3074e+000 -3.8807e-001
% function evaluation | noise-free fitness - Fopt (-1.033000000000e+001) | best noise-free fitness - Fopt | measured fitness | best measured fitness | x1 | x2...
1 +1.118899881e+003 +1.118899881e+003 +1.108569881e+003 +1.108569881e+003 +4.6640e-001 -8.2859e-001 -1.0082e+000 +2.2828e+000 -2.9073e+000 +4.6206e-001 -3.5223e+000 +5.4955e+000 +4.4443e-001 +4.1925e+000
5 +1.000530284e+003 +1.000530284e+003 +9.902002843e+002 +9.902002843e+002 +5.3235e-001 -3.4189e+000 -1.1813e+000 +5.4811e+000 -2.8894e+000 +4.4049e-001 -2.7652e+000 +1.7051e+000 -1.9421e+000 +1.4948e+000
11 +7.694310463e+002 +7.694310463e+002 +7.591010463e+002 +7.591010463e+002 +2.1182e+000 +2.5938e+000 -2.1085e+000 +9.2711e-001 -3.9382e+000 +3.1629e+000 +1.6173e+000 +2.3722e+000 +5.5856e-001 +4.9483e+000
17 +4.820698495e+002 +4.820698495e+002 +4.717398495e+002 +4.717398495e+002 +1.5459e+000 +4.6745e-001 -3.6034e+000 -1.0143e+000 +3.8424e-001 +6.5521e-001 -2.2445e+000 -1.1103e+000 -1.6456e+000 +3.6058e+000
39 +3.441333710e+002 +3.441333710e+002 +3.338033710e+002 +3.338033710e+002 -4.1577e-001 +4.0893e+000 +3.8868e+000 -7.0867e-001 -1.3744e+000 -1.8866e+000 -2.7863e+000 +8.0336e-001 -4.0815e-001 +3.8965e-001
126 +3.081206393e+002 +3.081206393e+002 +2.977906393e+002 +2.977906393e+002 +4.9156e-001 +2.4322e+000 -3.6647e+000 -6.0572e-001 -1.0942e+000 -8.6759e-001 +2.1872e+000 -7.0193e-001 -1.2131e+000 +1.9129e+000
131 +2.687064627e+002 +2.687064627e+002 +2.583764627e+002 +2.583764627e+002 +2.9558e+000 +2.0625e+000 -8.3290e-001 -1.1289e+000 +3.5777e-001 +1.7208e+000 -7.5603e-002 -5.5487e-001 -1.9965e+000 +2.7482e+000
163 +2.249868780e+002 +2.249868780e+002 +2.146568780e+002 +2.146568780e+002 +2.6926e+000 +2.1466e+000 -1.5118e+000 -1.8230e-001 -1.0885e-001 -2.4480e-001 -1.3331e+000 -1.5014e+000 -1.2092e+000 +2.0586e+000
247 +2.087454831e+002 +2.087454831e+002 +1.984154831e+002 +1.984154831e+002 +1.9534e+000 +6.1350e+000 -6.8770e-001 -9.6694e-001 -1.2271e-001 +8.9562e-001 +6.1338e-001 -3.1829e+000 +5.3838e-001 +1.2275e+000
258 +1.958814142e+002 +1.958814142e+002 +1.855514142e+002 +1.855514142e+002 +2.3519e+000 +1.7926e+000 -1.1004e+000 +1.8377e-001 +1.4419e+000 +1.4621e-001 +4.6067e-001 -5.7390e-001 -8.8671e-001 +1.5536e+000
303 +1.431737132e+002 +1.431737132e+002 +1.328437132e+002 +1.328437132e+002 +3.3116e-001 +2.7412e+000 -6.4474e-001 -6.0547e-001 -4.6881e-001 -3.0612e+000 -1.1978e+000 -2.5219e+000 +1.5077e+000 -6.1348e-001
372 +1.118590778e+002 +1.118590778e+002 +1.015290778e+002 +1.015290778e+002 +3.8022e+000 +3.0963e+000 -1.7434e+000 -2.8639e-001 +5.3861e-001 -1.5744e+000 -7.3116e-003 -3.0379e+000 +1.7188e+000 +9.6031e-001
584 +1.021381634e+002 +1.021381634e+002 +9.180816340e+001 +9.180816340e+001 +3.6919e+000 +2.4035e+000 -1.3464e+000 +5.2609e-001 +7.9219e-001 -2.3729e+000 -5.8104e-001 -3.4368e+000 +1.8117e+000 +2.8162e-001
758 +9.674632055e+001 +9.674632055e+001 +8.641632055e+001 +8.641632055e+001 +4.3136e+000 +2.2767e+000 -1.9596e+000 +3.2032e-001 +2.4308e+000 -1.0752e+000 -3.4772e-001 -3.3292e+000 +1.7407e+000 +4.0532e-004
785 +8.126456030e+001 +8.126456030e+001 +7.093456030e+001 +7.093456030e+001 +3.7777e+000 +2.6612e+000 -2.7723e+000 +1.1443e+000 +3.0883e+000 -2.1848e+000 -3.9340e-001 -2.7461e+000 +9.6423e-001 -3.9432e-001
1109 +7.400862916e+001 +7.400862916e+001 +6.367862916e+001 +6.367862916e+001 +2.2170e+000 +3.2628e+000 -2.4081e+000 +1.2304e+000 +1.7739e+000 -2.2760e+000 -1.6029e+000 -3.5768e+000 +1.9958e+000 -4.0168e+000
1640 +7.036491647e+001 +7.036491647e+001 +6.003491647e+001 +6.003491647e+001 +2.8580e+000 +3.1881e+000 -1.7117e+000 +1.7052e+000 +2.5347e+000 -2.8592e+000 -4.1847e-001 -4.1485e+000 +2.0572e+000 -1.5207e+000
1788 +5.982964216e+001 +5.982964216e+001 +4.949964216e+001 +4.949964216e+001 +2.8697e+000 +2.8176e+000 -1.7669e+000 +1.7053e+000 +2.4758e+000 -2.6214e+000 -6.0326e-001 -2.1982e+000 +2.0499e+000 -1.6928e+000
1847 +5.144556804e+001 +5.144556804e+001 +4.111556804e+001 +4.111556804e+001 +2.5611e+000 +2.8792e+000 -2.2786e+000 +2.5784e+000 +2.7353e+000 -2.1796e+000 +3.0552e-001 -2.1026e+000 +2.0136e+000 -1.2658e+000
3055 +4.203822118e+001 +4.203822118e+001 +3.170822118e+001 +3.170822118e+001 +3.7659e+000 +3.4615e+000 -2.0233e+000 +2.1059e+000 +2.0448e+000 -2.7821e+000 +5.7125e-002 -3.4416e+000 +1.6682e+000 -1.5267e+000
7368 +3.353501331e+001 +3.353501331e+001 +2.320501331e+001 +2.320501331e+001 +4.1650e+000 +2.9329e+000 -1.5287e+000 +1.2367e+000 +6.8867e-001 -2.5412e+000 -1.1927e+000 -4.1917e+000 +3.4794e+000 -1.7458e+000
22271 +3.294049240e+001 +3.294049240e+001 +2.261049240e+001 +2.261049240e+001 +3.5271e+000 +3.1838e+000 -1.2871e+000 +1.5017e+000 +1.6379e+000 -3.5247e+000 -5.1577e-001 -4.0514e+000 +3.9144e+000 -2.1656e+000
33887 +3.160904661e+001 +3.160904661e+001 +2.127904661e+001 +2.127904661e+001 +3.4956e+000 +2.7766e+000 -2.2266e+000 +1.7000e+000 +2.4350e+000 -3.1453e+000 -2.6720e-001 -3.3686e+000 +2.6528e+000 -1.9434e+000
71825 +2.171473660e+001 +2.171473660e+001 +1.138473660e+001 +1.138473660e+001 +3.5588e+000 +3.6540e+000 -1.8697e+000 +1.5451e+000 +1.2003e+000 -2.7908e+000 -4.1407e-001 -3.8754e+000 +2.8058e+000 -1.3971e+000
568677 +1.802412872e+001 +1.802412872e+001 +7.694128717e+000 +7.694128717e+000 +3.9164e+000 +3.0330e+000 -1.2853e+000 +1.3580e+000 +2.1368e+000 -3.3124e+000 -6.6625e-001 -2.9140e+000 +2.9053e+000 -1.6460e+000
% function evaluation | noise-free fitness - Fopt (-6.846000000000e+001) | best noise-free fitness - Fopt | measured fitness | best measured fitness | x1 | x2...
1 +3.280912815e+003 +3.280912815e+003 +3.212452815e+003 +3.212452815e+003 -3.8156e+000 +1.2069e+000 +1.0409e+000 +6.6476e+000 -7.8192e-001 +1.2029e+000 +1.3717e+001 -4.3240e+000 +3.2062e-001 +9.0593e+000
3 +2.571739309e+003 +2.571739309e+003 +2.503279309e+003 +2.503279309e+003 -3.2718e+000 +2.6856e-001 +3.9712e+000 -5.5825e-001 +1.3001e-001 +3.6034e+000 +5.4370e-001 -4.1377e+000 -8.6096e+000 +3.9842e+000
10 +1.444802442e+003 +1.444802442e+003 +1.376342442e+003 +1.376342442e+003 -4.1084e+000 +2.7549e+000 +2.7789e+000 +2.6830e+000 +1.5167e+000 +3.7258e+000 +8.0950e+000 -4.9589e+000 -1.2797e+000 +3.2971e+000
11 +7.160584365e+002 +7.160584365e+002 +6.475984365e+002 +6.475984365e+002 -5.0894e+000 +2.0793e+000 -3.1176e+000 -1.2531e-001 -2.4701e+000 +5.7796e+000 +3.7572e+000 -4.5037e+000 -1.0151e+001 -2.0449e+000
53 +5.679114682e+002 +5.679114682e+002 +4.994514682e+002 +4.994514682e+002 -1.1526e+000 +3.9310e+000 +3.8770e-001 +3.4067e-001 -3.2308e+000 +4.1409e+000 +4.5420e+000 -7.2772e+000 -2.4183e+000 +3.1487e+000
54 +5.216382355e+002 +5.216382355e+002 +4.531782355e+002 +4.531782355e+002 -1.5940e+000 +2.4696e+000 -2.7034e+000 +3.8268e-001 +3.6269e+000 +3.4813e+000 +2.3884e+000 -4.9622e+000 -7.3404e+000 -4.3484e+000
93 +5.034304241e+002 +5.034304241e+002 +4.349704241e+002 +4.349704241e+002 -2.3963e+000 +1.6897e+000 +1.8759e-001 +6.5376e-002 -2.0678e+000 +4.7853e+000 +4.9197e+000 -6.6284e+000 -4.7269e+000 -5.5773e-001
137 +3.329341424e+002 +3.329341424e+002 +2.644741424e+002 +2.644741424e+002 +2.4789e-001 +5.3815e+000 -2.1341e+000 -2.3243e+000 -2.8223e+000 +3.2900e+000 +3.9378e+000 -5.0927e+000 -5.4627e+000 -1.1917e+000
144 +3.291833555e+002 +3.291833555e+002 +2.607233555e+002 +2.607233555e+002 -2.2481e+000 +2.8694e+000 -4.9754e+000 +2.0484e+000 -4.3391e+000 +3.2748e+000 +9.1577e-001 -3.9169e+000 -4.0849e+000 -3.2659e+000
155 +3.164456852e+002 +3.164456852e+002 +2.479856852e+002 +2.479856852e+002 +7.3279e+000 +1.5086e+000 -7.1311e+000 -2.7899e+000 -1.0899e-001 +4.3889e+000 +1.4750e-001 -5.5154e+000 -3.3302e+000 -1.5861e+000
166 +2.514590100e+002 +2.514590100e+002 +1.829990100e+002 +1.829990100e+002 -6.6256e-001 +2.6556e+000 -5.2060e+000 +2.5934e+000 -3.4455e+000 +4.6082e+000 +3.9882e+000 -5.5006e+000 -2.7717e+000 -3.3653e+000
210 +1.678127466e+002 +1.678127466e+002 +9.935274659e+001 +9.935274659e+001 +2.0290e+000 +4.8524e+000 -2.8470e+000 +6.3680e-001 -3.6509e+000 +3.7214e+000 +5.9069e+000 -6.2931e+000 -3.3604e-001 -1.5773e+000
303 +1.344737907e+002 +1.344737907e+002 +6.601379067e+001 +6.601379067e+001 +2.5272e+000 +3.8713e+000 -6.3342e+000 +9.5552e-001 -2.5563e+000 +4.4410e+000 +6.0387e+000 -3.3960e+000 -4.3538e+000 -1.5916e+000
320 +1.091856980e+002 +1.091856980e+002 +4.072569802e+001 +4.072569802e+001 +1.2239e+000 +3.6766e+000 -4.2408e+000 +2.5724e+000 -2.8540e+000 +4.1079e+000 +5.8738e+000 -4.9864e+000 -4.4688e+000 -2.2101e-001
674 +9.450681866e+001 +9.450681866e+001 +2.604681866e+001 +2.604681866e+001 +2.9985e+000 +1.7986e+000 -3.1531e+000 -3.3274e-001 -4.6835e+000 +3.8261e+000 +4.6757e+000 -5.5240e+000 -2.3017e+000 -1.1072e+000
710 +8.898664375e+001 +8.898664375e+001 +2.052664375e+001 +2.052664375e+001 +3.2643e+000 +1.9371e+000 -3.2766e+000 -9.0840e-001 -7.0966e+000 +3.5095e+000 +5.2065e+000 -3.9423e+000 -2.5557e+000 -2.5843e+000
715 +7.576943652e+001 +7.576943652e+001 +7.309436522e+000 +7.309436522e+000 +3.4746e+000 +2.5093e+000 -3.3326e+000 +5.3577e-001 -3.7286e+000 +2.9963e+000 +3.0884e+000 -3.9543e+000 -2.1844e+000 -1.0053e+000
719 +6.703497188e+001 +6.703497188e+001 -1.425028124e+000 -1.425028124e+000 +3.5407e+000 +2.8465e+000 -2.5607e+000 -2.0936e-001 -3.1819e+000 +3.7329e+000 +2.2541e+000 -4.1968e+000 -1.8197e+000 -3.3137e+000
1202 +6.303560744e+001 +6.303560744e+001 -5.424392564e+000 -5.424392564e+000 +2.8522e+000 +1.9841e+000 -3.7372e+000 +7.6449e-001 -3.3867e+000 +3.1744e+000 +3.2352e+000 -3.3278e+000 -1.9186e+000 -2.1704e+000
1210 +6.027149694e+001 +6.027149694e+001 -8.188503065e+000 -8.188503065e+000 +3.6684e+000 +2.6702e+000 -3.0130e+000 -2.9839e-002 -3.1564e+000 +3.2351e+000 +3.3411e+000 -3.4540e+000 -2.2805e+000 -1.4784e+000
2029 +5.478996926e+001 +5.478996926e+001 -1.367003074e+001 -1.367003074e+001 +4.1334e+000 +2.8314e+000 -3.9841e+000 -6.6584e-001 -4.4457e+000 +2.5714e+000 +3.0266e+000 -4.2350e+000 -3.3331e+000 -2.3501e+000
2623 +4.311013511e+001 +4.311013511e+001 -2.534986489e+001 -2.534986489e+001 +4.4261e+000 +1.9944e+000 -3.1651e+000 -1.4068e-001 -4.4164e+000 +3.4357e+000 +3.1787e+000 -3.9260e+000 -2.3302e+000 -3.0290e+000
5839 +3.804234818e+001 +3.804234818e+001 -3.041765182e+001 -3.041765182e+001 +4.3109e+000 +2.0640e+000 -3.4159e+000 -1.3281e-001 -3.3923e+000 +2.5046e+000 +2.9798e+000 -3.5020e+000 -1.1536e+000 -2.3226e+000
7451 +3.613741705e+001 +3.613741705e+001 -3.232258295e+001 -3.232258295e+001 +3.2171e+000 +2.6015e+000 -4.4004e+000 +2.0012e-001 -3.1463e+000 +3.6893e+000 +4.1375e+000 -3.4072e+000 -2.1983e+000 -2.3269e+000
8109 +3.247802562e+001 +3.247802562e+001 -3.598197438e+001 -3.598197438e+001 +3.3247e+000 +2.4753e+000 -3.4799e+000 +4.7933e-001 -3.7965e+000 +3.1410e+000 +3.6890e+000 -3.6674e+000 -1.9896e+000 -2.1625e+000
37701 +2.675058440e+001 +2.675058440e+001 -4.170941560e+001 -4.170941560e+001 +3.5870e+000 +2.4565e+000 -3.9202e+000 +7.8811e-001 -3.7377e+000 +3.7301e+000 +3.7222e+000 -3.2584e+000 -2.1935e+000 -3.1350e+000
156457 +2.557926607e+001 +2.557926607e+001 -4.288073393e+001 -4.288073393e+001 +4.4911e+000 +2.4516e+000 -2.7821e+000 -9.0392e-001 -3.7426e+000 +4.0159e+000 +3.7946e+000 -3.4643e+000 -1.2839e+000 -2.1132e+000
167460 +2.430150960e+001 +2.430150960e+001 -4.415849040e+001 -4.415849040e+001 +2.8961e+000 +2.4846e+000 -3.9219e+000 +2.3782e-001 -3.9575e+000 +3.4528e+000 +3.6999e+000 -2.6847e+000 -2.4949e+000 -2.2139e+000
249087 +2.374073515e+001 +2.374073515e+001 -4.471926485e+001 -4.471926485e+001 +3.5517e+000 +2.5232e+000 -3.3776e+000 +3.2293e-001 -3.4600e+000 +3.4311e+000 +4.0237e+000 -3.3087e+000 -1.1982e+000 -2.2898e+000
425285 +1.907675330e+001 +1.907675330e+001 -4.938324670e+001 -4.938324670e+001 +4.0536e+000 +2.3698e+000 -3.6794e+000 +5.4426e-001 -3.5783e+000 +2.3615e+000 +2.7456e+000 -3.6855e+000 -1.5368e+000 -2.3936e+000
518799 +1.196420587e+001 +1.196420587e+001 -5.649579413e+001 -5.649579413e+001 +4.1731e+000 +2.1812e+000 -3.9937e+000 +5.1961e-001 -4.2278e+000 +4.0776e+000 +4.0513e+000 -3.3847e+000 -2.4523e+000 -2.6525e+000
% function evaluation | noise-free fitness - Fopt (-1.314900000000e+002) | best noise-free fitness - Fopt | measured fitness | best measured fitness | x1 | x2...
1 +6.099628110e+003 +6.099628110e+003 +5.968138110e+003 +5.968138110e+003 -4.8309e+000 -3.0100e+000 -1.6451e+001 -5.3915e-001 -2.5243e+000 -9.6397e+000 -2.8346e+000 -3.0609e+000 -1.9673e-001 +6.1433e+000
3 +2.174350962e+003 +2.174350962e+003 +2.042860962e+003 +2.042860962e+003 -5.7055e+000 -4.1677e+000 -3.1056e+000 -5.2436e+000 +8.4408e+000 -7.5423e+000 +2.5237e+000 +3.1922e+000 +3.2034e+000 +4.2604e+000
4 +1.609990405e+003 +1.609990405e+003 +1.478500405e+003 +1.478500405e+003 +1.5999e+000 -5.0080e+000 -1.4376e+000 -4.1879e+000 +6.0721e+000 -5.1482e+000 +7.6662e-001 -5.2693e+000 +2.7770e+000 +4.5352e+000
5 +1.034428490e+003 +1.034428490e+003 +9.029384904e+002 +9.029384904e+002 -1.4187e+001 -3.1490e-001 -1.8971e+000 +7.1667e-001 +2.6648e+000 +6.1080e-001 +9.1195e-001 -3.0774e+000 +3.2087e+000 +6.3393e+000
10 +7.371080452e+002 +7.371080452e+002 +6.056180452e+002 +6.056180452e+002 -2.3310e+000 -4.7817e+000 +2.5145e-001 +9.7541e-001 +6.1583e+000 -3.5600e+000 -2.2560e+000 -3.1981e+000 +3.4469e+000 +3.8314e+000
12 +5.289891845e+002 +5.289891845e+002 +3.974991845e+002 +3.974991845e+002 -3.3859e+000 -5.7312e-001 -9.1321e-001 -7.9057e-001 +5.5886e+000 -4.6662e+000 +1.7514e+000 +2.8004e+000 +2.7647e+000 +6.2106e+000
32 +4.752110265e+002 +4.752110265e+002 +3.437210265e+002 +3.437210265e+002 -4.8939e+000 -1.6397e+000 -3.9470e+000 +8.0861e-002 -8.5522e-001 -1.4052e-001 +2.2953e+000 -2.2711e+000 +5.1137e+000 +2.7361e+000
55 +4.342149115e+002 +4.342149115e+002 +3.027249115e+002 +3.027249115e+002 -1.4761e+000 -6.1914e-001 +3.1575e-001 -4.0562e-001 +3.2900e+000 -4.7464e+000 +4.9467e+000 -1.7097e+000 +8.4158e-001 +3.7354e+000
56 +2.588708233e+002 +2.588708233e+002 +1.273808233e+002 +1.273808233e+002 -3.1642e+000 +2.6897e+000 -2.4039e+000 +2.5204e-001 +4.1991e+000 -2.5061e+000 +1.6165e+000 +2.9816e+000 +2.3231e-001 +3.9863e+000
130 +2.388533054e+002 +2.388533054e+002 +1.073633054e+002 +1.073633054e+002 -9.8342e-001 +1.1182e+000 -1.1974e+000 -5.5036e-002 +3.8798e+000 +1.6819e+000 +1.8494e+000 -6.0754e-001 +1.5571e+000 +7.6724e-001
202 +2.279292256e+002 +2.279292256e+002 +9.643922562e+001 +9.643922562e+001 -1.6002e+000 +2.1211e+000 -1.1874e+000 -5.8160e-001 +5.6344e-001 -1.9687e+000 +1.3784e+000 +3.1505e+000 +2.2925e+000 -4.2356e+000
226 +1.659626284e+002 +1.659626284e+002 +3.447262840e+001 +3.447262840e+001 -2.4494e+000 +1.4316e+000 +2.2407e-001 -1.8604e+000 +2.5325e+000 -6.9531e-001 +9.4578e-001 +3.5693e+000 +2.6290e+000 +1.0986e+000
237 +1.626273366e+002 +1.626273366e+002 +3.113733655e+001 +3.113733655e+001 -2.3717e+000 +4.5037e-001 -1.4728e+000 -1.2401e+000 +2.9338e+000 -1.8857e+000 +1.4190e+000 -5.7710e-001 +2.5705e-001 -5.2766e-001
273 +1.609039390e+002 +1.609039390e+002 +2.941393899e+001 +2.941393899e+001 -2.0624e+000 +1.0755e+000 -6.4765e-001 -5.2049e-001 +1.6354e+000 -1.6542e+000 +1.4328e+000 +3.7188e-001 +7.5136e-001 -9.0196e-001
304 +1.469569988e+002 +1.469569988e+002 +1.546699883e+001 +1.546699883e+001 -1.9130e+000 -5.0375e-001 -1.2795e+000 -1.8230e+000 +2.1455e+000 -1.3810e+000 +2.2217e+000 +2.9109e+000 +7.8626e-001 +6.0203e-002
458 +1.396498516e+002 +1.396498516e+002 +8.159851596e+000 +8.159851596e+000 -2.3609e+000 +8.4198e-001 -5.0829e-001 -1.3569e+000 +2.3716e+000 -4.0103e-001 +1.4238e+000 +2.8821e+000 +5.9377e-001 -2.6247e-001
467 +1.336915833e+002 +1.336915833e+002 +2.201583264e+000 +2.201583264e+000 -2.4484e+000 +1.4134e+000 -3.7494e-001 -1.2430e+000 +2.7984e+000 -6.2386e-001 +2.1424e+000 +1.1624e+000 +1.1370e+000 -1.8610e+000
491 +1.117452181e+002 +1.117452181e+002 -1.974478186e+001 -1.974478186e+001 -1.8778e+000 +8.2375e-001 -4.5947e-001 -1.0587e+000 +2.2371e+000 -3.1407e-001 +1.1793e+000 +4.4947e+000 +1.2265e+000 -1.1379e+000
555 +1.057077255e+002 +1.057077255e+002 -2.578227447e+001 -2.578227447e+001 -1.8817e+000 -6.3649e-001 -4.8695e-001 -9.1816e-001 +2.5570e+000 +3.1833e-001 -5.9479e-001 +2.4426e+000 +1.4013e+000 -6.9482e-002
672 +1.021880527e+002 +1.021880527e+002 -2.930194730e+001 -2.930194730e+001 -2.2625e+000 -2.5967e-001 -8.9709e-001 -9.2789e-001 +2.2566e+000 +9.2782e-003 +2.8744e+000 +1.8296e+000 +1.5206e+000 -2.6268e+000
790 +9.608043418e+001 +9.608043418e+001 -3.540956582e+001 -3.540956582e+001 -2.4426e+000 +6.3347e-001 -4.6116e-001 -7.2640e-001 +2.3756e+000 +9.3790e-002 +1.3929e+000 +2.2544e+000 +3.2441e+000 -1.4944e+000
813 +9.214740973e+001 +9.214740973e+001 -3.934259027e+001 -3.934259027e+001 -2.7616e+000 +2.8187e-001 -6.4294e-001 -9.4419e-001 +2.6118e+000 +4.5125e-002 +1.5689e+000 +2.6220e+000 +4.3261e-001 -1.1838e+000
849 +7.736086759e+001 +7.736086759e+001 -5.412913241e+001 -5.412913241e+001 -2.6273e+000 +4.3819e-001 -5.3027e-001 -1.3679e+000 +1.0479e+000 +8.7014e-001 +1.6349e+000 +1.8974e+000 +7.4510e-001 -1.4554e+000
1159 +7.479870079e+001 +7.479870079e+001 -5.669129921e+001 -5.669129921e+001 -2.5904e+000 +6.0142e-002 -2.2707e-001 -1.6352e+000 +2.5657e+000 +4.4800e-001 +1.7659e+000 +2.7727e+000 +1.8579e+000 -1.6410e+000
1247 +6.899166742e+001 +6.899166742e+001 -6.249833258e+001 -6.249833258e+001 -3.4812e+000 -1.1497e-001 -1.4395e+000 -1.2514e+000 +1.3505e+000 +8.3284e-001 +1.2432e+000 +2.1694e+000 +1.7149e+000 -2.6930e+000
1440 +5.881401037e+001 +5.881401037e+001 -7.267598963e+001 -7.267598963e+001 -2.5666e+000 -6.7234e-001 -2.1564e+000 -2.4117e+000 +1.5448e+000 +9.8383e-001 +1.3191e+000 +2.3370e+000 +1.8860e+000 -1.9996e+000
1902 +3.724932509e+001 +3.724932509e+001 -9.424067491e+001 -9.424067491e+001 -2.6961e+000 -3.5136e-001 -2.5190e+000 -2.4690e+000 +1.4321e+000 +2.5434e+000 +1.8342e+000 +2.6309e+000 +5.2635e-001 -1.9915e+000
17247 +2.939272007e+001 +2.939272007e+001 -1.020972799e+002 -1.020972799e+002 -2.6586e+000 -1.2473e-001 -2.1840e+000 -2.7313e+000 +2.5471e+000 +2.3939e+000 +1.4198e+000 +3.1755e+000 +6.0765e-001 -3.4111e+000
20354 +2.469284811e+001 +2.469284811e+001 -1.067971519e+002 -1.067971519e+002 -2.8522e+000 +5.9677e-001 -2.0336e+000 -2.6010e+000 +2.3949e+000 +1.6057e+000 +5.7676e-001 +2.2716e+000 +2.4447e+000 -2.8617e+000
134135 +2.434882823e+001 +2.434882823e+001 -1.071411718e+002 -1.071411718e+002 -2.6486e+000 -7.2238e-001 -2.6245e+000 -2.4823e+000 +2.0511e+000 +1.8708e+000 +9.8703e-001 +2.1667e+000 +1.8404e+000 -3.7329e+000
339761 +1.559465520e+001 +1.559465520e+001 -1.158953448e+002 -1.158953448e+002 -2.2705e+000 -1.9478e-001 -3.2021e+000 -3.2157e+000 +2.1761e+000 +2.4489e+000 +1.2317e+000 +2.5949e+000 +1.4460e+000 -3.6402e+000
