% function evaluation | noise-free fitness - Fopt (-1.694000000000e+001) | best noise-free fitness - Fopt | measured fitness | best measured fitness | x1 | x2...
1 +8.562904456e+001 +8.562904456e+001 +6.868904456e+001 +6.868904456e+001 +2.4488e+000 -1.2428e+000 -4.7815e+000 +9.3746e-001 -4.2396e-001
2 +6.889900909e+001 +6.889900909e+001 +5.195900909e+001 +5.195900909e+001 +2.1863e+000 -9.7853e-001 -5.2202e+000 +1.3063e+000 -1.1497e+000
4 +6.272471647e+001 +6.272471647e+001 +4.578471647e+001 +4.578471647e+001 +3.9467e-001 -1.3279e+000 -4.9694e+000 +1.7591e+000 -1.3352e+000
7 +3.558640678e+001 +3.558640678e+001 +1.864640678e+001 +1.864640678e+001 +1.0142e+000 -9.7666e-001 -4.6576e+000 +7.2248e-001 -7.1555e-001
15 +3.253061618e+001 +3.253061618e+001 +1.559061618e+001 +1.559061618e+001 +9.1210e-001 -4.8872e-001 -4.1224e+000 +1.4767e+000 -9.8914e-001
18 +3.173424671e+001 +3.173424671e+001 +1.479424671e+001 +1.479424671e+001 +4.3434e-001 -1.0235e+000 -5.0683e+000 +2.1102e+000 -9.3930e-001
30 +2.482152803e+001 +2.482152803e+001 +7.881528028e+000 +7.881528028e+000 +4.8454e-002 +5.1182e-001 -4.3867e+000 +1.5326e+000 -1.5015e+000
34 +2.165194737e+001 +2.165194737e+001 +4.711947375e+000 +4.711947375e+000 -2.1602e-001 -9.1970e-002 -4.3929e+000 +3.4711e+000 -7.7667e-001
60 +1.541582696e+001 +1.541582696e+001 -1.524173044e+000 -1.524173044e+000 +1.1982e+000 -5.5684e-001 -2.4865e+000 +2.5510e+000 -3.6904e-001
74 +7.095916715e+000 +7.095916715e+000 -9.844083285e+000 -9.844083285e+000 +1.0737e+000 -4.0940e-001 -3.2453e+000 +3.4562e+000 +5.2292e-001
114 +6.558808926e+000 +6.558808926e+000 -1.038119107e+001 -1.038119107e+001 +9.9600e-001 -3.0408e-001 -3.2584e+000 +3.2871e+000 +9.0345e-001
275 +6.272002936e+000 +6.272002936e+000 -1.066799706e+001 -1.066799706e+001 +9.7507e-001 -6.0189e-002 -3.1100e+000 +3.8522e+000 +1.7180e-001
291 +5.973010057e+000 +5.973010057e+000 -1.096698994e+001 -1.096698994e+001 +9.4973e-001 +5.0834e-001 -2.9261e+000 +3.4154e+000 +5.6194e-002
294 +5.419212651e+000 +5.419212651e+000 -1.152078735e+001 -1.152078735e+001 +9.9185e-001 +4.1348e-001 -2.9232e+000 +3.3186e+000 +1.5584e-001
369 +4.512563687e+000 +4.512563687e+000 -1.242743631e+001 -1.242743631e+001 +1.2159e+000 +2.8787e-001 -2.8754e+000 +3.4191e+000 +2.8103e-001
432 +3.908065846e+000 +3.908065846e+000 -1.303193415e+001 -1.303193415e+001 +1.0498e+000 -3.0988e-001 -2.9042e+000 +3.7624e+000 +2.5884e-001
471 +3.393981278e+000 +3.393981278e+000 -1.354601872e+001 -1.354601872e+001 +9.1534e-001 +4.5072e-002 -2.9379e+000 +3.5870e+000 +2.2726e-001
579 +3.184921531e+000 +3.184921531e+000 -1.375507847e+001 -1.375507847e+001 +1.1876e+000 -1.9961e-001 -2.9215e+000 +3.6315e+000 +4.4143e-001
598 +1.706636207e+000 +1.706636207e+000 -1.523336379e+001 -1.523336379e+001 +1.3421e+000 -1.7314e-001 -2.8602e+000 +3.5652e+000 +5.8274e-001
693 +1.447673093e+000 +1.447673093e+000 -1.549232691e+001 -1.549232691e+001 +1.3526e+000 -1.6184e-001 -2.8455e+000 +3.5623e+000 +5.5193e-001
751 +1.180199733e+000 +1.180199733e+000 -1.575980027e+001 -1.575980027e+001 +1.3583e+000 -1.5343e-001 -2.8648e+000 +3.5412e+000 +5.9871e-001
787 +1.134118184e+000 +1.134118184e+000 -1.580588182e+001 -1.580588182e+001 +1.3482e+000 -1.6633e-001 -2.8849e+000 +3.5367e+000 +6.0229e-001
809 +1.072321236e+000 +1.072321236e+000 -1.586767876e+001 -1.586767876e+001 +1.3194e+000 -1.1455e-001 -2.8927e+000 +3.5348e+000 +5.7794e-001
884 +1.020439263e+000 +1.020439263e+000 -1.591956074e+001 -1.591956074e+001 +1.3598e+000 -1.5639e-001 -2.8736e+000 +3.5379e+000 +5.9017e-001
955 +9.948308988e-001 +9.948308988e-001 -1.594516910e+001 -1.594516910e+001 +1.3281e+000 -1.5268e-001 -2.8857e+000 +3.5370e+000 +5.8137e-001
983 +8.245556768e-001 +8.245556768e-001 -1.611544432e+001 -1.611544432e+001 +1.3422e+000 -1.3342e-001 -2.8839e+000 +3.5295e+000 +5.9096e-001
1160 +7.391701946e-001 +7.391701946e-001 -1.620082981e+001 -1.620082981e+001 +1.3293e+000 -1.3172e-001 -2.8828e+000 +3.5320e+000 +5.7869e-001
1309 +7.128617890e-001 +7.128617890e-001 -1.622713821e+001 -1.622713821e+001 +1.3344e+000 -1.2358e-001 -2.8824e+000 +3.5268e+000 +5.8687e-001
1323 +6.754753422e-001 +6.754753422e-001 -1.626452466e+001 -1.626452466e+001 +1.3354e+000 -1.3283e-001 -2.8842e+000 +3.5276e+000 +5.8693e-001
1406 +5.981518200e-001 +5.981518200e-001 -1.634184818e+001 -1.634184818e+001 +1.3322e+000 -1.1543e-001 -2.8844e+000 +3.5195e+000 +5.8276e-001
1524 +5.841221775e-001 +5.841221775e-001 -1.635587782e+001 -1.635587782e+001 +1.3323e+000 -1.2606e-001 -2.8842e+000 +3.5259e+000 +5.8432e-001
1647 +5.621420131e-001 +5.621420131e-001 -1.637785799e+001 -1.637785799e+001 +1.3325e+000 -1.2500e-001 -2.8849e+000 +3.5252e+000 +5.8493e-001
% function evaluation | noise-free fitness - Fopt (1.881000000000e+001) | best noise-free fitness - Fopt | measured fitness | best measured fitness | x1 | x2...
1 +2.472983678e+002 +2.472983678e+002 +2.661083678e+002 +2.661083678e+002 -5.3095e+000 +4.7699e+000 -1.3658e+000 -7.6356e-001 -6.6366e-001
2 +4.202767606e+001 +4.202767606e+001 +6.083767606e+001 +6.083767606e+001 -3.2012e+000 +4.2096e+000 +3.0970e-001 +2.4817e+000 -7.5464e-001
26 +3.455605350e+001 +3.455605350e+001 +5.336605350e+001 +5.336605350e+001 -3.3765e+000 +4.3205e+000 -1.2201e+000 +3.3105e+000 -1.4857e+000
28 +3.371535860e+001 +3.371535860e+001 +5.252535860e+001 +5.252535860e+001 -3.6522e+000 +4.0197e+000 +7.5376e-001 +7.1482e-001 -2.3262e-001
29 +2.242460542e+001 +2.242460542e+001 +4.123460542e+001 +4.123460542e+001 -7.1592e-001 +4.0804e+000 +1.0911e-003 +3.1474e+000 -1.3970e+000
51 +1.684135108e+001 +1.684135108e+001 +3.565135108e+001 +3.565135108e+001 +5.3642e-001 +4.0862e+000 +6.9523e-002 +2.1503e+000 -1.0156e+000
68 +1.341871731e+001 +1.341871731e+001 +3.222871731e+001 +3.222871731e+001 -1.3467e+000 +4.5715e+000 -4.8450e-001 +1.3792e+000 -3.6228e-001
137 +1.210161404e+001 +1.210161404e+001 +3.091161404e+001 +3.091161404e+001 -5.2087e-001 +4.2207e+000 -4.5693e-001 +2.4520e+000 -3.5177e-002
201 +1.161666592e+001 +1.161666592e+001 +3.042666592e+001 +3.042666592e+001 -1.2649e+000 +4.1142e+000 -2.6777e-001 +4.0894e+000 -5.8721e-001
203 +9.563860270e+000 +9.563860270e+000 +2.837386027e+001 +2.837386027e+001 -4.0979e-001 +4.0816e+000 -3.6933e-001 +1.4786e+000 -3.9773e-001
280 +8.769026783e+000 +8.769026783e+000 +2.757902678e+001 +2.757902678e+001 -9.3670e-001 +3.9616e+000 -3.5874e-001 +2.8828e+000 -1.4898e-001
284 +6.826566439e+000 +6.826566439e+000 +2.563656644e+001 +2.563656644e+001 -6.8989e-001 +3.9303e+000 -4.3366e-001 +2.2677e+000 +3.1960e-001
313 +5.079467347e+000 +5.079467347e+000 +2.388946735e+001 +2.388946735e+001 -8.3381e-001 +3.9480e+000 -7.3650e-001 +2.0045e+000 -4.0585e-001
349 +4.613688348e+000 +4.613688348e+000 +2.342368835e+001 +2.342368835e+001 -7.7392e-001 +4.3446e+000 -1.0653e+000 +2.5998e+000 -2.6941e-001
362 +4.076308204e+000 +4.076308204e+000 +2.288630820e+001 +2.288630820e+001 -7.4664e-001 +4.3985e+000 -8.1450e-001 +2.3221e+000 -2.6546e-001
411 +3.900046970e+000 +3.900046970e+000 +2.271004697e+001 +2.271004697e+001 -7.6356e-001 +3.6976e+000 -9.9122e-001 +1.9638e+000 -5.2374e-001
416 +3.448882628e+000 +3.448882628e+000 +2.225888263e+001 +2.225888263e+001 -9.5864e-001 +3.4547e+000 -9.5207e-001 +1.9069e+000 -5.8464e-002
422 +3.370778467e+000 +3.370778467e+000 +2.218077847e+001 +2.218077847e+001 -9.2299e-001 +3.8476e+000 -1.0437e+000 +1.9951e+000 +8.4313e-002
522 +3.275404832e+000 +3.275404832e+000 +2.208540483e+001 +2.208540483e+001 -9.3102e-001 +3.6276e+000 -1.0807e+000 +1.9635e+000 -3.2692e-001
529 +2.978935046e+000 +2.978935046e+000 +2.178893505e+001 +2.178893505e+001 -9.3176e-001 +3.7198e+000 -1.1716e+000 +2.0359e+000 -3.1305e-001
557 +2.650082877e+000 +2.650082877e+000 +2.146008288e+001 +2.146008288e+001 -9.4244e-001 +3.6542e+000 -1.1378e+000 +2.1597e+000 -2.7727e-001
559 +2.275371411e+000 +2.275371411e+000 +2.108537141e+001 +2.108537141e+001 -9.5402e-001 +3.6756e+000 -1.1092e+000 +2.1108e+000 -2.8533e-001
625 +1.853992146e+000 +1.853992146e+000 +2.066399215e+001 +2.066399215e+001 -9.0779e-001 +3.6858e+000 -1.1284e+000 +2.1349e+000 -4.5808e-001
707 +1.649376821e+000 +1.649376821e+000 +2.045937682e+001 +2.045937682e+001 -9.0991e-001 +3.7455e+000 -1.1047e+000 +2.1364e+000 -3.8307e-001
803 +1.363775735e+000 +1.363775735e+000 +2.017377573e+001 +2.017377573e+001 -9.1201e-001 +3.7644e+000 -1.1145e+000 +2.1599e+000 -3.2751e-001
908 +1.299122618e+000 +1.299122618e+000 +2.010912262e+001 +2.010912262e+001 -9.1142e-001 +3.7749e+000 -1.1216e+000 +2.1607e+000 -2.5115e-001
944 +1.259774125e+000 +1.259774125e+000 +2.006977413e+001 +2.006977413e+001 -9.1934e-001 +3.7677e+000 -1.1248e+000 +2.1448e+000 -2.2596e-001
1020 +1.177750890e+000 +1.177750890e+000 +1.998775089e+001 +1.998775089e+001 -9.2423e-001 +3.7700e+000 -1.1219e+000 +2.1378e+000 -2.0936e-001
1059 +1.105386935e+000 +1.105386935e+000 +1.991538694e+001 +1.991538694e+001 -9.1527e-001 +3.7678e+000 -1.1207e+000 +2.1316e+000 -2.0769e-001
1273 +1.002714240e+000 +1.002714240e+000 +1.981271424e+001 +1.981271424e+001 -9.3102e-001 +3.7718e+000 -1.1361e+000 +2.1576e+000 -2.0202e-001
1454 +9.124749241e-001 +9.124749241e-001 +1.972247492e+001 +1.972247492e+001 -9.2333e-001 +3.7818e+000 -1.1281e+000 +2.1564e+000 -2.0956e-001
1479 +8.921392484e-001 +8.921392484e-001 +1.970213925e+001 +1.970213925e+001 -9.2487e-001 +3.7814e+000 -1.1259e+000 +2.1562e+000 -2.1358e-001
1531 +8.755243928e-001 +8.755243928e-001 +1.968552439e+001 +1.968552439e+001 -9.2516e-001 +3.7813e+000 -1.1288e+000 +2.1552e+000 -2.0661e-001
1687 +8.480157169e-001 +8.480157169e-001 +1.965801572e+001 +1.965801572e+001 -9.2631e-001 +3.7805e+000 -1.1282e+000 +2.1564e+000 -2.1551e-001
1782 +8.176880884e-001 +8.176880884e-001 +1.962768809e+001 +1.962768809e+001 -9.2655e-001 +3.7814e+000 -1.1287e+000 +2.1590e+000 -2.1756e-001
1791 +7.952296653e-001 +7.952296653e-001 +1.960522967e+001 +1.960522967e+001 -9.2599e-001 +3.7822e+000 -1.1279e+000 +2.1579e+000 -2.1665e-001
2113 +7.731617762e-001 +7.731617762e-001 +1.958316178e+001 +1.958316178e+001 -9.2635e-001 +3.7818e+000 -1.1278e+000 +2.1581e+000 -2.1786e-001
2158 +7.513231986e-001 +7.513231986e-001 +1.956132320e+001 +1.956132320e+001 -9.2639e-001 +3.7817e+000 -1.1280e+000 +2.1582e+000 -2.1743e-001
2683 +7.383639014e-001 +7.383639014e-001 +1.954836390e+001 +1.954836390e+001 -9.2654e-001 +3.7818e+000 -1.1281e+000 +2.1585e+000 -2.1775e-001
% function evaluation | noise-free fitness - Fopt (2.731500000000e+002) | best noise-free fitness - Fopt | measured fitness | best measured fitness | x1 | x2...
1 +4.968386655e+001 +4.968386655e+001 +3.228338666e+002 +3.228338666e+002 +4.9530e+000 +1.5435e-001 +2.9857e+000 +7.7084e-001 -2.3741e+000
2 +3.605896622e+001 +3.605896622e+001 +3.092089662e+002 +3.092089662e+002 +4.3398e+000 +1.2444e+000 +1.2453e+000 +1.1062e+000 -2.6466e+000
27 +3.404731395e+001 +3.404731395e+001 +3.071973139e+002 +3.071973139e+002 +4.0490e+000 +1.3715e+000 +2.4383e+000 +5.0251e-001 -3.1068e+000
33 +3.372674593e+001 +3.372674593e+001 +3.068767459e+002 +3.068767459e+002 +4.1747e+000 +1.6693e+000 +2.5975e+000 +8.5796e-001 -2.8605e+000
121 +2.870053471e+001 +2.870053471e+001 +3.018505347e+002 +3.018505347e+002 +4.7346e+000 +2.0275e+000 +1.1902e+000 +4.6058e-001 +1.4295e+000
143 +2.483560141e+001 +2.483560141e+001 +2.979856014e+002 +2.979856014e+002 +4.1875e+000 +2.5822e+000 +2.5741e+000 +1.0433e+000 +3.5260e-002
152 +2.276249201e+001 +2.276249201e+001 +2.959124920e+002 +2.959124920e+002 +3.8229e+000 +4.5745e+000 +6.3057e-001 +4.6941e-001 -3.1425e-001
191 +1.925191967e+001 +1.925191967e+001 +2.924019197e+002 +2.924019197e+002 +4.5429e+000 +5.2348e+000 +1.2895e+000 +8.2497e-001 +3.1491e-001
205 +1.863249151e+001 +1.863249151e+001 +2.917824915e+002 +2.917824915e+002 +5.6213e+000 +3.7141e+000 -2.0543e-002 +2.3400e-001 +6.1693e-001
223 +1.664756864e+001 +1.664756864e+001 +2.897975686e+002 +2.897975686e+002 +5.0974e+000 +2.4601e+000 +7.0840e-001 +1.5428e+000 +1.1945e+000
230 +1.644001785e+001 +1.644001785e+001 +2.895900178e+002 +2.895900178e+002 +4.4815e+000 +2.1083e+000 -8.4259e-001 +1.3272e+000 +1.8215e+000
337 +1.435214133e+001 +1.435214133e+001 +2.875021413e+002 +2.875021413e+002 +5.4146e+000 +2.5694e+000 +1.4335e+000 +1.9658e+000 +1.0416e+000
417 +1.050897228e+001 +1.050897228e+001 +2.836589723e+002 +2.836589723e+002 +5.2904e+000 +2.4799e+000 +1.5805e+000 +2.2068e+000 +1.4757e+000
433 +1.002309684e+001 +1.002309684e+001 +2.831730968e+002 +2.831730968e+002 +5.1055e+000 +2.9350e+000 +1.6146e+000 +1.5716e+000 +1.2235e+000
507 +6.070014362e+000 +6.070014362e+000 +2.792200144e+002 +2.792200144e+002 +5.1515e+000 +3.4407e+000 +1.4555e+000 +1.7943e+000 +9.1642e-001
649 +5.279789161e+000 +5.279789161e+000 +2.784297892e+002 +2.784297892e+002 +5.1179e+000 +3.3305e+000 +1.6506e+000 +1.7887e+000 +7.3065e-001
681 +4.555276180e+000 +4.555276180e+000 +2.777052762e+002 +2.777052762e+002 +5.1194e+000 +3.6538e+000 +1.6335e+000 +1.7640e+000 +7.2366e-001
776 +4.323547574e+000 +4.323547574e+000 +2.774735476e+002 +2.774735476e+002 +5.2666e+000 +3.8315e+000 +1.6012e+000 +1.5418e+000 +5.2878e-001
901 +3.167643276e+000 +3.167643276e+000 +2.763176433e+002 +2.763176433e+002 +5.0850e+000 +3.7188e+000 +1.7108e+000 +1.7669e+000 +6.3452e-001
945 +2.712216706e+000 +2.712216706e+000 +2.758622167e+002 +2.758622167e+002 +5.0820e+000 +3.7279e+000 +1.7357e+000 +1.7265e+000 +6.4460e-001
1096 +2.470075497e+000 +2.470075497e+000 +2.756200755e+002 +2.756200755e+002 +5.0280e+000 +3.7097e+000 +1.7425e+000 +1.7312e+000 +6.2890e-001
1222 +2.362697369e+000 +2.362697369e+000 +2.755126974e+002 +2.755126974e+002 +5.0215e+000 +3.7282e+000 +1.7241e+000 +1.7476e+000 +6.2701e-001
1231 +2.186025978e+000 +2.186025978e+000 +2.753360260e+002 +2.753360260e+002 +5.0245e+000 +3.7136e+000 +1.7374e+000 +1.7426e+000 +6.2934e-001
1408 +2.097274246e+000 +2.097274246e+000 +2.752472742e+002 +2.752472742e+002 +4.9988e+000 +3.7167e+000 +1.7510e+000 +1.7501e+000 +6.2791e-001
1410 +1.997175854e+000 +1.997175854e+000 +2.751471759e+002 +2.751471759e+002 +5.0177e+000 +3.7105e+000 +1.7449e+000 +1.7470e+000 +6.2868e-001
1737 +1.978582110e+000 +1.978582110e+000 +2.751285821e+002 +2.751285821e+002 +5.0273e+000 +3.7049e+000 +1.7537e+000 +1.7490e+000 +6.2890e-001
1769 +1.922705067e+000 +1.922705067e+000 +2.750727051e+002 +2.750727051e+002 +5.0268e+000 +3.7071e+000 +1.7569e+000 +1.7492e+000 +6.2786e-001
1883 +1.892772509e+000 +1.892772509e+000 +2.750427725e+002 +2.750427725e+002 +5.0219e+000 +3.7069e+000 +1.7527e+000 +1.7491e+000 +6.2892e-001
2541 +1.856338057e+000 +1.856338057e+000 +2.750063381e+002 +2.750063381e+002 +5.0230e+000 +3.7068e+000 +1.7533e+000 +1.7492e+000 +6.2883e-001
% function evaluation | noise-free fitness - Fopt (3.718000000000e+001) | best noise-free fitness - Fopt | measured fitness | best measured fitness | x1 | x2...
1 +3.428361215e+002 +3.428361215e+002 +3.800161215e+002 +3.800161215e+002 -4.2147e+000 -3.0311e+000 +3.9259e+000 -8.9866e-001 +3.3422e-001
4 +2.271821851e+002 +2.271821851e+002 +2.643621851e+002 +2.643621851e+002 -4.3354e+000 -2.5079e+000 +3.5921e+000 -1.1894e+000 +5.2647e-002
10 +1.883735426e+002 +1.883735426e+002 +2.255535426e+002 +2.255535426e+002 -5.0054e+000 -2.0810e+000 +3.8583e+000 -9.1716e-001 -2.8791e-001
26 +1.683556949e+002 +1.683556949e+002 +2.055356949e+002 +2.055356949e+002 -4.0834e+000 -2.3377e+000 +3.7562e+000 -6.0721e-001 -6.3876e-001
33 +8.657993202e+001 +8.657993202e+001 +1.237599320e+002 +1.237599320e+002 -1.8837e+000 -2.0883e+000 +4.2795e+000 +2.3310e-001 +5.9915e-001
51 +6.107321225e+001 +6.107321225e+001 +9.825321225e+001 +9.825321225e+001 -1.0637e+000 -3.1575e+000 +3.4822e+000 +1.0652e+000 +9.9598e-002
61 +5.950553006e+001 +5.950553006e+001 +9.668553006e+001 +9.668553006e+001 -2.7682e+000 -2.2530e+000 +2.8745e+000 +6.9929e-001 -1.0222e-001
89 +4.191107884e+001 +4.191107884e+001 +7.909107884e+001 +7.909107884e+001 -1.1970e+000 -3.2719e-001 +2.7812e+000 +1.7467e+000 +1.3026e-001
91 +3.971245904e+001 +3.971245904e+001 +7.689245904e+001 +7.689245904e+001 -2.2136e+000 -1.7338e+000 +2.5114e+000 +3.8464e+000 +1.0522e-001
106 +2.589392292e+001 +2.589392292e+001 +6.307392292e+001 +6.307392292e+001 -1.8584e+000 -1.0613e+000 +3.2235e+000 +1.5733e+000 +2.3644e-001
114 +1.874143217e+001 +1.874143217e+001 +5.592143217e+001 +5.592143217e+001 -1.9522e+000 -6.7965e-002 +3.0765e+000 +1.4664e+000 +3.6534e-001
176 +1.831166740e+001 +1.831166740e+001 +5.549166740e+001 +5.549166740e+001 -2.4497e+000 +8.2624e-001 +3.1767e+000 +1.2524e+000 -2.3848e-002
268 +1.731977112e+001 +1.731977112e+001 +5.449977112e+001 +5.449977112e+001 -2.3891e+000 +2.5793e+000 +4.0459e+000 +1.3658e+000 -1.9229e+000
331 +1.410869679e+001 +1.410869679e+001 +5.128869679e+001 +5.128869679e+001 -1.6399e+000 +1.6304e+000 +3.9053e+000 +1.3724e+000 -8.4263e-001
370 +1.352085567e+001 +1.352085567e+001 +5.070085567e+001 +5.070085567e+001 -1.6855e+000 +1.2104e+000 +3.9493e+000 +1.2746e+000 -1.6822e+000
381 +1.267672351e+001 +1.267672351e+001 +4.985672351e+001 +4.985672351e+001 -1.4466e+000 +9.2674e-001 +3.9410e+000 +1.2479e+000 -1.0691e+000
429 +9.559387863e+000 +9.559387863e+000 +4.673938786e+001 +4.673938786e+001 -4.3065e-001 -9.2002e-001 +4.0374e+000 +1.2131e+000 -1.8986e+000
436 +8.640312649e+000 +8.640312649e+000 +4.582031265e+001 +4.582031265e+001 -1.5426e+000 +3.6115e-001 +3.6762e+000 +1.3080e+000 -2.0676e+000
454 +6.966735718e+000 +6.966735718e+000 +4.414673572e+001 +4.414673572e+001 -1.5130e+000 +6.3444e-001 +3.7269e+000 +1.2433e+000 -2.5254e+000
477 +4.797275965e+000 +4.797275965e+000 +4.197727596e+001 +4.197727596e+001 -1.3346e+000 +5.3120e-001 +3.7956e+000 +1.2650e+000 -2.5046e+000
682 +4.744638455e+000 +4.744638455e+000 +4.192463846e+001 +4.192463846e+001 -1.8153e+000 +1.6308e+000 +4.2366e+000 +1.1887e+000 -2.8091e+000
686 +3.869388539e+000 +3.869388539e+000 +4.104938854e+001 +4.104938854e+001 -1.6767e+000 +1.0652e+000 +4.0802e+000 +1.2906e+000 -2.5954e+000
715 +2.242887365e+000 +2.242887365e+000 +3.942288737e+001 +3.942288737e+001 -1.7862e+000 +9.8491e-001 +4.1433e+000 +1.1153e+000 -2.6472e+000
835 +2.089338509e+000 +2.089338509e+000 +3.926933851e+001 +3.926933851e+001 -2.7351e+000 +2.0460e+000 +3.8910e+000 +1.0027e+000 -2.8234e+000
877 +1.840327326e+000 +1.840327326e+000 +3.902032733e+001 +3.902032733e+001 -2.1797e+000 +1.6233e+000 +4.0975e+000 +9.6025e-001 -2.7253e+000
946 +1.739121670e+000 +1.739121670e+000 +3.891912167e+001 +3.891912167e+001 -2.5994e+000 +1.8675e+000 +3.7863e+000 +9.8728e-001 -2.8760e+000
1014 +1.503137802e+000 +1.503137802e+000 +3.868313780e+001 +3.868313780e+001 -2.5353e+000 +2.0246e+000 +4.0874e+000 +9.7553e-001 -2.8114e+000
1041 +1.430060284e+000 +1.430060284e+000 +3.861006028e+001 +3.861006028e+001 -2.4772e+000 +1.9879e+000 +4.1592e+000 +9.7628e-001 -2.8346e+000
1071 +9.670236969e-001 +9.670236969e-001 +3.814702370e+001 +3.814702370e+001 -2.5086e+000 +1.9501e+000 +4.0627e+000 +9.9374e-001 -2.8406e+000
1148 +9.270864477e-001 +9.270864477e-001 +3.810708645e+001 +3.810708645e+001 -2.5766e+000 +1.9417e+000 +3.9780e+000 +9.9720e-001 -2.8571e+000
1161 +8.527775091e-001 +8.527775091e-001 +3.803277751e+001 +3.803277751e+001 -2.5917e+000 +1.9222e+000 +3.9049e+000 +1.0135e+000 -2.7945e+000
1256 +8.268263726e-001 +8.268263726e-001 +3.800682637e+001 +3.800682637e+001 -2.5424e+000 +1.9382e+000 +3.9853e+000 +1.0155e+000 -2.8487e+000
1257 +6.696493967e-001 +6.696493967e-001 +3.784964940e+001 +3.784964940e+001 -2.5320e+000 +1.9086e+000 +3.9818e+000 +1.0210e+000 -2.8472e+000
1283 +5.868571447e-001 +5.868571447e-001 +3.776685714e+001 +3.776685714e+001 -2.5329e+000 +1.9174e+000 +3.9763e+000 +1.0157e+000 -2.8428e+000
1302 +4.616250166e-001 +4.616250166e-001 +3.764162502e+001 +3.764162502e+001 -2.5426e+000 +1.9212e+000 +3.9697e+000 +1.0175e+000 -2.8475e+000
1383 +3.992043473e-001 +3.992043473e-001 +3.757920435e+001 +3.757920435e+001 -2.5390e+000 +1.9110e+000 +3.9713e+000 +1.0211e+000 -2.8634e+000
1609 +2.968077943e-001 +2.968077943e-001 +3.747680779e+001 +3.747680779e+001 -2.5328e+000 +1.8888e+000 +3.9522e+000 +1.0283e+000 -2.8631e+000
1847 +2.905503009e-001 +2.905503009e-001 +3.747055030e+001 +3.747055030e+001 -2.5310e+000 +1.8811e+000 +3.9492e+000 +1.0305e+000 -2.8615e+000
1893 +2.565611988e-001 +2.565611988e-001 +3.743656120e+001 +3.743656120e+001 -2.5303e+000 +1.8788e+000 +3.9452e+000 +1.0302e+000 -2.8613e+000
1910 +2.422326302e-001 +2.422326302e-001 +3.742223263e+001 +3.742223263e+001 -2.5304e+000 +1.8788e+000 +3.9461e+000 +1.0304e+000 -2.8614e+000
1966 +2.348109813e-001 +2.348109813e-001 +3.741481098e+001 +3.741481098e+001 -2.5302e+000 +1.8784e+000 +3.9456e+000 +1.0309e+000 -2.8619e+000
2045 +2.315622242e-001 +2.315622242e-001 +3.741156222e+001 +3.741156222e+001 -2.5308e+000 +1.8788e+000 +3.9453e+000 +1.0307e+000 -2.8615e+000
2113 +2.277461804e-001 +2.277461804e-001 +3.740774618e+001 +3.740774618e+001 -2.5305e+000 +1.8788e+000 +3.9455e+000 +1.0307e+000 -2.8614e+000
2285 +2.219210402e-001 +2.219210402e-001 +3.740192104e+001 +3.740192104e+001 -2.5305e+000 +1.8788e+000 +3.9455e+000 +1.0307e+000 -2.8614e+000
2762 +2.182572264e-001 +2.182572264e-001 +3.739825723e+001 +3.739825723e+001 -2.5304e+000 +1.8788e+000 +3.9457e+000 +1.0306e+000 -2.8613e+000
3041 +2.135028359e-001 +2.135028359e-001 +3.739350284e+001 +3.739350284e+001 -2.5304e+000 +1.8788e+000 +3.9457e+000 +1.0306e+000 -2.8613e+000
% function evaluation | noise-free fitness - Fopt (-1.479000000000e+002) | best noise-free fitness - Fopt | measured fitness | best measured fitness | x1 | x2...
1 +1.194525962e+002 +1.194525962e+002 -2.844740378e+001 -2.844740378e+001 +2.4483e-001 +4.2693e+000 -3.4115e+000 +2.2457e+000 -2.0937e+000
2 +6.047558324e+001 +6.047558324e+001 -8.742441676e+001 -8.742441676e+001 -2.2628e-001 +4.5391e+000 -4.4811e+000 +2.2872e+000 -2.2702e+000
6 +5.534465421e+001 +5.534465421e+001 -9.255534579e+001 -9.255534579e+001 -1.8905e-001 +3.8562e+000 -3.1834e+000 +2.4393e+000 -3.0793e+000
23 +4.836692337e+001 +4.836692337e+001 -9.953307663e+001 -9.953307663e+001 -3.1543e-001 +3.4793e+000 -3.9109e+000 +2.4361e+000 -2.1812e+000
57 +2.809950534e+001 +2.809950534e+001 -1.198004947e+002 -1.198004947e+002 -2.5054e+000 +4.4638e+000 -2.6379e+000 +9.2798e-001 -2.5381e+000
146 +2.556636103e+001 +2.556636103e+001 -1.223336390e+002 -1.223336390e+002 -1.3892e+000 +3.5310e+000 -3.0741e+000 +2.7008e-001 -2.4194e+000
207 +2.355785907e+001 +2.355785907e+001 -1.243421409e+002 -1.243421409e+002 -3.5066e+000 +2.8326e+000 -3.3408e+000 -8.9721e-002 -2.3224e+000
220 +2.079116567e+001 +2.079116567e+001 -1.271088343e+002 -1.271088343e+002 -3.7435e+000 +2.9331e+000 -2.6062e+000 +1.9046e-001 -1.9656e+000
246 +1.775379955e+001 +1.775379955e+001 -1.301462004e+002 -1.301462004e+002 -2.5416e+000 +3.2309e+000 -2.5883e+000 +1.6250e-001 -3.0505e+000
278 +1.122439834e+001 +1.122439834e+001 -1.366756017e+002 -1.366756017e+002 -2.7642e+000 +1.9508e+000 -1.2546e+000 -1.2205e+000 -2.6541e+000
294 +1.057625595e+001 +1.057625595e+001 -1.373237440e+002 -1.373237440e+002 -2.8628e+000 +5.9229e-001 +3.6899e-001 -2.2887e+000 -2.6736e+000
295 +7.075595884e+000 +7.075595884e+000 -1.408244041e+002 -1.408244041e+002 -3.7786e+000 +2.2394e+000 -2.7074e+000 -1.1873e+000 -2.4680e+000
327 +6.253515074e+000 +6.253515074e+000 -1.416464849e+002 -1.416464849e+002 -2.6404e+000 +1.8911e+000 -1.0910e+000 -1.7947e+000 -3.3638e+000
455 +6.118156354e+000 +6.118156354e+000 -1.417818436e+002 -1.417818436e+002 -1.9998e+000 +1.0810e+000 +6.4405e-003 -2.1291e+000 -3.1102e+000
480 +5.957428019e+000 +5.957428019e+000 -1.419425720e+002 -1.419425720e+002 -2.1763e+000 +1.3920e+000 -3.0952e-001 -1.6917e+000 -3.5481e+000
501 +5.227906245e+000 +5.227906245e+000 -1.426720938e+002 -1.426720938e+002 -2.4140e+000 +1.2141e+000 +1.2967e-001 -1.3401e+000 -3.2174e+000
503 +4.937138888e+000 +4.937138888e+000 -1.429628611e+002 -1.429628611e+002 -1.9783e+000 +9.5819e-001 +3.6985e-001 -2.7777e+000 -3.7196e+000
544 +4.619201288e+000 +4.619201288e+000 -1.432807987e+002 -1.432807987e+002 -2.0543e+000 +1.2667e+000 -3.5714e-001 -2.3252e+000 -4.0234e+000
559 +1.367439938e+000 +1.367439938e+000 -1.465325601e+002 -1.465325601e+002 -1.5991e+000 +7.9962e-001 -1.6137e-001 -2.6059e+000 -3.9889e+000
736 +1.309732550e+000 +1.309732550e+000 -1.465902675e+002 -1.465902675e+002 -1.8544e+000 +8.7414e-001 -3.7238e-001 -2.5046e+000 -3.7870e+000
753 +1.047984444e+000 +1.047984444e+000 -1.468520156e+002 -1.468520156e+002 -1.8243e+000 +8.6142e-001 -3.2526e-001 -2.5259e+000 -3.7152e+000
776 +9.648866793e-001 +9.648866793e-001 -1.469351133e+002 -1.469351133e+002 -1.8188e+000 +8.9635e-001 -2.7719e-001 -2.4610e+000 -3.7529e+000
810 +6.038009858e-001 +6.038009858e-001 -1.472961990e+002 -1.472961990e+002 -1.8321e+000 +8.8005e-001 -3.0661e-001 -2.4682e+000 -3.7444e+000
988 +5.954378261e-001 +5.954378261e-001 -1.473045622e+002 -1.473045622e+002 -1.8280e+000 +8.8054e-001 -2.9743e-001 -2.4781e+000 -3.7517e+000
1113 +5.880437606e-001 +5.880437606e-001 -1.473119562e+002 -1.473119562e+002 -1.8384e+000 +8.8184e-001 -3.0546e-001 -2.4722e+000 -3.7416e+000
1274 +5.592706000e-001 +5.592706000e-001 -1.473407294e+002 -1.473407294e+002 -1.8273e+000 +8.8537e-001 -2.8814e-001 -2.4581e+000 -3.7498e+000
1684 +5.490857062e-001 +5.490857062e-001 -1.473509143e+002 -1.473509143e+002 -1.8267e+000 +8.8754e-001 -2.8860e-001 -2.4628e+000 -3.7544e+000
1686 +5.309419480e-001 +5.309419480e-001 -1.473690581e+002 -1.473690581e+002 -1.8267e+000 +8.8739e-001 -2.8560e-001 -2.4627e+000 -3.7566e+000
1740 +5.145905979e-001 +5.145905979e-001 -1.473854094e+002 -1.473854094e+002 -1.8267e+000 +8.8790e-001 -2.8604e-001 -2.4617e+000 -3.7566e+000
1781 +5.088136195e-001 +5.088136195e-001 -1.473911864e+002 -1.473911864e+002 -1.8269e+000 +8.8703e-001 -2.8634e-001 -2.4625e+000 -3.7560e+000
2044 +5.005806270e-001 +5.005806270e-001 -1.473994194e+002 -1.473994194e+002 -1.8292e+000 +8.8773e-001 -2.8934e-001 -2.4622e+000 -3.7547e+000
2170 +4.896996448e-001 +4.896996448e-001 -1.474103004e+002 -1.474103004e+002 -1.8283e+000 +8.8764e-001 -2.8830e-001 -2.4622e+000 -3.7552e+000
3923 +4.785358808e-001 +4.785358808e-001 -1.474214641e+002 -1.474214641e+002 -1.8284e+000 +8.8782e-001 -2.8852e-001 -2.4620e+000 -3.7552e+000
% function evaluation | noise-free fitness - Fopt (-6.080000000000e+000) | best noise-free fitness - Fopt | measured fitness | best measured fitness | x1 | x2...
1 +5.933297095e+001 +5.933297095e+001 +5.325297095e+001 +5.325297095e+001 -1.4560e+000 +4.6385e+000 +4.9490e-001 +2.0865e+000 +3.8269e+000
2 +5.147002919e+001 +5.147002919e+001 +4.539002919e+001 +4.539002919e+001 -9.8170e-001 +3.7929e+000 +4.5994e-001 +2.3636e+000 +1.2338e+000
34 +4.916544919e+001 +4.916544919e+001 +4.308544919e+001 +4.308544919e+001 -1.1471e+000 +4.6493e+000 -1.0717e+000 +2.3210e+000 +3.2853e+000
52 +4.078694438e+001 +4.078694438e+001 +3.470694438e+001 +3.470694438e+001 -5.0653e-001 +3.7310e+000 -1.0720e+000 +3.1494e+000 +2.8538e+000
59 +3.914859020e+001 +3.914859020e+001 +3.306859020e+001 +3.306859020e+001 -4.3085e-001 +3.2155e+000 -3.8885e-001 +3.0946e+000 +2.9860e+000
91 +3.448714094e+001 +3.448714094e+001 +2.840714094e+001 +2.840714094e+001 +7.0877e-002 +1.7269e+000 -3.7035e+000 +1.3316e+000 +1.9202e+000
92 +3.174505436e+001 +3.174505436e+001 +2.566505436e+001 +2.566505436e+001 -7.9733e-001 +2.5665e+000 -1.3987e+000 -1.4716e+000 +2.3964e+000
118 +2.699503015e+001 +2.699503015e+001 +2.091503015e+001 +2.091503015e+001 -2.8763e-001 +3.3351e+000 -1.6122e+000 +6.9896e-002 +2.8455e+000
130 +1.122923368e+001 +1.122923368e+001 +5.149233677e+000 +5.149233677e+000 +1.3278e-001 +2.7760e+000 -2.7836e+000 -3.1488e-001 +1.4285e+000
144 +8.146535402e+000 +8.146535402e+000 +2.066535402e+000 +2.066535402e+000 -2.3215e-001 +2.6395e+000 -2.8262e+000 -1.0732e+000 +2.4827e+000
183 +3.019595659e+000 +3.019595659e+000 -3.060404341e+000 -3.060404341e+000 +4.6304e-001 +2.5294e+000 -2.9701e+000 -2.5121e-001 +9.2809e-001
320 +2.527247505e+000 +2.527247505e+000 -3.552752495e+000 -3.552752495e+000 +4.3653e-001 +2.3257e+000 -2.7598e+000 -6.1002e-001 +1.1561e+000
372 +2.305643547e+000 +2.305643547e+000 -3.774356453e+000 -3.774356453e+000 +5.2867e-001 +2.2042e+000 -2.8658e+000 -6.3793e-001 +1.2366e+000
391 +2.093864656e+000 +2.093864656e+000 -3.986135344e+000 -3.986135344e+000 +5.8714e-001 +2.1899e+000 -2.8362e+000 -5.7854e-001 +1.2325e+000
405 +1.973745562e+000 +1.973745562e+000 -4.106254438e+000 -4.106254438e+000 +7.0014e-001 +2.1782e+000 -2.9402e+000 -5.9951e-001 +1.1303e+000
500 +1.761211974e+000 +1.761211974e+000 -4.318788026e+000 -4.318788026e+000 +6.0433e-001 +2.0964e+000 -2.8821e+000 -5.6102e-001 +1.2446e+000
512 +1.408677853e+000 +1.408677853e+000 -4.671322147e+000 -4.671322147e+000 +5.5316e-001 +2.1661e+000 -2.9279e+000 -9.4887e-001 +1.3105e+000
535 +1.116851827e+000 +1.116851827e+000 -4.963148173e+000 -4.963148173e+000 +6.0559e-001 +2.1663e+000 -2.9110e+000 -7.7143e-001 +1.4013e+000
610 +1.084975634e+000 +1.084975634e+000 -4.995024366e+000 -4.995024366e+000 +6.0493e-001 +2.0589e+000 -2.9074e+000 -7.0356e-001 +1.2791e+000
622 +8.535065959e-001 +8.535065959e-001 -5.226493404e+000 -5.226493404e+000 +5.7093e-001 +2.0889e+000 -3.0779e+000 -7.1124e-001 +1.3393e+000
626 +7.354691370e-001 +7.354691370e-001 -5.344530863e+000 -5.344530863e+000 +5.8137e-001 +2.0477e+000 -3.1163e+000 -6.7849e-001 +1.2901e+000
778 +5.511934260e-001 +5.511934260e-001 -5.528806574e+000 -5.528806574e+000 +5.7567e-001 +2.0958e+000 -3.1149e+000 -7.4539e-001 +1.3731e+000
869 +5.318650620e-001 +5.318650620e-001 -5.548134938e+000 -5.548134938e+000 +5.7529e-001 +2.1030e+000 -3.1019e+000 -7.3581e-001 +1.3518e+000
903 +3.882499614e-001 +3.882499614e-001 -5.691750039e+000 -5.691750039e+000 +5.9843e-001 +2.0994e+000 -3.1405e+000 -6.7605e-001 +1.3067e+000
955 +3.613075789e-001 +3.613075789e-001 -5.718692421e+000 -5.718692421e+000 +6.2955e-001 +2.0817e+000 -3.1589e+000 -6.4056e-001 +1.2721e+000
998 +1.304512508e-001 +1.304512508e-001 -5.949548749e+000 -5.949548749e+000 +6.2063e-001 +2.0700e+000 -3.1635e+000 -6.2598e-001 +1.2821e+000
1160 +1.186823065e-001 +1.186823065e-001 -5.961317693e+000 -5.961317693e+000 +5.9376e-001 +2.0764e+000 -3.1743e+000 -6.4249e-001 +1.2836e+000
1180 +9.272849366e-002 +9.272849366e-002 -5.987271506e+000 -5.987271506e+000 +5.8931e-001 +2.0886e+000 -3.1651e+000 -6.3973e-001 +1.2844e+000
1220 +8.759832103e-002 +8.759832103e-002 -5.992401679e+000 -5.992401679e+000 +5.9238e-001 +2.0863e+000 -3.1847e+000 -6.3592e-001 +1.2801e+000
1280 +6.928791727e-002 +6.928791727e-002 -6.010712083e+000 -6.010712083e+000 +5.7811e-001 +2.0820e+000 -3.1934e+000 -6.4651e-001 +1.2843e+000
1314 +6.475020392e-002 +6.475020392e-002 -6.015249796e+000 -6.015249796e+000 +5.8062e-001 +2.0822e+000 -3.2020e+000 -6.4496e-001 +1.2776e+000
1322 +5.150442151e-002 +5.150442151e-002 -6.028495578e+000 -6.028495578e+000 +5.8776e-001 +2.0818e+000 -3.1953e+000 -6.4172e-001 +1.2798e+000
1334 +3.785294213e-002 +3.785294213e-002 -6.042147058e+000 -6.042147058e+000 +5.8849e-001 +2.0790e+000 -3.1904e+000 -6.4072e-001 +1.2824e+000
1420 +3.369175654e-002 +3.369175654e-002 -6.046308243e+000 -6.046308243e+000 +5.8380e-001 +2.0822e+000 -3.1935e+000 -6.4295e-001 +1.2809e+000
1453 +2.853509176e-002 +2.853509176e-002 -6.051464908e+000 -6.051464908e+000 +5.8563e-001 +2.0815e+000 -3.1959e+000 -6.4094e-001 +1.2784e+000
1604 +2.444742492e-002 +2.444742492e-002 -6.055552575e+000 -6.055552575e+000 +5.8419e-001 +2.0818e+000 -3.1917e+000 -6.4326e-001 +1.2812e+000
1833 +1.680077339e-002 +1.680077339e-002 -6.063199227e+000 -6.063199227e+000 +5.8442e-001 +2.0808e+000 -3.1997e+000 -6.3874e-001 +1.2767e+000
1984 +1.377141499e-002 +1.377141499e-002 -6.066228585e+000 -6.066228585e+000 +5.8480e-001 +2.0811e+000 -3.1998e+000 -6.3863e-001 +1.2756e+000
2017 +1.261023354e-002 +1.261023354e-002 -6.067389766e+000 -6.067389766e+000 +5.8490e-001 +2.0808e+000 -3.1994e+000 -6.3913e-001 +1.2764e+000
2042 +1.205921104e-002 +1.205921104e-002 -6.067940789e+000 -6.067940789e+000 +5.8482e-001 +2.0811e+000 -3.2007e+000 -6.3830e-001 +1.2752e+000
2135 +1.115957326e-002 +1.115957326e-002 -6.068840427e+000 -6.068840427e+000 +5.8470e-001 +2.0811e+000 -3.2002e+000 -6.3818e-001 +1.2753e+000
2195 +9.115255923e-003 +9.115255923e-003 -6.070884744e+000 -6.070884744e+000 +5.8478e-001 +2.0810e+000 -3.2001e+000 -6.3822e-001 +1.2754e+000
2350 +8.703721563e-003 +8.703721563e-003 -6.071296278e+000 -6.071296278e+000 +5.8489e-001 +2.0810e+000 -3.2003e+000 -6.3811e-001 +1.2752e+000
2405 +8.093004856e-003 +8.093004856e-003 -6.071906995e+000 -6.071906995e+000 +5.8477e-001 +2.0809e+000 -3.2006e+000 -6.3815e-001 +1.2752e+000
2568 +7.662003151e-003 +7.662003151e-003 -6.072337997e+000 -6.072337997e+000 +5.8472e-001 +2.0810e+000 -3.2006e+000 -6.3814e-001 +1.2751e+000
2643 +6.924514218e-003 +6.924514218e-003 -6.073075486e+000 -6.073075486e+000 +5.8484e-001 +2.0809e+000 -3.2006e+000 -6.3800e-001 +1.2751e+000
2676 +6.903580550e-003 +6.903580550e-003 -6.073096419e+000 -6.073096419e+000 +5.8477e-001 +2.0810e+000 -3.2006e+000 -6.3810e-001 +1.2751e+000
2763 +6.503892224e-003 +6.503892224e-003 -6.073496108e+000 -6.073496108e+000 +5.8475e-001 +2.0810e+000 -3.2006e+000 -6.3809e-001 +1.2751e+000
2926 +6.432845400e-003 +6.432845400e-003 -6.073567155e+000 -6.073567155e+000 +5.8476e-001 +2.0810e+000 -3.2006e+000 -6.3809e-001 +1.2751e+000
3263 +6.082645048e-003 +6.082645048e-003 -6.073917355e+000 -6.073917355e+000 +5.8475e-001 +2.0810e+000 -3.2006e+000 -6.3808e-001 +1.2751e+000
3582 +5.958927100e-003 +5.958927100e-003 -6.074041073e+000 -6.074041073e+000 +5.8475e-001 +2.0810e+000 -3.2006e+000 -6.3810e-001 +1.2751e+000
3966 +5.835262816e-003 +5.835262816e-003 -6.074164737e+000 -6.074164737e+000 +5.8476e-001 +2.0810e+000 -3.2006e+000 -6.3810e-001 +1.2751e+000
4093 +5.707659934e-003 +5.707659934e-003 -6.074292340e+000 -6.074292340e+000 +5.8476e-001 +2.0810e+000 -3.2006e+000 -6.3810e-001 +1.2751e+000
4455 +5.614302954e-003 +5.614302954e-003 -6.074385697e+000 -6.074385697e+000 +5.8476e-001 +2.0810e+000 -3.2006e+000 -6.3810e-001 +1.2751e+000
% function evaluation | noise-free fitness - Fopt (2.431100000000e+002) | best noise-free fitness - Fopt | measured fitness | best measured fitness | x1 | x2...
1 +9.665472561e+001 +9.665472561e+001 +3.397647256e+002 +3.397647256e+002 -3.5913e+000 -4.1432e+000 +2.3258e+000 -4.4697e+000 +4.4405e-001
2 +4.731435814e+001 +4.731435814e+001 +2.904243581e+002 +2.904243581e+002 -5.0618e+000 -3.0840e+000 +2.2707e+000 -4.7870e+000 +1.8897e+000
8 +4.506765388e+001 +4.506765388e+001 +2.881776539e+002 +2.881776539e+002 -4.7822e+000 -3.1752e+000 +2.1262e+000 -4.8669e+000 +1.9255e+000
27 +4.099542448e+001 +4.099542448e+001 +2.841054245e+002 +2.841054245e+002 -3.4045e+000 -3.2325e+000 +1.9745e+000 -4.7174e+000 +1.2128e+000
45 +3.238749027e+001 +3.238749027e+001 +2.754974903e+002 +2.754974903e+002 -4.6112e+000 -3.9185e+000 +1.9633e+000 -4.4460e+000 +1.4388e+000
73 +3.232804334e+001 +3.232804334e+001 +2.754380433e+002 +2.754380433e+002 -4.2489e+000 -3.3511e+000 +1.8173e+000 -4.3501e+000 +1.2222e+000
74 +1.642970242e+001 +1.642970242e+001 +2.595397024e+002 +2.595397024e+002 -4.9210e+000 -7.2726e-001 -3.1483e+000 -3.0664e+000 -1.6603e+000
206 +1.584158771e+001 +1.584158771e+001 +2.589515877e+002 +2.589515877e+002 -2.0723e+000 -3.0496e+000 +8.5006e-001 -1.3298e+000 -2.1787e+000
232 +1.398047861e+001 +1.398047861e+001 +2.570904786e+002 +2.570904786e+002 -1.3760e+000 -2.3026e+000 -1.7354e-001 -1.4704e+000 -1.4480e+000
279 +1.345294807e+001 +1.345294807e+001 +2.565629481e+002 +2.565629481e+002 -4.7423e+000 -1.8932e+000 -1.0648e+000 -2.7371e+000 -2.1382e+000
293 +1.212190150e+001 +1.212190150e+001 +2.552319015e+002 +2.552319015e+002 -1.5254e+000 -2.0625e+000 -9.9036e-001 -1.2383e+000 -9.1075e-001
306 +1.040701546e+001 +1.040701546e+001 +2.535170155e+002 +2.535170155e+002 -3.0993e+000 -1.6762e+000 -1.2996e+000 -6.8924e-001 -1.1824e+000
310 +1.001265421e+001 +1.001265421e+001 +2.531226542e+002 +2.531226542e+002 -2.3567e+000 -1.7504e+000 -4.0893e-002 -1.3900e+000 -2.6764e+000
311 +4.460068445e+000 +4.460068445e+000 +2.475700684e+002 +2.475700684e+002 -3.2968e+000 -1.5633e+000 -6.5295e-001 -1.8439e+000 -1.4038e+000
406 +4.073629739e+000 +4.073629739e+000 +2.471836297e+002 +2.471836297e+002 -2.9468e+000 -1.8944e+000 -7.3410e-001 -1.0267e+000 -1.5149e+000
410 +3.618260491e+000 +3.618260491e+000 +2.467282605e+002 +2.467282605e+002 -3.0132e+000 -1.8627e+000 -7.7201e-001 -9.7765e-001 -1.6507e+000
412 +2.888462582e+000 +2.888462582e+000 +2.459984626e+002 +2.459984626e+002 -3.1657e+000 -1.9264e+000 -7.5873e-001 -7.9092e-001 -1.3317e+000
451 +2.331941330e+000 +2.331941330e+000 +2.454419413e+002 +2.454419413e+002 -2.9425e+000 -1.9036e+000 -5.3206e-001 -1.2109e+000 -1.6073e+000
466 +1.824533376e+000 +1.824533376e+000 +2.449345334e+002 +2.449345334e+002 -2.9371e+000 -1.8697e+000 -6.6295e-001 -1.1148e+000 -1.6538e+000
609 +1.754155295e+000 +1.754155295e+000 +2.448641553e+002 +2.448641553e+002 -2.9032e+000 -1.8245e+000 -5.4983e-001 -1.3152e+000 -1.7479e+000
625 +1.227249387e+000 +1.227249387e+000 +2.443372494e+002 +2.443372494e+002 -2.9803e+000 -1.6607e+000 -4.8994e-001 -1.1962e+000 -1.5534e+000
742 +1.110793311e+000 +1.110793311e+000 +2.442207933e+002 +2.442207933e+002 -3.0640e+000 -1.7100e+000 -5.3714e-001 -1.2955e+000 -1.6495e+000
786 +9.012344009e-001 +9.012344009e-001 +2.440112344e+002 +2.440112344e+002 -3.0453e+000 -1.6545e+000 -5.3273e-001 -1.3333e+000 -1.6187e+000
945 +7.283703784e-001 +7.283703784e-001 +2.438383704e+002 +2.438383704e+002 -3.1020e+000 -1.6568e+000 -5.3277e-001 -1.3139e+000 -1.6360e+000
982 +6.880423830e-001 +6.880423830e-001 +2.437980424e+002 +2.437980424e+002 -3.1159e+000 -1.6737e+000 -5.3774e-001 -1.3290e+000 -1.6536e+000
1027 +6.383601887e-001 +6.383601887e-001 +2.437483602e+002 +2.437483602e+002 -3.1114e+000 -1.6663e+000 -5.3406e-001 -1.3182e+000 -1.6353e+000
1069 +6.107015636e-001 +6.107015636e-001 +2.437207016e+002 +2.437207016e+002 -3.1124e+000 -1.6630e+000 -5.3074e-001 -1.3201e+000 -1.6468e+000
1073 +5.627221876e-001 +5.627221876e-001 +2.436727222e+002 +2.436727222e+002 -3.1126e+000 -1.6613e+000 -5.1227e-001 -1.3323e+000 -1.6499e+000
1090 +5.201381251e-001 +5.201381251e-001 +2.436301381e+002 +2.436301381e+002 -3.1151e+000 -1.6575e+000 -5.2141e-001 -1.3269e+000 -1.6423e+000
1174 +4.910655142e-001 +4.910655142e-001 +2.436010655e+002 +2.436010655e+002 -3.1083e+000 -1.6713e+000 -5.2331e-001 -1.3199e+000 -1.6410e+000
1440 +4.518871907e-001 +4.518871907e-001 +2.435618872e+002 +2.435618872e+002 -3.1346e+000 -1.6625e+000 -5.2857e-001 -1.3345e+000 -1.6477e+000
2236 +4.457607729e-001 +4.457607729e-001 +2.435557608e+002 +2.435557608e+002 -3.1257e+000 -1.6687e+000 -5.2840e-001 -1.3271e+000 -1.6436e+000
2617 +4.350048051e-001 +4.350048051e-001 +2.435450048e+002 +2.435450048e+002 -3.1257e+000 -1.6677e+000 -5.2818e-001 -1.3266e+000 -1.6427e+000
2678 +4.263028196e-001 +4.263028196e-001 +2.435363028e+002 +2.435363028e+002 -3.1258e+000 -1.6675e+000 -5.2806e-001 -1.3264e+000 -1.6425e+000
3753 +4.165576157e-001 +4.165576157e-001 +2.435265576e+002 +2.435265576e+002 -3.1259e+000 -1.6674e+000 -5.2810e-001 -1.3264e+000 -1.6424e+000
% function evaluation | noise-free fitness - Fopt (-1.436200000000e+002) | best noise-free fitness - Fopt | measured fitness | best measured fitness | x1 | x2...
1 +2.426374607e+002 +2.426374607e+002 +9.901746068e+001 +9.901746068e+001 -1.3462e+000 -2.4589e+000 +1.8100e+000 +2.7775e+000 -3.3410e+000
2 +1.249734463e+002 +1.249734463e+002 -1.864655365e+001 -1.864655365e+001 -6.4596e-001 -2.4517e+000 -1.0079e+000 +3.0937e+000 -3.4683e+000
4 +1.132440087e+002 +1.132440087e+002 -3.037599130e+001 -3.037599130e+001 -9.5979e-001 -2.1503e+000 +1.3657e+000 +3.3150e+000 -3.9917e+000
6 +1.094377177e+002 +1.094377177e+002 -3.418228225e+001 -3.418228225e+001 -4.5060e+000 -1.9631e+000 +2.4751e+000 +2.5331e+000 -4.0438e+000
15 +1.046706841e+002 +1.046706841e+002 -3.894931590e+001 -3.894931590e+001 -1.9389e+000 -1.8875e+000 +1.5661e+000 +2.3129e+000 -7.2319e-001
16 +7.327023450e+001 +7.327023450e+001 -7.034976550e+001 -7.034976550e+001 -3.6111e+000 -2.3409e+000 +1.4581e+000 +3.1969e+000 -2.7326e+000
35 +5.133020891e+001 +5.133020891e+001 -9.228979109e+001 -9.228979109e+001 -1.8860e+000 -1.9422e+000 -7.4245e-001 +2.5249e+000 -2.2563e+000
79 +4.086498604e+001 +4.086498604e+001 -1.027550140e+002 -1.027550140e+002 -4.9080e+000 -1.7127e-001 +1.4372e+000 +3.6810e+000 -1.6779e-001
82 +3.631300906e+001 +3.631300906e+001 -1.073069909e+002 -1.073069909e+002 -2.8367e+000 -2.3445e+000 +6.1913e-001 +2.5002e+000 +2.6987e+000
89 +3.381977760e+001 +3.381977760e+001 -1.098002224e+002 -1.098002224e+002 -2.9293e+000 -1.9599e+000 -6.6820e-002 +9.6754e-001 +4.4009e-001
112 +2.377865590e+001 +2.377865590e+001 -1.198413441e+002 -1.198413441e+002 -2.8352e+000 -6.8982e-001 +4.5761e-001 +2.6658e+000 +2.9586e-001
232 +2.088395373e+001 +2.088395373e+001 -1.227360463e+002 -1.227360463e+002 -3.4773e+000 -4.8432e-001 +3.3636e-001 -3.2509e-001 +1.9614e+000
282 +1.751648304e+001 +1.751648304e+001 -1.261035170e+002 -1.261035170e+002 -2.2253e+000 +8.2115e-001 +4.4676e-001 -4.1437e-001 +4.2713e+000
283 +1.362897838e+001 +1.362897838e+001 -1.299910216e+002 -1.299910216e+002 -2.6919e+000 +3.9696e-001 +5.4736e-001 +2.0929e-001 +2.7066e+000
295 +1.278828007e+001 +1.278828007e+001 -1.308317199e+002 -1.308317199e+002 -2.6767e+000 +1.5784e+000 +5.2444e-001 +3.2850e-001 +3.0387e+000
332 +8.967996589e+000 +8.967996589e+000 -1.346520034e+002 -1.346520034e+002 -3.0290e+000 +2.2540e+000 +7.5643e-001 +1.1928e-001 +3.1580e+000
368 +3.425567737e+000 +3.425567737e+000 -1.401944323e+002 -1.401944323e+002 -2.4501e+000 +3.1646e+000 +9.0898e-001 +8.0210e-001 +1.9644e+000
385 +3.268706689e+000 +3.268706689e+000 -1.403512933e+002 -1.403512933e+002 -1.6042e+000 +3.3026e+000 +6.6762e-001 +4.8028e-001 +2.7714e+000
501 +1.764555141e+000 +1.764555141e+000 -1.418554449e+002 -1.418554449e+002 -2.3534e+000 +3.2398e+000 +8.6132e-001 +8.5629e-001 +1.9433e+000
682 +1.678603358e+000 +1.678603358e+000 -1.419413966e+002 -1.419413966e+002 -2.7701e+000 +3.3491e+000 +7.1952e-001 +1.3239e+000 +1.9028e+000
792 +1.608507739e+000 +1.608507739e+000 -1.420114923e+002 -1.420114923e+002 -2.8164e+000 +3.3067e+000 +6.8037e-001 +1.5061e+000 +1.7612e+000
819 +1.411693575e+000 +1.411693575e+000 -1.422083064e+002 -1.422083064e+002 -2.6400e+000 +3.3698e+000 +6.7350e-001 +1.2279e+000 +1.8706e+000
837 +1.378049103e+000 +1.378049103e+000 -1.422419509e+002 -1.422419509e+002 -2.6415e+000 +3.3442e+000 +7.3578e-001 +1.3575e+000 +1.8851e+000
936 +1.190592279e+000 +1.190592279e+000 -1.424294077e+002 -1.424294077e+002 -2.6186e+000 +3.3571e+000 +7.1388e-001 +1.1952e+000 +2.0178e+000
938 +9.143179469e-001 +9.143179469e-001 -1.427056821e+002 -1.427056821e+002 -2.7146e+000 +3.3103e+000 +7.3613e-001 +1.2865e+000 +1.9016e+000
990 +8.480698852e-001 +8.480698852e-001 -1.427719301e+002 -1.427719301e+002 -2.6694e+000 +3.2796e+000 +7.1266e-001 +1.2229e+000 +1.8800e+000
1193 +8.052836896e-001 +8.052836896e-001 -1.428147163e+002 -1.428147163e+002 -2.7618e+000 +3.2758e+000 +7.3354e-001 +1.3055e+000 +1.9217e+000
1300 +7.180465208e-001 +7.180465208e-001 -1.429019535e+002 -1.429019535e+002 -2.7147e+000 +3.3186e+000 +7.2975e-001 +1.2999e+000 +1.9157e+000
1307 +6.230680213e-001 +6.230680213e-001 -1.429969320e+002 -1.429969320e+002 -2.7237e+000 +3.3094e+000 +7.1837e-001 +1.3058e+000 +1.9112e+000
1378 +5.367118703e-001 +5.367118703e-001 -1.430832881e+002 -1.430832881e+002 -2.7208e+000 +3.3230e+000 +7.2629e-001 +1.3056e+000 +1.9056e+000
1453 +4.846824756e-001 +4.846824756e-001 -1.431353175e+002 -1.431353175e+002 -2.7108e+000 +3.3262e+000 +7.1876e-001 +1.3010e+000 +1.9055e+000
1498 +4.620920532e-001 +4.620920532e-001 -1.431579079e+002 -1.431579079e+002 -2.7205e+000 +3.3225e+000 +7.1943e-001 +1.3060e+000 +1.8985e+000
1818 +4.339192854e-001 +4.339192854e-001 -1.431860807e+002 -1.431860807e+002 -2.7160e+000 +3.3235e+000 +7.1832e-001 +1.3043e+000 +1.8975e+000
2061 +4.074610311e-001 +4.074610311e-001 -1.432125390e+002 -1.432125390e+002 -2.7139e+000 +3.3257e+000 +7.1755e-001 +1.3028e+000 +1.8976e+000
2093 +4.000783245e-001 +4.000783245e-001 -1.432199217e+002 -1.432199217e+002 -2.7152e+000 +3.3263e+000 +7.1685e-001 +1.3041e+000 +1.8947e+000
2245 +3.962271658e-001 +3.962271658e-001 -1.432237728e+002 -1.432237728e+002 -2.7162e+000 +3.3256e+000 +7.1787e-001 +1.3050e+000 +1.8968e+000
2383 +3.729196569e-001 +3.729196569e-001 -1.432470803e+002 -1.432470803e+002 -2.7148e+000 +3.3257e+000 +7.1829e-001 +1.3038e+000 +1.8973e+000
2883 +3.709700777e-001 +3.709700777e-001 -1.432490299e+002 -1.432490299e+002 -2.7131e+000 +3.3255e+000 +7.1884e-001 +1.3021e+000 +1.8989e+000
2952 +3.592249758e-001 +3.592249758e-001 -1.432607750e+002 -1.432607750e+002 -2.7132e+000 +3.3255e+000 +7.1875e-001 +1.3021e+000 +1.8988e+000
3321 +3.516336748e-001 +3.516336748e-001 -1.432683663e+002 -1.432683663e+002 -2.7133e+000 +3.3254e+000 +7.1878e-001 +1.3021e+000 +1.8988e+000
% function evaluation | noise-free fitness - Fopt (4.290000000000e+001) | best noise-free fitness - Fopt | measured fitness | best measured fitness | x1 | x2...
1 +1.005182646e+002 +1.005182646e+002 +1.434182646e+002 +1.434182646e+002 +4.5307e+000 -1.6259e+000 +3.7534e+000 +1.2115e+000 +1.1622e+000
3 +9.287149054e+001 +9.287149054e+001 +1.357714905e+002 +1.357714905e+002 +4.0466e+000 -4.1758e+000 +3.2107e+000 +1.4250e+000 +8.9561e-001
9 +3.075843844e+001 +3.075843844e+001 +7.365843844e+001 +7.365843844e+001 +1.4141e+000 -2.5750e+000 +3.1257e+000 +1.0281e+000 +7.8958e-001
40 +1.865054716e+001 +1.865054716e+001 +6.155054716e+001 +6.155054716e+001 +7.7008e-001 -2.6127e+000 +3.2861e+000 +1.2594e+000 +1.0515e+000
59 +1.386331527e+001 +1.386331527e+001 +5.676331527e+001 +5.676331527e+001 +7.7527e-001 -2.3246e+000 +9.6063e-001 +6.6566e-001 +5.2103e-001
85 +5.704908081e+000 +5.704908081e+000 +4.860490808e+001 +4.860490808e+001 +1.0302e+000 -2.3003e+000 +2.4312e+000 +1.3176e+000 -2.1449e-001
175 +5.485772377e+000 +5.485772377e+000 +4.838577238e+001 +4.838577238e+001 +1.0525e+000 -2.0852e+000 +1.6407e+000 -3.6448e-001 -1.4009e+000
254 +5.314157818e+000 +5.314157818e+000 +4.821415782e+001 +4.821415782e+001 +8.7378e-001 -1.1962e+000 +2.1195e+000 -3.9578e-001 -8.8565e-001
375 +5.027968854e+000 +5.027968854e+000 +4.792796885e+001 +4.792796885e+001 +8.7621e-001 -2.3327e+000 +1.7388e+000 -6.6875e-001 -1.9227e+000
396 +3.367594496e+000 +3.367594496e+000 +4.626759450e+001 +4.626759450e+001 +9.9543e-001 -2.0877e+000 +2.7409e+000 +2.3203e-001 -1.6734e+000
518 +2.798709365e+000 +2.798709365e+000 +4.569870936e+001 +4.569870936e+001 +9.5138e-001 -2.0447e+000 +2.0844e+000 -3.1355e-001 -2.0197e+000
608 +1.599476264e+000 +1.599476264e+000 +4.449947626e+001 +4.449947626e+001 +1.0291e+000 -1.9048e+000 +2.0496e+000 -6.5571e-001 -1.9520e+000
730 +1.298168769e+000 +1.298168769e+000 +4.419816877e+001 +4.419816877e+001 +1.0703e+000 -1.9765e+000 +2.0688e+000 -5.7514e-001 -1.9822e+000
836 +1.247249380e+000 +1.247249380e+000 +4.414724938e+001 +4.414724938e+001 +1.0690e+000 -2.0421e+000 +2.0760e+000 -4.8405e-001 -2.0169e+000
889 +1.219115833e+000 +1.219115833e+000 +4.411911583e+001 +4.411911583e+001 +1.0726e+000 -2.0397e+000 +2.1019e+000 -4.3999e-001 -1.9932e+000
902 +6.437706474e-001 +6.437706474e-001 +4.354377065e+001 +4.354377065e+001 +1.0800e+000 -2.0790e+000 +2.1313e+000 -3.8007e-001 -2.0006e+000
974 +6.182784526e-001 +6.182784526e-001 +4.351827845e+001 +4.351827845e+001 +1.0814e+000 -2.0799e+000 +2.1329e+000 -3.8677e-001 -2.0092e+000
979 +5.853668647e-001 +5.853668647e-001 +4.348536686e+001 +4.348536686e+001 +1.0808e+000 -2.0919e+000 +2.1440e+000 -3.6196e-001 -2.0005e+000
1037 +5.711149405e-001 +5.711149405e-001 +4.347111494e+001 +4.347111494e+001 +1.0827e+000 -2.0907e+000 +2.1214e+000 -3.7359e-001 -1.9944e+000
1185 +5.461258743e-001 +5.461258743e-001 +4.344612587e+001 +4.344612587e+001 +1.0802e+000 -2.0971e+000 +2.1537e+000 -3.5418e-001 -2.0131e+000
1270 +5.362331831e-001 +5.362331831e-001 +4.343623318e+001 +4.343623318e+001 +1.0816e+000 -2.1156e+000 +2.1589e+000 -3.1657e-001 -2.0073e+000
1318 +4.958523788e-001 +4.958523788e-001 +4.339585238e+001 +4.339585238e+001 +1.0816e+000 -2.1057e+000 +2.1523e+000 -3.3419e-001 -1.9978e+000
1379 +4.721757146e-001 +4.721757146e-001 +4.337217571e+001 +4.337217571e+001 +1.0817e+000 -2.1130e+000 +2.1595e+000 -3.2768e-001 -2.0028e+000
1394 +4.615172092e-001 +4.615172092e-001 +4.336151721e+001 +4.336151721e+001 +1.0813e+000 -2.1113e+000 +2.1582e+000 -3.2839e-001 -2.0038e+000
1672 +3.853194601e-001 +3.853194601e-001 +4.328531946e+001 +4.328531946e+001 +1.0802e+000 -2.1142e+000 +2.1683e+000 -3.1233e-001 -1.9967e+000
1816 +3.800377863e-001 +3.800377863e-001 +4.328003779e+001 +4.328003779e+001 +1.0810e+000 -2.1138e+000 +2.1668e+000 -3.1135e-001 -1.9934e+000
2001 +3.653901614e-001 +3.653901614e-001 +4.326539016e+001 +4.326539016e+001 +1.0807e+000 -2.1148e+000 +2.1710e+000 -3.0657e-001 -1.9949e+000
2047 +3.464951139e-001 +3.464951139e-001 +4.324649511e+001 +4.324649511e+001 +1.0807e+000 -2.1152e+000 +2.1725e+000 -3.0496e-001 -1.9927e+000
2192 +3.133281301e-001 +3.133281301e-001 +4.321332813e+001 +4.321332813e+001 +1.0806e+000 -2.1153e+000 +2.1723e+000 -3.0534e-001 -1.9934e+000
2348 +3.070071161e-001 +3.070071161e-001 +4.320700712e+001 +4.320700712e+001 +1.0807e+000 -2.1157e+000 +2.1719e+000 -3.0539e-001 -1.9936e+000
2481 +3.018420595e-001 +3.018420595e-001 +4.320184206e+001 +4.320184206e+001 +1.0807e+000 -2.1156e+000 +2.1720e+000 -3.0536e-001 -1.9937e+000
2853 +2.944734830e-001 +2.944734830e-001 +4.319447348e+001 +4.319447348e+001 +1.0807e+000 -2.1156e+000 +2.1719e+000 -3.0544e-001 -1.9937e+000
% function evaluation | noise-free fitness - Fopt (6.286500000000e+002) | best noise-free fitness - Fopt | measured fitness | best measured fitness | x1 | x2...
1 +7.245776030e+001 +7.245776030e+001 +7.011077603e+002 +7.011077603e+002 +4.4198e+000 +2.2321e+000 -1.4677e+000 +2.3072e+000 +3.8379e+000
18 +5.734683950e+001 +5.734683950e+001 +6.859968395e+002 +6.859968395e+002 +3.8068e+000 +2.1099e+000 -2.1268e+000 +8.7347e-001 +3.4135e+000
49 +5.439294637e+001 +5.439294637e+001 +6.830429464e+002 +6.830429464e+002 +4.4023e+000 +2.2272e+000 -2.0663e+000 +1.8531e+000 +3.2903e+000
50 +5.090505321e+001 +5.090505321e+001 +6.795550532e+002 +6.795550532e+002 +4.2037e+000 +2.5288e+000 -1.8053e+000 +1.9371e+000 +2.3291e+000
56 +4.925781614e+001 +4.925781614e+001 +6.779078161e+002 +6.779078161e+002 +4.0654e+000 +1.1104e+000 -2.0929e+000 +1.8461e+000 +1.6364e+000
98 +4.511104943e+001 +4.511104943e+001 +6.737610494e+002 +6.737610494e+002 +2.1339e+000 +4.2723e+000 -1.4368e+000 +2.5089e+000 +3.2445e+000
153 +3.567618296e+001 +3.567618296e+001 +6.643261830e+002 +6.643261830e+002 +6.4038e-001 +1.0221e+000 -2.4959e+000 +2.6880e-001 +3.8612e+000
191 +2.382712626e+001 +2.382712626e+001 +6.524771263e+002 +6.524771263e+002 -2.8587e+000 +1.7237e+000 -2.4885e+000 -2.8172e-001 +3.2605e+000
234 +1.853764521e+001 +1.853764521e+001 +6.471876452e+002 +6.471876452e+002 -1.6644e+000 +1.1751e+000 -2.3063e+000 -1.0707e+000 +2.2595e+000
235 +1.632847614e+001 +1.632847614e+001 +6.449784761e+002 +6.449784761e+002 -2.9252e+000 +2.0042e+000 -2.3065e+000 -9.6843e-001 +2.5514e+000
242 +1.523163777e+001 +1.523163777e+001 +6.438816378e+002 +6.438816378e+002 -7.9617e-002 +7.9625e-001 -2.3560e+000 -1.2382e+000 +1.3864e+000
255 +1.455009075e+001 +1.455009075e+001 +6.432000908e+002 +6.432000908e+002 -1.4291e+000 +1.1066e+000 -2.0647e+000 -1.0875e+000 +1.9450e+000
275 +1.099414741e+001 +1.099414741e+001 +6.396441474e+002 +6.396441474e+002 -1.9349e+000 +1.5668e+000 -1.9513e+000 -1.0427e+000 +1.6833e+000
291 +7.392812325e+000 +7.392812325e+000 +6.360428123e+002 +6.360428123e+002 -1.7627e+000 +9.5764e-001 -1.8341e+000 -1.4167e+000 +1.2843e+000
328 +7.050735609e+000 +7.050735609e+000 +6.357007356e+002 +6.357007356e+002 -3.9102e+000 +1.2661e+000 -1.8006e+000 -1.5741e+000 +1.3603e+000
343 +4.676585089e+000 +4.676585089e+000 +6.333265851e+002 +6.333265851e+002 -2.2416e+000 +1.0407e+000 -2.7586e+000 -2.2319e+000 +1.5002e+000
434 +4.338773643e+000 +4.338773643e+000 +6.329887736e+002 +6.329887736e+002 -3.2126e+000 +9.2930e-001 -2.2300e+000 -8.2969e-001 +1.5336e+000
444 +4.172591635e+000 +4.172591635e+000 +6.328225916e+002 +6.328225916e+002 -3.3130e+000 +6.8663e-001 -2.3192e+000 -1.3087e+000 +1.3807e+000
454 +4.155157755e+000 +4.155157755e+000 +6.328051578e+002 +6.328051578e+002 -2.9753e+000 +6.3415e-001 -2.1572e+000 -2.5748e-001 +1.8333e+000
497 +3.898183935e+000 +3.898183935e+000 +6.325481839e+002 +6.325481839e+002 -3.3568e+000 +8.1216e-001 -2.0805e+000 -1.7546e+000 +1.5562e+000
566 +3.636766773e+000 +3.636766773e+000 +6.322867668e+002 +6.322867668e+002 -3.0107e+000 +8.6862e-001 -2.3379e+000 -1.9109e+000 +1.5795e+000
571 +2.951153654e+000 +2.951153654e+000 +6.316011537e+002 +6.316011537e+002 -3.1913e+000 +8.4762e-001 -2.2570e+000 -1.9962e+000 +1.4607e+000
651 +2.144154437e+000 +2.144154437e+000 +6.307941544e+002 +6.307941544e+002 -3.0868e+000 +8.4694e-001 -2.1431e+000 -1.2995e+000 +1.6773e+000
839 +2.104566443e+000 +2.104566443e+000 +6.307545664e+002 +6.307545664e+002 -3.0218e+000 +6.8712e-001 -2.3305e+000 -1.2178e+000 +1.5688e+000
877 +1.874109110e+000 +1.874109110e+000 +6.305241091e+002 +6.305241091e+002 -2.9969e+000 +6.4471e-001 -2.3621e+000 -1.2921e+000 +1.5710e+000
930 +1.624743486e+000 +1.624743486e+000 +6.302747435e+002 +6.302747435e+002 -2.8016e+000 +5.7106e-001 -2.3903e+000 -8.6642e-001 +1.6211e+000
975 +1.157240165e+000 +1.157240165e+000 +6.298072402e+002 +6.298072402e+002 -2.9185e+000 +5.1350e-001 -2.4062e+000 -1.0114e+000 +1.6139e+000
1144 +1.064989430e+000 +1.064989430e+000 +6.297149894e+002 +6.297149894e+002 -2.8288e+000 +3.6088e-001 -2.5242e+000 -7.6700e-001 +1.6456e+000
1168 +1.028328089e+000 +1.028328089e+000 +6.296783281e+002 +6.296783281e+002 -2.8264e+000 +2.8116e-001 -2.5830e+000 -8.4324e-001 +1.7074e+000
1193 +3.818135896e-001 +3.818135896e-001 +6.290318136e+002 +6.290318136e+002 -2.8263e+000 +3.3342e-001 -2.5131e+000 -7.5753e-001 +1.6566e+000
1398 +3.388778216e-001 +3.388778216e-001 +6.289888778e+002 +6.289888778e+002 -2.8131e+000 +2.6494e-001 -2.5395e+000 -6.8024e-001 +1.6451e+000
1497 +3.008195323e-001 +3.008195323e-001 +6.289508195e+002 +6.289508195e+002 -2.8120e+000 +2.7259e-001 -2.5354e+000 -7.1752e-001 +1.6462e+000
1517 +2.857131333e-001 +2.857131333e-001 +6.289357131e+002 +6.289357131e+002 -2.8168e+000 +2.8278e-001 -2.5338e+000 -7.2285e-001 +1.6437e+000
1573 +2.393130858e-001 +2.393130858e-001 +6.288893131e+002 +6.288893131e+002 -2.8155e+000 +2.7909e-001 -2.5311e+000 -7.2689e-001 +1.6425e+000
1609 +2.091830071e-001 +2.091830071e-001 +6.288591830e+002 +6.288591830e+002 -2.8047e+000 +2.9388e-001 -2.5287e+000 -7.2096e-001 +1.6602e+000
1903 +2.085541509e-001 +2.085541509e-001 +6.288585542e+002 +6.288585542e+002 -2.8210e+000 +2.7698e-001 -2.5282e+000 -7.1512e-001 +1.6407e+000
2162 +2.017583669e-001 +2.017583669e-001 +6.288517584e+002 +6.288517584e+002 -2.8208e+000 +2.7756e-001 -2.5283e+000 -7.1637e-001 +1.6412e+000
2271 +1.972181252e-001 +1.972181252e-001 +6.288472181e+002 +6.288472181e+002 -2.8211e+000 +2.7716e-001 -2.5282e+000 -7.1602e-001 +1.6408e+000
2446 +1.936745418e-001 +1.936745418e-001 +6.288436745e+002 +6.288436745e+002 -2.8210e+000 +2.7710e-001 -2.5284e+000 -7.1654e-001 +1.6408e+000
2771 +1.904815980e-001 +1.904815980e-001 +6.288404816e+002 +6.288404816e+002 -2.8209e+000 +2.7708e-001 -2.5285e+000 -7.1662e-001 +1.6408e+000
% function evaluation | noise-free fitness - Fopt (-7.163000000000e+001) | best noise-free fitness - Fopt | measured fitness | best measured fitness | x1 | x2...
1 +2.482077975e+003 +2.482077975e+003 +2.410447975e+003 +2.410447975e+003 +3.1976e-001 +3.3575e+000 -2.8109e+000 -3.5782e+000 -4.1893e+000
8 +2.320027122e+003 +2.320027122e+003 +2.248397122e+003 +2.248397122e+003 -1.3920e+000 +3.1756e+000 -3.0317e+000 -2.7744e+000 -4.9993e+000
9 +1.631439250e+003 +1.631439250e+003 +1.559809250e+003 +1.559809250e+003 +1.5356e+000 +2.6899e+000 -2.8775e+000 -3.9539e+000 -5.1980e+000
10 +1.612429402e+003 +1.612429402e+003 +1.540799402e+003 +1.540799402e+003 +8.5597e-001 +3.6104e+000 -2.4972e+000 -2.9920e+000 -3.6024e+000
53 +9.842959339e+002 +9.842959339e+002 +9.126659339e+002 +9.126659339e+002 +2.9743e-001 +2.6621e+000 -3.3491e+000 +1.0506e+000 -4.1284e+000
76 +5.796762813e+002 +5.796762813e+002 +5.080462813e+002 +5.080462813e+002 -2.7585e+000 -8.8202e-001 -2.5238e+000 -3.7837e-003 -4.4943e+000
117 +2.268170657e+002 +2.268170657e+002 +1.551870657e+002 +1.551870657e+002 -4.6414e+000 -2.0258e+000 -1.4867e+000 -3.4022e-001 -1.9216e+000
138 +2.126644883e+002 +2.126644883e+002 +1.410344883e+002 +1.410344883e+002 -1.0131e+000 -4.6406e+000 -1.3736e+000 -2.3233e+000 -3.0375e+000
149 +1.845971753e+002 +1.845971753e+002 +1.129671753e+002 +1.129671753e+002 -2.3900e+000 -6.9680e+000 -2.0343e+000 -8.2841e-001 -1.0808e+000
155 +1.125903367e+002 +1.125903367e+002 +4.096033670e+001 +4.096033670e+001 -4.0835e-001 -6.5800e+000 -9.2788e-001 -2.7480e+000 -3.8205e+000
165 +8.597550810e+001 +8.597550810e+001 +1.434550810e+001 +1.434550810e+001 -6.3896e-001 -4.0898e-001 -2.6675e-001 -1.6474e+000 +5.1547e+000
226 +6.599460087e+001 +6.599460087e+001 -5.635399127e+000 -5.635399127e+000 +2.2099e+000 -4.6425e+000 +6.4780e-001 -1.7993e+000 +1.0859e+000
263 +6.401928009e+001 +6.401928009e+001 -7.610719906e+000 -7.610719906e+000 +3.2529e+000 -4.5839e+000 -1.7835e-001 -1.5059e+000 +7.6147e-001
276 +5.943610525e+001 +5.943610525e+001 -1.219389475e+001 -1.219389475e+001 -3.3107e-001 -4.9241e+000 +2.4344e+000 +1.0237e+000 +2.2892e+000
277 +4.988771403e+001 +4.988771403e+001 -2.174228597e+001 -2.174228597e+001 +2.3971e+000 -4.3587e+000 +1.4217e+000 -2.7394e+000 +2.2241e+000
293 +3.091505108e+001 +3.091505108e+001 -4.071494892e+001 -4.071494892e+001 +1.2603e+000 -2.9976e+000 +5.6773e-001 +7.2998e-001 +1.7401e+000
313 +3.037823324e+001 +3.037823324e+001 -4.125176676e+001 -4.125176676e+001 +2.7342e+000 -4.6446e+000 +1.3198e+000 +1.6937e+000 +9.8096e-001
316 +1.843536243e+001 +1.843536243e+001 -5.319463757e+001 -5.319463757e+001 +2.2675e+000 -3.7007e+000 +1.1338e+000 +1.8304e+000 +7.7057e-001
351 +1.801068566e+001 +1.801068566e+001 -5.361931434e+001 -5.361931434e+001 +1.2984e+000 -4.4249e+000 +1.4634e+000 +1.0669e+000 +3.5539e+000
355 +1.012684935e+001 +1.012684935e+001 -6.150315065e+001 -6.150315065e+001 +3.0685e+000 -2.2441e+000 +1.9503e+000 +2.4039e+000 +3.8590e+000
419 +5.632251829e+000 +5.632251829e+000 -6.599774817e+001 -6.599774817e+001 +1.3195e+000 -3.0207e+000 +1.4947e+000 +1.5666e+000 +4.6200e+000
496 +5.366553515e+000 +5.366553515e+000 -6.626344648e+001 -6.626344648e+001 +1.4620e+000 -3.1339e+000 +1.2261e+000 +2.5745e+000 +3.8349e+000
502 +5.168818086e+000 +5.168818086e+000 -6.646118191e+001 -6.646118191e+001 +1.3516e+000 -3.7311e+000 +1.4551e+000 +2.2290e+000 +4.0723e+000
530 +2.976102249e+000 +2.976102249e+000 -6.865389775e+001 -6.865389775e+001 +1.3107e+000 -3.0198e+000 +1.4937e+000 +2.1604e+000 +4.2828e+000
583 +2.600955118e+000 +2.600955118e+000 -6.902904488e+001 -6.902904488e+001 +1.2814e+000 -3.0610e+000 +1.3837e+000 +2.6020e+000 +3.9542e+000
763 +2.348270141e+000 +2.348270141e+000 -6.928172986e+001 -6.928172986e+001 +1.2320e+000 -2.8282e+000 +1.3959e+000 +3.0577e+000 +3.6803e+000
795 +2.181428708e+000 +2.181428708e+000 -6.944857129e+001 -6.944857129e+001 +1.3172e+000 -2.5431e+000 +1.4402e+000 +3.1680e+000 +3.3816e+000
810 +1.796445487e+000 +1.796445487e+000 -6.983355451e+001 -6.983355451e+001 +1.3658e+000 -2.7335e+000 +1.3084e+000 +2.7025e+000 +3.7452e+000
909 +1.578406942e+000 +1.578406942e+000 -7.005159306e+001 -7.005159306e+001 +1.3736e+000 -2.6341e+000 +1.3307e+000 +3.1015e+000 +3.5394e+000
977 +1.464062865e+000 +1.464062865e+000 -7.016593713e+001 -7.016593713e+001 +1.4951e+000 -2.5798e+000 +1.4118e+000 +3.0367e+000 +3.5986e+000
996 +1.371450756e+000 +1.371450756e+000 -7.025854924e+001 -7.025854924e+001 +1.4507e+000 -2.6850e+000 +1.3696e+000 +2.9728e+000 +3.5857e+000
1001 +1.262973772e+000 +1.262973772e+000 -7.036702623e+001 -7.036702623e+001 +1.4503e+000 -2.6887e+000 +1.3854e+000 +2.9955e+000 +3.5795e+000
1002 +1.242017055e+000 +1.242017055e+000 -7.038798294e+001 -7.038798294e+001 +1.4611e+000 -2.6710e+000 +1.4068e+000 +2.9268e+000 +3.6226e+000
1036 +9.703341110e-001 +9.703341110e-001 -7.065966589e+001 -7.065966589e+001 +1.4232e+000 -2.6625e+000 +1.4105e+000 +2.9987e+000 +3.5740e+000
1217 +8.687422229e-001 +8.687422229e-001 -7.076125778e+001 -7.076125778e+001 +1.4576e+000 -2.6847e+000 +1.4265e+000 +2.9365e+000 +3.6085e+000
1263 +6.615630182e-001 +6.615630182e-001 -7.096843698e+001 -7.096843698e+001 +1.4599e+000 -2.6926e+000 +1.4347e+000 +2.9408e+000 +3.5953e+000
1585 +6.389136016e-001 +6.389136016e-001 -7.099108640e+001 -7.099108640e+001 +1.4609e+000 -2.6718e+000 +1.4456e+000 +2.9463e+000 +3.5929e+000
1595 +5.790272786e-001 +5.790272786e-001 -7.105097272e+001 -7.105097272e+001 +1.4654e+000 -2.6751e+000 +1.4440e+000 +2.9478e+000 +3.5888e+000
1674 +5.713221226e-001 +5.713221226e-001 -7.105867788e+001 -7.105867788e+001 +1.4605e+000 -2.6788e+000 +1.4397e+000 +2.9537e+000 +3.5842e+000
1794 +5.210022927e-001 +5.210022927e-001 -7.110899771e+001 -7.110899771e+001 +1.4617e+000 -2.6858e+000 +1.4388e+000 +2.9533e+000 +3.5914e+000
1860 +5.043381081e-001 +5.043381081e-001 -7.112566189e+001 -7.112566189e+001 +1.4625e+000 -2.6915e+000 +1.4385e+000 +2.9534e+000 +3.5921e+000
1877 +4.888296432e-001 +4.888296432e-001 -7.114117036e+001 -7.114117036e+001 +1.4625e+000 -2.6925e+000 +1.4391e+000 +2.9559e+000 +3.5893e+000
1980 +4.765578024e-001 +4.765578024e-001 -7.115344220e+001 -7.115344220e+001 +1.4625e+000 -2.6927e+000 +1.4390e+000 +2.9531e+000 +3.5910e+000
2308 +4.585373515e-001 +4.585373515e-001 -7.117146265e+001 -7.117146265e+001 +1.4604e+000 -2.6898e+000 +1.4375e+000 +2.9540e+000 +3.5907e+000
2415 +4.562600213e-001 +4.562600213e-001 -7.117373998e+001 -7.117373998e+001 +1.4607e+000 -2.6886e+000 +1.4373e+000 +2.9554e+000 +3.5900e+000
2452 +4.450064899e-001 +4.450064899e-001 -7.118499351e+001 -7.118499351e+001 +1.4609e+000 -2.6884e+000 +1.4372e+000 +2.9547e+000 +3.5897e+000
2476 +4.313961020e-001 +4.313961020e-001 -7.119860390e+001 -7.119860390e+001 +1.4610e+000 -2.6886e+000 +1.4372e+000 +2.9550e+000 +3.5899e+000
2516 +4.225324257e-001 +4.225324257e-001 -7.120746757e+001 -7.120746757e+001 +1.4609e+000 -2.6892e+000 +1.4373e+000 +2.9549e+000 +3.5902e+000
3001 +4.139374758e-001 +4.139374758e-001 -7.121606252e+001 -7.121606252e+001 +1.4612e+000 -2.6895e+000 +1.4374e+000 +2.9549e+000 +3.5902e+000
3595 +4.060209546e-001 +4.060209546e-001 -7.122397905e+001 -7.122397905e+001 +1.4611e+000 -2.6893e+000 +1.4374e+000 +2.9550e+000 +3.5901e+000
% function evaluation | noise-free fitness - Fopt (1.976000000000e+001) | best noise-free fitness - Fopt | measured fitness | best measured fitness | x1 | x2...
1 +1.334310988e+002 +1.334310988e+002 +1.531910988e+002 +1.531910988e+002 -5.9805e-001 +3.5329e+000 +1.6190e+000 +3.5476e+000 -3.8135e+000
12 +1.167800264e+002 +1.167800264e+002 +1.365400264e+002 +1.365400264e+002 -4.9425e-001 +3.6981e+000 +4.0721e+000 +3.3274e+000 -3.6727e+000
21 +1.051689351e+002 +1.051689351e+002 +1.249289351e+002 +1.249289351e+002 -1.0441e+000 +2.3628e+000 +3.7988e+000 +2.7331e+000 -4.1307e+000
28 +7.799126858e+001 +7.799126858e+001 +9.775126858e+001 +9.775126858e+001 -2.5433e+000 +2.2711e+000 +2.7521e+000 +1.9671e+000 -4.8216e+000
31 +7.171719614e+001 +7.171719614e+001 +9.147719614e+001 +9.147719614e+001 -1.2925e+000 +2.8956e+000 +2.2073e+000 +3.7982e+000 -5.1792e+000
49 +6.034825879e+001 +6.034825879e+001 +8.010825879e+001 +8.010825879e+001 -7.3779e-001 +3.2774e+000 +2.1244e+000 +2.9900e+000 -3.8119e+000
67 +4.936390693e+001 +4.936390693e+001 +6.912390693e+001 +6.912390693e+001 -9.5917e-001 +2.3348e+000 +8.6832e-001 +4.5174e+000 -4.2495e+000
87 +2.992308115e+001 +2.992308115e+001 +4.968308115e+001 +4.968308115e+001 -1.5770e+000 -1.9354e+000 -1.0580e+000 +2.8496e+000 -2.2968e+000
116 +2.170450541e+001 +2.170450541e+001 +4.146450541e+001 +4.146450541e+001 -2.2272e+000 -5.5248e-004 -4.1947e+000 +3.2526e+000 -4.7446e+000
190 +1.243040051e+001 +1.243040051e+001 +3.219040051e+001 +3.219040051e+001 -1.3193e+000 -9.6778e-001 -3.3930e+000 +3.1002e+000 -2.8384e+000
199 +1.175853513e+001 +1.175853513e+001 +3.151853513e+001 +3.151853513e+001 -2.2234e-001 +1.2452e+000 -2.6680e+000 +2.1380e+000 +5.5478e-001
244 +9.245059232e+000 +9.245059232e+000 +2.900505923e+001 +2.900505923e+001 -8.5335e-001 +6.0171e-001 -3.6510e+000 +2.9518e+000 -1.4549e+000
382 +8.781962244e+000 +8.781962244e+000 +2.854196224e+001 +2.854196224e+001 +1.8992e+000 +1.3106e+000 -3.4832e+000 +3.0036e+000 +1.3648e-001
460 +6.951188895e+000 +6.951188895e+000 +2.671118890e+001 +2.671118890e+001 +7.9839e-001 +5.4934e-001 -3.5572e+000 +2.9986e+000 -9.4441e-001
538 +5.058771673e+000 +5.058771673e+000 +2.481877167e+001 +2.481877167e+001 +2.5690e-001 +3.5250e-001 -3.8833e+000 +3.0163e+000 -1.3678e+000
565 +4.388733100e+000 +4.388733100e+000 +2.414873310e+001 +2.414873310e+001 +6.1614e-002 +2.5140e-001 -4.1546e+000 +3.0146e+000 -1.9980e+000
728 +3.345647181e+000 +3.345647181e+000 +2.310564718e+001 +2.310564718e+001 -5.8576e-001 +6.6242e-001 -4.1504e+000 +2.9849e+000 -1.6945e+000
764 +3.296077007e+000 +3.296077007e+000 +2.305607701e+001 +2.305607701e+001 -8.1840e-001 +7.7268e-001 -4.1284e+000 +2.9512e+000 -1.6837e+000
829 +2.552801939e+000 +2.552801939e+000 +2.231280194e+001 +2.231280194e+001 +9.0707e-002 +8.9366e-001 -4.2445e+000 +2.9345e+000 -1.4111e+000
1088 +2.163673611e+000 +2.163673611e+000 +2.192367361e+001 +2.192367361e+001 +1.0525e-001 +8.2811e-001 -4.0720e+000 +2.8077e+000 -1.3666e+000
1313 +2.017764338e+000 +2.017764338e+000 +2.177776434e+001 +2.177776434e+001 -5.5916e-002 +9.2002e-001 -4.1218e+000 +2.8635e+000 -1.2501e+000
1335 +1.891070457e+000 +1.891070457e+000 +2.165107046e+001 +2.165107046e+001 -7.1881e-002 +8.9828e-001 -4.1471e+000 +2.8397e+000 -1.2769e+000
1339 +1.573336608e+000 +1.573336608e+000 +2.133333661e+001 +2.133333661e+001 -9.1527e-002 +8.2694e-001 -4.0454e+000 +2.8134e+000 -1.2874e+000
1474 +1.377962142e+000 +1.377962142e+000 +2.113796214e+001 +2.113796214e+001 -7.8160e-002 +9.5142e-001 -4.1140e+000 +2.7994e+000 -1.1729e+000
1517 +1.166652040e+000 +1.166652040e+000 +2.092665204e+001 +2.092665204e+001 -9.1070e-002 +8.8954e-001 -4.0971e+000 +2.8194e+000 -1.2832e+000
1528 +1.087771971e+000 +1.087771971e+000 +2.084777197e+001 +2.084777197e+001 -3.2873e-002 +9.0077e-001 -4.0738e+000 +2.8187e+000 -1.2384e+000
1542 +7.911316463e-001 +7.911316463e-001 +2.055113165e+001 +2.055113165e+001 -4.6693e-002 +8.8422e-001 -4.0758e+000 +2.8064e+000 -1.2405e+000
1693 +7.749349728e-001 +7.749349728e-001 +2.053493497e+001 +2.053493497e+001 -1.0550e-001 +9.2625e-001 -4.0874e+000 +2.8178e+000 -1.2220e+000
1742 +7.466722685e-001 +7.466722685e-001 +2.050667227e+001 +2.050667227e+001 -1.2200e-001 +9.2449e-001 -4.1013e+000 +2.8243e+000 -1.2374e+000
1831 +6.831175567e-001 +6.831175567e-001 +2.044311756e+001 +2.044311756e+001 -1.1267e-001 +9.2405e-001 -4.0874e+000 +2.8168e+000 -1.2169e+000
1859 +6.474275553e-001 +6.474275553e-001 +2.040742756e+001 +2.040742756e+001 -1.0515e-001 +9.2822e-001 -4.0982e+000 +2.8186e+000 -1.2285e+000
1922 +6.398852596e-001 +6.398852596e-001 +2.039988526e+001 +2.039988526e+001 -1.0688e-001 +9.3067e-001 -4.0988e+000 +2.8197e+000 -1.2262e+000
1956 +6.264519423e-001 +6.264519423e-001 +2.038645194e+001 +2.038645194e+001 -1.0454e-001 +9.2895e-001 -4.0956e+000 +2.8179e+000 -1.2232e+000
2001 +6.027946884e-001 +6.027946884e-001 +2.036279469e+001 +2.036279469e+001 -1.0977e-001 +9.3413e-001 -4.0987e+000 +2.8191e+000 -1.2215e+000
2023 +5.736533962e-001 +5.736533962e-001 +2.033365340e+001 +2.033365340e+001 -1.0706e-001 +9.3459e-001 -4.0999e+000 +2.8179e+000 -1.2221e+000
2437 +5.604299846e-001 +5.604299846e-001 +2.032042998e+001 +2.032042998e+001 -1.0605e-001 +9.2919e-001 -4.0987e+000 +2.8187e+000 -1.2268e+000
2504 +5.283260470e-001 +5.283260470e-001 +2.028832605e+001 +2.028832605e+001 -1.0701e-001 +9.2923e-001 -4.0986e+000 +2.8188e+000 -1.2266e+000
2675 +5.246170912e-001 +5.246170912e-001 +2.028461709e+001 +2.028461709e+001 -1.0732e-001 +9.2947e-001 -4.0986e+000 +2.8189e+000 -1.2264e+000
2936 +5.125276540e-001 +5.125276540e-001 +2.027252765e+001 +2.027252765e+001 -1.0711e-001 +9.2946e-001 -4.0986e+000 +2.8189e+000 -1.2264e+000
3492 +5.001708451e-001 +5.001708451e-001 +2.026017085e+001 +2.026017085e+001 -1.0705e-001 +9.2943e-001 -4.0986e+000 +2.8189e+000 -1.2264e+000
% function evaluation | noise-free fitness - Fopt (6.100000000000e-001) | best noise-free fitness - Fopt | measured fitness | best measured fitness | x1 | x2...
1 +2.910100778e+002 +2.910100778e+002 +2.916200778e+002 +2.916200778e+002 -1.4265e+000 +3.3821e+000 +1.2555e+000 -9.3429e-001 -5.8547e-001
2 +1.853466469e+002 +1.853466469e+002 +1.859566469e+002 +1.859566469e+002 +1.6863e+000 +6.8513e+000 +1.0795e+000 -8.5414e-001 +1.5425e+000
4 +9.693780462e+001 +9.693780462e+001 +9.754780462e+001 +9.754780462e+001 -1.2880e+000 +3.1681e+000 +3.8802e-001 +1.8671e-001 -1.0552e+000
10 +4.946260904e+001 +4.946260904e+001 +5.007260904e+001 +5.007260904e+001 +1.4299e+000 +4.6515e+000 -1.1577e+000 +1.8912e-001 -1.2761e+000
19 +4.784323995e+001 +4.784323995e+001 +4.845323995e+001 +4.845323995e+001 -7.7813e-002 +5.3004e+000 -2.1875e-002 +1.0822e-002 -1.0855e+000
34 +4.668100137e+001 +4.668100137e+001 +4.729100137e+001 +4.729100137e+001 -8.8892e-003 +4.2799e+000 +5.1309e-002 +4.0242e-002 -1.3598e+000
41 +2.161948793e+001 +2.161948793e+001 +2.222948793e+001 +2.222948793e+001 -3.8343e-001 +3.0560e+000 -2.7690e+000 -6.4820e-001 -1.2503e+000
159 +1.500933692e+001 +1.500933692e+001 +1.561933692e+001 +1.561933692e+001 +7.1016e-001 +3.9363e+000 -3.3456e+000 -1.9568e+000 -5.0868e-001
187 +1.423591565e+001 +1.423591565e+001 +1.484591565e+001 +1.484591565e+001 +3.1965e-001 +1.7215e+000 -1.8166e+000 -2.9318e+000 -3.7960e+000
211 +7.824139260e+000 +7.824139260e+000 +8.434139260e+000 +8.434139260e+000 -6.0907e-001 +2.2865e+000 -2.7993e+000 -2.6956e+000 -3.1882e+000
259 +7.308757500e+000 +7.308757500e+000 +7.918757500e+000 +7.918757500e+000 +1.5386e+000 +2.2483e+000 -2.5440e+000 -2.4895e+000 -2.9994e+000
260 +7.081979878e+000 +7.081979878e+000 +7.691979878e+000 +7.691979878e+000 +1.6805e+000 +2.4929e+000 -2.8013e+000 -2.9813e+000 -2.8767e+000
281 +3.503036692e+000 +3.503036692e+000 +4.113036692e+000 +4.113036692e+000 +1.7859e+000 +2.2923e+000 -2.5748e+000 -3.3222e+000 -2.4686e+000
348 +3.346587161e-001 +3.346587161e-001 +9.446587161e-001 +9.446587161e-001 +1.1946e+000 +2.1262e+000 -3.0009e+000 -3.0706e+000 -2.4735e+000
1481 +3.015955712e-001 +3.015955712e-001 +9.115955712e-001 +9.115955712e-001 +8.7143e-001 +1.7703e+000 -3.1875e+000 -2.9103e+000 -2.4193e+000
1491 +2.615238366e-001 +2.615238366e-001 +8.715238366e-001 +8.715238366e-001 +8.8223e-001 +1.7693e+000 -3.1943e+000 -2.9100e+000 -2.4279e+000
1646 +2.568406702e-001 +2.568406702e-001 +8.668406702e-001 +8.668406702e-001 +8.8508e-001 +1.7691e+000 -3.1901e+000 -2.9105e+000 -2.4232e+000
1648 +2.481776243e-001 +2.481776243e-001 +8.581776243e-001 +8.581776243e-001 +8.7302e-001 +1.7668e+000 -3.1875e+000 -2.9086e+000 -2.4256e+000
1652 +1.675319911e-001 +1.675319911e-001 +7.775319911e-001 +7.775319911e-001 +8.9235e-001 +1.7779e+000 -3.1911e+000 -2.9178e+000 -2.4252e+000
1682 +1.658413859e-001 +1.658413859e-001 +7.758413859e-001 +7.758413859e-001 +8.9063e-001 +1.7773e+000 -3.1935e+000 -2.9162e+000 -2.4231e+000
1720 +1.423181877e-001 +1.423181877e-001 +7.523181877e-001 +7.523181877e-001 +8.8523e-001 +1.7623e+000 -3.1937e+000 -2.9145e+000 -2.4216e+000
1757 +1.311729980e-001 +1.311729980e-001 +7.411729980e-001 +7.411729980e-001 +8.9402e-001 +1.7758e+000 -3.1868e+000 -2.9171e+000 -2.4215e+000
1815 +1.165450264e-001 +1.165450264e-001 +7.265450264e-001 +7.265450264e-001 +8.8894e-001 +1.7748e+000 -3.1870e+000 -2.9172e+000 -2.4235e+000
1892 +1.138095562e-001 +1.138095562e-001 +7.238095562e-001 +7.238095562e-001 +8.9036e-001 +1.7774e+000 -3.1882e+000 -2.9168e+000 -2.4208e+000
2007 +1.043542554e-001 +1.043542554e-001 +7.143542554e-001 +7.143542554e-001 +8.9405e-001 +1.7814e+000 -3.1876e+000 -2.9168e+000 -2.4201e+000
2024 +9.798540461e-002 +9.798540461e-002 +7.079854046e-001 +7.079854046e-001 +8.9261e-001 +1.7799e+000 -3.1875e+000 -2.9169e+000 -2.4206e+000
2143 +9.619610359e-002 +9.619610359e-002 +7.061961036e-001 +7.061961036e-001 +8.9372e-001 +1.7789e+000 -3.1879e+000 -2.9172e+000 -2.4205e+000
2168 +9.476726051e-002 +9.476726051e-002 +7.047672605e-001 +7.047672605e-001 +8.9369e-001 +1.7779e+000 -3.1881e+000 -2.9172e+000 -2.4203e+000
2170 +8.340541602e-002 +8.340541602e-002 +6.934054160e-001 +6.934054160e-001 +8.9397e-001 +1.7773e+000 -3.1882e+000 -2.9175e+000 -2.4206e+000
2204 +7.943095773e-002 +7.943095773e-002 +6.894309577e-001 +6.894309577e-001 +8.9400e-001 +1.7771e+000 -3.1882e+000 -2.9178e+000 -2.4209e+000
2360 +7.514845549e-002 +7.514845549e-002 +6.851484555e-001 +6.851484555e-001 +8.9374e-001 +1.7771e+000 -3.1885e+000 -2.9175e+000 -2.4206e+000
2671 +7.290149486e-002 +7.290149486e-002 +6.829014949e-001 +6.829014949e-001 +8.9399e-001 +1.7774e+000 -3.1886e+000 -2.9175e+000 -2.4205e+000
2703 +7.195607873e-002 +7.195607873e-002 +6.819560787e-001 +6.819560787e-001 +8.9400e-001 +1.7776e+000 -3.1886e+000 -2.9175e+000 -2.4205e+000
2984 +6.938548796e-002 +6.938548796e-002 +6.793854880e-001 +6.793854880e-001 +8.9405e-001 +1.7776e+000 -3.1885e+000 -2.9176e+000 -2.4205e+000
3127 +6.877018064e-002 +6.877018064e-002 +6.787701806e-001 +6.787701806e-001 +8.9406e-001 +1.7776e+000 -3.1885e+000 -2.9176e+000 -2.4205e+000
% function evaluation | noise-free fitness - Fopt (-8.634400000000e+002) | best noise-free fitness - Fopt | measured fitness | best measured fitness | x1 | x2...
1 +1.039095564e+002 +1.039095564e+002 -7.595304436e+002 -7.595304436e+002 +1.1100e+000 -1.2395e+000 +2.2058e+000 -1.3195e+000 +3.9559e+000
8 +1.001054530e+002 +1.001054530e+002 -7.633345470e+002 -7.633345470e+002 +1.1248e+000 -8.3395e-001 +1.1079e+000 +4.1244e-001 +2.9188e+000
26 +9.901852369e+001 +9.901852369e+001 -7.644214763e+002 -7.644214763e+002 +1.2893e+000 -6.1985e-001 +2.7373e+000 -3.8967e-001 +4.6426e+000
27 +8.452835441e+001 +8.452835441e+001 -7.789116456e+002 -7.789116456e+002 +8.4748e-001 -1.0658e+000 +1.7456e+000 -9.1011e-001 +3.8562e+000
32 +6.514624810e+001 +6.514624810e+001 -7.982937519e+002 -7.982937519e+002 +6.4931e-001 -6.6513e-001 +4.9994e+000 -9.9876e-001 +4.8908e+000
39 +2.218289650e+001 +2.218289650e+001 -8.412571035e+002 -8.412571035e+002 -3.4053e+000 -1.2072e+000 +1.3487e+000 -9.6253e-001 +2.0258e+000
67 +4.100041174e+000 +4.100041174e+000 -8.593399588e+002 -8.593399588e+002 -6.0177e-001 -1.4315e+000 +2.9006e+000 +7.6106e-001 +5.5077e-001
261 +1.552926635e+000 +1.552926635e+000 -8.618870734e+002 -8.618870734e+002 -2.0642e+000 -2.1787e+000 +2.4148e+000 -1.1123e+000 +3.9569e-001
479 +1.289652260e+000 +1.289652260e+000 -8.621503477e+002 -8.621503477e+002 -2.1373e+000 -2.1934e+000 +2.3829e+000 -1.2353e+000 +2.6419e-001
489 +1.147710216e+000 +1.147710216e+000 -8.622922898e+002 -8.622922898e+002 -2.0778e+000 -2.1227e+000 +2.4212e+000 -1.2949e+000 +2.5268e-001
587 +9.516968825e-001 +9.516968825e-001 -8.624883031e+002 -8.624883031e+002 -2.1732e+000 -2.1686e+000 +2.4083e+000 -1.3669e+000 +2.1400e-001
639 +7.246062021e-001 +7.246062021e-001 -8.627153938e+002 -8.627153938e+002 -2.1564e+000 -2.1977e+000 +2.3931e+000 -1.3398e+000 +3.0799e-001
690 +7.182124471e-001 +7.182124471e-001 -8.627217876e+002 -8.627217876e+002 -2.1603e+000 -2.1999e+000 +2.4057e+000 -1.3341e+000 +2.7286e-001
809 +4.518633723e-001 +4.518633723e-001 -8.629881366e+002 -8.629881366e+002 -2.1903e+000 -2.2174e+000 +2.3891e+000 -1.3395e+000 +2.8640e-001
924 +3.818271148e-001 +3.818271148e-001 -8.630581729e+002 -8.630581729e+002 -2.1881e+000 -2.2168e+000 +2.3896e+000 -1.3295e+000 +2.8648e-001
930 +3.195917902e-001 +3.195917902e-001 -8.631204082e+002 -8.631204082e+002 -2.1675e+000 -2.2213e+000 +2.3863e+000 -1.2994e+000 +3.0702e-001
1005 +3.032573388e-001 +3.032573388e-001 -8.631367427e+002 -8.631367427e+002 -2.1824e+000 -2.2253e+000 +2.3848e+000 -1.3255e+000 +3.0262e-001
1081 +2.891602395e-001 +2.891602395e-001 -8.631508398e+002 -8.631508398e+002 -2.1867e+000 -2.2246e+000 +2.3847e+000 -1.3248e+000 +3.0263e-001
1107 +2.578705686e-001 +2.578705686e-001 -8.631821294e+002 -8.631821294e+002 -2.1846e+000 -2.2249e+000 +2.3817e+000 -1.3255e+000 +3.0532e-001
1116 +2.551873175e-001 +2.551873175e-001 -8.631848127e+002 -8.631848127e+002 -2.1888e+000 -2.2263e+000 +2.3827e+000 -1.3273e+000 +3.0301e-001
1349 +2.454128864e-001 +2.454128864e-001 -8.631945871e+002 -8.631945871e+002 -2.1878e+000 -2.2246e+000 +2.3823e+000 -1.3293e+000 +3.0197e-001
1398 +2.339304214e-001 +2.339304214e-001 -8.632060696e+002 -8.632060696e+002 -2.1868e+000 -2.2221e+000 +2.3831e+000 -1.3317e+000 +3.0001e-001
1554 +2.289610605e-001 +2.289610605e-001 -8.632110389e+002 -8.632110389e+002 -2.1870e+000 -2.2222e+000 +2.3832e+000 -1.3320e+000 +2.9988e-001
1800 +2.212369191e-001 +2.212369191e-001 -8.632187631e+002 -8.632187631e+002 -2.1876e+000 -2.2222e+000 +2.3835e+000 -1.3315e+000 +2.9898e-001
1826 +2.158974490e-001 +2.158974490e-001 -8.632241026e+002 -8.632241026e+002 -2.1874e+000 -2.2224e+000 +2.3835e+000 -1.3318e+000 +2.9919e-001
1917 +2.132298048e-001 +2.132298048e-001 -8.632267702e+002 -8.632267702e+002 -2.1874e+000 -2.2222e+000 +2.3839e+000 -1.3312e+000 +2.9886e-001
2018 +2.076293113e-001 +2.076293113e-001 -8.632323707e+002 -8.632323707e+002 -2.1871e+000 -2.2220e+000 +2.3839e+000 -1.3312e+000 +2.9894e-001
2118 +2.023191309e-001 +2.023191309e-001 -8.632376809e+002 -8.632376809e+002 -2.1876e+000 -2.2222e+000 +2.3838e+000 -1.3317e+000 +2.9862e-001
2127 +1.969432949e-001 +1.969432949e-001 -8.632430567e+002 -8.632430567e+002 -2.1875e+000 -2.2221e+000 +2.3838e+000 -1.3317e+000 +2.9867e-001
2437 +1.944202167e-001 +1.944202167e-001 -8.632455798e+002 -8.632455798e+002 -2.1876e+000 -2.2221e+000 +2.3838e+000 -1.3318e+000 +2.9863e-001
3077 +1.902698583e-001 +1.902698583e-001 -8.632497301e+002 -8.632497301e+002 -2.1876e+000 -2.2221e+000 +2.3838e+000 -1.3319e+000 +2.9862e-001
% function evaluation | noise-free fitness - Fopt (1.318500000000e+002) | best noise-free fitness - Fopt | measured fitness | best measured fitness | x1 | x2...
1 +2.723188038e+002 +2.723188038e+002 +4.041688038e+002 +4.041688038e+002 -2.5532e-001 +4.2142e+000 -1.1054e+000 +4.0798e+000 +1.9356e+000
2 +1.861917613e+002 +1.861917613e+002 +3.180417613e+002 +3.180417613e+002 -2.8971e-001 +4.1219e+000 -1.1329e+000 +4.1123e+000 +1.1553e+000
4 +1.659148152e+002 +1.659148152e+002 +2.977648152e+002 +2.977648152e+002 -6.9153e-001 +4.5386e+000 -9.6060e-001 +4.1804e+000 +4.5084e-001
13 +1.504539721e+002 +1.504539721e+002 +2.823039721e+002 +2.823039721e+002 -9.6511e-001 +4.2437e+000 -1.2298e+000 +3.7665e+000 +2.1247e+000
22 +9.494853543e+001 +9.494853543e+001 +2.267985354e+002 +2.267985354e+002 -4.0895e-001 +2.0773e+000 -2.6022e+000 +3.4154e+000 +6.8786e-001
71 +8.896594412e+001 +8.896594412e+001 +2.208159441e+002 +2.208159441e+002 -8.8864e-001 +2.6062e+000 -7.8648e-001 +3.3444e+000 -1.5426e+000
77 +7.197728358e+001 +7.197728358e+001 +2.038272836e+002 +2.038272836e+002 -3.6764e-001 +2.2793e+000 -4.5367e-001 +2.6872e+000 -1.4241e+000
117 +5.235926042e+001 +5.235926042e+001 +1.842092604e+002 +1.842092604e+002 +4.2442e+000 -4.8981e+000 -7.7977e-001 -1.1318e+000 -8.3929e-001
141 +3.854033539e+001 +3.854033539e+001 +1.703903354e+002 +1.703903354e+002 -6.1682e-001 +1.5505e+000 -1.6973e+000 +2.6934e+000 -8.4734e-001
165 +2.774245984e+001 +2.774245984e+001 +1.595924598e+002 +1.595924598e+002 +1.5986e-001 +4.0512e-001 -4.0941e-001 -2.8739e-001 -2.2894e+000
169 +1.913423061e+001 +1.913423061e+001 +1.509842306e+002 +1.509842306e+002 -6.2851e-001 -9.6452e-001 -9.1366e-001 +2.5571e-001 -7.1729e-001
195 +1.256421563e+001 +1.256421563e+001 +1.444142156e+002 +1.444142156e+002 -1.2858e-001 +8.1590e-001 -1.1252e+000 -2.9210e-001 -2.0860e+000
212 +1.085540437e+001 +1.085540437e+001 +1.427054044e+002 +1.427054044e+002 +9.9924e-002 +2.1937e+000 -1.0226e+000 -4.1113e+000 -2.4730e+000
312 +6.451316587e+000 +6.451316587e+000 +1.383013166e+002 +1.383013166e+002 +3.1130e-001 +3.7319e-001 +1.0081e+000 -2.5517e+000 -1.8103e+000
390 +4.609457242e+000 +4.609457242e+000 +1.364594572e+002 +1.364594572e+002 +1.3184e-002 -3.5628e-001 +1.3336e+000 -3.0861e+000 -2.0051e+000
421 +3.677263703e+000 +3.677263703e+000 +1.355272637e+002 +1.355272637e+002 +3.0052e-001 +2.4210e-001 +1.7020e+000 -2.9220e+000 -2.0887e+000
427 +1.243538099e+000 +1.243538099e+000 +1.330935381e+002 +1.330935381e+002 +1.8181e-001 -4.1227e-001 +2.4063e+000 -2.9889e+000 -1.7587e+000
905 +5.257237097e-001 +5.257237097e-001 +1.323757237e+002 +1.323757237e+002 -2.6616e-002 +1.0907e-001 +1.7251e+000 -3.5331e+000 -1.7504e+000
1042 +4.730446189e-001 +4.730446189e-001 +1.323230446e+002 +1.323230446e+002 +1.8070e-002 +8.8258e-002 +1.8285e+000 -3.4747e+000 -1.7791e+000
1047 +3.268108677e-001 +3.268108677e-001 +1.321768109e+002 +1.321768109e+002 +1.7828e-002 +7.4304e-002 +1.8171e+000 -3.4880e+000 -1.7748e+000
1117 +2.870826678e-001 +2.870826678e-001 +1.321370827e+002 +1.321370827e+002 +8.2871e-003 +1.0051e-001 +1.8249e+000 -3.5229e+000 -1.7834e+000
1196 +2.236888958e-001 +2.236888958e-001 +1.320736889e+002 +1.320736889e+002 +3.7485e-002 +5.6409e-002 +1.8433e+000 -3.4689e+000 -1.7993e+000
1235 +2.024979362e-001 +2.024979362e-001 +1.320524979e+002 +1.320524979e+002 +3.2393e-002 +6.2047e-002 +1.8208e+000 -3.4721e+000 -1.7809e+000
1259 +1.774977909e-001 +1.774977909e-001 +1.320274978e+002 +1.320274978e+002 +1.3025e-002 +7.2662e-002 +1.8193e+000 -3.5330e+000 -1.7942e+000
1263 +1.680314428e-001 +1.680314428e-001 +1.320180314e+002 +1.320180314e+002 +3.0324e-002 +6.4732e-002 +1.8203e+000 -3.4723e+000 -1.7857e+000
1400 +1.592539666e-001 +1.592539666e-001 +1.320092540e+002 +1.320092540e+002 +1.9655e-002 +6.0512e-002 +1.8274e+000 -3.5180e+000 -1.7775e+000
1415 +1.399628438e-001 +1.399628438e-001 +1.319899628e+002 +1.319899628e+002 +2.2738e-002 +6.2712e-002 +1.8188e+000 -3.5233e+000 -1.7807e+000
1430 +1.054234415e-001 +1.054234415e-001 +1.319554234e+002 +1.319554234e+002 +1.9551e-002 +6.2034e-002 +1.8412e+000 -3.5408e+000 -1.7825e+000
1498 +9.902095904e-002 +9.902095904e-002 +1.319490210e+002 +1.319490210e+002 +2.1107e-002 +6.0130e-002 +1.8372e+000 -3.5209e+000 -1.7846e+000
1526 +8.689558072e-002 +8.689558072e-002 +1.319368956e+002 +1.319368956e+002 +1.9940e-002 +6.1836e-002 +1.8334e+000 -3.5300e+000 -1.7813e+000
1541 +7.497332129e-002 +7.497332129e-002 +1.319249733e+002 +1.319249733e+002 +2.0085e-002 +6.2222e-002 +1.8347e+000 -3.5291e+000 -1.7811e+000
1603 +7.335553531e-002 +7.335553531e-002 +1.319233555e+002 +1.319233555e+002 +2.1392e-002 +6.2491e-002 +1.8469e+000 -3.5379e+000 -1.7858e+000
1670 +6.759453749e-002 +6.759453749e-002 +1.319175945e+002 +1.319175945e+002 +2.3458e-002 +6.1953e-002 +1.8519e+000 -3.5350e+000 -1.7893e+000
1740 +5.357495664e-002 +5.357495664e-002 +1.319035750e+002 +1.319035750e+002 +2.1568e-002 +6.5938e-002 +1.8407e+000 -3.5373e+000 -1.7861e+000
1928 +5.181534157e-002 +5.181534157e-002 +1.319018153e+002 +1.319018153e+002 +2.1453e-002 +6.8439e-002 +1.8368e+000 -3.5394e+000 -1.7875e+000
1972 +5.045429383e-002 +5.045429383e-002 +1.319004543e+002 +1.319004543e+002 +2.2531e-002 +6.8732e-002 +1.8368e+000 -3.5385e+000 -1.7877e+000
2062 +4.491091522e-002 +4.491091522e-002 +1.318949109e+002 +1.318949109e+002 +2.2708e-002 +6.9499e-002 +1.8381e+000 -3.5445e+000 -1.7888e+000
2184 +3.955085176e-002 +3.955085176e-002 +1.318895509e+002 +1.318895509e+002 +2.2517e-002 +6.9449e-002 +1.8364e+000 -3.5374e+000 -1.7880e+000
2293 +3.601015664e-002 +3.601015664e-002 +1.318860102e+002 +1.318860102e+002 +2.3269e-002 +6.8198e-002 +1.8378e+000 -3.5360e+000 -1.7887e+000
2445 +3.482059857e-002 +3.482059857e-002 +1.318848206e+002 +1.318848206e+002 +2.2817e-002 +6.6543e-002 +1.8426e+000 -3.5414e+000 -1.7891e+000
2530 +3.291840970e-002 +3.291840970e-002 +1.318829184e+002 +1.318829184e+002 +2.2667e-002 +6.8931e-002 +1.8400e+000 -3.5432e+000 -1.7890e+000
2653 +3.119154870e-002 +3.119154870e-002 +1.318811915e+002 +1.318811915e+002 +2.2283e-002 +6.8378e-002 +1.8403e+000 -3.5431e+000 -1.7886e+000
2677 +3.009979058e-002 +3.009979058e-002 +1.318800998e+002 +1.318800998e+002 +2.2126e-002 +6.8308e-002 +1.8405e+000 -3.5433e+000 -1.7887e+000
2684 +2.905728305e-002 +2.905728305e-002 +1.318790573e+002 +1.318790573e+002 +2.2040e-002 +6.7998e-002 +1.8404e+000 -3.5432e+000 -1.7885e+000
2685 +2.684339545e-002 +2.684339545e-002 +1.318768434e+002 +1.318768434e+002 +2.2178e-002 +6.8245e-002 +1.8400e+000 -3.5430e+000 -1.7885e+000
3050 +2.590185980e-002 +2.590185980e-002 +1.318759019e+002 +1.318759019e+002 +2.2127e-002 +6.8014e-002 +1.8402e+000 -3.5431e+000 -1.7884e+000
3063 +2.552505060e-002 +2.552505060e-002 +1.318755251e+002 +1.318755251e+002 +2.2113e-002 +6.7993e-002 +1.8402e+000 -3.5431e+000 -1.7884e+000
3207 +2.467907958e-002 +2.467907958e-002 +1.318746791e+002 +1.318746791e+002 +2.2123e-002 +6.7967e-002 +1.8403e+000 -3.5431e+000 -1.7884e+000
3507 +2.446411105e-002 +2.446411105e-002 +1.318744641e+002 +1.318744641e+002 +2.2119e-002 +6.7939e-002 +1.8404e+000 -3.5432e+000 -1.7884e+000
6078 +2.387752523e-002 +2.387752523e-002 +1.318738775e+002 +1.318738775e+002 +2.2118e-002 +6.7874e-002 +1.8404e+000 -3.5430e+000 -1.7883e+000
