% function evaluation | noise-free fitness - Fopt (1.000000000000e+003) | best noise-free fitness - Fopt | measured fitness | best measured fitness | x1 | x2...
1 +7.954529173e+001 +7.954529173e+001 +1.079545292e+003 +1.079545292e+003 -2.0476e+000 +2.4682e+000 +2.1558e+000 +2.5466e+000 +1.7450e-001
27 +7.228668174e+001 +7.228668174e+001 +1.072286682e+003 +1.072286682e+003 -2.4414e+000 +3.4170e+000 +1.2982e+000 +3.3140e+000 +1.4842e+000
59 +6.646446085e+001 +6.646446085e+001 +1.066464461e+003 +1.066464461e+003 -3.2738e+000 +3.2805e+000 +2.1823e+000 +2.7036e+000 +1.9594e+000
63 +6.271456998e+001 +6.271456998e+001 +1.062714570e+003 +1.062714570e+003 -8.8344e-001 +5.0780e+000 +3.9683e+000 +4.1332e+000 +3.0918e+000
74 +5.142725077e+001 +5.142725077e+001 +1.051427251e+003 +1.051427251e+003 -1.9186e+000 +2.1048e+000 +3.1689e+000 +2.4794e+000 +2.6264e+000
179 +4.815748100e+001 +4.815748100e+001 +1.048157481e+003 +1.048157481e+003 -1.0933e+000 +2.9366e+000 +4.5633e+000 +4.9610e+000 +4.0580e+000
253 +2.750628874e+001 +2.750628874e+001 +1.027506289e+003 +1.027506289e+003 -1.5753e+000 +3.0789e+000 +4.4549e+000 +4.0492e+000 +2.8292e+000
470 +2.114440695e+001 +2.114440695e+001 +1.021144407e+003 +1.021144407e+003 -4.0652e+000 +3.3953e+000 +4.8671e+000 +3.6034e+000 +2.2492e+000
578 +1.431950077e+001 +1.431950077e+001 +1.014319501e+003 +1.014319501e+003 -3.9528e+000 +3.1654e+000 +4.2799e+000 +2.7281e+000 +2.9835e+000
765 +1.194505678e+001 +1.194505678e+001 +1.011945057e+003 +1.011945057e+003 -3.6248e+000 +2.8786e+000 +4.0854e+000 +3.7883e+000 +2.7806e+000
1474 +8.719556007e+000 +8.719556007e+000 +1.008719556e+003 +1.008719556e+003 -2.2324e+000 +3.7864e+000 +3.4383e+000 +4.5326e+000 +3.0516e+000
2010 +5.311145174e+000 +5.311145174e+000 +1.005311145e+003 +1.005311145e+003 -2.2349e+000 +3.3594e+000 +3.2272e+000 +4.1223e+000 +2.9666e+000
10358 +3.760466675e+000 +3.760466675e+000 +1.003760467e+003 +1.003760467e+003 -3.1026e+000 +2.8818e+000 +3.6490e+000 +3.2205e+000 +2.9549e+000
10380 +2.585231791e+000 +2.585231791e+000 +1.002585232e+003 +1.002585232e+003 -3.1077e+000 +2.9964e+000 +3.6019e+000 +3.1966e+000 +2.9406e+000
10419 +2.211960650e+000 +2.211960650e+000 +1.002211961e+003 +1.002211961e+003 -3.1742e+000 +2.9569e+000 +3.6212e+000 +3.1947e+000 +2.9259e+000
10427 +1.738357308e+000 +1.738357308e+000 +1.001738357e+003 +1.001738357e+003 -3.1350e+000 +2.9402e+000 +3.6246e+000 +3.1941e+000 +2.9399e+000
10442 +1.736934405e+000 +1.736934405e+000 +1.001736934e+003 +1.001736934e+003 -3.1102e+000 +2.9592e+000 +3.6313e+000 +3.2063e+000 +2.9314e+000
10457 +1.518329322e+000 +1.518329322e+000 +1.001518329e+003 +1.001518329e+003 -3.1387e+000 +2.9368e+000 +3.6112e+000 +3.2023e+000 +2.9104e+000
10461 +1.491995449e+000 +1.491995449e+000 +1.001491995e+003 +1.001491995e+003 -3.1159e+000 +2.9637e+000 +3.6266e+000 +3.1894e+000 +2.9220e+000
10474 +1.370565559e+000 +1.370565559e+000 +1.001370566e+003 +1.001370566e+003 -3.1117e+000 +2.9887e+000 +3.6174e+000 +3.1931e+000 +2.8993e+000
10480 +1.266179005e+000 +1.266179005e+000 +1.001266179e+003 +1.001266179e+003 -3.1357e+000 +2.9482e+000 +3.6193e+000 +3.1821e+000 +2.9104e+000
10483 +1.071967695e+000 +1.071967695e+000 +1.001071968e+003 +1.001071968e+003 -3.1265e+000 +2.9566e+000 +3.6171e+000 +3.1955e+000 +2.9132e+000
10531 +1.037692909e+000 +1.037692909e+000 +1.001037693e+003 +1.001037693e+003 -3.1215e+000 +2.9487e+000 +3.6240e+000 +3.2044e+000 +2.9101e+000
10587 +1.011162436e+000 +1.011162436e+000 +1.001011162e+003 +1.001011162e+003 -3.1179e+000 +2.9548e+000 +3.6270e+000 +3.2017e+000 +2.9061e+000
10627 +9.979022879e-001 +9.979022879e-001 +1.000997902e+003 +1.000997902e+003 -3.1193e+000 +2.9503e+000 +3.6257e+000 +3.2001e+000 +2.9091e+000
% function evaluation | noise-free fitness - Fopt (7.003000000000e+001) | best noise-free fitness - Fopt | measured fitness | best measured fitness | x1 | x2...
1 +4.275508783e+002 +4.275508783e+002 +4.975808783e+002 +4.975808783e+002 -4.1758e+000 -2.7695e+000 +4.1435e+000 -4.6854e+000 +2.7270e+000
13 +4.210497581e+002 +4.210497581e+002 +4.910797581e+002 +4.910797581e+002 -3.6440e+000 -4.8705e+000 +3.9521e+000 -3.2322e+000 +1.6684e+000
15 +3.053455075e+002 +3.053455075e+002 +3.753755075e+002 +3.753755075e+002 -3.9066e+000 -4.8662e+000 +9.2080e-001 -1.1734e+000 +2.4103e+000
27 +2.126241492e+002 +2.126241492e+002 +2.826541492e+002 +2.826541492e+002 -3.9696e+000 -1.8133e+000 +1.5207e+000 -3.2508e+000 +1.6324e+000
44 +1.462012305e+002 +1.462012305e+002 +2.162312305e+002 +2.162312305e+002 -4.4523e+000 -3.2121e+000 -6.6606e-001 -6.4200e-001 +4.1575e-001
58 +1.266689219e+002 +1.266689219e+002 +1.966989219e+002 +1.966989219e+002 -3.4451e+000 -3.1806e+000 -3.2940e+000 -1.1424e-001 +3.6483e+000
81 +1.098154532e+002 +1.098154532e+002 +1.798454532e+002 +1.798454532e+002 -4.4598e+000 -2.2287e+000 -2.4722e+000 -2.9893e-001 -1.0640e+000
96 +7.098529107e+001 +7.098529107e+001 +1.410152911e+002 +1.410152911e+002 -4.0441e+000 -3.0011e+000 -4.3445e+000 +1.6416e+000 -1.4216e+000
151 +6.674168932e+001 +6.674168932e+001 +1.367716893e+002 +1.367716893e+002 -3.1923e+000 -1.7060e+000 -2.4953e+000 -2.3383e-001 -1.4029e+000
184 +2.629822710e+001 +2.629822710e+001 +9.632822710e+001 +9.632822710e+001 -2.4031e+000 -1.9147e+000 -3.9392e+000 -9.1561e-001 +3.5830e-001
607 +2.019681704e+001 +2.019681704e+001 +9.022681704e+001 +9.022681704e+001 -1.9755e+000 -3.3758e+000 -4.2113e+000 -8.3409e-001 -1.3752e+000
1436 +1.837854422e+001 +1.837854422e+001 +8.840854422e+001 +8.840854422e+001 -4.1770e-002 -3.2726e+000 -4.0132e+000 -2.9517e+000 -6.9499e-001
1775 +1.814477315e+001 +1.814477315e+001 +8.817477315e+001 +8.817477315e+001 +3.0483e-001 -3.1957e+000 -4.7089e+000 -2.7558e+000 +5.0459e-001
2026 +1.757469410e+001 +1.757469410e+001 +8.760469410e+001 +8.760469410e+001 -6.4685e-001 -2.5083e+000 -3.5713e+000 -2.3764e+000 +1.5471e-001
2058 +4.083978757e+000 +4.083978757e+000 +7.411397876e+001 +7.411397876e+001 -6.9193e-001 -2.5980e+000 -3.5351e+000 -2.3717e+000 +1.9603e-001
13451 +4.070267521e+000 +4.070267521e+000 +7.410026752e+001 +7.410026752e+001 -6.4705e-001 -2.4860e+000 -5.1195e+000 -1.4501e+000 +4.1983e-001
14813 +3.980978741e+000 +3.980978741e+000 +7.401097874e+001 +7.401097874e+001 -6.5116e-001 -2.4832e+000 -5.1179e+000 -1.4403e+000 +4.1336e-001
% function evaluation | noise-free fitness - Fopt (-4.822000000000e+001) | best noise-free fitness - Fopt | measured fitness | best measured fitness | x1 | x2...
1 +1.205558160e+003 +1.205558160e+003 +1.157338160e+003 +1.157338160e+003 -1.2970e+001 -5.5939e+000 -1.4433e+000 +6.9521e-002 +6.8913e+000
2 +4.101883355e+002 +4.101883355e+002 +3.619683355e+002 +3.619683355e+002 -6.0956e+000 +7.3138e-002 -2.9117e+000 +5.7291e-001 +2.1836e+000
4 +3.265880150e+002 +3.265880150e+002 +2.783680150e+002 +2.783680150e+002 -5.1353e+000 -1.7176e+000 -3.1704e+000 -3.3255e+000 +3.4489e+000
5 +2.994145230e+002 +2.994145230e+002 +2.511945230e+002 +2.511945230e+002 -2.3622e+000 +4.9880e-001 -4.7706e+000 -5.0465e+000 +9.1873e-001
10 +1.295476948e+002 +1.295476948e+002 +8.132769476e+001 +8.132769476e+001 +2.9680e+000 -1.9298e+000 -5.9014e+000 +4.6917e-001 +1.1452e+000
60 +1.163521132e+002 +1.163521132e+002 +6.813211315e+001 +6.813211315e+001 +1.2211e+000 -7.1818e-001 -7.7829e+000 +1.2962e-001 +8.6091e-001
90 +8.491074056e+001 +8.491074056e+001 +3.669074056e+001 +3.669074056e+001 +1.1959e+000 -1.6147e+000 -3.7269e+000 -8.5862e-001 -8.7458e-001
123 +7.834949543e+001 +7.834949543e+001 +3.012949543e+001 +3.012949543e+001 +1.6742e+000 -7.3568e-002 -2.7761e+000 +5.1082e-001 -1.1013e+000
125 +6.838545805e+001 +6.838545805e+001 +2.016545805e+001 +2.016545805e+001 +1.3685e+000 +3.9605e-001 -3.0261e+000 +9.9235e-001 -2.0041e+000
131 +6.489688747e+001 +6.489688747e+001 +1.667688747e+001 +1.667688747e+001 +2.0832e+000 +9.4395e-002 -3.5400e+000 -2.6805e-002 -1.2532e+000
146 +5.304571511e+001 +5.304571511e+001 +4.825715112e+000 +4.825715112e+000 +1.0959e+000 -1.6011e+000 -4.5843e+000 +2.3174e-002 -9.4484e-001
188 +5.162708563e+001 +5.162708563e+001 +3.407085626e+000 +3.407085626e+000 +1.4366e+000 -6.1685e-001 -4.9528e+000 +7.8177e-003 -2.6571e+000
305 +4.729823435e+001 +4.729823435e+001 -9.217656527e-001 -9.217656527e-001 +1.1792e+000 +4.9551e-001 -3.3533e+000 +4.3041e-001 -3.0436e+000
331 +4.436770358e+001 +4.436770358e+001 -3.852296417e+000 -3.852296417e+000 +1.5170e+000 +3.7381e-001 -3.3231e+000 +2.8459e-001 -2.7732e+000
335 +3.968693143e+001 +3.968693143e+001 -8.533068574e+000 -8.533068574e+000 +6.4417e-001 +8.1096e-001 -3.9778e+000 +2.5783e-001 -3.0463e+000
464 +2.436641014e+001 +2.436641014e+001 -2.385358986e+001 -2.385358986e+001 +1.0952e+000 -2.8805e-001 -3.8400e+000 +2.0204e-001 -2.1848e+000
744 +1.481738108e+001 +1.481738108e+001 -3.340261892e+001 -3.340261892e+001 +3.0845e-001 -2.2568e-001 -3.4314e+000 -5.2386e-001 -2.8589e+000
1056 +1.464457432e+001 +1.464457432e+001 -3.357542568e+001 -3.357542568e+001 +1.4567e-001 -8.3033e-001 -3.4369e+000 +4.8643e-001 -2.4728e+000
2956 +1.201228787e+001 +1.201228787e+001 -3.620771213e+001 -3.620771213e+001 -1.4451e+000 -7.3070e-001 -2.2335e+000 +4.0151e-001 -3.0734e+000
4012 +1.132930623e+001 +1.132930623e+001 -3.689069377e+001 -3.689069377e+001 -1.2346e+000 -7.6074e-001 -2.1551e+000 +2.8478e-002 -3.6115e+000
4984 +7.175506876e+000 +7.175506876e+000 -4.104449312e+001 -4.104449312e+001 -9.8044e-001 -1.1809e+000 -2.6711e+000 -5.0672e-001 -3.2876e+000
7173 +6.782041479e+000 +6.782041479e+000 -4.143795852e+001 -4.143795852e+001 -1.0365e+000 -9.4549e-001 -2.6001e+000 +4.9640e-001 -3.9502e+000
7181 +5.209863778e+000 +5.209863778e+000 -4.301013622e+001 -4.301013622e+001 -1.1005e+000 -9.7881e-001 -2.5098e+000 +4.9371e-001 -4.0175e+000
7244 +4.637889041e+000 +4.637889041e+000 -4.358211096e+001 -4.358211096e+001 -1.0637e+000 -9.5883e-001 -2.5608e+000 +5.0744e-001 -4.0181e+000
7252 +4.380933524e+000 +4.380933524e+000 -4.383906648e+001 -4.383906648e+001 -1.0559e+000 -9.6230e-001 -2.5736e+000 +5.0775e-001 -4.0092e+000
7281 +3.464574073e+000 +3.464574073e+000 -4.475542593e+001 -4.475542593e+001 -1.0831e+000 -9.7404e-001 -2.5852e+000 +5.2565e-001 -4.0045e+000
7396 +3.346354656e+000 +3.346354656e+000 -4.487364534e+001 -4.487364534e+001 -1.0894e+000 -9.8612e-001 -2.5763e+000 +5.1192e-001 -4.0077e+000
7446 +3.237119755e+000 +3.237119755e+000 -4.498288024e+001 -4.498288024e+001 -1.0926e+000 -9.9002e-001 -2.5953e+000 +5.1280e-001 -3.9999e+000
7505 +3.209886818e+000 +3.209886818e+000 -4.501011318e+001 -4.501011318e+001 -1.0913e+000 -9.9544e-001 -2.6109e+000 +5.1316e-001 -3.9930e+000
7519 +3.157207785e+000 +3.157207785e+000 -4.506279222e+001 -4.506279222e+001 -1.1008e+000 -9.9345e-001 -2.5936e+000 +5.1342e-001 -3.9993e+000
7540 +3.064896773e+000 +3.064896773e+000 -4.515510323e+001 -4.515510323e+001 -1.1151e+000 -1.0027e+000 -2.5966e+000 +5.1819e-001 -3.9955e+000
7626 +3.016183431e+000 +3.016183431e+000 -4.520381657e+001 -4.520381657e+001 -1.1014e+000 -1.0025e+000 -2.5922e+000 +5.1931e-001 -3.9918e+000
% function evaluation | noise-free fitness - Fopt (2.547000000000e+001) | best noise-free fitness - Fopt | measured fitness | best measured fitness | x1 | x2...
1 +1.127337798e+002 +1.127337798e+002 +1.382037798e+002 +1.382037798e+002 -4.7736e-001 -2.2052e+000 -1.8545e+000 -1.1706e+000 +2.3174e+000
25 +9.910240232e+001 +9.910240232e+001 +1.245724023e+002 +1.245724023e+002 -1.7812e+000 -2.6806e+000 -2.6850e+000 -3.6518e+000 +3.0210e+000
69 +7.062751253e+001 +7.062751253e+001 +9.609751253e+001 +9.609751253e+001 -1.5348e+000 -1.4132e+000 -3.5009e+000 -3.9536e+000 +1.5081e+000
97 +6.866156690e+001 +6.866156690e+001 +9.413156690e+001 +9.413156690e+001 -1.8125e+000 -1.5270e+000 -2.0340e+000 -3.8623e+000 -1.1401e-001
99 +5.538600171e+001 +5.538600171e+001 +8.085600171e+001 +8.085600171e+001 -2.0766e+000 -1.0407e+000 -2.6859e+000 -3.3597e+000 -3.4613e-001
134 +3.475521815e+001 +3.475521815e+001 +6.022521815e+001 +6.022521815e+001 -2.0334e+000 -6.3923e-001 -1.9699e+000 -2.0808e+000 -7.8008e-001
290 +1.997805842e+001 +1.997805842e+001 +4.544805842e+001 +4.544805842e+001 -2.1511e+000 -1.3396e+000 -1.7971e+000 -2.5644e+000 -4.0751e-001
1426 +1.601352145e+001 +1.601352145e+001 +4.148352145e+001 +4.148352145e+001 -2.4857e+000 -1.1835e+000 -1.5464e+000 -1.5659e+000 -2.1250e+000
1905 +1.167084584e+001 +1.167084584e+001 +3.714084584e+001 +3.714084584e+001 -3.3912e+000 -2.0534e+000 -1.9794e+000 -2.1907e+000 -1.9170e+000
4020 +6.370387615e+000 +6.370387615e+000 +3.184038761e+001 +3.184038761e+001 -3.8150e+000 -1.8817e+000 -1.0864e+000 -2.3027e+000 -5.2509e-001
4091 +3.975475815e+000 +3.975475815e+000 +2.944547582e+001 +2.944547582e+001 -3.8238e+000 -1.8890e+000 -1.1459e+000 -2.3093e+000 -5.3782e-001
4140 +3.698346598e+000 +3.698346598e+000 +2.916834660e+001 +2.916834660e+001 -3.8688e+000 -1.8865e+000 -1.1378e+000 -2.2881e+000 -5.2015e-001
4145 +3.537804646e+000 +3.537804646e+000 +2.900780465e+001 +2.900780465e+001 -3.8456e+000 -1.8864e+000 -1.1278e+000 -2.2945e+000 -5.2721e-001
4165 +3.424621367e+000 +3.424621367e+000 +2.889462137e+001 +2.889462137e+001 -3.8186e+000 -1.8459e+000 -1.1341e+000 -2.2983e+000 -4.9722e-001
4183 +3.253600467e+000 +3.253600467e+000 +2.872360047e+001 +2.872360047e+001 -3.8361e+000 -1.8663e+000 -1.1336e+000 -2.2892e+000 -5.1103e-001
4261 +3.184048116e+000 +3.184048116e+000 +2.865404812e+001 +2.865404812e+001 -3.8060e+000 -1.8509e+000 -1.1446e+000 -2.2842e+000 -5.1021e-001
4322 +3.081383750e+000 +3.081383750e+000 +2.855138375e+001 +2.855138375e+001 -3.8028e+000 -1.8609e+000 -1.1417e+000 -2.2914e+000 -5.0664e-001
4758 +3.019430449e+000 +3.019430449e+000 +2.848943045e+001 +2.848943045e+001 -3.7921e+000 -1.8548e+000 -1.1417e+000 -2.2884e+000 -4.8897e-001
% function evaluation | noise-free fitness - Fopt (-1.008100000000e+002) | best noise-free fitness - Fopt | measured fitness | best measured fitness | x1 | x2...
1 +1.328500409e+003 +1.328500409e+003 +1.227690409e+003 +1.227690409e+003 +8.8460e+000 +1.0862e+000 -3.1539e+000 -2.3271e+000 +5.8693e+000
2 +2.658219982e+002 +2.658219982e+002 +1.650119982e+002 +1.650119982e+002 +3.7469e+000 +2.4272e+000 +4.0015e+000 -2.8754e+000 +2.8144e-001
4 +1.881383498e+002 +1.881383498e+002 +8.732834985e+001 +8.732834985e+001 +5.5609e+000 +1.9794e+000 -2.3710e-001 -1.5093e+000 +1.3437e+000
6 +9.368103269e+001 +9.368103269e+001 -7.128967313e+000 -7.128967313e+000 +4.5805e+000 +2.9591e+000 +1.5592e+000 +4.9008e-001 +6.1254e-001
37 +5.979775533e+001 +5.979775533e+001 -4.101224467e+001 -4.101224467e+001 +1.1447e+000 +1.1062e+000 +2.1531e+000 +4.4621e-001 +5.3868e+000
93 +5.619490518e+001 +5.619490518e+001 -4.461509482e+001 -4.461509482e+001 +2.1732e+000 +7.2541e-001 +3.8642e-001 +1.6986e+000 +1.6012e+000
174 +5.228462550e+001 +5.228462550e+001 -4.852537450e+001 -4.852537450e+001 +2.7279e+000 +1.5213e+000 +7.1170e-002 +1.9503e+000 -4.7175e-001
209 +3.695062992e+001 +3.695062992e+001 -6.385937008e+001 -6.385937008e+001 +2.5082e+000 +1.3306e+000 +5.7311e-001 +4.1199e-001 +2.0375e+000
370 +3.359764698e+001 +3.359764698e+001 -6.721235302e+001 -6.721235302e+001 +3.0771e+000 +6.8961e-001 +1.4810e-001 +6.0833e-001 +5.5794e-001
385 +3.280205142e+001 +3.280205142e+001 -6.800794858e+001 -6.800794858e+001 -3.2119e-002 +6.4025e-001 +3.9541e-001 -2.8939e-001 +1.5351e+000
429 +2.342995164e+001 +2.342995164e+001 -7.738004836e+001 -7.738004836e+001 -3.0157e-001 -5.2405e-001 -1.2897e-001 +5.4952e-001 +1.2014e+000
563 +1.032411894e+001 +1.032411894e+001 -9.048588106e+001 -9.048588106e+001 +1.6386e+000 -5.4991e-002 +5.0304e-001 +1.4063e+000 +1.1494e+000
1234 +9.740135814e+000 +9.740135814e+000 -9.106986419e+001 -9.106986419e+001 +5.7105e-001 +5.3584e-001 +1.0128e+000 +4.3453e-001 +2.8526e+000
4581 +7.665851783e+000 +7.665851783e+000 -9.314414822e+001 -9.314414822e+001 +1.2655e+000 -1.6931e-001 +1.7319e+000 +6.2976e-001 +2.7019e+000
8069 +3.832199135e+000 +3.832199135e+000 -9.697780086e+001 -9.697780086e+001 +9.7459e-001 +2.1064e-001 +1.4369e+000 +4.4166e-001 +3.3976e+000
9005 +2.416853414e+000 +2.416853414e+000 -9.839314659e+001 -9.839314659e+001 +8.7115e-001 -1.4017e-001 +1.3216e+000 +8.1664e-001 +2.7938e+000
9083 +2.357878097e+000 +2.357878097e+000 -9.845212190e+001 -9.845212190e+001 +8.6685e-001 -1.6276e-001 +1.3053e+000 +8.4118e-001 +2.7639e+000
9111 +2.285282830e+000 +2.285282830e+000 -9.852471717e+001 -9.852471717e+001 +8.6522e-001 -1.5893e-001 +1.3134e+000 +8.4253e-001 +2.7679e+000
9150 +2.229054185e+000 +2.229054185e+000 -9.858094582e+001 -9.858094582e+001 +8.5699e-001 -1.6195e-001 +1.3101e+000 +8.4596e-001 +2.7693e+000
9159 +2.080851203e+000 +2.080851203e+000 -9.872914880e+001 -9.872914880e+001 +8.4712e-001 -1.6421e-001 +1.3182e+000 +8.3638e-001 +2.7752e+000
9376 +2.038653186e+000 +2.038653186e+000 -9.877134681e+001 -9.877134681e+001 +8.5107e-001 -1.6226e-001 +1.3241e+000 +8.3536e-001 +2.7835e+000
9968 +1.993903371e+000 +1.993903371e+000 -9.881609663e+001 -9.881609663e+001 +8.4716e-001 -1.6337e-001 +1.3251e+000 +8.2844e-001 +2.7861e+000
% function evaluation | noise-free fitness - Fopt (-3.496000000000e+001) | best noise-free fitness - Fopt | measured fitness | best measured fitness | x1 | x2...
1 +1.733165306e+002 +1.733165306e+002 +1.383565306e+002 +1.383565306e+002 +1.7037e+000 +2.2607e+000 -4.5419e-001 +2.1898e+000 -1.4841e+000
9 +1.154403501e+002 +1.154403501e+002 +8.048035007e+001 +8.048035007e+001 +4.0320e+000 -9.5079e-001 -4.5235e+000 +3.0041e+000 -3.8207e+000
10 +1.060440382e+002 +1.060440382e+002 +7.108403825e+001 +7.108403825e+001 +3.8884e+000 -2.4309e+000 -2.0820e+000 +1.5055e+000 -3.7928e+000
27 +9.834489509e+001 +9.834489509e+001 +6.338489509e+001 +6.338489509e+001 +3.3154e+000 -4.6274e-001 -8.0144e-001 +1.4896e+000 -2.6016e+000
31 +6.547996454e+001 +6.547996454e+001 +3.051996454e+001 +3.051996454e+001 +3.1607e+000 -4.5247e-001 -3.3531e+000 +2.7236e+000 -3.5098e+000
76 +6.195117330e+001 +6.195117330e+001 +2.699117330e+001 +2.699117330e+001 +2.2380e+000 -4.5401e+000 -3.5880e+000 +3.8071e+000 -2.0389e+000
84 +5.789142576e+001 +5.789142576e+001 +2.293142576e+001 +2.293142576e+001 +2.9293e+000 -2.7268e+000 -2.9280e+000 +3.2448e-001 -2.6261e+000
96 +5.725955596e+001 +5.725955596e+001 +2.229955596e+001 +2.229955596e+001 +2.3918e+000 -1.2565e+000 -2.1209e+000 +7.3990e-001 -2.2980e+000
111 +3.114425324e+001 +3.114425324e+001 -3.815746765e+000 -3.815746765e+000 +2.4018e+000 -2.6429e+000 -2.6666e+000 +1.8583e+000 -2.3818e+000
205 +2.802501956e+001 +2.802501956e+001 -6.934980445e+000 -6.934980445e+000 +9.8990e-001 -1.1288e+000 -2.9270e+000 +1.5026e+000 -2.1636e+000
241 +2.570655843e+001 +2.570655843e+001 -9.253441568e+000 -9.253441568e+000 +2.1409e+000 -2.0783e+000 -2.4624e+000 +1.9007e+000 -2.7563e+000
243 +2.306880041e+001 +2.306880041e+001 -1.189119959e+001 -1.189119959e+001 +1.6620e+000 -2.8976e+000 -2.8413e+000 +2.1952e+000 -1.5730e+000
296 +2.013159091e+001 +2.013159091e+001 -1.482840909e+001 -1.482840909e+001 +6.0306e-001 -2.5450e+000 -2.7632e+000 +2.2496e+000 -1.6835e+000
306 +1.556486476e+001 +1.556486476e+001 -1.939513524e+001 -1.939513524e+001 +1.6145e+000 -2.9837e+000 -2.0090e+000 +2.4351e+000 -1.2252e+000
1270 +8.628372256e+000 +8.628372256e+000 -2.633162774e+001 -2.633162774e+001 +7.2829e-001 -3.5435e+000 -2.9585e+000 +1.7930e+000 -1.7389e+000
2768 +5.683497813e+000 +5.683497813e+000 -2.927650219e+001 -2.927650219e+001 +2.9994e-001 -3.4523e+000 -2.5760e+000 +2.0052e+000 -1.7962e+000
2817 +3.971889416e+000 +3.971889416e+000 -3.098811058e+001 -3.098811058e+001 +2.7818e-001 -3.4579e+000 -2.5994e+000 +1.9712e+000 -1.7259e+000
3102 +3.673469339e+000 +3.673469339e+000 -3.128653066e+001 -3.128653066e+001 +1.5324e-001 -3.4307e+000 -2.6071e+000 +2.0311e+000 -1.7642e+000
3116 +2.771307577e+000 +2.771307577e+000 -3.218869242e+001 -3.218869242e+001 +1.8407e-001 -3.4238e+000 -2.6045e+000 +2.0028e+000 -1.7670e+000
3132 +2.665925913e+000 +2.665925913e+000 -3.229407409e+001 -3.229407409e+001 +2.0239e-001 -3.4281e+000 -2.5886e+000 +2.0134e+000 -1.7738e+000
3137 +2.505361104e+000 +2.505361104e+000 -3.245463890e+001 -3.245463890e+001 +2.2274e-001 -3.4142e+000 -2.5929e+000 +2.0044e+000 -1.7758e+000
3149 +2.389222020e+000 +2.389222020e+000 -3.257077798e+001 -3.257077798e+001 +2.3644e-001 -3.4507e+000 -2.5889e+000 +2.0044e+000 -1.7558e+000
3154 +2.243379940e+000 +2.243379940e+000 -3.271662006e+001 -3.271662006e+001 +2.1716e-001 -3.4257e+000 -2.6143e+000 +2.0084e+000 -1.7732e+000
3193 +2.141696353e+000 +2.141696353e+000 -3.281830365e+001 -3.281830365e+001 +2.2947e-001 -3.4334e+000 -2.6045e+000 +2.0069e+000 -1.7728e+000
3228 +2.117285195e+000 +2.117285195e+000 -3.284271480e+001 -3.284271480e+001 +2.2055e-001 -3.4479e+000 -2.6043e+000 +2.0223e+000 -1.7731e+000
3232 +2.042864250e+000 +2.042864250e+000 -3.291713575e+001 -3.291713575e+001 +2.1922e-001 -3.4436e+000 -2.6104e+000 +2.0161e+000 -1.7707e+000
3263 +2.006088806e+000 +2.006088806e+000 -3.295391119e+001 -3.295391119e+001 +2.1842e-001 -3.4437e+000 -2.6057e+000 +2.0157e+000 -1.7645e+000
3440 +1.993469181e+000 +1.993469181e+000 -3.296653082e+001 -3.296653082e+001 +2.1647e-001 -3.4457e+000 -2.6073e+000 +2.0110e+000 -1.7621e+000
% function evaluation | noise-free fitness - Fopt (-2.727900000000e+002) | best noise-free fitness - Fopt | measured fitness | best measured fitness | x1 | x2...
1 +2.236866560e+002 +2.236866560e+002 -4.910334400e+001 -4.910334400e+001 -7.6054e+000 -1.9835e+000 +3.7001e+000 -2.9104e+000 +5.3498e-001
8 +1.893679907e+002 +1.893679907e+002 -8.342200931e+001 -8.342200931e+001 -4.8433e+000 -3.3017e+000 +2.3348e+000 -3.7345e+000 +3.6947e+000
20 +1.661182572e+002 +1.661182572e+002 -1.066717428e+002 -1.066717428e+002 -3.9866e+000 -3.6884e+000 +3.4573e+000 -2.6065e+000 +1.7895e+000
30 +1.275186174e+002 +1.275186174e+002 -1.452713826e+002 -1.452713826e+002 -5.0283e+000 -1.6001e+000 +1.9105e+000 -7.4260e-001 +1.4969e+000
37 +8.400903584e+001 +8.400903584e+001 -1.887809642e+002 -1.887809642e+002 -1.0136e+000 -4.1617e-001 +4.4797e+000 -7.9214e+000 +3.6620e-001
77 +6.138994949e+001 +6.138994949e+001 -2.114000505e+002 -2.114000505e+002 -3.2042e+000 -3.0655e-002 +3.1747e+000 -3.8070e+000 +1.9878e+000
118 +4.623957109e+001 +4.623957109e+001 -2.265504289e+002 -2.265504289e+002 -3.7549e+000 -5.7082e-001 +3.6971e+000 -3.6473e+000 +1.2250e+000
156 +2.635205439e+001 +2.635205439e+001 -2.464379456e+002 -2.464379456e+002 -3.2527e+000 -4.7948e-002 +2.1004e+000 -2.2435e+000 +6.2899e-001
347 +2.427598671e+001 +2.427598671e+001 -2.485140133e+002 -2.485140133e+002 -3.1735e+000 +3.3079e-001 +2.6730e+000 -4.2606e+000 +9.5558e-001
429 +2.296639011e+001 +2.296639011e+001 -2.498236099e+002 -2.498236099e+002 -2.9480e+000 -6.5001e-003 +1.2914e+000 -4.3493e+000 +1.3561e+000
653 +2.028825972e+001 +2.028825972e+001 -2.525017403e+002 -2.525017403e+002 -3.5005e+000 +4.1704e-001 +1.8305e+000 -1.9185e+000 +1.6118e+000
869 +1.926227265e+001 +1.926227265e+001 -2.535277274e+002 -2.535277274e+002 -3.2756e+000 +3.3969e-001 +9.2099e-001 -2.2605e+000 +6.4080e-001
912 +1.357105905e+001 +1.357105905e+001 -2.592189410e+002 -2.592189410e+002 -2.7628e+000 +5.9852e-001 +8.5134e-001 -2.2574e+000 +1.2978e+000
956 +1.297702833e+001 +1.297702833e+001 -2.598129717e+002 -2.598129717e+002 -2.8311e+000 +2.6821e-001 +1.3715e+000 -2.3145e+000 +1.2125e+000
1860 +9.537049548e+000 +9.537049548e+000 -2.632529505e+002 -2.632529505e+002 -3.8070e+000 +2.1659e-001 +2.5145e+000 -3.1303e+000 +1.5100e+000
2576 +9.128512262e+000 +9.128512262e+000 -2.636614877e+002 -2.636614877e+002 -3.8927e+000 -2.7464e-001 +2.2833e+000 -3.2707e+000 +1.3076e+000
2586 +8.804287626e+000 +8.804287626e+000 -2.639857124e+002 -2.639857124e+002 -3.7810e+000 -2.1716e-001 +2.2951e+000 -3.2024e+000 +1.2212e+000
2979 +7.901442671e+000 +7.901442671e+000 -2.648885573e+002 -2.648885573e+002 -3.8926e+000 -2.0781e-001 +2.3112e+000 -3.1513e+000 +1.2988e+000
3359 +7.431906321e+000 +7.431906321e+000 -2.653580937e+002 -2.653580937e+002 -4.3190e+000 +2.7099e-001 +1.3584e+000 -2.2407e+000 +1.0922e+000
7869 +4.151041262e+000 +4.151041262e+000 -2.686389587e+002 -2.686389587e+002 -3.4183e+000 +5.7053e-001 +1.3589e+000 -1.9470e+000 +7.9791e-001
11911 +3.504052317e+000 +3.504052317e+000 -2.692859477e+002 -2.692859477e+002 -3.1718e+000 +6.0146e-001 +1.1827e+000 -2.6054e+000 +1.1489e+000
11960 +3.432467602e+000 +3.432467602e+000 -2.693575324e+002 -2.693575324e+002 -3.1252e+000 +5.9217e-001 +1.2366e+000 -2.6705e+000 +1.1505e+000
11962 +3.131390548e+000 +3.131390548e+000 -2.696586095e+002 -2.696586095e+002 -3.1453e+000 +6.0201e-001 +1.1911e+000 -2.5842e+000 +1.1482e+000
11963 +1.793096041e+000 +1.793096041e+000 -2.709969040e+002 -2.709969040e+002 -3.1557e+000 +6.0523e-001 +1.2325e+000 -2.6244e+000 +1.1344e+000
12071 +1.754279858e+000 +1.754279858e+000 -2.710357201e+002 -2.710357201e+002 -3.1589e+000 +5.7797e-001 +1.2173e+000 -2.6350e+000 +1.1293e+000
12079 +1.715983697e+000 +1.715983697e+000 -2.710740163e+002 -2.710740163e+002 -3.1595e+000 +5.8732e-001 +1.2305e+000 -2.6248e+000 +1.1346e+000
12082 +1.629846945e+000 +1.629846945e+000 -2.711601531e+002 -2.711601531e+002 -3.1544e+000 +5.8708e-001 +1.2235e+000 -2.6289e+000 +1.1318e+000
12105 +1.558487779e+000 +1.558487779e+000 -2.712315122e+002 -2.712315122e+002 -3.1228e+000 +5.9352e-001 +1.2302e+000 -2.6228e+000 +1.1297e+000
12116 +1.333055910e+000 +1.333055910e+000 -2.714569441e+002 -2.714569441e+002 -3.1415e+000 +5.9162e-001 +1.2259e+000 -2.6268e+000 +1.1252e+000
12146 +1.301856963e+000 +1.301856963e+000 -2.714881430e+002 -2.714881430e+002 -3.1234e+000 +5.8867e-001 +1.2231e+000 -2.6370e+000 +1.1239e+000
12180 +1.238365454e+000 +1.238365454e+000 -2.715516345e+002 -2.715516345e+002 -3.1338e+000 +5.9068e-001 +1.2185e+000 -2.6361e+000 +1.1212e+000
12208 +1.119591214e+000 +1.119591214e+000 -2.716704088e+002 -2.716704088e+002 -3.1276e+000 +5.9105e-001 +1.2229e+000 -2.6350e+000 +1.1159e+000
12233 +1.081737197e+000 +1.081737197e+000 -2.717082628e+002 -2.717082628e+002 -3.1301e+000 +5.9353e-001 +1.2212e+000 -2.6318e+000 +1.1117e+000
12356 +1.059402858e+000 +1.059402858e+000 -2.717305971e+002 -2.717305971e+002 -3.1306e+000 +5.9541e-001 +1.2253e+000 -2.6423e+000 +1.1128e+000
12387 +1.044756257e+000 +1.044756257e+000 -2.717452437e+002 -2.717452437e+002 -3.1250e+000 +5.9695e-001 +1.2198e+000 -2.6344e+000 +1.1122e+000
12497 +1.020162259e+000 +1.020162259e+000 -2.717698377e+002 -2.717698377e+002 -3.1289e+000 +5.9905e-001 +1.2208e+000 -2.6334e+000 +1.1109e+000
12759 +9.999130978e-001 +9.999130978e-001 -2.717900869e+002 -2.717900869e+002 -3.1237e+000 +6.0362e-001 +1.2257e+000 -2.6364e+000 +1.1088e+000
% function evaluation | noise-free fitness - Fopt (1.410200000000e+002) | best noise-free fitness - Fopt | measured fitness | best measured fitness | x1 | x2...
1 +2.204701731e+002 +2.204701731e+002 +3.614901731e+002 +3.614901731e+002 +2.1969e-001 +3.6680e+000 +2.2332e+000 +1.6442e+000 +3.8600e+000
11 +1.618018935e+002 +1.618018935e+002 +3.028218935e+002 +3.028218935e+002 -2.9709e-001 +2.8702e+000 +1.0153e+000 +1.4597e+000 +3.0667e+000
18 +1.483948149e+002 +1.483948149e+002 +2.894148149e+002 +2.894148149e+002 +6.3242e-001 +3.1767e+000 -3.3566e+000 +3.9251e-001 +4.1410e+000
22 +1.257546994e+002 +1.257546994e+002 +2.667746994e+002 +2.667746994e+002 -1.9514e+000 +7.0553e-001 -1.3826e+000 +1.3875e+000 +2.3095e+000
25 +1.083587075e+002 +1.083587075e+002 +2.493787075e+002 +2.493787075e+002 -2.2653e+000 +3.5839e+000 -7.6042e-001 -2.3743e-002 +3.5256e+000
28 +8.534456934e+001 +8.534456934e+001 +2.263645693e+002 +2.263645693e+002 -1.3493e+000 +3.2980e+000 -1.6743e+000 +1.3230e+000 +2.4282e+000
57 +7.863073630e+001 +7.863073630e+001 +2.196507363e+002 +2.196507363e+002 -1.3744e+000 +2.6905e+000 -1.0749e+000 -3.7683e-001 +3.5618e+000
79 +6.709290741e+001 +6.709290741e+001 +2.081129074e+002 +2.081129074e+002 -3.4009e+000 +3.6303e+000 -1.5599e+000 -1.5026e+000 +2.7295e+000
88 +5.650601075e+001 +5.650601075e+001 +1.975260107e+002 +1.975260107e+002 -2.2989e+000 +3.0756e+000 -1.6527e+000 -1.3616e+000 +3.2127e+000
107 +5.252862258e+001 +5.252862258e+001 +1.935486226e+002 +1.935486226e+002 -1.9849e+000 +2.9974e+000 -1.5450e+000 -2.3382e+000 +3.2546e+000
120 +4.682648735e+001 +4.682648735e+001 +1.878464873e+002 +1.878464873e+002 -3.6309e+000 +1.7001e+000 -1.6425e+000 -2.4725e+000 +2.5046e+000
121 +3.400157514e+001 +3.400157514e+001 +1.750215751e+002 +1.750215751e+002 -1.6767e+000 +2.5210e+000 -3.1809e+000 -2.6769e+000 +2.8717e+000
141 +2.361694558e+001 +2.361694558e+001 +1.646369456e+002 +1.646369456e+002 -3.1657e+000 +9.7928e-001 -2.4137e+000 -3.0332e+000 +2.8462e+000
309 +1.777400631e+001 +1.777400631e+001 +1.587940063e+002 +1.587940063e+002 -1.9614e+000 +8.8301e-001 -3.0505e+000 -3.9275e+000 +3.2406e+000
1106 +1.445738247e+001 +1.445738247e+001 +1.554773825e+002 +1.554773825e+002 -1.3740e+000 +1.6045e+000 -2.9693e+000 -3.3543e+000 +2.7570e+000
1225 +5.643338490e+000 +5.643338490e+000 +1.466633385e+002 +1.466633385e+002 -2.6424e+000 +1.5897e+000 -2.8913e+000 -3.7153e+000 +2.6763e+000
4779 +5.498198564e+000 +5.498198564e+000 +1.465181986e+002 +1.465181986e+002 -2.1372e+000 +1.1013e+000 -3.0304e+000 -2.4215e+000 +3.6155e+000
4812 +5.168946333e+000 +5.168946333e+000 +1.461889463e+002 +1.461889463e+002 -2.1379e+000 +1.0938e+000 -3.0456e+000 -2.4435e+000 +3.6175e+000
4843 +5.119283569e+000 +5.119283569e+000 +1.461392836e+002 +1.461392836e+002 -2.1406e+000 +1.0949e+000 -3.0436e+000 -2.4427e+000 +3.6135e+000
5034 +5.010267819e+000 +5.010267819e+000 +1.460302678e+002 +1.460302678e+002 -2.1480e+000 +1.0977e+000 -3.0463e+000 -2.4345e+000 +3.6161e+000
% function evaluation | noise-free fitness - Fopt (8.113000000000e+001) | best noise-free fitness - Fopt | measured fitness | best measured fitness | x1 | x2...
1 +1.805250886e+002 +1.805250886e+002 +2.616550886e+002 +2.616550886e+002 +3.9933e+000 -4.4710e-002 -2.3796e+000 +1.5902e+000 -2.4992e+000
26 +1.560603915e+002 +1.560603915e+002 +2.371903915e+002 +2.371903915e+002 +2.0872e+000 +1.0218e+000 -2.7698e+000 +7.7365e-001 -2.2887e+000
28 +1.346399046e+002 +1.346399046e+002 +2.157699046e+002 +2.157699046e+002 +3.1457e+000 -2.0537e+000 -2.5099e+000 -7.1928e-001 -3.9349e+000
41 +1.130682437e+002 +1.130682437e+002 +1.941982437e+002 +1.941982437e+002 +4.1226e+000 +8.1518e-001 -1.8386e+000 -7.1468e-001 -3.1906e+000
53 +6.804605068e+001 +6.804605068e+001 +1.491760507e+002 +1.491760507e+002 +3.3362e+000 -2.3396e-001 -2.2024e+000 -2.2524e+000 -3.7261e+000
72 +6.102538390e+001 +6.102538390e+001 +1.421553839e+002 +1.421553839e+002 +3.3805e+000 +1.4683e+000 -7.1730e-001 -3.6983e+000 -2.5905e+000
127 +4.966069517e+001 +4.966069517e+001 +1.307906952e+002 +1.307906952e+002 +3.0536e+000 -2.8857e-001 -2.7053e-001 -1.8487e+000 -2.8487e+000
185 +4.329394580e+001 +4.329394580e+001 +1.244239458e+002 +1.244239458e+002 +4.3187e+000 +2.3071e+000 -2.9630e-001 -3.0645e+000 -3.4252e+000
285 +3.544236208e+001 +3.544236208e+001 +1.165723621e+002 +1.165723621e+002 +3.1982e+000 +1.4382e+000 -3.7563e-001 -2.5757e+000 -3.4022e+000
357 +2.383111271e+001 +2.383111271e+001 +1.049611127e+002 +1.049611127e+002 +3.6259e+000 +1.2450e+000 -4.4137e-003 -3.2378e+000 -3.1522e+000
510 +2.273221386e+001 +2.273221386e+001 +1.038622139e+002 +1.038622139e+002 +4.3164e+000 +1.4333e+000 +6.8356e-001 -5.1531e+000 -3.5911e+000
645 +1.191671054e+001 +1.191671054e+001 +9.304671054e+001 +9.304671054e+001 +3.4741e+000 +3.8153e-001 +2.1121e+000 -3.8733e+000 -3.8925e+000
1519 +6.803296081e+000 +6.803296081e+000 +8.793329608e+001 +8.793329608e+001 +3.3991e+000 +7.5063e-001 +3.0844e+000 -3.3854e+000 -4.0739e+000
2097 +6.585723226e+000 +6.585723226e+000 +8.771572323e+001 +8.771572323e+001 +3.3567e+000 +9.9743e-001 +2.3988e+000 -2.9098e+000 -4.1827e+000
2126 +4.801662571e+000 +4.801662571e+000 +8.593166257e+001 +8.593166257e+001 +3.3795e+000 +9.6251e-001 +2.3687e+000 -2.9244e+000 -4.1226e+000
2157 +3.486498656e+000 +3.486498656e+000 +8.461649866e+001 +8.461649866e+001 +3.3572e+000 +9.5441e-001 +2.3441e+000 -2.8946e+000 -4.1396e+000
2204 +3.338411121e+000 +3.338411121e+000 +8.446841112e+001 +8.446841112e+001 +3.3476e+000 +9.5399e-001 +2.3505e+000 -2.8733e+000 -4.1468e+000
2210 +3.228266403e+000 +3.228266403e+000 +8.435826640e+001 +8.435826640e+001 +3.3510e+000 +9.5674e-001 +2.3427e+000 -2.8842e+000 -4.1431e+000
2228 +2.700281758e+000 +2.700281758e+000 +8.383028176e+001 +8.383028176e+001 +3.3460e+000 +9.6460e-001 +2.3634e+000 -2.8926e+000 -4.1285e+000
2256 +2.415893378e+000 +2.415893378e+000 +8.354589338e+001 +8.354589338e+001 +3.3401e+000 +9.6094e-001 +2.3576e+000 -2.8799e+000 -4.1256e+000
2272 +2.383166142e+000 +2.383166142e+000 +8.351316614e+001 +8.351316614e+001 +3.3381e+000 +9.7385e-001 +2.3318e+000 -2.8826e+000 -4.1291e+000
2318 +2.341756229e+000 +2.341756229e+000 +8.347175623e+001 +8.347175623e+001 +3.3415e+000 +9.7043e-001 +2.3583e+000 -2.8737e+000 -4.1091e+000
2321 +2.254068833e+000 +2.254068833e+000 +8.338406883e+001 +8.338406883e+001 +3.3480e+000 +9.7047e-001 +2.3408e+000 -2.8853e+000 -4.1203e+000
2331 +2.188735471e+000 +2.188735471e+000 +8.331873547e+001 +8.331873547e+001 +3.3362e+000 +9.7425e-001 +2.3551e+000 -2.8768e+000 -4.1117e+000
2355 +2.162829203e+000 +2.162829203e+000 +8.329282920e+001 +8.329282920e+001 +3.3301e+000 +9.7093e-001 +2.3618e+000 -2.8470e+000 -4.1227e+000
2359 +2.106373043e+000 +2.106373043e+000 +8.323637304e+001 +8.323637304e+001 +3.3419e+000 +9.7716e-001 +2.3502e+000 -2.8653e+000 -4.1148e+000
2363 +2.053146764e+000 +2.053146764e+000 +8.318314676e+001 +8.318314676e+001 +3.3402e+000 +9.8943e-001 +2.3491e+000 -2.8709e+000 -4.1262e+000
2389 +1.995898418e+000 +1.995898418e+000 +8.312589842e+001 +8.312589842e+001 +3.3385e+000 +9.8215e-001 +2.3509e+000 -2.8714e+000 -4.1222e+000
2427 +1.994662420e+000 +1.994662420e+000 +8.312466242e+001 +8.312466242e+001 +3.3382e+000 +9.7859e-001 +2.3529e+000 -2.8708e+000 -4.1226e+000
% function evaluation | noise-free fitness - Fopt (1.049200000000e+002) | best noise-free fitness - Fopt | measured fitness | best measured fitness | x1 | x2...
1 +8.926444224e+002 +8.926444224e+002 +9.975644224e+002 +9.975644224e+002 +1.3949e+000 -1.4315e+001 +1.1739e+000 -1.1482e+001 +9.4486e+000
4 +6.586750326e+002 +6.586750326e+002 +7.635950326e+002 +7.635950326e+002 -9.6342e+000 -1.7613e+000 -1.4668e+000 +7.2260e-002 +4.2608e+000
8 +3.680162216e+002 +3.680162216e+002 +4.729362216e+002 +4.729362216e+002 -2.2666e+000 -2.0855e+000 -1.6684e+000 -2.6803e+000 +4.1055e+000
29 +3.298260208e+002 +3.298260208e+002 +4.347460208e+002 +4.347460208e+002 -1.4083e+000 -6.0512e-001 -2.7268e+000 -2.8182e+000 -2.4638e+000
37 +1.348633221e+002 +1.348633221e+002 +2.397833221e+002 +2.397833221e+002 -1.5207e+000 -2.4231e+000 -3.0200e+000 +8.0738e-001 +2.2376e+000
84 +1.097305948e+002 +1.097305948e+002 +2.146505948e+002 +2.146505948e+002 -8.1082e-001 -2.3558e+000 -1.6729e+000 +4.1947e+000 +3.8434e-001
94 +7.963348141e+001 +7.963348141e+001 +1.845534814e+002 +1.845534814e+002 -3.9664e+000 -2.4327e+000 -3.7249e+000 +2.8225e+000 -1.8607e-001
109 +5.336945314e+001 +5.336945314e+001 +1.582894531e+002 +1.582894531e+002 -1.6422e+000 -4.6854e+000 -1.3127e+000 +6.9963e-001 -8.2231e-001
138 +3.912337140e+001 +3.912337140e+001 +1.440433714e+002 +1.440433714e+002 -2.6359e+000 -3.1065e+000 -2.7920e+000 +3.5434e+000 -2.1989e+000
244 +3.019114506e+001 +3.019114506e+001 +1.351111451e+002 +1.351111451e+002 -1.8443e+000 -4.1366e+000 -2.6304e+000 +1.6183e+000 -2.5853e+000
310 +2.070169433e+001 +2.070169433e+001 +1.256216943e+002 +1.256216943e+002 -2.0219e+000 -2.3672e+000 -3.8150e+000 +2.4140e+000 -5.2850e+000
603 +7.985298746e+000 +7.985298746e+000 +1.129052987e+002 +1.129052987e+002 -2.6536e+000 -2.7919e+000 -3.2132e+000 +2.0825e+000 -3.1047e+000
3080 +1.835946126e+000 +1.835946126e+000 +1.067559461e+002 +1.067559461e+002 -2.2319e+000 -3.0426e+000 -3.1498e+000 +1.5290e+000 -2.6868e+000
7847 +1.759811387e+000 +1.759811387e+000 +1.066798114e+002 +1.066798114e+002 -2.0645e+000 -3.5815e+000 -3.0793e+000 +1.6963e+000 -3.4375e+000
7909 +1.625807261e+000 +1.625807261e+000 +1.065458073e+002 +1.065458073e+002 -2.0703e+000 -3.5998e+000 -3.0557e+000 +1.7051e+000 -3.4423e+000
7967 +1.527140689e+000 +1.527140689e+000 +1.064471407e+002 +1.064471407e+002 -2.0728e+000 -3.5994e+000 -3.0592e+000 +1.6906e+000 -3.4345e+000
7972 +1.344636009e+000 +1.344636009e+000 +1.062646360e+002 +1.062646360e+002 -2.0855e+000 -3.5970e+000 -3.0669e+000 +1.7085e+000 -3.4553e+000
8003 +1.271657177e+000 +1.271657177e+000 +1.061916572e+002 +1.061916572e+002 -2.0829e+000 -3.5942e+000 -3.0604e+000 +1.7048e+000 -3.4427e+000
8045 +1.255073361e+000 +1.255073361e+000 +1.061750734e+002 +1.061750734e+002 -2.0816e+000 -3.5944e+000 -3.0630e+000 +1.7010e+000 -3.4400e+000
8056 +1.223126904e+000 +1.223126904e+000 +1.061431269e+002 +1.061431269e+002 -2.0825e+000 -3.5928e+000 -3.0757e+000 +1.6957e+000 -3.4368e+000
8073 +1.178242350e+000 +1.178242350e+000 +1.060982424e+002 +1.060982424e+002 -2.0902e+000 -3.5950e+000 -3.0683e+000 +1.6997e+000 -3.4428e+000
8082 +1.148941087e+000 +1.148941087e+000 +1.060689411e+002 +1.060689411e+002 -2.0891e+000 -3.5935e+000 -3.0750e+000 +1.6986e+000 -3.4463e+000
8094 +1.147323450e+000 +1.147323450e+000 +1.060673234e+002 +1.060673234e+002 -2.0892e+000 -3.5849e+000 -3.0703e+000 +1.7042e+000 -3.4361e+000
8101 +1.119603471e+000 +1.119603471e+000 +1.060396035e+002 +1.060396035e+002 -2.0872e+000 -3.5908e+000 -3.0701e+000 +1.7034e+000 -3.4413e+000
8138 +1.095148055e+000 +1.095148055e+000 +1.060151481e+002 +1.060151481e+002 -2.0879e+000 -3.5858e+000 -3.0731e+000 +1.7032e+000 -3.4422e+000
8183 +1.063301189e+000 +1.063301189e+000 +1.059833012e+002 +1.059833012e+002 -2.0904e+000 -3.5886e+000 -3.0777e+000 +1.7077e+000 -3.4443e+000
8263 +1.044558638e+000 +1.044558638e+000 +1.059645586e+002 +1.059645586e+002 -2.0900e+000 -3.5869e+000 -3.0779e+000 +1.7050e+000 -3.4443e+000
8375 +1.023138029e+000 +1.023138029e+000 +1.059431380e+002 +1.059431380e+002 -2.0904e+000 -3.5846e+000 -3.0815e+000 +1.7057e+000 -3.4456e+000
8784 +9.987309022e-001 +9.987309022e-001 +1.059187309e+002 +1.059187309e+002 -2.0924e+000 -3.5817e+000 -3.0861e+000 +1.7094e+000 -3.4495e+000
% function evaluation | noise-free fitness - Fopt (3.029000000000e+001) | best noise-free fitness - Fopt | measured fitness | best measured fitness | x1 | x2...
1 +1.200488327e+003 +1.200488327e+003 +1.230778327e+003 +1.230778327e+003 -5.1571e-001 +2.2354e+000 -1.5216e+000 +1.0843e+001 -2.6871e+000
6 +5.611313314e+002 +5.611313314e+002 +5.914213314e+002 +5.914213314e+002 -2.0001e+000 +3.8012e-001 -4.4458e+000 +4.8718e+000 +3.8596e+000
26 +3.622299204e+002 +3.622299204e+002 +3.925199204e+002 +3.925199204e+002 -1.0822e+000 +3.8166e+000 +3.6519e+000 +2.4203e+000 -1.1397e-001
37 +3.296214229e+002 +3.296214229e+002 +3.599114229e+002 +3.599114229e+002 -2.6733e-001 +2.4798e+000 -1.0824e+000 +2.7875e+000 +5.1301e-002
51 +2.476492037e+002 +2.476492037e+002 +2.779392037e+002 +2.779392037e+002 -2.2356e+000 +1.5619e+000 +6.0418e+000 +5.7028e+000 +9.1078e-001
74 +2.104781689e+002 +2.104781689e+002 +2.407681689e+002 +2.407681689e+002 -1.4267e+000 +1.7197e+000 -1.1466e+000 +2.1760e+000 +1.5670e+000
81 +1.544992485e+002 +1.544992485e+002 +1.847892485e+002 +1.847892485e+002 -2.7226e+000 +3.2295e-001 +5.1245e+000 +5.4834e+000 +1.4277e+000
109 +1.310619080e+002 +1.310619080e+002 +1.613519080e+002 +1.613519080e+002 -3.6736e+000 +1.5664e+000 +4.5453e+000 +7.0484e+000 +5.1618e+000
130 +1.048618356e+002 +1.048618356e+002 +1.351518356e+002 +1.351518356e+002 -5.0886e+000 +2.3204e+000 +2.2701e+000 +4.0363e+000 +2.4532e+000
135 +7.950434601e+001 +7.950434601e+001 +1.097943460e+002 +1.097943460e+002 -2.9601e+000 +2.3826e+000 +1.5360e-001 +4.7624e+000 +4.0361e+000
168 +6.152759558e+001 +6.152759558e+001 +9.181759558e+001 +9.181759558e+001 -5.1293e+000 +1.8384e+000 +2.6354e+000 +3.9294e+000 +4.8292e+000
192 +6.010594364e+001 +6.010594364e+001 +9.039594364e+001 +9.039594364e+001 -4.8417e+000 -1.4076e+000 +2.1210e+000 +4.4159e+000 +5.1312e+000
207 +5.752972811e+001 +5.752972811e+001 +8.781972811e+001 +8.781972811e+001 -4.2983e+000 +1.1518e+000 +3.1025e+000 +4.9310e+000 +3.9083e+000
232 +5.115640878e+001 +5.115640878e+001 +8.144640878e+001 +8.144640878e+001 -4.1808e+000 +6.5152e-001 +2.2801e+000 +4.7070e+000 +3.8020e+000
238 +4.813051568e+001 +4.813051568e+001 +7.842051568e+001 +7.842051568e+001 -4.0889e+000 +6.3001e-001 +2.4833e+000 +4.7950e+000 +4.0573e+000
263 +4.573506837e+001 +4.573506837e+001 +7.602506837e+001 +7.602506837e+001 -3.9841e+000 +1.1707e-001 +1.1280e+000 +4.6387e+000 +3.8052e+000
286 +3.655069746e+001 +3.655069746e+001 +6.684069746e+001 +6.684069746e+001 -3.6760e+000 -1.3490e-001 +2.6039e+000 +3.5959e+000 +3.6604e+000
290 +3.248711490e+001 +3.248711490e+001 +6.277711490e+001 +6.277711490e+001 -3.5159e+000 -1.2521e+000 +3.7407e+000 +4.3448e+000 +3.9188e+000
345 +2.851073283e+001 +2.851073283e+001 +5.880073283e+001 +5.880073283e+001 -3.6241e+000 -1.0785e+000 +2.5322e+000 +3.9649e+000 +2.5222e+000
497 +2.540670763e+001 +2.540670763e+001 +5.569670763e+001 +5.569670763e+001 -3.6085e+000 -1.4752e+000 +1.9174e+000 +2.9070e+000 +3.0590e+000
623 +2.210581617e+001 +2.210581617e+001 +5.239581617e+001 +5.239581617e+001 -3.2686e+000 -2.9640e+000 +3.5732e+000 +4.2273e+000 +4.2052e+000
942 +2.177708748e+001 +2.177708748e+001 +5.206708748e+001 +5.206708748e+001 -3.3178e+000 -2.7110e+000 +2.8999e+000 +3.8851e+000 +3.8110e+000
1128 +8.017424295e+000 +8.017424295e+000 +3.830742429e+001 +3.830742429e+001 -3.1215e+000 -1.8095e+000 +2.5870e+000 +2.9894e+000 +3.5118e+000
12680 +7.931749528e+000 +7.931749528e+000 +3.822174953e+001 +3.822174953e+001 -2.6420e+000 -1.2914e+000 +2.4914e+000 +3.2216e+000 +2.8111e+000
14782 +6.616153947e+000 +6.616153947e+000 +3.690615395e+001 +3.690615395e+001 -3.4774e+000 -2.4345e+000 +2.0432e+000 +2.7538e+000 +3.3786e+000
14795 +5.973010082e+000 +5.973010082e+000 +3.626301008e+001 +3.626301008e+001 -3.4844e+000 -2.4619e+000 +2.0601e+000 +2.7589e+000 +3.4364e+000
14929 +5.858562783e+000 +5.858562783e+000 +3.614856278e+001 +3.614856278e+001 -3.4846e+000 -2.4343e+000 +2.0493e+000 +2.7624e+000 +3.4559e+000
14958 +5.628109508e+000 +5.628109508e+000 +3.591810951e+001 +3.591810951e+001 -3.4711e+000 -2.4588e+000 +2.0468e+000 +2.7576e+000 +3.4962e+000
14967 +5.225936710e+000 +5.225936710e+000 +3.551593671e+001 +3.551593671e+001 -3.4832e+000 -2.4702e+000 +2.0448e+000 +2.7668e+000 +3.4317e+000
14984 +4.672180465e+000 +4.672180465e+000 +3.496218046e+001 +3.496218046e+001 -3.4783e+000 -2.4615e+000 +2.0475e+000 +2.7695e+000 +3.4315e+000
14989 +4.525735779e+000 +4.525735779e+000 +3.481573578e+001 +3.481573578e+001 -3.4762e+000 -2.4805e+000 +2.0419e+000 +2.7679e+000 +3.4488e+000
15003 +4.257434176e+000 +4.257434176e+000 +3.454743418e+001 +3.454743418e+001 -3.4781e+000 -2.4632e+000 +2.0358e+000 +2.7676e+000 +3.4402e+000
15016 +3.325873794e+000 +3.325873794e+000 +3.361587379e+001 +3.361587379e+001 -3.4541e+000 -2.4600e+000 +2.0480e+000 +2.7688e+000 +3.4347e+000
15087 +3.071948848e+000 +3.071948848e+000 +3.336194885e+001 +3.336194885e+001 -3.4477e+000 -2.4568e+000 +2.0461e+000 +2.7747e+000 +3.4570e+000
15159 +3.003172595e+000 +3.003172595e+000 +3.329317259e+001 +3.329317259e+001 -3.4410e+000 -2.4704e+000 +2.0355e+000 +2.7681e+000 +3.4777e+000
15177 +2.825699592e+000 +2.825699592e+000 +3.311569959e+001 +3.311569959e+001 -3.4480e+000 -2.4780e+000 +2.0366e+000 +2.7773e+000 +3.4641e+000
15201 +2.816958016e+000 +2.816958016e+000 +3.310695802e+001 +3.310695802e+001 -3.4557e+000 -2.4626e+000 +2.0331e+000 +2.7717e+000 +3.4457e+000
15218 +2.492769684e+000 +2.492769684e+000 +3.278276968e+001 +3.278276968e+001 -3.4410e+000 -2.4649e+000 +2.0225e+000 +2.7729e+000 +3.4487e+000
15280 +2.223821720e+000 +2.223821720e+000 +3.251382172e+001 +3.251382172e+001 -3.4483e+000 -2.4344e+000 +2.0139e+000 +2.7781e+000 +3.4509e+000
15298 +2.174620957e+000 +2.174620957e+000 +3.246462096e+001 +3.246462096e+001 -3.4429e+000 -2.4720e+000 +2.0002e+000 +2.7746e+000 +3.4549e+000
15307 +2.127310224e+000 +2.127310224e+000 +3.241731022e+001 +3.241731022e+001 -3.4381e+000 -2.4652e+000 +1.9897e+000 +2.7729e+000 +3.4613e+000
15365 +2.063340829e+000 +2.063340829e+000 +3.235334083e+001 +3.235334083e+001 -3.4420e+000 -2.4544e+000 +1.9926e+000 +2.7739e+000 +3.4522e+000
15397 +2.018488831e+000 +2.018488831e+000 +3.230848883e+001 +3.230848883e+001 -3.4422e+000 -2.4517e+000 +1.9932e+000 +2.7757e+000 +3.4593e+000
15713 +1.994065768e+000 +1.994065768e+000 +3.228406577e+001 +3.228406577e+001 -3.4423e+000 -2.4454e+000 +1.9941e+000 +2.7790e+000 +3.4651e+000
% function evaluation | noise-free fitness - Fopt (1.210500000000e+002) | best noise-free fitness - Fopt | measured fitness | best measured fitness | x1 | x2...
1 +1.642301107e+003 +1.642301107e+003 +1.763351107e+003 +1.763351107e+003 -3.9016e+000 +1.5866e+000 +4.6925e+000 +6.0599e+000 -7.8550e+000
3 +1.069265270e+003 +1.069265270e+003 +1.190315270e+003 +1.190315270e+003 -2.2900e+000 +4.1550e+000 +7.6318e-001 +1.5254e+001 -2.9891e+000
5 +1.670026743e+002 +1.670026743e+002 +2.880526743e+002 +2.880526743e+002 -7.4057e-001 -1.1425e+000 -3.5449e+000 +4.7600e+000 -2.1761e+000
26 +9.503967953e+001 +9.503967953e+001 +2.160896795e+002 +2.160896795e+002 +2.2077e+000 -1.0294e+000 -2.4949e-001 +1.9257e+000 -3.3446e+000
53 +9.331120801e+001 +9.331120801e+001 +2.143612080e+002 +2.143612080e+002 +9.6113e-002 -9.5519e-001 -2.1207e+000 +2.7159e+000 -3.1084e+000
103 +6.113124570e+001 +6.113124570e+001 +1.821812457e+002 +1.821812457e+002 +2.0663e+000 -1.7530e-001 -1.1496e+000 +3.2708e+000 -3.2845e+000
123 +5.693322663e+001 +5.693322663e+001 +1.779832266e+002 +1.779832266e+002 +3.1545e+000 -9.7125e-001 -1.4063e+000 +1.5887e+000 -3.8067e+000
131 +3.156968184e+001 +3.156968184e+001 +1.526196818e+002 +1.526196818e+002 +2.0534e+000 -4.8322e-001 -1.5178e+000 -1.4508e-001 -3.9276e+000
192 +2.823397019e+001 +2.823397019e+001 +1.492839702e+002 +1.492839702e+002 +2.4615e+000 -2.0643e+000 -1.1963e+000 +2.1893e+000 -4.6863e+000
428 +2.577365973e+001 +2.577365973e+001 +1.468236597e+002 +1.468236597e+002 +1.7277e+000 -3.4293e+000 -2.1695e+000 +1.5528e+000 -3.3802e+000
454 +2.271099126e+001 +2.271099126e+001 +1.437609913e+002 +1.437609913e+002 +3.0488e+000 -3.3356e+000 -1.9218e+000 +1.2701e-001 -3.6792e+000
472 +1.046422676e+001 +1.046422676e+001 +1.315142268e+002 +1.315142268e+002 +1.6285e+000 -3.0996e+000 -2.2182e+000 +2.3633e+000 -3.3826e+000
484 +1.022967719e+001 +1.022967719e+001 +1.312796772e+002 +1.312796772e+002 +1.7309e+000 -2.2975e+000 -1.7979e+000 +1.4140e+000 -3.4692e+000
1576 +7.336244861e+000 +7.336244861e+000 +1.283862449e+002 +1.283862449e+002 +1.7728e+000 -4.0173e+000 -2.7595e+000 +1.3191e+000 -4.0989e+000
24079 +5.588551010e+000 +5.588551010e+000 +1.266385510e+002 +1.266385510e+002 +1.7755e+000 -3.2058e+000 -2.2983e+000 +1.4870e+000 -3.7520e+000
26763 +5.384255561e+000 +5.384255561e+000 +1.264342556e+002 +1.264342556e+002 +1.7996e+000 -2.9077e+000 -2.8676e+000 +2.0413e+000 -3.0708e+000
26771 +5.022286942e+000 +5.022286942e+000 +1.260722869e+002 +1.260722869e+002 +1.7870e+000 -2.8591e+000 -2.8711e+000 +2.0814e+000 -3.0682e+000
26774 +4.535196413e+000 +4.535196413e+000 +1.255851964e+002 +1.255851964e+002 +1.7511e+000 -2.9240e+000 -2.8712e+000 +2.0212e+000 -3.0579e+000
26777 +3.118377753e+000 +3.118377753e+000 +1.241683778e+002 +1.241683778e+002 +1.7665e+000 -2.8942e+000 -2.8762e+000 +2.0323e+000 -3.0661e+000
26797 +2.742286997e+000 +2.742286997e+000 +1.237922870e+002 +1.237922870e+002 +1.7411e+000 -2.8926e+000 -2.8901e+000 +2.0412e+000 -3.0545e+000
26821 +2.625510100e+000 +2.625510100e+000 +1.236755101e+002 +1.236755101e+002 +1.7293e+000 -2.8721e+000 -2.8825e+000 +2.0436e+000 -3.0665e+000
26827 +2.327788779e+000 +2.327788779e+000 +1.233777888e+002 +1.233777888e+002 +1.7457e+000 -2.8864e+000 -2.8892e+000 +2.0346e+000 -3.0669e+000
26829 +2.192718844e+000 +2.192718844e+000 +1.232427188e+002 +1.232427188e+002 +1.7386e+000 -2.8657e+000 -2.8765e+000 +2.0593e+000 -3.0831e+000
26859 +2.047987935e+000 +2.047987935e+000 +1.230979879e+002 +1.230979879e+002 +1.7392e+000 -2.8663e+000 -2.8865e+000 +2.0467e+000 -3.0823e+000
27123 +2.039495776e+000 +2.039495776e+000 +1.230894958e+002 +1.230894958e+002 +1.7418e+000 -2.8703e+000 -2.8849e+000 +2.0444e+000 -3.0777e+000
27446 +1.994807394e+000 +1.994807394e+000 +1.230448074e+002 +1.230448074e+002 +1.7408e+000 -2.8633e+000 -2.8815e+000 +2.0394e+000 -3.0829e+000
% function evaluation | noise-free fitness - Fopt (-1.033000000000e+001) | best noise-free fitness - Fopt | measured fitness | best measured fitness | x1 | x2...
1 +9.268737155e+002 +9.268737155e+002 +9.165437155e+002 +9.165437155e+002 +3.4238e+000 +1.5524e+000 +3.4867e+000 -7.3148e+000 +3.0166e+000
2 +7.296984772e+002 +7.296984772e+002 +7.193684772e+002 +7.193684772e+002 -1.4218e-001 +1.5172e+000 +9.3355e+000 -1.1982e+000 -1.3189e+000
3 +2.758052614e+002 +2.758052614e+002 +2.654752614e+002 +2.654752614e+002 +2.0796e+000 +8.3864e-001 +2.8829e+000 +2.1859e+000 -4.6641e+000
5 +1.299810396e+002 +1.299810396e+002 +1.196510396e+002 +1.196510396e+002 +1.9158e+000 +3.6636e+000 +1.2166e+000 +1.4173e+000 +2.6944e+000
24 +1.039079193e+002 +1.039079193e+002 +9.357791927e+001 +9.357791927e+001 +9.4112e-001 +3.6789e+000 +9.5739e-001 +1.6702e-001 -5.9489e-001
27 +6.507541821e+001 +6.507541821e+001 +5.474541821e+001 +5.474541821e+001 +4.4997e+000 +3.3970e+000 -7.0279e-001 -5.0161e-002 +4.8362e+000
51 +5.524697691e+001 +5.524697691e+001 +4.491697691e+001 +4.491697691e+001 +4.9822e+000 +3.6788e+000 +7.3197e-001 +1.1710e+000 -1.5009e+000
79 +4.869050131e+001 +4.869050131e+001 +3.836050131e+001 +3.836050131e+001 +3.3324e+000 +3.3905e+000 -1.0047e-001 +1.4463e+000 +2.7218e+000
164 +3.452904686e+001 +3.452904686e+001 +2.419904686e+001 +2.419904686e+001 +2.4963e+000 +3.1907e+000 -8.0423e-002 +1.3106e+000 +4.0469e-001
185 +1.664115477e+001 +1.664115477e+001 +6.311154775e+000 +6.311154775e+000 +4.7076e+000 +2.7279e+000 -1.4107e-001 +1.3883e+000 +2.0804e+000
325 +1.156402947e+001 +1.156402947e+001 +1.234029475e+000 +1.234029475e+000 +3.8196e+000 +3.1792e+000 -1.4727e+000 +1.4562e+000 +2.4618e+000
844 +8.720680829e+000 +8.720680829e+000 -1.609319171e+000 -1.609319171e+000 +3.6312e+000 +2.9331e+000 -2.9120e+000 +1.7947e+000 +2.4293e+000
1416 +8.446097674e+000 +8.446097674e+000 -1.883902326e+000 -1.883902326e+000 +3.3140e+000 +3.0310e+000 -9.1748e-001 +1.9473e+000 +1.4640e+000
4159 +7.330267032e+000 +7.330267032e+000 -2.999732968e+000 -2.999732968e+000 +3.2461e+000 +3.6383e+000 -1.0284e+000 +1.9813e+000 +1.6527e+000
9988 +4.394470885e+000 +4.394470885e+000 -5.935529115e+000 -5.935529115e+000 +3.4990e+000 +3.0994e+000 -2.1524e+000 +2.1398e+000 +2.3230e+000
20800 +3.828298700e+000 +3.828298700e+000 -6.501701300e+000 -6.501701300e+000 +3.5191e+000 +3.6361e+000 -2.0542e+000 +1.4754e+000 +2.2542e+000
20976 +2.828551057e+000 +2.828551057e+000 -7.501448943e+000 -7.501448943e+000 +3.4514e+000 +3.6231e+000 -2.0299e+000 +1.4506e+000 +2.2267e+000
21012 +2.479513799e+000 +2.479513799e+000 -7.850486201e+000 -7.850486201e+000 +3.4723e+000 +3.6516e+000 -2.0017e+000 +1.4488e+000 +2.2022e+000
21072 +2.423806884e+000 +2.423806884e+000 -7.906193116e+000 -7.906193116e+000 +3.4672e+000 +3.6300e+000 -1.9988e+000 +1.4548e+000 +2.2168e+000
21076 +2.345229496e+000 +2.345229496e+000 -7.984770504e+000 -7.984770504e+000 +3.4652e+000 +3.6331e+000 -2.0078e+000 +1.4610e+000 +2.2181e+000
21103 +2.325920785e+000 +2.325920785e+000 -8.004079215e+000 -8.004079215e+000 +3.4626e+000 +3.6345e+000 -2.0119e+000 +1.4496e+000 +2.2190e+000
21120 +2.244642375e+000 +2.244642375e+000 -8.085357625e+000 -8.085357625e+000 +3.4700e+000 +3.6362e+000 -2.0087e+000 +1.4570e+000 +2.2158e+000
21143 +2.198968972e+000 +2.198968972e+000 -8.131031028e+000 -8.131031028e+000 +3.4669e+000 +3.6340e+000 -2.0280e+000 +1.4565e+000 +2.2193e+000
21190 +2.181931548e+000 +2.181931548e+000 -8.148068452e+000 -8.148068452e+000 +3.4699e+000 +3.6355e+000 -2.0233e+000 +1.4579e+000 +2.2202e+000
21197 +2.112640851e+000 +2.112640851e+000 -8.217359149e+000 -8.217359149e+000 +3.4807e+000 +3.6328e+000 -2.0234e+000 +1.4620e+000 +2.2178e+000
21251 +2.082119631e+000 +2.082119631e+000 -8.247880369e+000 -8.247880369e+000 +3.4868e+000 +3.6318e+000 -2.0280e+000 +1.4573e+000 +2.2219e+000
21279 +2.040527527e+000 +2.040527527e+000 -8.289472473e+000 -8.289472473e+000 +3.4871e+000 +3.6265e+000 -2.0295e+000 +1.4588e+000 +2.2119e+000
21528 +1.994558062e+000 +1.994558062e+000 -8.335441938e+000 -8.335441938e+000 +3.4933e+000 +3.6229e+000 -2.0254e+000 +1.4657e+000 +2.2054e+000
% function evaluation | noise-free fitness - Fopt (-6.846000000000e+001) | best noise-free fitness - Fopt | measured fitness | best measured fitness | x1 | x2...
1 +3.106298502e+002 +3.106298502e+002 +2.421698502e+002 +2.421698502e+002 +4.0397e+000 -1.2345e+000 -9.4945e-001 +3.0361e+000 -4.9741e+000
3 +2.066711309e+002 +2.066711309e+002 +1.382111309e+002 +1.382111309e+002 +2.1571e+000 -9.2661e-001 -1.1052e+000 -2.7633e+000 -3.8317e+000
8 +1.783535028e+002 +1.783535028e+002 +1.098935028e+002 +1.098935028e+002 +3.0419e+000 -8.0525e-001 -1.6893e+000 -2.3952e+000 -3.5482e+000
9 +1.070269601e+002 +1.070269601e+002 +3.856696012e+001 +3.856696012e+001 +3.1194e+000 +1.9624e-001 -1.1235e+000 -6.8635e-001 -2.3238e+000
26 +9.432017065e+001 +9.432017065e+001 +2.586017065e+001 +2.586017065e+001 +6.7973e+000 +1.8639e+000 -1.7911e+000 -2.2355e+000 -4.4995e+000
47 +7.429452505e+001 +7.429452505e+001 +5.834525055e+000 +5.834525055e+000 +3.3199e+000 +1.7986e+000 -1.2263e+000 +7.0442e-002 -3.1748e+000
58 +5.597953118e+001 +5.597953118e+001 -1.248046882e+001 -1.248046882e+001 +2.3642e+000 +2.2003e+000 -2.3586e+000 -8.4284e-002 -3.8779e+000
88 +4.896324864e+001 +4.896324864e+001 -1.949675136e+001 -1.949675136e+001 +2.6116e+000 +2.2398e+000 -2.1864e+000 -6.3145e-001 -4.6085e+000
104 +4.676337220e+001 +4.676337220e+001 -2.169662780e+001 -2.169662780e+001 +3.4195e+000 +1.4834e+000 -2.7155e+000 -1.4003e+000 -5.0209e+000
105 +3.437987208e+001 +3.437987208e+001 -3.408012792e+001 -3.408012792e+001 +3.2540e+000 +3.4181e+000 -2.3662e+000 -8.2032e-001 -3.7382e+000
144 +2.463467704e+001 +2.463467704e+001 -4.382532296e+001 -4.382532296e+001 +3.0061e+000 +2.8948e+000 -1.7343e+000 -2.6544e-001 -4.0744e+000
260 +2.281851233e+001 +2.281851233e+001 -4.564148767e+001 -4.564148767e+001 +3.0298e+000 +3.8550e+000 -2.6421e+000 -2.0978e-001 -4.1873e+000
362 +1.415346056e+001 +1.415346056e+001 -5.430653944e+001 -5.430653944e+001 +3.5559e+000 +3.9442e+000 -2.9149e+000 -6.0498e-001 -4.3804e+000
954 +7.390938271e+000 +7.390938271e+000 -6.106906173e+001 -6.106906173e+001 +3.2963e+000 +2.1175e+000 -3.0053e+000 +2.7809e-001 -3.9699e+000
2597 +6.770333038e+000 +6.770333038e+000 -6.168966696e+001 -6.168966696e+001 +2.8384e+000 +2.7066e+000 -4.0863e+000 +2.7307e-001 -3.2813e+000
2857 +6.404587856e+000 +6.404587856e+000 -6.205541214e+001 -6.205541214e+001 +3.6138e+000 +2.6590e+000 -3.3897e+000 +2.2776e-001 -3.6119e+000
10079 +5.446747339e+000 +5.446747339e+000 -6.301325266e+001 -6.301325266e+001 +3.7551e+000 +2.6158e+000 -2.7065e+000 -3.1971e-001 -3.6643e+000
20802 +4.928278514e+000 +4.928278514e+000 -6.353172149e+001 -6.353172149e+001 +3.1451e+000 +2.7213e+000 -4.2078e+000 +5.0483e-001 -3.4397e+000
20855 +4.690760328e+000 +4.690760328e+000 -6.376923967e+001 -6.376923967e+001 +3.1504e+000 +2.7083e+000 -4.1909e+000 +5.3348e-001 -3.4317e+000
20888 +4.642941534e+000 +4.642941534e+000 -6.381705847e+001 -6.381705847e+001 +3.1358e+000 +2.7145e+000 -4.2039e+000 +5.0742e-001 -3.4392e+000
20898 +4.230831094e+000 +4.230831094e+000 -6.422916891e+001 -6.422916891e+001 +3.1418e+000 +2.7408e+000 -4.2000e+000 +5.2843e-001 -3.4269e+000
20901 +4.099904042e+000 +4.099904042e+000 -6.436009596e+001 -6.436009596e+001 +3.1244e+000 +2.7416e+000 -4.1730e+000 +5.5278e-001 -3.4247e+000
20908 +4.071207503e+000 +4.071207503e+000 -6.438879250e+001 -6.438879250e+001 +3.1185e+000 +2.7308e+000 -4.1954e+000 +5.0999e-001 -3.4375e+000
20918 +3.342442336e+000 +3.342442336e+000 -6.511755766e+001 -6.511755766e+001 +3.0913e+000 +2.7297e+000 -4.1681e+000 +5.0654e-001 -3.4321e+000
20940 +2.906410159e+000 +2.906410159e+000 -6.555358984e+001 -6.555358984e+001 +3.1294e+000 +2.7243e+000 -4.1743e+000 +5.3748e-001 -3.3928e+000
20958 +2.627897657e+000 +2.627897657e+000 -6.583210234e+001 -6.583210234e+001 +3.0895e+000 +2.7260e+000 -4.1631e+000 +5.2317e-001 -3.4198e+000
20981 +2.366486449e+000 +2.366486449e+000 -6.609351355e+001 -6.609351355e+001 +3.0772e+000 +2.7353e+000 -4.1503e+000 +5.4038e-001 -3.4041e+000
21105 +2.340100221e+000 +2.340100221e+000 -6.611989978e+001 -6.611989978e+001 +3.0871e+000 +2.7354e+000 -4.1563e+000 +5.3569e-001 -3.4056e+000
21143 +2.265334614e+000 +2.265334614e+000 -6.619466539e+001 -6.619466539e+001 +3.0768e+000 +2.7327e+000 -4.1612e+000 +5.4406e-001 -3.3950e+000
21216 +2.184234606e+000 +2.184234606e+000 -6.627576539e+001 -6.627576539e+001 +3.0871e+000 +2.7274e+000 -4.1679e+000 +5.3744e-001 -3.4045e+000
21311 +2.093258730e+000 +2.093258730e+000 -6.636674127e+001 -6.636674127e+001 +3.0960e+000 +2.7215e+000 -4.1688e+000 +5.4213e-001 -3.3998e+000
21371 +2.087876167e+000 +2.087876167e+000 -6.637212383e+001 -6.637212383e+001 +3.0925e+000 +2.7212e+000 -4.1632e+000 +5.4438e-001 -3.3998e+000
21473 +2.036227256e+000 +2.036227256e+000 -6.642377274e+001 -6.642377274e+001 +3.0899e+000 +2.7162e+000 -4.1677e+000 +5.4534e-001 -3.3974e+000
21867 +1.995123441e+000 +1.995123441e+000 -6.646487656e+001 -6.646487656e+001 +3.0910e+000 +2.7117e+000 -4.1722e+000 +5.5107e-001 -3.3921e+000
% function evaluation | noise-free fitness - Fopt (-1.314900000000e+002) | best noise-free fitness - Fopt | measured fitness | best measured fitness | x1 | x2...
1 +6.090758579e+003 +6.090758579e+003 +5.959268579e+003 +5.959268579e+003 +1.9788e+000 +1.3094e+000 -1.6167e+001 -3.4018e+000 -1.8624e+000
2 +4.061407087e+003 +4.061407087e+003 +3.929917087e+003 +3.929917087e+003 +1.0504e+000 +7.7602e+000 -9.3574e+000 -2.1965e+000 -2.5473e+000
3 +2.312735855e+003 +2.312735855e+003 +2.181245855e+003 +2.181245855e+003 +2.9462e-001 -3.1752e-001 -3.9673e+000 -3.4177e+000 -5.8040e+000
4 +1.076314581e+003 +1.076314581e+003 +9.448245813e+002 +9.448245813e+002 -6.4401e-001 +1.9967e+000 -1.6935e+000 -3.7245e+000 -4.9514e+000
12 +6.292678501e+001 +6.292678501e+001 -6.856321499e+001 -6.856321499e+001 -3.8472e-001 -5.3041e-001 -2.5397e+000 -2.1109e+000 +2.9065e+000
62 +4.021630846e+001 +4.021630846e+001 -9.127369154e+001 -9.127369154e+001 -2.4243e+000 +1.7511e+000 -3.6377e+000 -3.6985e+000 +2.4460e+000
138 +3.915634017e+001 +3.915634017e+001 -9.233365983e+001 -9.233365983e+001 -2.0888e+000 +9.0290e-001 -3.6504e+000 -4.0167e+000 +2.5395e+000
181 +2.649171559e+001 +2.649171559e+001 -1.049982844e+002 -1.049982844e+002 -2.0521e+000 +4.5071e-001 -2.5718e+000 -3.4155e+000 +2.0639e+000
262 +2.487419604e+001 +2.487419604e+001 -1.066158040e+002 -1.066158040e+002 -3.0904e+000 +3.2300e-001 -2.2913e+000 -2.7074e+000 +2.0583e+000
282 +2.398451420e+001 +2.398451420e+001 -1.075054858e+002 -1.075054858e+002 -2.4904e+000 -2.8625e-001 -2.6231e+000 -2.7765e+000 +2.5199e+000
283 +1.979759489e+001 +1.979759489e+001 -1.116924051e+002 -1.116924051e+002 -2.5093e+000 -2.2434e-001 -2.6544e+000 -2.7277e+000 +2.2862e+000
509 +1.163492205e+001 +1.163492205e+001 -1.198550780e+002 -1.198550780e+002 -2.6644e+000 -1.3856e-001 -2.0605e+000 -3.2801e+000 +2.6956e+000
1257 +4.034175709e+000 +4.034175709e+000 -1.274558243e+002 -1.274558243e+002 -2.2241e+000 +3.1084e-001 -2.5215e+000 -3.6489e+000 +2.8862e+000
8101 +3.980967577e+000 +3.980967577e+000 -1.275090324e+002 -1.275090324e+002 -2.2003e+000 +7.0854e-001 -2.3349e+000 -3.4833e+000 +2.6863e+000
