% function evaluation | noise-free fitness - Fopt (2.997000000000e+001) | best noise-free fitness - Fopt | measured fitness | best measured fitness | x1 | x2...
1 +1.419100465e+003 +1.419100465e+003 +1.449070465e+003 +1.449070465e+003 -5.9825e+000 -1.3749e+000 +4.5376e-001
2 +8.140173628e+002 +8.140173628e+002 +8.439873628e+002 +8.439873628e+002 -5.5030e-001 -3.3678e+000 +1.2428e+000
4 +5.781088473e+002 +5.781088473e+002 +6.080788473e+002 +6.080788473e+002 -5.3203e-001 -5.0004e+000 -4.6049e+000
26 +1.520534486e+002 +1.520534486e+002 +1.820234486e+002 +1.820234486e+002 +2.1456e+000 -3.3190e+000 -3.1897e+000
56 +5.167740563e+001 +5.167740563e+001 +8.164740563e+001 +8.164740563e+001 +2.1966e+000 -3.5387e+000 -1.9236e+000
62 +1.956681535e+001 +1.956681535e+001 +4.953681535e+001 +4.953681535e+001 +5.7221e-001 -1.1834e+000 -4.2080e+000
126 +1.792656776e+001 +1.792656776e+001 +4.789656776e+001 +4.789656776e+001 +1.1646e+000 -2.1505e+000 -3.3985e+000
146 +8.924765409e+000 +8.924765409e+000 +3.889476541e+001 +3.889476541e+001 +1.2326e+000 -2.1712e+000 -3.2059e+000
161 +7.351222753e+000 +7.351222753e+000 +3.732122275e+001 +3.732122275e+001 +1.1564e+000 -2.1536e+000 -3.2410e+000
179 +4.143465884e+000 +4.143465884e+000 +3.411346588e+001 +3.411346588e+001 +1.1859e+000 -2.1449e+000 -3.2708e+000
181 +3.728142526e+000 +3.728142526e+000 +3.369814253e+001 +3.369814253e+001 +1.1616e+000 -2.1422e+000 -3.2664e+000
209 +3.002857652e+000 +3.002857652e+000 +3.297285765e+001 +3.297285765e+001 +1.1647e+000 -2.1470e+000 -3.2733e+000
217 +2.585002392e+000 +2.585002392e+000 +3.255500239e+001 +3.255500239e+001 +1.1799e+000 -2.1618e+000 -3.2605e+000
229 +2.387957385e+000 +2.387957385e+000 +3.235795738e+001 +3.235795738e+001 +1.1766e+000 -2.1566e+000 -3.2626e+000
252 +2.306962404e+000 +2.306962404e+000 +3.227696240e+001 +3.227696240e+001 +1.1753e+000 -2.1539e+000 -3.2632e+000
266 +2.063336139e+000 +2.063336139e+000 +3.203333614e+001 +3.203333614e+001 +1.1770e+000 -2.1515e+000 -3.2636e+000
301 +2.028496332e+000 +2.028496332e+000 +3.199849633e+001 +3.199849633e+001 +1.1776e+000 -2.1533e+000 -3.2637e+000
332 +1.955685438e+000 +1.955685438e+000 +3.192568544e+001 +3.192568544e+001 +1.1769e+000 -2.1525e+000 -3.2637e+000
362 +1.946081146e+000 +1.946081146e+000 +3.191608115e+001 +3.191608115e+001 +1.1769e+000 -2.1524e+000 -3.2638e+000
% function evaluation | noise-free fitness - Fopt (-5.171000000000e+001) | best noise-free fitness - Fopt | measured fitness | best measured fitness | x1 | x2...
1 +7.685415211e+002 +7.685415211e+002 +7.168315211e+002 +7.168315211e+002 -2.1134e+000 +1.8902e+000 -8.3752e-001
18 +5.180175697e+002 +5.180175697e+002 +4.663075697e+002 +4.663075697e+002 +1.3941e-001 +2.3800e+000 -4.0256e+000
22 +3.304036188e+002 +3.304036188e+002 +2.786936188e+002 +2.786936188e+002 +2.5056e+000 +1.7845e+000 -3.1804e+000
42 +1.326440811e+002 +1.326440811e+002 +8.093408110e+001 +8.093408110e+001 +3.3285e+000 +3.3857e+000 -3.4222e+000
44 +1.139756316e+002 +1.139756316e+002 +6.226563164e+001 +6.226563164e+001 +1.2747e+000 +3.3094e+000 -3.5561e+000
138 +9.075532040e+001 +9.075532040e+001 +3.904532040e+001 +3.904532040e+001 +4.4635e+000 +2.4902e+000 -3.6331e+000
151 +1.670823098e+001 +1.670823098e+001 -3.500176902e+001 -3.500176902e+001 +4.1193e+000 +2.4270e+000 -3.2377e+000
260 +1.249550633e+001 +1.249550633e+001 -3.921449367e+001 -3.921449367e+001 +4.7202e+000 +2.1954e+000 -3.1422e+000
347 +9.858336468e+000 +9.858336468e+000 -4.185166353e+001 -4.185166353e+001 +4.7416e+000 +2.1697e+000 -3.1329e+000
362 +9.677920872e+000 +9.677920872e+000 -4.203207913e+001 -4.203207913e+001 +4.7318e+000 +2.1743e+000 -3.1332e+000
382 +8.970707045e+000 +8.970707045e+000 -4.273929295e+001 -4.273929295e+001 +4.6954e+000 +2.1793e+000 -3.1303e+000
392 +7.578920583e+000 +7.578920583e+000 -4.413107942e+001 -4.413107942e+001 +4.6985e+000 +2.1826e+000 -3.1269e+000
557 +7.412398018e+000 +7.412398018e+000 -4.429760198e+001 -4.429760198e+001 +4.6978e+000 +2.1819e+000 -3.1248e+000
% function evaluation | noise-free fitness - Fopt (-2.799500000000e+002) | best noise-free fitness - Fopt | measured fitness | best measured fitness | x1 | x2...
1 +9.031825511e+002 +9.031825511e+002 +6.232325511e+002 +6.232325511e+002 +5.4187e+000 -8.5391e+000 +1.0159e+000
11 +2.414360859e+002 +2.414360859e+002 -3.851391412e+001 -3.851391412e+001 -4.6165e+000 -1.6449e+000 +5.2914e+000
45 +2.024469853e+002 +2.024469853e+002 -7.750301474e+001 -7.750301474e+001 -1.6793e-001 -5.3267e+000 +1.6581e+000
220 +1.937960743e+002 +1.937960743e+002 -8.615392568e+001 -8.615392568e+001 -5.9191e-001 -4.9179e+000 +2.0603e+000
226 +1.872170165e+002 +1.872170165e+002 -9.273298354e+001 -9.273298354e+001 -5.2682e-001 -5.0661e+000 +2.0780e+000
228 +1.828109591e+002 +1.828109591e+002 -9.713904092e+001 -9.713904092e+001 -7.1856e-001 -4.8822e+000 +2.2464e+000
243 +1.807022659e+002 +1.807022659e+002 -9.924773413e+001 -9.924773413e+001 -5.9634e-001 -5.1086e+000 +2.1406e+000
260 +1.700286527e+002 +1.700286527e+002 -1.099213473e+002 -1.099213473e+002 -7.1935e-001 -5.1042e+000 +2.1494e+000
272 +1.646189672e+002 +1.646189672e+002 -1.153310328e+002 -1.153310328e+002 -7.7823e-001 -5.1695e+000 +2.1482e+000
277 +1.165023054e+002 +1.165023054e+002 -1.634476946e+002 -1.634476946e+002 -1.3814e+000 -5.1599e+000 +2.1644e+000
312 +6.034865036e+001 +6.034865036e+001 -2.196013496e+002 -2.196013496e+002 -2.5029e+000 -5.0963e+000 +2.1564e+000
340 +4.929700258e+001 +4.929700258e+001 -2.306529974e+002 -2.306529974e+002 -2.6550e+000 -5.0646e+000 +2.0997e+000
363 +4.056399899e+001 +4.056399899e+001 -2.393860010e+002 -2.393860010e+002 -2.7521e+000 -5.0202e+000 +2.0230e+000
371 +3.695533277e+001 +3.695533277e+001 -2.429946672e+002 -2.429946672e+002 -2.7456e+000 -4.9726e+000 +2.1260e+000
377 +3.572929578e+001 +3.572929578e+001 -2.442207042e+002 -2.442207042e+002 -2.7508e+000 -4.9728e+000 +2.1009e+000
384 +2.951652410e+001 +2.951652410e+001 -2.504334759e+002 -2.504334759e+002 -2.4995e+000 -5.0273e+000 +2.0814e+000
387 +1.551224110e+001 +1.551224110e+001 -2.644377589e+002 -2.644377589e+002 -2.3973e+000 -5.0222e+000 +1.9947e+000
479 +1.438722876e+001 +1.438722876e+001 -2.655627712e+002 -2.655627712e+002 -2.4334e+000 -5.0083e+000 +2.0099e+000
506 +1.309570267e+001 +1.309570267e+001 -2.668542973e+002 -2.668542973e+002 -2.4333e+000 -5.0171e+000 +2.0112e+000
517 +1.276844187e+001 +1.276844187e+001 -2.671815581e+002 -2.671815581e+002 -2.4298e+000 -5.0147e+000 +2.0109e+000
580 +1.258167491e+001 +1.258167491e+001 -2.673683251e+002 -2.673683251e+002 -2.4301e+000 -5.0155e+000 +2.0118e+000
% function evaluation | noise-free fitness - Fopt (9.319900000000e+002) | best noise-free fitness - Fopt | measured fitness | best measured fitness | x1 | x2...
1 +8.618390060e+002 +8.618390060e+002 +1.793829006e+003 +1.793829006e+003 +5.5285e+000 +1.7478e+000 -5.1652e-001
2 +4.026484799e+002 +4.026484799e+002 +1.334638480e+003 +1.334638480e+003 +5.5782e-001 +6.2886e-001 -6.4587e-001
5 +3.411765012e+002 +3.411765012e+002 +1.273166501e+003 +1.273166501e+003 +3.5407e+000 +2.5646e+000 +1.7365e+000
13 +1.816473618e+002 +1.816473618e+002 +1.113637362e+003 +1.113637362e+003 +2.8669e+000 +4.1769e+000 +3.1465e+000
18 +1.764343461e+002 +1.764343461e+002 +1.108424346e+003 +1.108424346e+003 +1.6479e+000 +2.2614e+000 +1.1552e+000
41 +1.334206414e+002 +1.334206414e+002 +1.065410641e+003 +1.065410641e+003 +2.9989e+000 +4.2388e+000 +2.2032e+000
42 +1.247755213e+002 +1.247755213e+002 +1.056765521e+003 +1.056765521e+003 +1.7703e+000 +1.0926e+000 +1.7708e+000
53 +5.293228926e+001 +5.293228926e+001 +9.849222893e+002 +9.849222893e+002 +2.2241e+000 +2.7067e+000 +2.5877e+000
54 +3.665599800e+001 +3.665599800e+001 +9.686459980e+002 +9.686459980e+002 +1.9660e+000 +2.3054e+000 +2.7521e+000
85 +3.141911148e+001 +3.141911148e+001 +9.634091115e+002 +9.634091115e+002 +1.6502e+000 +1.7033e+000 +2.9716e+000
130 +1.980433427e+001 +1.980433427e+001 +9.517943343e+002 +9.517943343e+002 +1.1933e+000 +7.2567e-001 +2.8859e+000
133 +1.571129306e+001 +1.571129306e+001 +9.477012931e+002 +9.477012931e+002 +1.6048e+000 +1.5218e+000 +2.6205e+000
143 +1.505781069e+001 +1.505781069e+001 +9.470478107e+002 +9.470478107e+002 +1.5197e+000 +1.1867e+000 +2.7373e+000
169 +7.182949376e+000 +7.182949376e+000 +9.391729494e+002 +9.391729494e+002 +1.3184e+000 +7.6961e-001 +2.9185e+000
172 +7.035718124e+000 +7.035718124e+000 +9.390257181e+002 +9.390257181e+002 +1.5423e+000 +1.4125e+000 +2.7976e+000
204 +6.230475740e+000 +6.230475740e+000 +9.382204757e+002 +9.382204757e+002 +1.4496e+000 +1.1059e+000 +2.9112e+000
226 +2.143961844e+000 +2.143961844e+000 +9.341339618e+002 +9.341339618e+002 +1.4398e+000 +1.1383e+000 +2.8607e+000
279 +1.946166435e+000 +1.946166435e+000 +9.339361664e+002 +9.339361664e+002 +1.4124e+000 +1.0688e+000 +2.8647e+000
282 +4.670937087e-001 +4.670937087e-001 +9.324570937e+002 +9.324570937e+002 +1.4126e+000 +1.0564e+000 +2.8822e+000
319 +2.898213879e-001 +2.898213879e-001 +9.322798214e+002 +9.322798214e+002 +1.4141e+000 +1.0597e+000 +2.8785e+000
335 +2.536907197e-001 +2.536907197e-001 +9.322436907e+002 +9.322436907e+002 +1.4130e+000 +1.0575e+000 +2.8795e+000
535 +2.493215062e-001 +2.493215062e-001 +9.322393215e+002 +9.322393215e+002 +1.4140e+000 +1.0600e+000 +2.8787e+000
547 +2.296873997e-001 +2.296873997e-001 +9.322196874e+002 +9.322196874e+002 +1.4139e+000 +1.0598e+000 +2.8787e+000
584 +2.279680463e-001 +2.279680463e-001 +9.322179680e+002 +9.322179680e+002 +1.4139e+000 +1.0598e+000 +2.8788e+000
% function evaluation | noise-free fitness - Fopt (1.133100000000e+002) | best noise-free fitness - Fopt | measured fitness | best measured fitness | x1 | x2...
1 +1.614579192e+003 +1.614579192e+003 +1.727889192e+003 +1.727889192e+003 +6.0856e+000 +4.9997e+000 +6.2958e+000
2 +4.183460500e+002 +4.183460500e+002 +5.316560500e+002 +5.316560500e+002 +3.4568e+000 +3.7707e+000 -4.1104e+000
6 +3.775614541e+002 +3.775614541e+002 +4.908714541e+002 +4.908714541e+002 +4.7457e+000 +3.5730e+000 -2.2410e+000
11 +1.934181095e+002 +1.934181095e+002 +3.067281095e+002 +3.067281095e+002 +3.0328e+000 +2.5412e+000 +1.3323e+000
21 +1.727084738e+002 +1.727084738e+002 +2.860184738e+002 +2.860184738e+002 +1.9828e+000 +4.8233e+000 +5.3582e-001
32 +1.598919073e+002 +1.598919073e+002 +2.732019073e+002 +2.732019073e+002 +3.0624e+000 +3.0592e+000 +4.6764e-001
66 +1.371489992e+002 +1.371489992e+002 +2.504589992e+002 +2.504589992e+002 +1.2965e+000 +2.5379e+000 +1.4522e+000
79 +3.109061244e+001 +3.109061244e+001 +1.444006124e+002 +1.444006124e+002 +2.1551e+000 +2.3587e+000 +1.1432e+000
125 +2.922701765e+001 +2.922701765e+001 +1.425370177e+002 +1.425370177e+002 +2.0343e+000 +1.8963e+000 +1.8756e+000
154 +6.714647138e+000 +6.714647138e+000 +1.200246471e+002 +1.200246471e+002 +2.1685e+000 +3.0731e+000 +6.5850e-001
219 +6.390942336e+000 +6.390942336e+000 +1.197009423e+002 +1.197009423e+002 +2.1361e+000 +3.1475e+000 +5.2711e-001
234 +5.533286392e+000 +5.533286392e+000 +1.188432864e+002 +1.188432864e+002 +2.1507e+000 +3.1169e+000 +5.5571e-001
251 +4.371039610e+000 +4.371039610e+000 +1.176810396e+002 +1.176810396e+002 +2.1116e+000 +3.1363e+000 +5.9516e-001
266 +1.444308445e+000 +1.444308445e+000 +1.147543084e+002 +1.147543084e+002 +2.1255e+000 +3.0892e+000 +6.4495e-001
299 +2.435848921e-001 +2.435848921e-001 +1.135535849e+002 +1.135535849e+002 +2.1346e+000 +3.1542e+000 +5.7798e-001
467 +2.395296447e-001 +2.395296447e-001 +1.135495296e+002 +1.135495296e+002 +2.1333e+000 +3.1597e+000 +5.7666e-001
468 +1.460061181e-001 +1.460061181e-001 +1.134560061e+002 +1.134560061e+002 +2.1340e+000 +3.1586e+000 +5.7711e-001
478 +2.399035481e-002 +2.399035481e-002 +1.133339904e+002 +1.133339904e+002 +2.1349e+000 +3.1588e+000 +5.7498e-001
613 +1.439035986e-002 +1.439035986e-002 +1.133243904e+002 +1.133243904e+002 +2.1347e+000 +3.1584e+000 +5.7577e-001
616 +1.206624541e-002 +1.206624541e-002 +1.133220662e+002 +1.133220662e+002 +2.1348e+000 +3.1583e+000 +5.7586e-001
645 +7.803379258e-003 +7.803379258e-003 +1.133178034e+002 +1.133178034e+002 +2.1348e+000 +3.1582e+000 +5.7601e-001
654 +5.959840951e-003 +5.959840951e-003 +1.133159598e+002 +1.133159598e+002 +2.1348e+000 +3.1579e+000 +5.7624e-001
680 +5.884999398e-003 +5.884999398e-003 +1.133158850e+002 +1.133158850e+002 +2.1347e+000 +3.1581e+000 +5.7603e-001
687 +1.282603626e-003 +1.282603626e-003 +1.133112826e+002 +1.133112826e+002 +2.1348e+000 +3.1580e+000 +5.7607e-001
740 +1.019051553e-003 +1.019051553e-003 +1.133110191e+002 +1.133110191e+002 +2.1348e+000 +3.1580e+000 +5.7606e-001
756 +8.947219818e-004 +8.947219818e-004 +1.133108947e+002 +1.133108947e+002 +2.1348e+000 +3.1580e+000 +5.7605e-001
761 +8.329826319e-004 +8.329826319e-004 +1.133108330e+002 +1.133108330e+002 +2.1348e+000 +3.1580e+000 +5.7605e-001
776 +8.259163079e-004 +8.259163079e-004 +1.133108259e+002 +1.133108259e+002 +2.1348e+000 +3.1580e+000 +5.7605e-001
790 +7.704368740e-004 +7.704368740e-004 +1.133107704e+002 +1.133107704e+002 +2.1348e+000 +3.1580e+000 +5.7605e-001
815 +7.576326206e-004 +7.576326206e-004 +1.133107576e+002 +1.133107576e+002 +2.1348e+000 +3.1580e+000 +5.7605e-001
% function evaluation | noise-free fitness - Fopt (-2.095500000000e+002) | best noise-free fitness - Fopt | measured fitness | best measured fitness | x1 | x2...
1 +1.939763416e+003 +1.939763416e+003 +1.730213416e+003 +1.730213416e+003 +4.8639e+000 -2.2983e+000 +1.6068e+000
2 +1.406917955e+003 +1.406917955e+003 +1.197367955e+003 +1.197367955e+003 +4.5491e+000 +8.7932e-001 +1.7758e+000
6 +1.270247528e+003 +1.270247528e+003 +1.060697528e+003 +1.060697528e+003 +3.1904e+000 +5.9248e-001 +1.5929e+000
13 +8.589862513e+002 +8.589862513e+002 +6.494362513e+002 +6.494362513e+002 +7.8402e-001 +9.9967e-001 -9.0071e-001
35 +4.969425347e+002 +4.969425347e+002 +2.873925347e+002 +2.873925347e+002 +5.6395e-001 +3.8896e+000 -2.7688e-001
47 +4.287877861e+002 +4.287877861e+002 +2.192377861e+002 +2.192377861e+002 +5.8187e-001 +5.1346e+000 -3.1893e+000
74 +3.008295273e+002 +3.008295273e+002 +9.127952730e+001 +9.127952730e+001 -2.0269e+000 +3.3203e+000 +9.8105e-001
77 +2.831554585e+002 +2.831554585e+002 +7.360545852e+001 +7.360545852e+001 -1.4134e+000 +4.1554e+000 -1.8108e-001
78 +2.776918785e+002 +2.776918785e+002 +6.814187850e+001 +6.814187850e+001 -1.6075e+000 +3.7985e+000 -8.1467e+000
88 +2.058286091e+002 +2.058286091e+002 -3.721390948e+000 -3.721390948e+000 -1.6857e+000 +4.2844e+000 -2.0244e+000
96 +1.645115962e+002 +1.645115962e+002 -4.503840380e+001 -4.503840380e+001 -1.5836e+000 +3.8604e+000 -3.9232e+000
110 +1.405850419e+002 +1.405850419e+002 -6.896495814e+001 -6.896495814e+001 -1.9171e+000 +3.9015e+000 -4.5620e+000
142 +1.311268893e+002 +1.311268893e+002 -7.842311073e+001 -7.842311073e+001 -3.1468e+000 +3.7616e+000 -4.0085e+000
152 +1.251884561e+002 +1.251884561e+002 -8.436154391e+001 -8.436154391e+001 -2.2466e+000 +3.9281e+000 -4.0446e+000
153 +1.180552704e+002 +1.180552704e+002 -9.149472964e+001 -9.149472964e+001 -2.1075e+000 +3.7714e+000 -3.0883e+000
165 +9.180659717e+001 +9.180659717e+001 -1.177434028e+002 -1.177434028e+002 -2.2585e+000 +3.6433e+000 -4.1554e+000
178 +8.338664448e+001 +8.338664448e+001 -1.261633555e+002 -1.261633555e+002 -2.3601e+000 +3.6132e+000 -4.3082e+000
181 +5.843577093e+001 +5.843577093e+001 -1.511142291e+002 -1.511142291e+002 -2.4606e+000 +3.3370e+000 -4.2788e+000
194 +3.920125760e+001 +3.920125760e+001 -1.703487424e+002 -1.703487424e+002 -2.6333e+000 +3.3109e+000 -4.1198e+000
211 +3.863909219e+001 +3.863909219e+001 -1.709109078e+002 -1.709109078e+002 -2.6760e+000 +3.3511e+000 -3.8273e+000
225 +3.750587289e+001 +3.750587289e+001 -1.720441271e+002 -1.720441271e+002 -2.6786e+000 +3.3246e+000 -3.7543e+000
227 +3.235080855e+001 +3.235080855e+001 -1.771991915e+002 -1.771991915e+002 -2.7674e+000 +3.3431e+000 -3.9237e+000
237 +2.763541582e+001 +2.763541582e+001 -1.819145842e+002 -1.819145842e+002 -2.7596e+000 +3.2950e+000 -3.9655e+000
255 +2.631090956e+001 +2.631090956e+001 -1.832390904e+002 -1.832390904e+002 -2.7601e+000 +3.2491e+000 -3.8597e+000
281 +2.467381796e+001 +2.467381796e+001 -1.848761820e+002 -1.848761820e+002 -3.0474e+000 +3.2252e+000 -3.9258e+000
283 +1.792513074e+001 +1.792513074e+001 -1.916248693e+002 -1.916248693e+002 -2.8517e+000 +3.2501e+000 -3.9822e+000
310 +1.757945848e+001 +1.757945848e+001 -1.919705415e+002 -1.919705415e+002 -2.9789e+000 +3.2374e+000 -3.8394e+000
323 +1.595053424e+001 +1.595053424e+001 -1.935994658e+002 -1.935994658e+002 -3.0236e+000 +3.1933e+000 -3.8898e+000
336 +8.344033699e+000 +8.344033699e+000 -2.012059663e+002 -2.012059663e+002 -2.9604e+000 +3.2001e+000 -3.7685e+000
368 +8.041347199e+000 +8.041347199e+000 -2.015086528e+002 -2.015086528e+002 -2.9594e+000 +3.2019e+000 -3.6492e+000
377 +7.935792451e+000 +7.935792451e+000 -2.016142075e+002 -2.016142075e+002 -2.9699e+000 +3.1993e+000 -3.7127e+000
381 +7.183581283e+000 +7.183581283e+000 -2.023664187e+002 -2.023664187e+002 -2.9597e+000 +3.1942e+000 -3.7513e+000
397 +6.239406574e+000 +6.239406574e+000 -2.033105934e+002 -2.033105934e+002 -3.0059e+000 +3.1499e+000 -3.7893e+000
409 +3.740936404e+000 +3.740936404e+000 -2.058090636e+002 -2.058090636e+002 -2.9835e+000 +3.1553e+000 -3.7346e+000
439 +2.958914814e+000 +2.958914814e+000 -2.065910852e+002 -2.065910852e+002 -2.9869e+000 +3.1596e+000 -3.6862e+000
443 +2.625202505e+000 +2.625202505e+000 -2.069247975e+002 -2.069247975e+002 -2.9860e+000 +3.1654e+000 -3.6845e+000
456 +2.476807337e+000 +2.476807337e+000 -2.070731927e+002 -2.070731927e+002 -3.0419e+000 +3.1541e+000 -3.3264e+000
457 +1.689388490e+000 +1.689388490e+000 -2.078606115e+002 -2.078606115e+002 -3.0287e+000 +3.1615e+000 -3.4305e+000
467 +1.169918582e+000 +1.169918582e+000 -2.083800814e+002 -2.083800814e+002 -3.0343e+000 +3.1595e+000 -3.4243e+000
490 +1.088165704e+000 +1.088165704e+000 -2.084618343e+002 -2.084618343e+002 -3.0404e+000 +3.1585e+000 -3.4413e+000
492 +9.358792429e-001 +9.358792429e-001 -2.086141208e+002 -2.086141208e+002 -3.0395e+000 +3.1596e+000 -3.4114e+000
501 +7.811519816e-001 +7.811519816e-001 -2.087688480e+002 -2.087688480e+002 -3.0497e+000 +3.1585e+000 -3.3568e+000
592 +7.752579910e-001 +7.752579910e-001 -2.087747420e+002 -2.087747420e+002 -3.0411e+000 +3.1582e+000 -3.4249e+000
594 +7.301723923e-001 +7.301723923e-001 -2.088198276e+002 -2.088198276e+002 -3.0364e+000 +3.1583e+000 -3.4392e+000
611 +7.174242859e-001 +7.174242859e-001 -2.088325757e+002 -2.088325757e+002 -3.0357e+000 +3.1582e+000 -3.4484e+000
630 +6.888559220e-001 +6.888559220e-001 -2.088611441e+002 -2.088611441e+002 -3.0347e+000 +3.1580e+000 -3.4524e+000
663 +6.679889600e-001 +6.679889600e-001 -2.088820110e+002 -2.088820110e+002 -3.0348e+000 +3.1579e+000 -3.4532e+000
686 +6.366206876e-001 +6.366206876e-001 -2.089133793e+002 -2.089133793e+002 -3.0360e+000 +3.1576e+000 -3.4499e+000
692 +6.251942714e-001 +6.251942714e-001 -2.089248057e+002 -2.089248057e+002 -3.0356e+000 +3.1574e+000 -3.4539e+000
693 +5.875237619e-001 +5.875237619e-001 -2.089624762e+002 -2.089624762e+002 -3.0447e+000 +3.1568e+000 -3.3910e+000
711 +5.722475104e-001 +5.722475104e-001 -2.089777525e+002 -2.089777525e+002 -3.0417e+000 +3.1570e+000 -3.4227e+000
713 +5.536451353e-001 +5.536451353e-001 -2.089963549e+002 -2.089963549e+002 -3.0389e+000 +3.1572e+000 -3.4333e+000
737 +5.010029574e-001 +5.010029574e-001 -2.090489970e+002 -2.090489970e+002 -3.0399e+000 +3.1567e+000 -3.4265e+000
753 +4.565282512e-001 +4.565282512e-001 -2.090934717e+002 -2.090934717e+002 -3.0404e+000 +3.1564e+000 -3.4269e+000
% function evaluation | noise-free fitness - Fopt (2.850000000000e+000) | best noise-free fitness - Fopt | measured fitness | best measured fitness | x1 | x2...
1 +5.757945989e+002 +5.757945989e+002 +5.786445989e+002 +5.786445989e+002 +1.5568e+000 +7.6238e-001 +2.4567e+000
15 +4.171713400e+002 +4.171713400e+002 +4.200213400e+002 +4.200213400e+002 +5.4284e-002 -1.5570e+000 -6.2005e-001
22 +3.069820877e+002 +3.069820877e+002 +3.098320877e+002 +3.098320877e+002 -6.7003e-001 +7.0305e-001 -1.4699e+000
28 +2.275198022e+002 +2.275198022e+002 +2.303698022e+002 +2.303698022e+002 -9.1650e-001 +7.8790e-001 -3.3687e+000
35 +1.083374473e+002 +1.083374473e+002 +1.111874473e+002 +1.111874473e+002 -4.1691e-001 +3.7171e-001 -2.8899e+000
74 +5.886396459e+001 +5.886396459e+001 +6.171396459e+001 +6.171396459e+001 +1.5140e+000 +1.7761e+000 -1.3425e+000
83 +5.180549532e+001 +5.180549532e+001 +5.465549532e+001 +5.465549532e+001 +1.8140e+000 +1.6249e+000 -1.3988e+000
179 +3.333740008e+001 +3.333740008e+001 +3.618740008e+001 +3.618740008e+001 +5.8520e-001 +7.9465e-001 -1.8095e+000
212 +2.993010292e+001 +2.993010292e+001 +3.278010292e+001 +3.278010292e+001 +1.0091e+000 +1.0769e+000 -1.4762e+000
213 +2.144392115e+001 +2.144392115e+001 +2.429392115e+001 +2.429392115e+001 +1.0224e+000 +9.9529e-001 -1.5193e+000
242 +1.314326906e+001 +1.314326906e+001 +1.599326906e+001 +1.599326906e+001 +1.0236e+000 +1.0678e+000 -1.6094e+000
251 +1.002402177e+001 +1.002402177e+001 +1.287402177e+001 +1.287402177e+001 +1.0115e+000 +1.0396e+000 -1.5915e+000
262 +9.653809076e+000 +9.653809076e+000 +1.250380908e+001 +1.250380908e+001 +1.0497e+000 +1.0714e+000 -1.5741e+000
354 +9.393330139e+000 +9.393330139e+000 +1.224333014e+001 +1.224333014e+001 +1.0240e+000 +1.0476e+000 -1.5901e+000
373 +9.324699195e+000 +9.324699195e+000 +1.217469919e+001 +1.217469919e+001 +1.0227e+000 +1.0421e+000 -1.5886e+000
385 +9.108010804e+000 +9.108010804e+000 +1.195801080e+001 +1.195801080e+001 +1.0219e+000 +1.0446e+000 -1.5896e+000
% function evaluation | noise-free fitness - Fopt (1.975200000000e+002) | best noise-free fitness - Fopt | measured fitness | best measured fitness | x1 | x2...
1 +3.415358365e+003 +3.415358365e+003 +3.612878365e+003 +3.612878365e+003 -1.3043e+000 +4.1470e+000 +1.8414e+001
2 +1.215646073e+003 +1.215646073e+003 +1.413166073e+003 +1.413166073e+003 -3.8839e+000 -1.9114e+000 -4.4777e+000
9 +6.412454943e+002 +6.412454943e+002 +8.387654943e+002 +8.387654943e+002 -1.8504e+000 +2.7715e+000 -3.8516e+000
13 +3.219107477e+002 +3.219107477e+002 +5.194307477e+002 +5.194307477e+002 -3.0471e+000 +1.1442e+000 -1.0389e+000
16 +3.025352143e+002 +3.025352143e+002 +5.000552143e+002 +5.000552143e+002 -2.6028e+000 -5.1846e-001 +1.5900e+000
31 +1.377007237e+002 +1.377007237e+002 +3.352207237e+002 +3.352207237e+002 -2.3517e+000 -1.2071e-001 +3.2042e-001
41 +1.344705833e+002 +1.344705833e+002 +3.319905833e+002 +3.319905833e+002 -2.9394e+000 +3.3681e-001 +1.9836e-002
74 +1.194456030e+002 +1.194456030e+002 +3.169656030e+002 +3.169656030e+002 -3.0856e+000 +4.0080e-001 +3.2676e-001
81 +1.065042542e+002 +1.065042542e+002 +3.040242542e+002 +3.040242542e+002 -2.7318e+000 +1.9396e-001 +2.1678e-003
86 +1.044703381e+002 +1.044703381e+002 +3.019903381e+002 +3.019903381e+002 -2.5624e+000 +7.7972e-002 +3.6151e-001
101 +9.267074288e+001 +9.267074288e+001 +2.901907429e+002 +2.901907429e+002 -2.7024e+000 +1.8586e-001 +1.0812e-001
130 +6.851224050e+001 +6.851224050e+001 +2.660322405e+002 +2.660322405e+002 -2.2993e+000 +2.9528e-001 +1.6422e-002
140 +6.310444074e+001 +6.310444074e+001 +2.606244407e+002 +2.606244407e+002 -2.4258e+000 +1.9866e-001 -5.0508e-002
159 +4.717841500e+001 +4.717841500e+001 +2.446984150e+002 +2.446984150e+002 -2.4132e+000 +2.8758e-001 -8.4995e-002
198 +4.505440247e+001 +4.505440247e+001 +2.425744025e+002 +2.425744025e+002 -2.3435e+000 +2.8900e-001 -1.2338e-001
217 +3.943957303e+001 +3.943957303e+001 +2.369595730e+002 +2.369595730e+002 -2.2856e+000 +2.7873e-001 -2.4422e-001
228 +3.806528349e+001 +3.806528349e+001 +2.355852835e+002 +2.355852835e+002 -2.3685e+000 +3.1953e-001 -1.7356e-001
233 +3.482576378e+001 +3.482576378e+001 +2.323457638e+002 +2.323457638e+002 -2.3756e+000 +3.5000e-001 -2.0250e-001
242 +3.096813748e+001 +3.096813748e+001 +2.284881375e+002 +2.284881375e+002 -2.3260e+000 +3.5812e-001 -2.7425e-001
274 +2.741572041e+001 +2.741572041e+001 +2.249357204e+002 +2.249357204e+002 -2.2596e+000 +3.6676e-001 -3.6480e-001
283 +2.407707463e+001 +2.407707463e+001 +2.215970746e+002 +2.215970746e+002 -2.3373e+000 +3.8871e-001 -2.2033e-001
328 +2.250494605e+001 +2.250494605e+001 +2.200249460e+002 +2.200249460e+002 -2.2945e+000 +3.7869e-001 -2.7790e-001
403 +2.185081137e+001 +2.185081137e+001 +2.193708114e+002 +2.193708114e+002 -2.2840e+000 +3.7787e-001 -2.9129e-001
533 +2.121331143e+001 +2.121331143e+001 +2.187333114e+002 +2.187333114e+002 -2.2910e+000 +3.8490e-001 -2.8236e-001
% function evaluation | noise-free fitness - Fopt (-1.052700000000e+002) | best noise-free fitness - Fopt | measured fitness | best measured fitness | x1 | x2...
1 +1.625295679e+003 +1.625295679e+003 +1.520025679e+003 +1.520025679e+003 +3.3818e+000 +1.4510e+001 +3.5472e-001
3 +5.365112646e+002 +5.365112646e+002 +4.312412646e+002 +4.312412646e+002 -3.3933e+000 -3.0538e+000 +2.7769e-001
17 +3.433474652e+002 +3.433474652e+002 +2.380774652e+002 +2.380774652e+002 -1.7690e+000 -1.0008e+000 -1.0173e+000
21 +3.194530227e+002 +3.194530227e+002 +2.141830227e+002 +2.141830227e+002 -2.0386e+000 -1.8343e+000 -1.0379e+000
36 +3.058784867e+002 +3.058784867e+002 +2.006084867e+002 +2.006084867e+002 -1.5440e+000 -1.3436e+000 -6.3013e-001
37 +2.810317237e+002 +2.810317237e+002 +1.757617237e+002 +1.757617237e+002 +1.7825e-001 -1.5646e+000 -8.3070e-001
38 +2.506344278e+002 +2.506344278e+002 +1.453644278e+002 +1.453644278e+002 -2.1691e-001 -2.1996e+000 -3.1430e+000
50 +6.947358473e+001 +6.947358473e+001 -3.579641527e+001 -3.579641527e+001 -1.1789e-001 -2.1852e+000 -2.3693e+000
79 +5.889905890e+001 +5.889905890e+001 -4.637094110e+001 -4.637094110e+001 -1.8471e-001 -2.2535e+000 -2.2748e+000
106 +5.836870378e+001 +5.836870378e+001 -4.690129622e+001 -4.690129622e+001 -2.5462e-001 -2.3671e+000 -2.1675e+000
117 +5.600608430e+001 +5.600608430e+001 -4.926391570e+001 -4.926391570e+001 -1.6995e-001 -2.3732e+000 -2.1565e+000
121 +4.387660561e+001 +4.387660561e+001 -6.139339439e+001 -6.139339439e+001 +3.2743e-001 -2.3136e+000 -2.5408e+000
137 +3.616353280e+001 +3.616353280e+001 -6.910646720e+001 -6.910646720e+001 -4.8357e-002 -2.4429e+000 -2.2970e+000
154 +2.743531094e+001 +2.743531094e+001 -7.783468906e+001 -7.783468906e+001 +1.2534e-001 -2.3647e+000 -2.3812e+000
161 +2.330020553e+001 +2.330020553e+001 -8.196979447e+001 -8.196979447e+001 +5.4803e-002 -2.3525e+000 -2.3466e+000
167 +2.016276353e+001 +2.016276353e+001 -8.510723647e+001 -8.510723647e+001 +1.2166e-001 -2.2873e+000 -2.3549e+000
232 +1.910004070e+001 +1.910004070e+001 -8.616995930e+001 -8.616995930e+001 +9.8108e-002 -2.3196e+000 -2.3701e+000
246 +1.902526984e+001 +1.902526984e+001 -8.624473016e+001 -8.624473016e+001 +9.5175e-002 -2.3191e+000 -2.3670e+000
272 +1.809142015e+001 +1.809142015e+001 -8.717857985e+001 -8.717857985e+001 +8.1697e-002 -2.3221e+000 -2.3686e+000
346 +1.778219903e+001 +1.778219903e+001 -8.748780097e+001 -8.748780097e+001 +8.0245e-002 -2.3250e+000 -2.3678e+000
% function evaluation | noise-free fitness - Fopt (2.833400000000e+002) | best noise-free fitness - Fopt | measured fitness | best measured fitness | x1 | x2...
1 +7.845191573e+003 +7.845191573e+003 +8.128531573e+003 +8.128531573e+003 -2.8549e+000 +3.8382e+000 -2.2928e+001
2 +5.672776266e+002 +5.672776266e+002 +8.506176266e+002 +8.506176266e+002 -9.4250e-001 +9.7939e-001 -1.7971e+000
7 +4.974636214e+002 +4.974636214e+002 +7.808036214e+002 +7.808036214e+002 -1.4166e+000 +2.8743e+000 -2.4876e+000
16 +2.837867634e+002 +2.837867634e+002 +5.671267634e+002 +5.671267634e+002 -3.0644e+000 +2.5414e+000 +2.3599e+000
31 +2.680910300e+002 +2.680910300e+002 +5.514310300e+002 +5.514310300e+002 -2.0783e+000 +2.5111e+000 -1.0022e+000
34 +2.504899175e+002 +2.504899175e+002 +5.338299175e+002 +5.338299175e+002 -1.8127e+000 +2.6130e+000 +3.3434e-001
37 +1.608527006e+002 +1.608527006e+002 +4.441927006e+002 +4.441927006e+002 -2.0322e+000 +3.5562e+000 -7.0901e-001
57 +9.282854978e+001 +9.282854978e+001 +3.761685498e+002 +3.761685498e+002 -2.5868e+000 +2.8586e+000 -3.6605e-002
65 +7.402935421e+001 +7.402935421e+001 +3.573693542e+002 +3.573693542e+002 -2.7189e+000 +3.0396e+000 +4.1872e-001
79 +6.381066394e+001 +6.381066394e+001 +3.471506639e+002 +3.471506639e+002 -2.7187e+000 +3.0384e+000 -3.9385e-003
86 +5.755513101e+001 +5.755513101e+001 +3.408951310e+002 +3.408951310e+002 -2.8785e+000 +3.0994e+000 +5.5356e-002
92 +5.547044887e+001 +5.547044887e+001 +3.388104489e+002 +3.388104489e+002 -2.7910e+000 +2.9879e+000 +6.8263e-002
98 +3.980783227e+001 +3.980783227e+001 +3.231478323e+002 +3.231478323e+002 -2.9687e+000 +3.0221e+000 +2.8000e-001
172 +3.666617266e+001 +3.666617266e+001 +3.200061727e+002 +3.200061727e+002 -2.9088e+000 +3.1024e+000 +2.7210e-001
217 +3.435393123e+001 +3.435393123e+001 +3.176939312e+002 +3.176939312e+002 -2.9815e+000 +2.8835e+000 +3.0981e-001
218 +3.098981203e+001 +3.098981203e+001 +3.143298120e+002 +3.143298120e+002 -2.9318e+000 +2.8302e+000 +3.0823e-001
297 +3.049433109e+001 +3.049433109e+001 +3.138343311e+002 +3.138343311e+002 -2.8892e+000 +2.9609e+000 +3.1267e-001
301 +2.961311180e+001 +2.961311180e+001 +3.129531118e+002 +3.129531118e+002 -2.9566e+000 +2.9268e+000 +3.1556e-001
324 +2.687015449e+001 +2.687015449e+001 +3.102101545e+002 +3.102101545e+002 -2.9442e+000 +2.9046e+000 +3.1337e-001
331 +2.460731476e+001 +2.460731476e+001 +3.079473148e+002 +3.079473148e+002 -2.9254e+000 +2.9031e+000 +3.1460e-001
346 +2.328877176e+001 +2.328877176e+001 +3.066287718e+002 +3.066287718e+002 -2.9342e+000 +2.9026e+000 +3.2452e-001
% function evaluation | noise-free fitness - Fopt (-8.171000000000e+001) | best noise-free fitness - Fopt | measured fitness | best measured fitness | x1 | x2...
1 +1.264994335e+003 +1.264994335e+003 +1.183284335e+003 +1.183284335e+003 -5.5148e+000 -1.1414e+000 +4.4826e+000
8 +9.752616652e+002 +9.752616652e+002 +8.935516652e+002 +8.935516652e+002 -4.2210e+000 +2.4778e+000 +5.9105e+000
9 +1.986462160e+002 +1.986462160e+002 +1.169362160e+002 +1.169362160e+002 -7.8849e+000 +2.3567e+000 +1.5984e+000
60 +1.184454560e+002 +1.184454560e+002 +3.673545605e+001 +3.673545605e+001 -6.9960e+000 +1.6998e+000 +1.5368e+000
80 +4.102668040e+001 +4.102668040e+001 -4.068331960e+001 -4.068331960e+001 -3.5143e+000 +2.2807e+000 +2.4508e+000
121 +9.875009208e+000 +9.875009208e+000 -7.183499079e+001 -7.183499079e+001 -4.2004e+000 +2.3863e+000 +2.2640e+000
158 +3.977787140e+000 +3.977787140e+000 -7.773221286e+001 -7.773221286e+001 -4.1606e+000 +2.3588e+000 +2.2549e+000
240 +3.526450023e+000 +3.526450023e+000 -7.818354998e+001 -7.818354998e+001 -4.0930e+000 +2.3797e+000 +2.2679e+000
241 +3.142528871e+000 +3.142528871e+000 -7.856747113e+001 -7.856747113e+001 -4.0946e+000 +2.3628e+000 +2.2641e+000
246 +2.671670341e+000 +2.671670341e+000 -7.903832966e+001 -7.903832966e+001 -4.1117e+000 +2.3650e+000 +2.2663e+000
248 +2.540552880e+000 +2.540552880e+000 -7.916944712e+001 -7.916944712e+001 -4.1163e+000 +2.3728e+000 +2.2647e+000
288 +2.345434446e+000 +2.345434446e+000 -7.936456555e+001 -7.936456555e+001 -4.1320e+000 +2.3649e+000 +2.2596e+000
341 +2.170420215e+000 +2.170420215e+000 -7.953957978e+001 -7.953957978e+001 -4.1357e+000 +2.3607e+000 +2.2553e+000
357 +1.804786748e+000 +1.804786748e+000 -7.990521325e+001 -7.990521325e+001 -4.1321e+000 +2.3635e+000 +2.2551e+000
391 +1.725922192e+000 +1.725922192e+000 -7.998407781e+001 -7.998407781e+001 -4.1331e+000 +2.3628e+000 +2.2555e+000
396 +1.694995025e+000 +1.694995025e+000 -8.001500498e+001 -8.001500498e+001 -4.1331e+000 +2.3645e+000 +2.2558e+000
404 +1.585943087e+000 +1.585943087e+000 -8.012405691e+001 -8.012405691e+001 -4.1311e+000 +2.3645e+000 +2.2566e+000
429 +1.574840773e+000 +1.574840773e+000 -8.013515923e+001 -8.013515923e+001 -4.1320e+000 +2.3639e+000 +2.2561e+000
461 +1.545610498e+000 +1.545610498e+000 -8.016438950e+001 -8.016438950e+001 -4.1337e+000 +2.3637e+000 +2.2556e+000
% function evaluation | noise-free fitness - Fopt (2.941500000000e+002) | best noise-free fitness - Fopt | measured fitness | best measured fitness | x1 | x2...
1 +6.857455999e+002 +6.857455999e+002 +9.798955999e+002 +9.798955999e+002 +1.6093e+000 -2.2850e+000 +3.6742e+000
3 +2.709922873e+002 +2.709922873e+002 +5.651422873e+002 +5.651422873e+002 +2.8525e-001 -2.8262e+000 +1.3120e+000
5 +1.144135531e+002 +1.144135531e+002 +4.085635531e+002 +4.085635531e+002 +7.6903e-001 -2.5538e+000 +4.8057e-001
50 +6.818513823e+001 +6.818513823e+001 +3.623351382e+002 +3.623351382e+002 +1.2270e+000 -2.1601e+000 -5.2662e-001
124 +1.585724401e+001 +1.585724401e+001 +3.100072440e+002 +3.100072440e+002 +1.4085e+000 -1.7431e+000 -3.9719e-001
156 +1.348884769e+001 +1.348884769e+001 +3.076388477e+002 +3.076388477e+002 +1.3734e+000 -1.7307e+000 -3.5927e-001
160 +1.233295658e+001 +1.233295658e+001 +3.064829566e+002 +3.064829566e+002 +1.3971e+000 -1.7264e+000 -3.9911e-001
196 +1.068088894e+001 +1.068088894e+001 +3.048308889e+002 +3.048308889e+002 +1.3700e+000 -1.7612e+000 -3.5011e-001
347 +1.021866521e+001 +1.021866521e+001 +3.043686652e+002 +3.043686652e+002 +1.3802e+000 -1.7594e+000 -3.6765e-001
356 +9.380853733e+000 +9.380853733e+000 +3.035308537e+002 +3.035308537e+002 +1.3744e+000 -1.7600e+000 -3.6603e-001
391 +9.326233540e+000 +9.326233540e+000 +3.034762335e+002 +3.034762335e+002 +1.3777e+000 -1.7589e+000 -3.6363e-001
409 +8.798399122e+000 +8.798399122e+000 +3.029483991e+002 +3.029483991e+002 +1.3755e+000 -1.7587e+000 -3.6099e-001
436 +8.698625287e+000 +8.698625287e+000 +3.028486253e+002 +3.028486253e+002 +1.3754e+000 -1.7587e+000 -3.6214e-001
% function evaluation | noise-free fitness - Fopt (-2.703600000000e+002) | best noise-free fitness - Fopt | measured fitness | best measured fitness | x1 | x2...
1 +1.694306266e+003 +1.694306266e+003 +1.423946266e+003 +1.423946266e+003 -8.6376e+000 -1.6162e+000 +3.5361e-002
2 +6.904518517e+002 +6.904518517e+002 +4.200918517e+002 +4.200918517e+002 -6.6859e+000 +4.8805e+000 -9.3853e-001
6 +7.749356498e+001 +7.749356498e+001 -1.928664350e+002 -1.928664350e+002 -3.6824e+000 +4.1542e-001 -4.0559e+000
61 +7.108543156e+001 +7.108543156e+001 -1.992745684e+002 -1.992745684e+002 -4.7275e+000 +1.2704e+000 -4.2196e+000
63 +3.191036446e+001 +3.191036446e+001 -2.384496355e+002 -2.384496355e+002 -3.6271e+000 +6.2281e-001 -3.5136e+000
72 +2.057138863e+001 +2.057138863e+001 -2.497886114e+002 -2.497886114e+002 -3.9686e+000 +5.4155e-001 -3.7031e+000
133 +1.387636666e+001 +1.387636666e+001 -2.564836333e+002 -2.564836333e+002 -4.2990e+000 +7.8904e-001 -4.0387e+000
225 +1.358288792e+001 +1.358288792e+001 -2.567771121e+002 -2.567771121e+002 -4.3200e+000 +7.0088e-001 -4.0751e+000
231 +1.323955053e+001 +1.323955053e+001 -2.571204495e+002 -2.571204495e+002 -4.3001e+000 +6.9789e-001 -4.0863e+000
256 +1.293531204e+001 +1.293531204e+001 -2.574246880e+002 -2.574246880e+002 -4.2994e+000 +6.9752e-001 -4.0777e+000
258 +1.266259942e+001 +1.266259942e+001 -2.576974006e+002 -2.576974006e+002 -4.2927e+000 +7.0352e-001 -4.0811e+000
261 +1.217798728e+001 +1.217798728e+001 -2.581820127e+002 -2.581820127e+002 -4.2911e+000 +7.1114e-001 -4.0787e+000
269 +1.157959435e+001 +1.157959435e+001 -2.587804057e+002 -2.587804057e+002 -4.3079e+000 +7.2559e-001 -4.0901e+000
273 +9.546721091e+000 +9.546721091e+000 -2.608132789e+002 -2.608132789e+002 -4.3069e+000 +7.3016e-001 -4.0701e+000
308 +9.032869411e+000 +9.032869411e+000 -2.613271306e+002 -2.613271306e+002 -4.3186e+000 +7.3313e-001 -4.0735e+000
321 +8.871253437e+000 +8.871253437e+000 -2.614887466e+002 -2.614887466e+002 -4.3146e+000 +7.4784e-001 -4.0689e+000
322 +8.675242275e+000 +8.675242275e+000 -2.616847577e+002 -2.616847577e+002 -4.3176e+000 +7.3737e-001 -4.0718e+000
324 +8.336292367e+000 +8.336292367e+000 -2.620237076e+002 -2.620237076e+002 -4.3187e+000 +7.3772e-001 -4.0529e+000
332 +7.648889508e+000 +7.648889508e+000 -2.627111105e+002 -2.627111105e+002 -4.3161e+000 +7.4102e-001 -4.0602e+000
359 +7.554538632e+000 +7.554538632e+000 -2.628054614e+002 -2.628054614e+002 -4.3221e+000 +7.5430e-001 -4.0630e+000
362 +7.114166937e+000 +7.114166937e+000 -2.632458331e+002 -2.632458331e+002 -4.3205e+000 +7.5915e-001 -4.0460e+000
388 +6.615390267e+000 +6.615390267e+000 -2.637446097e+002 -2.637446097e+002 -4.3266e+000 +7.5328e-001 -4.0620e+000
430 +6.480170775e+000 +6.480170775e+000 -2.638798292e+002 -2.638798292e+002 -4.3205e+000 +7.5424e-001 -4.0493e+000
520 +6.302928428e+000 +6.302928428e+000 -2.640570716e+002 -2.640570716e+002 -4.3183e+000 +7.5304e-001 -4.0488e+000
659 +6.150945179e+000 +6.150945179e+000 -2.642090548e+002 -2.642090548e+002 -4.3200e+000 +7.5205e-001 -4.0517e+000
% function evaluation | noise-free fitness - Fopt (-6.645000000000e+001) | best noise-free fitness - Fopt | measured fitness | best measured fitness | x1 | x2...
1 +1.288487207e+003 +1.288487207e+003 +1.222037207e+003 +1.222037207e+003 +9.5653e-001 -2.8377e+000 +5.9596e+000
2 +8.318092137e+002 +8.318092137e+002 +7.653592137e+002 +7.653592137e+002 -5.8307e-001 -5.3529e-001 +1.5644e+000
5 +7.203094525e+002 +7.203094525e+002 +6.538594525e+002 +6.538594525e+002 +8.7588e-001 -2.5783e+000 +1.3701e+000
6 +4.760221284e+002 +4.760221284e+002 +4.095721284e+002 +4.095721284e+002 +3.1307e+000 +6.4221e-001 -1.5389e+000
20 +4.568577490e+002 +4.568577490e+002 +3.904077490e+002 +3.904077490e+002 +2.0208e+000 -2.3641e+000 -2.8259e+000
31 +2.205535930e+002 +2.205535930e+002 +1.541035930e+002 +1.541035930e+002 +1.1569e+000 -6.1034e-001 -1.2278e+000
46 +2.104479751e+002 +2.104479751e+002 +1.439979751e+002 +1.439979751e+002 +1.2278e+000 -7.6646e-001 -1.3997e+000
53 +1.862101660e+002 +1.862101660e+002 +1.197601660e+002 +1.197601660e+002 +1.0092e+000 -5.6648e-001 -1.8191e+000
56 +1.426830676e+002 +1.426830676e+002 +7.623306761e+001 +7.623306761e+001 +1.1369e+000 -7.3041e-001 -2.1253e+000
61 +1.021679996e+002 +1.021679996e+002 +3.571799956e+001 +3.571799956e+001 +1.4379e+000 -7.0507e-001 -2.7169e+000
76 +5.545760648e+001 +5.545760648e+001 -1.099239352e+001 -1.099239352e+001 +1.3437e+000 -3.8896e-001 -2.4792e+000
151 +5.242506105e+001 +5.242506105e+001 -1.402493895e+001 -1.402493895e+001 +1.3397e+000 -4.4391e-001 -2.5603e+000
212 +5.058051937e+001 +5.058051937e+001 -1.586948063e+001 -1.586948063e+001 +1.3872e+000 -3.5961e-001 -2.4791e+000
231 +4.799111254e+001 +4.799111254e+001 -1.845888746e+001 -1.845888746e+001 +1.3746e+000 -3.7165e-001 -2.4846e+000
281 +4.714299625e+001 +4.714299625e+001 -1.930700375e+001 -1.930700375e+001 +1.3790e+000 -3.4902e-001 -2.4638e+000
% function evaluation | noise-free fitness - Fopt (2.509000000000e+001) | best noise-free fitness - Fopt | measured fitness | best measured fitness | x1 | x2...
1 +9.944289981e+002 +9.944289981e+002 +1.019518998e+003 +1.019518998e+003 +3.8398e+000 -2.4210e+000 +5.2822e+000
2 +6.944646827e+002 +6.944646827e+002 +7.195546827e+002 +7.195546827e+002 +2.8449e+000 -3.1980e+000 -4.7579e+000
8 +3.237669803e+002 +3.237669803e+002 +3.488569803e+002 +3.488569803e+002 +2.0077e+000 +3.6194e-001 +5.1223e-002
28 +1.784403237e+002 +1.784403237e+002 +2.035303237e+002 +2.035303237e+002 +3.3461e+000 -4.8055e-001 -1.0125e+000
39 +1.622907426e+002 +1.622907426e+002 +1.873807426e+002 +1.873807426e+002 +3.1782e+000 -5.5657e-001 -8.1478e-001
47 +7.232724426e+001 +7.232724426e+001 +9.741724426e+001 +9.741724426e+001 +3.1065e+000 -2.5520e-001 +6.4814e-001
55 +5.175781093e+001 +5.175781093e+001 +7.684781093e+001 +7.684781093e+001 +2.6647e+000 -2.4660e-001 +6.9775e-001
83 +4.693554754e+001 +4.693554754e+001 +7.202554754e+001 +7.202554754e+001 +2.7528e+000 -5.2321e-002 +5.9532e-001
108 +1.211252717e+001 +1.211252717e+001 +3.720252717e+001 +3.720252717e+001 +2.8191e+000 -3.1810e-001 +7.9357e-001
141 +1.043539925e+001 +1.043539925e+001 +3.552539925e+001 +3.552539925e+001 +2.8850e+000 +2.9261e-002 +6.5744e-001
165 +7.446291508e+000 +7.446291508e+000 +3.253629151e+001 +3.253629151e+001 +2.8532e+000 -1.2511e-001 +6.9354e-001
188 +7.226039691e+000 +7.226039691e+000 +3.231603969e+001 +3.231603969e+001 +2.8481e+000 -2.0779e-001 +7.3651e-001
198 +2.905668061e+000 +2.905668061e+000 +2.799566806e+001 +2.799566806e+001 +2.8758e+000 -1.2795e-001 +6.7047e-001
260 +2.857554860e+000 +2.857554860e+000 +2.794755486e+001 +2.794755486e+001 +2.8789e+000 -1.1544e-001 +6.7714e-001
289 +2.275811019e+000 +2.275811019e+000 +2.736581102e+001 +2.736581102e+001 +2.8795e+000 -1.1564e-001 +6.7149e-001
387 +2.235585816e+000 +2.235585816e+000 +2.732558582e+001 +2.732558582e+001 +2.8817e+000 -1.0709e-001 +6.6942e-001
428 +2.170680596e+000 +2.170680596e+000 +2.726068060e+001 +2.726068060e+001 +2.8836e+000 -1.0228e-001 +6.6736e-001
