% function evaluation | noise-free fitness - Fopt (-5.465000000000e+002) | best noise-free fitness - Fopt | measured fitness | best measured fitness | x1 | x2...
1 +1.015672912e+005 +1.015672912e+005 +1.010207912e+005 +1.010207912e+005 +3.4479e+000 +8.8995e-001 -5.6814e+000 -6.2672e+000 +4.8462e+000
4 +3.157264839e+004 +3.157264839e+004 +3.102614839e+004 +3.102614839e+004 +2.7906e+000 +1.3632e+000 +5.7274e-002 +3.0696e+000 +3.4031e+000
14 +2.648241430e+004 +2.648241430e+004 +2.593591430e+004 +2.593591430e+004 +3.9558e+000 +2.2590e+000 +1.9000e-001 +2.7336e+000 +2.9695e+000
19 +2.543443111e+004 +2.543443111e+004 +2.488793111e+004 +2.488793111e+004 +1.9514e+000 +9.0361e-001 -7.4837e-001 +1.9748e+000 +4.5479e+000
26 +2.393370816e+004 +2.393370816e+004 +2.338720816e+004 +2.338720816e+004 +1.9957e+000 -2.8011e+000 -4.1503e-001 -3.4650e+000 +3.9605e+000
41 +1.113002871e+004 +1.113002871e+004 +1.058352871e+004 +1.058352871e+004 +3.1827e+000 +4.3480e-001 +1.3681e+000 +1.3909e+000 +4.1221e+000
51 +7.205165944e+003 +7.205165944e+003 +6.658665944e+003 +6.658665944e+003 +3.3950e+000 +1.9097e-001 -1.3691e+000 +3.8736e-001 +2.4900e+000
54 +5.863162275e+003 +5.863162275e+003 +5.316662275e+003 +5.316662275e+003 +3.7236e+000 -1.5896e-001 -7.2621e-001 +5.2505e-001 +2.2838e+000
58 +4.190283834e+003 +4.190283834e+003 +3.643783834e+003 +3.643783834e+003 +3.8251e+000 -2.3247e-001 -3.4158e-001 +4.0666e-001 +2.5957e+000
59 +2.427126083e+003 +2.427126083e+003 +1.880626083e+003 +1.880626083e+003 +1.9989e+000 +3.3021e-001 -1.2181e+000 -4.4783e-001 +2.0496e+000
69 +2.101393840e+003 +2.101393840e+003 +1.554893840e+003 +1.554893840e+003 +4.7900e+000 +3.4178e+000 +3.5114e-001 -1.3887e+000 +1.3529e+000
83 +2.022003365e+003 +2.022003365e+003 +1.475503365e+003 +1.475503365e+003 +5.6862e-001 -1.1317e+000 -1.6097e-001 +1.0379e-001 +2.8394e+000
98 +3.106114050e+002 +3.106114050e+002 -2.358885950e+002 -2.358885950e+002 +1.7078e+000 -8.8361e-001 +9.7408e-001 -3.7298e-001 +2.8400e+000
106 +1.787547939e+002 +1.787547939e+002 -3.677452061e+002 -3.677452061e+002 +1.1198e+000 -1.9836e-001 -5.9501e-002 -8.6518e-001 +7.6799e-001
116 +4.925521860e+001 +4.925521860e+001 -4.972447814e+002 -4.972447814e+002 +3.6291e-001 +1.3193e+000 +1.3738e+000 -2.0254e-001 +2.1718e+000
134 +1.054819572e+001 +1.054819572e+001 -5.359518043e+002 -5.359518043e+002 +1.2892e+000 -6.0178e-001 +9.4225e-001 -7.5566e-001 +1.5955e+000
137 +5.701564532e+000 +5.701564532e+000 -5.407984355e+002 -5.407984355e+002 +1.0683e+000 +2.0789e-001 +1.0596e+000 -2.5583e+000 +1.4164e+000
142 +4.460906550e+000 +4.460906550e+000 -5.420390935e+002 -5.420390935e+002 +1.0069e+000 +5.0262e-001 +1.2404e+000 -1.3109e+000 +2.2506e+000
153 +4.239553421e+000 +4.239553421e+000 -5.422604466e+002 -5.422604466e+002 +2.1138e+000 -1.8731e-001 +5.6006e-001 -5.9334e-001 +2.4536e+000
161 +3.368298161e+000 +3.368298161e+000 -5.431317018e+002 -5.431317018e+002 +1.3362e+000 +7.3435e-002 +6.0509e-001 -1.4172e+000 +1.4984e+000
201 +3.265764266e+000 +3.265764266e+000 -5.432342357e+002 -5.432342357e+002 +1.6920e+000 +2.2780e+000 +6.4227e-001 -1.6776e+000 +1.8288e+000
222 +2.756950242e+000 +2.756950242e+000 -5.437430498e+002 -5.437430498e+002 +1.3536e+000 +2.8920e+000 +8.8384e-001 -1.4773e+000 +1.8684e+000
224 +2.361267445e+000 +2.361267445e+000 -5.441387326e+002 -5.441387326e+002 +1.3683e+000 +2.5858e-001 +4.6116e-001 -1.0492e+000 +1.9477e+000
309 +2.137631247e+000 +2.137631247e+000 -5.443623688e+002 -5.443623688e+002 +1.5324e+000 +2.9433e-001 +5.0235e-001 -2.3696e+000 +1.1790e+000
1092 +1.049406828e+000 +1.049406828e+000 -5.454505932e+002 -5.454505932e+002 +1.5490e+000 +3.0132e+000 +1.8985e+000 -7.0659e-001 +1.2962e+000
% function evaluation | noise-free fitness - Fopt (1.000000000000e+003) | best noise-free fitness - Fopt | measured fitness | best measured fitness | x1 | x2...
1 +2.374730018e+004 +2.374730018e+004 +2.474730018e+004 +2.474730018e+004 -6.0062e+000 +1.9140e+000 -2.3368e+000 +1.9016e+000 -1.0140e-001
27 +2.002536431e+004 +2.002536431e+004 +2.102536431e+004 +2.102536431e+004 -3.8369e+000 +7.1676e-001 -4.8489e+000 +1.2915e+000 +2.3381e-001
43 +1.861895579e+004 +1.861895579e+004 +1.961895579e+004 +1.961895579e+004 -5.3581e+000 -2.1026e+000 -1.3055e+000 -4.9643e+000 +6.5162e-001
56 +1.281800352e+004 +1.281800352e+004 +1.381800352e+004 +1.381800352e+004 -4.4625e+000 -7.7341e-001 +7.0993e-001 -1.3255e-001 +3.5250e-001
59 +1.212266812e+004 +1.212266812e+004 +1.312266812e+004 +1.312266812e+004 -3.4822e+000 +2.9676e+000 -3.0424e+000 -3.3387e+000 -3.1699e+000
60 +2.024483852e+003 +2.024483852e+003 +3.024483852e+003 +3.024483852e+003 -4.7114e+000 -3.0189e-001 -3.0466e+000 -2.1732e+000 -7.4312e-001
71 +5.185189066e+002 +5.185189066e+002 +1.518518907e+003 +1.518518907e+003 -3.4256e+000 +3.4800e-001 -3.1354e+000 -6.0773e-001 -1.5207e+000
79 +4.717075648e+002 +4.717075648e+002 +1.471707565e+003 +1.471707565e+003 -2.6801e+000 -8.5001e-001 -1.3479e+000 -1.3131e+000 -2.7652e+000
84 +4.265094414e+002 +4.265094414e+002 +1.426509441e+003 +1.426509441e+003 -3.1506e+000 +1.2603e+000 -1.9052e+000 -1.4759e+000 -5.5515e-001
127 +3.209244248e+002 +3.209244248e+002 +1.320924425e+003 +1.320924425e+003 -3.3931e+000 +1.8350e-001 -1.1036e+000 -8.3568e-001 -1.3110e+000
155 +2.486744093e+002 +2.486744093e+002 +1.248674409e+003 +1.248674409e+003 -3.2726e+000 +2.1973e+000 -4.8915e-001 -1.4031e+000 -2.0272e+000
164 +1.289893213e+002 +1.289893213e+002 +1.128989321e+003 +1.128989321e+003 -2.9764e+000 -2.5696e-001 +5.9667e-002 -2.0981e+000 -1.8145e+000
186 +3.554933250e+001 +3.554933250e+001 +1.035549333e+003 +1.035549333e+003 -2.6785e+000 +1.5966e+000 -6.9275e-001 -4.2550e-001 -1.9188e+000
191 +1.685909488e+001 +1.685909488e+001 +1.016859095e+003 +1.016859095e+003 -2.6708e+000 +4.5380e-001 -8.5945e-001 -1.0079e+000 -1.8221e+000
208 +4.552000206e+000 +4.552000206e+000 +1.004552000e+003 +1.004552000e+003 -1.7860e+000 +1.6573e+000 -4.2443e-001 -1.5999e+000 -2.1626e+000
227 +3.541788621e+000 +3.541788621e+000 +1.003541789e+003 +1.003541789e+003 -2.4447e+000 +1.2577e+000 -3.4672e-001 -1.1305e+000 -1.5927e+000
229 +3.313260025e+000 +3.313260025e+000 +1.003313260e+003 +1.003313260e+003 -2.1954e+000 +1.4142e+000 -3.4748e-001 -1.3091e+000 -2.0427e+000
233 +2.304252082e+000 +2.304252082e+000 +1.002304252e+003 +1.002304252e+003 -2.3301e+000 +1.2685e+000 -3.1906e-001 -1.0403e+000 -1.6926e+000
286 +2.179769198e+000 +2.179769198e+000 +1.002179769e+003 +1.002179769e+003 -1.9257e+000 +1.3362e+000 +2.9319e-001 -1.1953e+000 -1.7595e+000
381 +2.033427946e+000 +2.033427946e+000 +1.002033428e+003 +1.002033428e+003 -2.0604e+000 +1.2451e+000 -4.1160e-001 -1.4176e+000 -2.2332e+000
491 +1.883983249e+000 +1.883983249e+000 +1.001883983e+003 +1.001883983e+003 -2.0544e+000 +1.2320e+000 -2.2594e-001 -2.0363e+000 -9.8159e-001
501 +1.750399082e+000 +1.750399082e+000 +1.001750399e+003 +1.001750399e+003 -2.1021e+000 +1.3082e+000 -3.4588e-001 -2.5844e+000 -2.0821e+000
532 +1.527054996e+000 +1.527054996e+000 +1.001527055e+003 +1.001527055e+003 -2.0899e+000 +1.2776e+000 -2.6514e-001 -1.4662e+000 -2.2302e+000
579 +1.312243311e+000 +1.312243311e+000 +1.001312243e+003 +1.001312243e+003 -2.0348e+000 +1.2910e+000 -2.7073e-001 -1.0056e+000 -1.2591e+000
709 +9.637515041e-001 +9.637515041e-001 +1.000963752e+003 +1.000963752e+003 -2.0834e+000 +1.3284e+000 -2.8942e-001 -1.0462e+000 -2.3750e+000
% function evaluation | noise-free fitness - Fopt (2.083800000000e+002) | best noise-free fitness - Fopt | measured fitness | best measured fitness | x1 | x2...
1 +8.667834559e+004 +8.667834559e+004 +8.688672559e+004 +8.688672559e+004 -4.6672e+000 +2.2712e+000 -7.3184e+000 -8.9750e-001 +2.4684e+000
3 +8.146544026e+004 +8.146544026e+004 +8.167382026e+004 +8.167382026e+004 -4.7790e+000 +2.9232e+000 -4.7834e+000 +1.1126e+000 -2.8393e+000
9 +6.122338414e+004 +6.122338414e+004 +6.143176414e+004 +6.143176414e+004 -7.3641e+000 +3.7279e+000 +7.8185e-001 -3.1525e+000 -9.2036e-002
16 +5.505338225e+004 +5.505338225e+004 +5.526176225e+004 +5.526176225e+004 -6.1818e+000 +2.2887e+000 -2.6796e-001 -3.9129e+000 +2.1626e+000
21 +4.908192014e+004 +4.908192014e+004 +4.929030014e+004 +4.929030014e+004 -4.5901e+000 +1.0861e+000 -1.2270e+000 -5.4397e-001 -1.8805e+000
26 +2.609622161e+004 +2.609622161e+004 +2.630460161e+004 +2.630460161e+004 -5.3022e+000 +2.6479e+000 -3.4753e+000 -7.3815e-001 +1.8195e+000
28 +5.109615451e+003 +5.109615451e+003 +5.317995451e+003 +5.317995451e+003 +1.3036e+000 +2.4580e+000 +6.7787e-001 +4.1346e+000 +9.3071e-001
71 +1.112740268e+003 +1.112740268e+003 +1.321120268e+003 +1.321120268e+003 -4.1644e+000 -1.0468e+000 +1.2294e+000 +1.7742e+000 +1.6026e+000
85 +1.064761335e+003 +1.064761335e+003 +1.273141335e+003 +1.273141335e+003 -4.1052e+000 +1.8473e+000 +2.2729e-002 +9.3691e-001 +8.5379e-001
88 +9.186161407e+001 +9.186161407e+001 +3.002416141e+002 +3.002416141e+002 -2.9643e+000 +1.7625e+000 -2.3301e-001 +8.2973e-001 +2.5213e+000
89 +6.501611174e+000 +6.501611174e+000 +2.148816112e+002 +2.148816112e+002 -2.2296e+000 +9.7906e-001 +1.7470e-001 +2.7854e+000 +1.5615e+000
113 +1.877380193e+000 +1.877380193e+000 +2.102573802e+002 +2.102573802e+002 -2.2192e+000 +8.8251e-001 +3.8579e-001 +1.0415e+000 +1.2338e+000
4291 +1.819879865e+000 +1.819879865e+000 +2.101998799e+002 +2.101998799e+002 -2.2703e+000 -7.1475e-001 +7.5621e-001 +2.4259e+000 +1.9087e+000
4956 +1.580877420e+000 +1.580877420e+000 +2.099608774e+002 +2.099608774e+002 -2.1615e+000 +1.5539e-001 +2.6500e+000 +1.9949e+000 +1.7427e+000
% function evaluation | noise-free fitness - Fopt (-1.449600000000e+002) | best noise-free fitness - Fopt | measured fitness | best measured fitness | x1 | x2...
1 +6.290307584e+004 +6.290307584e+004 +6.275811584e+004 +6.275811584e+004 -9.8423e+000 +3.0996e+000 +1.5895e+000 +2.8025e+000 -3.3331e+000
5 +3.427529369e+004 +3.427529369e+004 +3.413033369e+004 +3.413033369e+004 -2.4163e+000 +3.6298e+000 +5.7441e-001 +1.1977e+000 -5.2118e+000
14 +3.495105276e+003 +3.495105276e+003 +3.350145276e+003 +3.350145276e+003 -2.7980e+000 +3.7242e+000 -3.0889e+000 -2.0296e+000 -7.4600e-001
32 +4.987780913e+000 +4.987780913e+000 -1.399722191e+002 -1.399722191e+002 -2.5102e+000 +1.2548e+000 -1.5175e+000 -3.5855e-001 -2.4781e+000
92 +2.043800465e+000 +2.043800465e+000 -1.429161995e+002 -1.429161995e+002 -9.4633e-001 -6.9111e-001 -3.9910e-001 -2.0431e+000 -2.1103e+000
532 +1.978980662e+000 +1.978980662e+000 -1.429810193e+002 -1.429810193e+002 -1.9990e+000 -2.1543e+000 -1.2219e-001 -6.6588e-001 -1.7088e+000
596 +1.918758723e+000 +1.918758723e+000 -1.430412413e+002 -1.430412413e+002 -2.1816e+000 -1.2015e+000 -1.7589e+000 -1.0193e+000 -1.2386e+000
814 +1.343754178e+000 +1.343754178e+000 -1.436162458e+002 -1.436162458e+002 -2.2493e+000 -2.0510e+000 -2.0803e+000 -1.3542e+000 -1.1864e+000
3634 +9.464559898e-001 +9.464559898e-001 -1.440135440e+002 -1.440135440e+002 -2.0917e+000 -1.2591e+000 -2.4751e-001 -2.5512e+000 -2.0379e+000
% function evaluation | noise-free fitness - Fopt (-6.300000000000e+000) | best noise-free fitness - Fopt | measured fitness | best measured fitness | x1 | x2...
1 +4.181708336e+005 +4.181708336e+005 +4.181645336e+005 +4.181645336e+005 -6.1766e+000 +7.7367e+000 +6.8568e+000 -4.5710e+000 +3.8829e+000
3 +2.792582498e+005 +2.792582498e+005 +2.792519498e+005 +2.792519498e+005 -5.1365e+000 +4.9815e-001 +3.9320e+000 -5.9105e+000 +2.9427e+000
7 +2.590208987e+005 +2.590208987e+005 +2.590145987e+005 +2.590145987e+005 -1.6789e+001 +3.0442e+000 +1.1195e+000 -3.1762e+000 +3.1476e+000
10 +6.185126057e+004 +6.185126057e+004 +6.184496057e+004 +6.184496057e+004 -1.9796e+000 +6.5362e+000 +2.6643e+000 -7.1452e-001 -8.6505e-001
15 +2.747835654e+004 +2.747835654e+004 +2.747205654e+004 +2.747205654e+004 -3.6677e+000 -3.9873e+000 +4.2563e+000 -4.8678e-001 -6.1843e-001
47 +1.104387005e+004 +1.104387005e+004 +1.103757005e+004 +1.103757005e+004 -3.0620e+000 -5.7104e+000 +3.4737e+000 +2.8343e+000 -2.8394e+000
67 +2.920199791e+003 +2.920199791e+003 +2.913899791e+003 +2.913899791e+003 -2.7658e+000 -2.1531e+000 +2.0014e+000 +1.0845e+000 -1.4770e+000
80 +3.940974823e+002 +3.940974823e+002 +3.877974823e+002 +3.877974823e+002 -2.7243e+000 -1.3083e+000 -2.7082e+000 -3.6915e-001 -2.1626e+000
152 +3.093147233e+002 +3.093147233e+002 +3.030147233e+002 +3.030147233e+002 -3.2357e+000 -1.5033e+000 -2.7403e+000 +2.0904e+000 -1.5667e+000
157 +1.340035408e+002 +1.340035408e+002 +1.277035408e+002 +1.277035408e+002 -2.8498e+000 +4.3055e-001 -2.9498e+000 -1.1577e-001 -2.5514e+000
184 +4.096278650e+001 +4.096278650e+001 +3.466278650e+001 +3.466278650e+001 -7.2320e-001 -2.7838e+000 -2.3281e+000 +1.4800e-001 -2.2812e+000
206 +1.499161056e+001 +1.499161056e+001 +8.691610560e+000 +8.691610560e+000 -1.5387e+000 -3.3243e+000 -2.1123e+000 +1.6428e+000 -1.4264e+000
226 +4.688641257e+000 +4.688641257e+000 -1.611358743e+000 -1.611358743e+000 -1.8475e+000 -2.5385e+000 -1.5623e+000 +7.7138e-001 -1.7279e+000
239 +4.660290269e+000 +4.660290269e+000 -1.639709731e+000 -1.639709731e+000 -1.9585e+000 -1.5270e+000 -2.0302e+000 +1.6622e+000 -1.5703e+000
255 +2.397083929e+000 +2.397083929e+000 -3.902916071e+000 -3.902916071e+000 -2.4231e+000 -5.7868e-001 -1.6931e+000 +2.1391e+000 -2.1053e+000
580 +2.223594038e+000 +2.223594038e+000 -4.076405962e+000 -4.076405962e+000 +9.9993e-001 -1.5976e+000 -1.5797e+000 +7.4759e-001 -1.2442e+000
925 +2.055784479e+000 +2.055784479e+000 -4.244215521e+000 -4.244215521e+000 +9.6533e-001 -8.3087e-001 -2.4079e+000 +2.0058e+000 -1.5560e+000
1279 +1.769072767e+000 +1.769072767e+000 -4.530927233e+000 -4.530927233e+000 +1.0463e+000 -2.3701e+000 -2.1667e+000 +2.0652e+000 -1.3939e+000
3116 +1.454912410e+000 +1.454912410e+000 -4.845087590e+000 -4.845087590e+000 +2.1144e+000 -1.2808e+000 -1.6839e+000 +2.2271e+000 -9.9052e-001
% function evaluation | noise-free fitness - Fopt (2.796000000000e+001) | best noise-free fitness - Fopt | measured fitness | best measured fitness | x1 | x2...
1 +1.647147906e+005 +1.647147906e+005 +1.647427506e+005 +1.647427506e+005 -5.1643e-001 +2.5071e+000 +5.2035e-001 -3.6201e+000 -8.2279e+000
3 +1.206768521e+005 +1.206768521e+005 +1.207048121e+005 +1.207048121e+005 +1.8744e+000 +1.5842e+000 +7.9565e+000 -4.4085e+000 -5.3031e+000
4 +4.301912030e+004 +4.301912030e+004 +4.304708030e+004 +4.304708030e+004 -3.3662e+000 +4.7581e+000 +1.6558e-001 -5.4693e+000 -3.6841e+000
5 +1.213766694e+004 +1.213766694e+004 +1.216562694e+004 +1.216562694e+004 +1.7341e+000 +4.8599e+000 +8.7636e-001 -4.7387e+000 -1.6710e+000
12 +1.065951123e+004 +1.065951123e+004 +1.068747123e+004 +1.068747123e+004 -3.7878e+000 +4.0643e+000 +2.3849e+000 -3.4244e+000 +5.7060e-001
28 +7.898420924e+002 +7.898420924e+002 +8.178020924e+002 +8.178020924e+002 +1.3529e+000 +4.0866e+000 +2.3258e+000 -1.9109e+000 -1.6311e+000
86 +2.505537211e+002 +2.505537211e+002 +2.785137211e+002 +2.785137211e+002 +3.2398e+000 +5.0207e-001 +2.8702e+000 +2.1495e-002 -1.6647e+000
154 +4.081283706e+000 +4.081283706e+000 +3.204128371e+001 +3.204128371e+001 +7.5339e-001 +7.2681e-001 +1.0623e+000 -1.2888e+000 -2.0412e+000
192 +3.002005779e+000 +3.002005779e+000 +3.096200578e+001 +3.096200578e+001 -2.1708e+000 -1.6939e-001 +8.3973e-001 -2.4838e+000 -1.9294e+000
227 +2.350661432e+000 +2.350661432e+000 +3.031066143e+001 +3.031066143e+001 +6.9423e-001 +5.5823e-002 +4.3472e-001 -1.0161e+000 -2.3148e+000
477 +1.883790552e+000 +1.883790552e+000 +2.984379055e+001 +2.984379055e+001 -2.1601e+000 +2.1868e+000 +8.0749e-001 -1.2530e+000 -2.3694e+000
1745 +1.851869877e+000 +1.851869877e+000 +2.981186988e+001 +2.981186988e+001 -2.0955e+000 +2.1316e+000 +5.8327e-001 -1.0295e+000 -1.7923e+000
3663 +1.770618841e+000 +1.770618841e+000 +2.973061884e+001 +2.973061884e+001 -7.1392e-001 +2.4536e+000 +2.0772e+000 -5.7662e-001 -1.3862e+000
3727 +1.562457525e+000 +1.562457525e+000 +2.952245753e+001 +2.952245753e+001 -3.3243e-001 +2.5258e+000 +2.0564e+000 -5.8173e-001 -1.3952e+000
3798 +1.179516213e+000 +1.179516213e+000 +2.913951621e+001 +2.913951621e+001 -9.5942e-001 +2.4596e+000 +1.9573e+000 -6.3375e-001 -1.3455e+000
3849 +1.073711521e+000 +1.073711521e+000 +2.903371152e+001 +2.903371152e+001 -9.9263e-001 +2.4668e+000 +2.0223e+000 -6.2390e-001 -1.3297e+000
4103 +1.013952288e+000 +1.013952288e+000 +2.897395229e+001 +2.897395229e+001 -9.6821e-001 +2.4539e+000 +2.0261e+000 -5.9295e-001 -1.3366e+000
4146 +9.614117102e-001 +9.614117102e-001 +2.892141171e+001 +2.892141171e+001 -9.6847e-001 +2.4217e+000 +2.0158e+000 -6.1144e-001 -1.3346e+000
4240 +9.523225583e-001 +9.523225583e-001 +2.891232256e+001 +2.891232256e+001 -1.0212e+000 +2.4031e+000 +2.0010e+000 -6.0911e-001 -1.3401e+000
4292 +9.317347008e-001 +9.317347008e-001 +2.889173470e+001 +2.889173470e+001 -1.0074e+000 +2.3860e+000 +2.0272e+000 -6.0683e-001 -1.3481e+000
4475 +9.118856108e-001 +9.118856108e-001 +2.887188561e+001 +2.887188561e+001 -1.0075e+000 +2.3782e+000 +2.0294e+000 -5.9858e-001 -1.3346e+000
% function evaluation | noise-free fitness - Fopt (-6.338000000000e+001) | best noise-free fitness - Fopt | measured fitness | best measured fitness | x1 | x2...
1 +5.198535386e+004 +5.198535386e+004 +5.192197386e+004 +5.192197386e+004 -2.4714e+000 -8.7582e-001 -3.4576e+000 -2.8615e+000 +2.4637e+000
3 +2.673365032e+004 +2.673365032e+004 +2.667027032e+004 +2.667027032e+004 -1.3031e+000 -3.3079e+000 -3.2108e+000 -1.3758e+000 -2.4955e+000
8 +2.552967100e+004 +2.552967100e+004 +2.546629100e+004 +2.546629100e+004 +3.0909e+000 -2.3221e+000 -2.3485e+000 -9.4592e-001 +9.0525e-001
22 +1.938079093e+004 +1.938079093e+004 +1.931741093e+004 +1.931741093e+004 +3.3502e+000 -2.4122e+000 -2.8441e+000 -2.0550e-001 -9.8235e-001
42 +6.768457510e+002 +6.768457510e+002 +6.134657510e+002 +6.134657510e+002 +3.2089e+000 -2.2534e+000 +9.0967e-001 -1.9169e+000 -4.7824e-001
55 +9.799189591e+001 +9.799189591e+001 +3.461189591e+001 +3.461189591e+001 +2.9724e+000 -1.4574e+000 +1.7739e+000 -4.6408e-001 -1.0291e+000
190 +4.868109925e+000 +4.868109925e+000 -5.851189007e+001 -5.851189007e+001 +1.6965e+000 -9.9642e-001 +9.5575e-001 -1.8793e+000 -1.3779e+000
252 +4.302689124e+000 +4.302689124e+000 -5.907731088e+001 -5.907731088e+001 +2.0213e+000 -8.9125e-001 +2.1103e+000 -9.3783e-001 -1.1176e+000
258 +3.208556945e+000 +3.208556945e+000 -6.017144306e+001 -6.017144306e+001 +2.1658e+000 -1.3089e+000 +2.0724e+000 -9.3844e-001 -1.3319e+000
276 +2.873495256e+000 +2.873495256e+000 -6.050650474e+001 -6.050650474e+001 +2.0981e+000 -6.2336e-001 +2.1208e+000 -7.2539e-001 -1.4165e+000
309 +2.662548746e+000 +2.662548746e+000 -6.071745125e+001 -6.071745125e+001 +2.2705e+000 -6.0346e-001 +1.2648e+000 -1.0934e+000 -1.4654e+000
340 +2.251975093e+000 +2.251975093e+000 -6.112802491e+001 -6.112802491e+001 +2.1411e+000 -6.2413e-001 +1.7901e+000 -1.6841e+000 -2.1125e+000
387 +2.195545876e+000 +2.195545876e+000 -6.118445412e+001 -6.118445412e+001 +2.1540e+000 -5.7106e-001 +2.1677e+000 -1.3905e+000 -1.4068e+000
698 +1.630343313e+000 +1.630343313e+000 -6.174965669e+001 -6.174965669e+001 +2.1013e+000 +3.2638e-001 +2.5851e+000 -1.9543e+000 -1.2919e+000
1063 +1.495088618e+000 +1.495088618e+000 -6.188491138e+001 -6.188491138e+001 +2.1047e+000 +1.2045e+000 +1.8445e+000 -2.2012e+000 -2.0940e+000
2648 +8.091542802e-001 +8.091542802e-001 -6.257084572e+001 -6.257084572e+001 +2.0811e+000 +1.2555e+000 +2.2309e+000 -2.1127e+000 -2.1197e+000
% function evaluation | noise-free fitness - Fopt (-1.337200000000e+002) | best noise-free fitness - Fopt | measured fitness | best measured fitness | x1 | x2...
1 +2.016332332e+005 +2.016332332e+005 +2.014995132e+005 +2.014995132e+005 +4.1296e+000 +2.6773e+000 +1.4747e+000 +1.1755e+001 +8.7636e-001
2 +7.447599317e+004 +7.447599317e+004 +7.434227317e+004 +7.434227317e+004 +2.1372e+000 -2.3159e+000 -4.5128e+000 -2.4253e+000 +2.8941e+000
3 +2.552606714e+004 +2.552606714e+004 +2.539234714e+004 +2.539234714e+004 -6.0805e-001 +5.0307e-001 -9.8575e-001 +2.2726e+000 +4.6626e+000
5 +1.477969625e+002 +1.477969625e+002 +1.407696253e+001 +1.407696253e+001 +9.8703e-001 +1.8488e+000 +4.4894e-001 +3.2436e-001 +1.1149e+000
14 +3.467642091e+000 +3.467642091e+000 -1.302523579e+002 -1.302523579e+002 +5.0833e-001 +7.6781e-001 +1.3162e+000 +1.8310e+000 +1.0594e+000
27 +3.439308454e+000 +3.439308454e+000 -1.302806915e+002 -1.302806915e+002 +7.4121e-001 +2.7423e+000 +1.9498e+000 +8.4010e-001 +2.4447e+000
43 +3.372812825e+000 +3.372812825e+000 -1.303471872e+002 -1.303471872e+002 +1.7210e+000 +1.2720e+000 +4.5386e-001 +9.5356e-001 +1.2944e+000
68 +2.364848160e+000 +2.364848160e+000 -1.313551518e+002 -1.313551518e+002 +1.9944e+000 +1.1879e+000 +2.8783e-001 +2.6436e+000 +1.1821e+000
463 +2.330728035e+000 +2.330728035e+000 -1.313892720e+002 -1.313892720e+002 -5.8821e-001 +2.6623e+000 +1.0730e+000 +1.8958e+000 +2.1855e+000
602 +2.187101227e+000 +2.187101227e+000 -1.315328988e+002 -1.315328988e+002 -1.3895e-001 +2.6148e+000 +9.6490e-001 +1.9452e+000 +2.1887e+000
798 +1.585993137e+000 +1.585993137e+000 -1.321340069e+002 -1.321340069e+002 +2.0988e+000 +2.1432e+000 +1.0694e+000 +1.6378e+000 +2.2508e+000
% function evaluation | noise-free fitness - Fopt (-4.039900000000e+002) | best noise-free fitness - Fopt | measured fitness | best measured fitness | x1 | x2...
1 +5.919423216e+004 +5.919423216e+004 +5.879024216e+004 +5.879024216e+004 +2.9839e+000 -2.3072e+000 -4.2655e+000 -2.5390e+000 -2.1839e+000
2 +4.196355328e+004 +4.196355328e+004 +4.155956328e+004 +4.155956328e+004 +2.9886e-001 -4.0671e+000 -4.6866e+000 -1.3705e+000 -2.3589e+000
3 +3.959408901e+004 +3.959408901e+004 +3.919009901e+004 +3.919009901e+004 -7.1163e-001 -2.0452e+000 -2.6787e+000 +1.2355e-001 +1.5940e+000
5 +2.114117837e+004 +2.114117837e+004 +2.073718837e+004 +2.073718837e+004 +1.6131e+000 +1.6266e+000 +7.0943e+000 +1.5003e-001 -3.5911e-001
29 +1.808023222e+003 +1.808023222e+003 +1.404033222e+003 +1.404033222e+003 -4.5985e+000 -3.2795e+000 -2.8993e-001 +6.2097e-001 -2.6043e+000
30 +5.283967536e+000 +5.283967536e+000 -3.987060325e+002 -3.987060325e+002 +5.6088e-001 -2.3258e+000 +8.2301e-001 +6.6549e-001 -2.3111e+000
36 +4.044860161e+000 +4.044860161e+000 -3.999451398e+002 -3.999451398e+002 -2.4320e+000 -2.9602e+000 +9.5495e-001 +1.3347e+000 -2.2191e+000
91 +3.396746737e+000 +3.396746737e+000 -4.005932533e+002 -4.005932533e+002 -2.5221e+000 -2.0544e+000 +3.1720e-002 +1.8573e+000 -1.5040e+000
140 +3.178208103e+000 +3.178208103e+000 -4.008117919e+002 -4.008117919e+002 -4.1476e-001 +7.2672e-001 +1.7409e+000 +1.4650e+000 -1.1132e+000
151 +2.911530796e+000 +2.911530796e+000 -4.010784692e+002 -4.010784692e+002 -1.3822e+000 -2.0419e+000 -9.3490e-002 +1.7060e+000 -2.1959e+000
162 +2.871199664e+000 +2.871199664e+000 -4.011188003e+002 -4.011188003e+002 -1.7291e+000 -1.4830e+000 +2.0981e+000 +1.6620e+000 -1.0729e+000
497 +2.612409281e+000 +2.612409281e+000 -4.013775907e+002 -4.013775907e+002 +7.6752e-001 -5.1984e-001 +2.5508e+000 +4.6244e-001 -2.4326e+000
689 +1.859768860e+000 +1.859768860e+000 -4.021302311e+002 -4.021302311e+002 -6.4464e-001 -2.7503e+000 +1.3394e+000 +2.2927e+000 -1.3442e+000
1501 +1.476706667e+000 +1.476706667e+000 -4.025132933e+002 -4.025132933e+002 +2.0381e+000 -2.2414e+000 +2.1688e+000 +2.0466e+000 -1.4082e+000
3997 +1.160168677e+000 +1.160168677e+000 -4.028298313e+002 -4.028298313e+002 +1.8776e+000 +5.4844e-001 +2.1579e+000 +2.1141e+000 -2.1057e+000
% function evaluation | noise-free fitness - Fopt (1.000000000000e+003) | best noise-free fitness - Fopt | measured fitness | best measured fitness | x1 | x2...
1 +3.943319285e+004 +3.943319285e+004 +4.043319285e+004 +4.043319285e+004 +5.3195e+000 +3.9226e+000 +2.8839e+000 +7.0070e+000 -8.2871e-001
2 +3.244413641e+004 +3.244413641e+004 +3.344413641e+004 +3.344413641e+004 +7.1237e+000 +5.3060e+000 +4.3093e+000 +3.9413e+000 +3.7882e-001
11 +3.140842164e+004 +3.140842164e+004 +3.240842164e+004 +3.240842164e+004 +1.9683e+000 +3.9336e+000 +5.7960e+000 +3.9140e+000 +3.2844e-001
28 +2.570940549e+004 +2.570940549e+004 +2.670940549e+004 +2.670940549e+004 +1.2538e+000 +4.4108e+000 +4.2998e+000 +4.3291e+000 -1.4623e+000
32 +4.978098387e+003 +4.978098387e+003 +5.978098387e+003 +5.978098387e+003 +2.6560e+000 +2.3879e+000 +1.9200e+000 +4.3521e+000 +9.0951e-001
58 +4.011137477e+003 +4.011137477e+003 +5.011137477e+003 +5.011137477e+003 +9.1236e-001 +3.7430e+000 +2.2488e+000 +3.9968e+000 +4.6755e-001
111 +2.593853507e+003 +2.593853507e+003 +3.593853507e+003 +3.593853507e+003 +7.2052e-001 +3.9156e+000 +1.9831e+000 +3.1218e+000 +1.5115e-001
128 +1.807179303e+003 +1.807179303e+003 +2.807179303e+003 +2.807179303e+003 +1.4339e+000 +3.5327e+000 +1.3930e+000 +3.6932e+000 +1.0579e-001
135 +1.690284086e+003 +1.690284086e+003 +2.690284086e+003 +2.690284086e+003 +9.2384e-001 +8.5075e-001 +7.1180e-002 +3.4701e+000 -1.1718e-001
143 +1.195617476e+003 +1.195617476e+003 +2.195617476e+003 +2.195617476e+003 -1.0160e+000 +4.4093e+000 +1.2836e+000 +3.2736e+000 +4.8764e-001
153 +6.826463615e+002 +6.826463615e+002 +1.682646362e+003 +1.682646362e+003 +9.0648e-001 +3.1432e+000 +1.3621e+000 +3.2933e+000 +9.2847e-001
164 +5.922092855e+002 +5.922092855e+002 +1.592209286e+003 +1.592209286e+003 +1.4094e-001 +3.1976e+000 -8.1310e-002 +3.2589e+000 +1.4049e+000
177 +4.957651901e+002 +4.957651901e+002 +1.495765190e+003 +1.495765190e+003 +4.6109e-001 +3.0615e+000 +1.1616e+000 +3.3601e+000 +2.3763e-001
185 +2.035086170e+002 +2.035086170e+002 +1.203508617e+003 +1.203508617e+003 -5.3325e-001 +2.7761e+000 +6.5646e-001 +3.2603e+000 +5.4245e-001
206 +2.599178667e+001 +2.599178667e+001 +1.025991787e+003 +1.025991787e+003 -1.4359e+000 +3.2095e+000 +8.9928e-001 +2.9199e+000 +8.3395e-001
208 +4.146986848e+000 +4.146986848e+000 +1.004146987e+003 +1.004146987e+003 -4.4431e-001 +2.8706e+000 +4.4090e-001 +2.2427e+000 +1.3440e+000
231 +3.938395049e+000 +3.938395049e+000 +1.003938395e+003 +1.003938395e+003 -1.5858e+000 +2.6653e+000 +6.5227e-001 +2.7907e+000 +9.8499e-001
245 +3.665433025e+000 +3.665433025e+000 +1.003665433e+003 +1.003665433e+003 -4.9443e-001 +2.9013e+000 +6.1998e-001 +2.6685e+000 +7.2813e-001
253 +2.775671678e+000 +2.775671678e+000 +1.002775672e+003 +1.002775672e+003 -1.1201e+000 +2.9259e+000 +6.9867e-001 +2.8782e+000 +9.9609e-001
282 +2.703250330e+000 +2.703250330e+000 +1.002703250e+003 +1.002703250e+003 -7.9977e-001 +2.8343e+000 +2.7696e-001 +2.7175e+000 +1.1514e+000
283 +2.402290119e+000 +2.402290119e+000 +1.002402290e+003 +1.002402290e+003 -1.6627e+000 +2.9385e+000 +7.1516e-001 +2.8410e+000 +1.3348e+000
376 +2.097976718e+000 +2.097976718e+000 +1.002097977e+003 +1.002097977e+003 -1.3861e+000 +2.8452e+000 +8.6614e-002 +2.6214e+000 +7.2639e-001
399 +1.649163293e+000 +1.649163293e+000 +1.001649163e+003 +1.001649163e+003 -1.4595e+000 +2.8756e+000 +1.7467e-001 +2.6761e+000 +1.2721e+000
609 +1.396543195e+000 +1.396543195e+000 +1.001396543e+003 +1.001396543e+003 -1.1792e+000 +2.9088e+000 +1.2897e-001 +2.6133e+000 +1.9645e+000
620 +1.329603861e+000 +1.329603861e+000 +1.001329604e+003 +1.001329604e+003 -1.6222e+000 +2.9711e+000 +1.6146e-001 +2.6088e+000 +1.6450e+000
627 +1.161425576e+000 +1.161425576e+000 +1.001161426e+003 +1.001161426e+003 -1.5026e+000 +2.9184e+000 +1.0087e-001 +2.6381e+000 +1.6539e+000
630 +1.137409165e+000 +1.137409165e+000 +1.001137409e+003 +1.001137409e+003 -1.2834e+000 +2.8684e+000 +1.1103e-001 +2.6225e+000 +1.9908e+000
816 +8.162216850e-001 +8.162216850e-001 +1.000816222e+003 +1.000816222e+003 -1.4548e+000 +2.9572e+000 +8.3096e-002 +2.6548e+000 +1.9247e+000
1241 +6.827446473e-001 +6.827446473e-001 +1.000682745e+003 +1.000682745e+003 -1.5381e+000 +2.9702e+000 +1.5830e-001 +2.6508e+000 +2.0058e+000
1638 +6.495962340e-001 +6.495962340e-001 +1.000649596e+003 +1.000649596e+003 -1.5201e+000 +3.0167e+000 +1.2784e-001 +2.6993e+000 +1.9832e+000
1668 +6.246916522e-001 +6.246916522e-001 +1.000624692e+003 +1.000624692e+003 -1.4628e+000 +2.9351e+000 +1.3586e-001 +2.6562e+000 +1.9435e+000
2123 +5.455383907e-001 +5.455383907e-001 +1.000545538e+003 +1.000545538e+003 -1.4740e+000 +2.9995e+000 +1.5730e-001 +2.6417e+000 +1.9604e+000
2193 +5.164701645e-001 +5.164701645e-001 +1.000516470e+003 +1.000516470e+003 -1.5045e+000 +3.0202e+000 +1.5511e-001 +2.6508e+000 +1.9818e+000
2341 +5.096148215e-001 +5.096148215e-001 +1.000509615e+003 +1.000509615e+003 -1.4969e+000 +2.9959e+000 +1.5601e-001 +2.6475e+000 +1.9742e+000
2441 +4.999967691e-001 +4.999967691e-001 +1.000499997e+003 +1.000499997e+003 -1.4806e+000 +2.9859e+000 +1.3955e-001 +2.6581e+000 +1.9595e+000
2442 +4.877577146e-001 +4.877577146e-001 +1.000487758e+003 +1.000487758e+003 -1.5071e+000 +3.0064e+000 +1.4235e-001 +2.6728e+000 +1.9709e+000
2494 +4.754383267e-001 +4.754383267e-001 +1.000475438e+003 +1.000475438e+003 -1.5079e+000 +3.0032e+000 +1.5003e-001 +2.6705e+000 +1.9652e+000
% function evaluation | noise-free fitness - Fopt (1.005700000000e+002) | best noise-free fitness - Fopt | measured fitness | best measured fitness | x1 | x2...
1 +7.870038273e+004 +7.870038273e+004 +7.880095273e+004 +7.880095273e+004 -6.8609e-001 +1.0850e+001 +7.4251e+000 +1.4323e+000 -1.3239e+000
2 +2.911271374e+004 +2.911271374e+004 +2.921328374e+004 +2.921328374e+004 +5.2340e+000 +2.5727e+000 +3.4785e+000 +2.3039e+000 +2.3903e-001
4 +2.822393362e+004 +2.822393362e+004 +2.832450362e+004 +2.832450362e+004 +9.3326e-001 +2.7877e+000 +8.0918e+000 -7.0327e-001 -1.2574e+000
20 +2.307350559e+004 +2.307350559e+004 +2.317407559e+004 +2.317407559e+004 +3.5305e+000 +1.6642e+000 +4.9516e+000 +1.1958e-001 +9.7877e-001
28 +8.937709569e+003 +8.937709569e+003 +9.038279569e+003 +9.038279569e+003 +4.4669e+000 +4.6731e-001 +5.2969e+000 +8.8953e-001 -1.0864e+000
31 +5.217122667e+003 +5.217122667e+003 +5.317692667e+003 +5.317692667e+003 +5.4729e+000 +3.6896e+000 +2.3541e+000 -1.5912e+000 -2.5016e+000
42 +4.393372382e+003 +4.393372382e+003 +4.493942382e+003 +4.493942382e+003 +3.4090e+000 +1.4788e+000 +2.0384e+000 +2.1863e-002 -1.8449e-001
54 +3.716156233e+003 +3.716156233e+003 +3.816726233e+003 +3.816726233e+003 +1.4883e+000 -2.1142e+000 +1.3765e+000 -3.7385e+000 -1.8199e+000
64 +8.896877988e+002 +8.896877988e+002 +9.902577988e+002 +9.902577988e+002 +3.5260e+000 +1.7782e+000 +1.7095e+000 +1.2484e-001 -2.9637e+000
121 +6.360213445e+002 +6.360213445e+002 +7.365913445e+002 +7.365913445e+002 -3.7558e+000 -1.3877e+000 +1.4736e+000 -2.3329e+000 -1.6118e+000
148 +6.479548405e+001 +6.479548405e+001 +1.653654840e+002 +1.653654840e+002 -3.4255e-001 -2.9604e+000 +1.3124e+000 -2.1339e+000 -2.3445e+000
157 +7.357821527e+000 +7.357821527e+000 +1.079278215e+002 +1.079278215e+002 +2.2364e+000 -2.4373e+000 +4.0461e-001 -2.4219e+000 -1.9181e+000
279 +3.534418041e+000 +3.534418041e+000 +1.041044180e+002 +1.041044180e+002 +2.1293e+000 -1.7798e+000 +7.1723e-001 -2.0860e+000 -1.4017e+000
332 +3.361055900e+000 +3.361055900e+000 +1.039310559e+002 +1.039310559e+002 +2.0881e+000 -4.5311e-001 +6.0286e-001 -1.4349e+000 -1.2329e+000
343 +3.061515885e+000 +3.061515885e+000 +1.036315159e+002 +1.036315159e+002 +1.0119e+000 -1.4723e+000 +6.2998e-002 -1.6838e+000 -1.0916e+000
529 +2.346594460e+000 +2.346594460e+000 +1.029165945e+002 +1.029165945e+002 +2.2780e+000 -1.4305e+000 +1.7800e-001 -2.5744e+000 -1.7043e+000
599 +2.154793865e+000 +2.154793865e+000 +1.027247939e+002 +1.027247939e+002 +8.3105e-001 -2.3031e+000 +1.1882e-001 -2.6268e+000 -1.8877e+000
1077 +2.055543754e+000 +2.055543754e+000 +1.026255438e+002 +1.026255438e+002 +1.0600e+000 -2.1807e-001 +5.7141e-001 -2.3823e+000 -2.0182e+000
1105 +1.908942894e+000 +1.908942894e+000 +1.024789429e+002 +1.024789429e+002 +1.2374e+000 -3.0511e-001 +5.0464e-001 -2.4540e+000 -1.9919e+000
4989 +1.881128037e+000 +1.881128037e+000 +1.024511280e+002 +1.024511280e+002 +9.9634e-001 -2.2731e+000 +2.0336e+000 -1.4495e+000 -1.1366e+000
% function evaluation | noise-free fitness - Fopt (1.149000000000e+001) | best noise-free fitness - Fopt | measured fitness | best measured fitness | x1 | x2...
1 +9.022257857e+003 +9.022257857e+003 +9.033747857e+003 +9.033747857e+003 +3.0082e+000 +1.7153e+000 -5.0472e+000 -8.8094e-001 +1.6390e+000
9 +6.630367156e+003 +6.630367156e+003 +6.641857156e+003 +6.641857156e+003 +1.1112e+000 -7.7261e-001 -4.9121e+000 +2.4036e+000 +2.5609e+000
34 +3.658261361e+002 +3.658261361e+002 +3.773161361e+002 +3.773161361e+002 +1.6566e+000 -1.9489e+000 -1.1370e+000 +1.8187e+000 +1.0416e+000
79 +7.177528534e+001 +7.177528534e+001 +8.326528534e+001 +8.326528534e+001 +2.7613e+000 -1.7514e+000 -2.5407e+000 +1.4581e+000 +2.1654e+000
104 +5.903361435e+000 +5.903361435e+000 +1.739336143e+001 +1.739336143e+001 +1.3946e+000 -6.8267e-001 -1.5231e+000 +5.3736e-001 +1.2380e+000
113 +4.106162242e+000 +4.106162242e+000 +1.559616224e+001 +1.559616224e+001 +2.4137e+000 -1.2182e+000 -2.9692e+000 +2.4791e-001 +1.9203e+000
133 +3.497756567e+000 +3.497756567e+000 +1.498775657e+001 +1.498775657e+001 +1.2513e+000 -2.7215e-001 -2.0011e+000 +5.2901e-001 +1.9879e+000
163 +3.368281601e+000 +3.368281601e+000 +1.485828160e+001 +1.485828160e+001 +8.2315e-001 +2.3005e+000 -1.2284e+000 +1.5297e+000 +2.1760e+000
180 +2.682580630e+000 +2.682580630e+000 +1.417258063e+001 +1.417258063e+001 +1.0718e+000 +2.5050e+000 -1.9030e+000 +1.4324e+000 +1.4643e+000
308 +2.471346115e+000 +2.471346115e+000 +1.396134612e+001 +1.396134612e+001 -1.5553e+000 +5.4663e-001 -1.8365e+000 +2.2087e+000 +1.7862e+000
500 +2.424738174e+000 +2.424738174e+000 +1.391473817e+001 +1.391473817e+001 +2.0899e+000 +1.3140e+000 -4.2997e-001 +1.0144e+000 +1.7667e+000
1158 +1.717432003e+000 +1.717432003e+000 +1.320743200e+001 +1.320743200e+001 -6.8131e-001 +7.6695e-001 -1.8460e+000 +2.1989e+000 +2.0879e+000
% function evaluation | noise-free fitness - Fopt (7.731000000000e+001) | best noise-free fitness - Fopt | measured fitness | best measured fitness | x1 | x2...
1 +8.051027829e+005 +8.051027829e+005 +8.051800929e+005 +8.051800929e+005 -8.4491e+000 -6.9801e+000 -6.7851e+000 -5.5076e+000 -1.0464e+001
2 +9.547856860e+004 +9.547856860e+004 +9.555587860e+004 +9.555587860e+004 +5.6159e+000 -2.1791e-001 -1.0611e+000 +8.8943e+000 -1.3866e+000
5 +4.667177610e+004 +4.667177610e+004 +4.674908610e+004 +4.674908610e+004 +2.4779e+000 -2.9386e+000 -1.8503e+000 -4.3280e+000 +3.5766e+000
9 +9.093021825e+003 +9.093021825e+003 +9.170331825e+003 +9.170331825e+003 +5.1214e+000 -5.3361e+000 +1.6263e+000 -4.3829e-001 +2.8462e+000
26 +4.135719230e+003 +4.135719230e+003 +4.213029230e+003 +4.213029230e+003 +4.6887e+000 -1.6744e+000 -2.6251e+000 -9.4201e-001 +3.0801e+000
90 +3.802990737e+003 +3.802990737e+003 +3.880300737e+003 +3.880300737e+003 +3.0178e+000 -2.2929e+000 -3.0027e-001 +9.7595e-001 +3.4730e+000
107 +1.525141982e+003 +1.525141982e+003 +1.602451982e+003 +1.602451982e+003 +4.4419e+000 -4.0746e+000 +3.5214e-002 +9.0949e-001 +2.5812e+000
137 +9.869450103e+001 +9.869450103e+001 +1.760045010e+002 +1.760045010e+002 +2.8018e+000 -3.7097e+000 -2.1308e+000 +1.1598e+000 +1.1663e+000
155 +4.649535496e+001 +4.649535496e+001 +1.238053550e+002 +1.238053550e+002 +2.8138e+000 -3.6995e+000 -6.0437e-001 +1.5042e+000 +1.6800e+000
166 +2.858927055e+001 +2.858927055e+001 +1.058992706e+002 +1.058992706e+002 +2.1838e+000 -3.6461e+000 -1.1969e+000 +9.3496e-001 +9.1842e-001
301 +2.589257183e+001 +2.589257183e+001 +1.032025718e+002 +1.032025718e+002 +2.5316e+000 -3.7341e+000 -1.9660e-001 +1.0224e+000 +1.6812e+000
309 +2.451116666e+001 +2.451116666e+001 +1.018211667e+002 +1.018211667e+002 +2.7034e+000 -3.6825e+000 -4.5176e-001 +1.0833e+000 +1.5213e+000
320 +2.080460477e+001 +2.080460477e+001 +9.811460477e+001 +9.811460477e+001 +2.6475e+000 -3.6869e+000 -6.5296e-001 +7.8990e-001 +2.5682e+000
328 +1.908493711e+001 +1.908493711e+001 +9.639493711e+001 +9.639493711e+001 +2.6305e+000 -3.6901e+000 +1.2330e-001 +9.8432e-001 +2.0509e+000
330 +1.394659772e+001 +1.394659772e+001 +9.125659772e+001 +9.125659772e+001 +2.5276e+000 -3.6710e+000 -4.7963e-001 +1.4708e+000 +1.5185e+000
331 +1.172852944e+001 +1.172852944e+001 +8.903852944e+001 +8.903852944e+001 +2.4528e+000 -3.6368e+000 -4.2888e-001 +1.4696e+000 +1.3251e+000
343 +1.126949421e+001 +1.126949421e+001 +8.857949421e+001 +8.857949421e+001 +2.4909e+000 -3.6441e+000 -3.5301e-001 +6.4939e-001 +1.7937e+000
362 +9.592700081e+000 +9.592700081e+000 +8.690270008e+001 +8.690270008e+001 +2.5028e+000 -3.6323e+000 -4.2718e-001 +6.2734e-001 +1.2108e+000
365 +4.098551107e+000 +4.098551107e+000 +8.140855111e+001 +8.140855111e+001 +2.4651e+000 -3.4292e+000 -1.3250e-001 +1.2747e+000 +1.6040e+000
397 +4.035153047e+000 +4.035153047e+000 +8.134515305e+001 +8.134515305e+001 +2.5044e+000 -3.5408e+000 -5.0140e-001 +1.1597e+000 +2.0118e+000
417 +3.597368473e+000 +3.597368473e+000 +8.090736847e+001 +8.090736847e+001 +2.3194e+000 -3.3308e+000 -1.7935e-001 +1.0427e+000 +1.8835e+000
450 +3.488552103e+000 +3.488552103e+000 +8.079855210e+001 +8.079855210e+001 +2.4653e+000 -3.4770e+000 -6.8981e-001 +8.6520e-001 +1.8664e+000
458 +3.195395950e+000 +3.195395950e+000 +8.050539595e+001 +8.050539595e+001 +2.5034e+000 -3.3202e+000 -6.8584e-001 +1.4836e+000 +1.7479e+000
468 +3.053726268e+000 +3.053726268e+000 +8.036372627e+001 +8.036372627e+001 +2.4926e+000 -3.3884e+000 -4.8876e-001 +1.3171e+000 +1.7363e+000
492 +2.901986956e+000 +2.901986956e+000 +8.021198696e+001 +8.021198696e+001 +2.4911e+000 -3.1123e+000 -3.8935e-001 +9.4725e-001 +1.7734e+000
500 +2.670541262e+000 +2.670541262e+000 +7.998054126e+001 +7.998054126e+001 +2.3181e+000 -3.2844e+000 +2.6284e-001 +1.1094e+000 +1.4956e+000
542 +2.400002707e+000 +2.400002707e+000 +7.971000271e+001 +7.971000271e+001 +2.4813e+000 -3.2791e+000 -2.7920e-001 +9.9008e-001 +1.7648e+000
554 +2.381851969e+000 +2.381851969e+000 +7.969185197e+001 +7.969185197e+001 +2.4947e+000 -3.2648e+000 -2.0530e-001 +1.0429e+000 +1.7553e+000
579 +2.327820150e+000 +2.327820150e+000 +7.963782015e+001 +7.963782015e+001 +2.4676e+000 -3.2541e+000 -1.8573e+000 +1.4495e+000 +1.7517e+000
647 +2.002912481e+000 +2.002912481e+000 +7.931291248e+001 +7.931291248e+001 +2.4909e+000 -3.2844e+000 -1.7690e+000 +5.9544e-001 +1.6950e+000
916 +1.573079932e+000 +1.573079932e+000 +7.888307993e+001 +7.888307993e+001 +2.4646e+000 -3.2256e+000 -1.7921e+000 +1.7127e+000 +1.8448e+000
1163 +1.119313364e+000 +1.119313364e+000 +7.842931336e+001 +7.842931336e+001 +2.5242e+000 -3.2211e+000 -1.7949e+000 +2.1961e+000 +1.7464e+000
% function evaluation | noise-free fitness - Fopt (3.207700000000e+002) | best noise-free fitness - Fopt | measured fitness | best measured fitness | x1 | x2...
1 +9.353304367e+005 +9.353304367e+005 +9.356512067e+005 +9.356512067e+005 -2.6069e+000 -1.8262e+000 +7.0815e+000 +1.9865e+001 +8.0458e-001
2 +5.092645136e+005 +5.092645136e+005 +5.095852836e+005 +5.095852836e+005 -6.2546e+000 -1.1059e+000 -8.0935e+000 +1.0261e+001 +3.1586e-001
3 +5.621915893e+000 +5.621915893e+000 +3.263919159e+002 +3.263919159e+002 -9.8488e-001 +5.7656e-001 +2.4225e+000 -1.8026e+000 +9.1752e-001
70 +4.098222756e+000 +4.098222756e+000 +3.248682228e+002 +3.248682228e+002 -3.2336e-001 -1.2595e+000 +1.8481e+000 -1.7819e+000 +1.7489e+000
85 +3.395724137e+000 +3.395724137e+000 +3.241657241e+002 +3.241657241e+002 -2.1196e+000 +4.3973e-001 +2.2930e+000 -2.2136e+000 +9.9330e-001
86 +3.172998147e+000 +3.172998147e+000 +3.239429981e+002 +3.239429981e+002 -1.9126e+000 +7.5860e-001 +8.1380e-001 -1.8346e+000 +1.3441e+000
100 +1.620303539e+000 +1.620303539e+000 +3.223903035e+002 +3.223903035e+002 -2.0266e+000 -1.1947e+000 +2.9158e-001 -2.1085e+000 +9.5969e-001
% function evaluation | noise-free fitness - Fopt (1.893000000000e+001) | best noise-free fitness - Fopt | measured fitness | best measured fitness | x1 | x2...
1 +7.196743821e+005 +7.196743821e+005 +7.196933121e+005 +7.196933121e+005 +2.7090e+000 +4.0626e+000 +1.5757e+001 +6.4967e+000 -1.6440e+000
2 +2.807292829e+005 +2.807292829e+005 +2.807482129e+005 +2.807482129e+005 -3.6968e+000 +1.4581e+000 +9.7753e-001 +5.4558e+000 -4.2466e+000
3 +6.651017173e+004 +6.651017173e+004 +6.652910173e+004 +6.652910173e+004 -4.2697e+000 -1.4378e+000 +3.8226e+000 +3.0565e+000 +3.4669e+000
31 +9.687808008e+003 +9.687808008e+003 +9.706738008e+003 +9.706738008e+003 -3.0068e+000 -2.6408e+000 +6.4365e-002 +1.3508e+000 +1.3783e+000
33 +8.369299056e+003 +8.369299056e+003 +8.388229056e+003 +8.388229056e+003 -1.4677e+000 +3.6465e+000 -1.5778e+000 -1.2179e+000 +2.9814e+000
71 +8.316405350e+003 +8.316405350e+003 +8.335335350e+003 +8.335335350e+003 -1.0576e-001 -1.0290e+000 -4.6320e+000 +1.6363e+000 +2.5464e+000
78 +3.356530012e+000 +3.356530012e+000 +2.228653001e+001 +2.228653001e+001 -1.1047e+000 -2.9387e+000 -1.3867e+000 -1.7015e+000 +1.8757e+000
140 +2.719086885e+000 +2.719086885e+000 +2.164908688e+001 +2.164908688e+001 -1.1923e-001 -2.5474e+000 -1.5007e+000 -2.3481e+000 +1.7108e+000
780 +1.862000961e+000 +1.862000961e+000 +2.079200096e+001 +2.079200096e+001 +2.0744e+000 -1.4826e+000 -2.2711e+000 -2.0164e+000 +1.4174e+000
2471 +1.599513136e+000 +1.599513136e+000 +2.052951314e+001 +2.052951314e+001 +2.1391e+000 -2.1323e+000 -1.4973e+000 -2.1682e+000 +1.9943e+000
