% function evaluation | noise-free fitness - Fopt (7.627000000000e+001) | best noise-free fitness - Fopt | measured fitness | best measured fitness | x1 | x2...
1 +5.370541474e+006 +5.370541474e+006 +5.370617744e+006 +5.370617744e+006 -4.5199e+000 +4.9415e+000 +4.1526e+000 -9.3966e+000 -4.1630e+000 -1.0842e+000 +5.4894e+000 -6.1218e+000 -1.1713e+000 +4.7304e+000 -2.7064e+000 +3.7997e+000 +5.5119e-001 +2.7137e-005 +1.7720e+000 -4.7002e-001 +2.2292e+000 +2.7886e+000 +2.2802e+000 -5.1251e+000
5 +3.740850141e+006 +3.740850141e+006 +3.740926411e+006 +3.740926411e+006 -3.3061e+000 +4.3636e+000 +3.1042e+000 -5.1298e+000 -4.5753e+000 -1.7208e-003 +4.3260e+000 -4.8268e+000 -1.5931e+000 +4.7929e+000 -2.9240e+000 +3.2073e+000 +1.3517e+000 +1.5175e-001 +2.6116e+000 -2.6906e+000 +3.1259e+000 +3.2719e+000 +3.5634e+000 -3.6272e+000
7 +2.173169723e+006 +2.173169723e+006 +2.173245993e+006 +2.173245993e+006 -4.1886e+000 +4.0146e+000 +1.3628e+000 -5.5484e+000 -3.3561e+000 +7.2694e-001 +4.4291e+000 -4.6525e+000 -1.6147e+000 +4.2828e+000 -3.3864e+000 +2.7504e+000 +9.9474e-001 -6.7139e-001 +1.9005e+000 -2.7739e+000 +3.1053e+000 +3.1146e+000 +2.7360e+000 -3.5785e+000
42 +4.701676033e+005 +4.701676033e+005 +4.702438733e+005 +4.702438733e+005 -4.4323e+000 +3.9990e+000 +1.2257e+000 -4.5902e+000 -2.3692e+000 -1.4759e-001 +4.5315e+000 -4.9474e+000 -2.0455e+000 +3.3491e+000 -3.7067e+000 +3.6698e+000 +2.2752e+000 -1.7268e-001 +2.6173e+000 -2.8402e+000 +2.5311e+000 +3.3158e+000 +2.9936e+000 -3.3086e+000
103 +2.276325082e+004 +2.276325082e+004 +2.283952082e+004 +2.283952082e+004 -4.0022e+000 +4.4703e+000 +1.0034e+000 -5.8298e+000 -2.6987e+000 -8.4150e-001 +5.1568e+000 -5.4665e+000 -1.2762e+000 +4.4482e+000 -2.4427e+000 +4.2104e+000 +1.3655e+000 -6.0149e-002 +2.4186e+000 -2.4225e+000 +6.0552e+000 +3.0663e+000 +2.9779e+000 -2.8121e+000
107 +5.177933450e+003 +5.177933450e+003 +5.254203450e+003 +5.254203450e+003 -4.4620e+000 +2.2390e+000 +2.0597e+000 -5.4260e+000 -4.5418e+000 +1.6128e+000 +4.7150e+000 -5.0507e+000 -2.4476e+000 +4.7571e+000 -2.0209e+000 +5.3634e+000 +1.2311e+000 -1.1086e+000 +2.0878e+000 -4.4082e+000 +2.5865e+000 +2.2545e+000 +1.7086e+000 -3.4455e+000
220 +4.639918465e+002 +4.639918465e+002 +5.402618465e+002 +5.402618465e+002 -5.4854e+000 +4.7469e+000 +9.6789e-001 -6.3879e+000 -3.9833e+000 +2.5637e-001 +5.7060e+000 -4.9600e+000 -1.4391e+000 +5.1390e+000 -2.3062e+000 +5.3478e+000 +5.7820e-001 +4.3865e-002 +3.8076e+000 -3.2782e+000 +5.3554e+000 +4.2850e+000 +2.9735e+000 -4.6304e+000
316 +3.310399922e+002 +3.310399922e+002 +4.073099922e+002 +4.073099922e+002 -4.3267e+000 +3.8462e+000 +1.0057e+000 -5.6702e+000 -4.0903e+000 -7.0691e-001 +4.6497e+000 -4.6523e+000 +1.8001e+000 +4.9314e+000 -2.5922e+000 +2.6987e+000 +1.2232e+000 +5.4465e-003 +2.3651e+000 -2.5863e+000 +3.8477e+000 +2.5457e+000 +4.1639e+000 -3.4867e+000
496 +3.033753516e+002 +3.033753516e+002 +3.796453516e+002 +3.796453516e+002 -2.9989e+000 +4.3586e+000 +1.3521e+000 -4.9187e+000 -5.4869e+000 -6.2017e-001 +5.6812e+000 -4.4281e+000 -9.9725e-001 +3.3497e+000 -2.7199e+000 +4.0820e+000 -3.1282e-001 +1.2653e+000 +1.2490e+000 -1.9138e+000 +4.2212e+000 +1.8630e+000 +2.6514e+000 -1.2387e+000
99061 +1.#INF00000e+000 +3.033753516e+002 +1.#INF00000e+000 +3.796453516e+002 +1.3427e+029 -1.0122e+029 -4.0776e+028 +1.7016e+027 +9.1192e+029 -4.5832e+029 -1.7243e+031 -1.8153e+029 +5.0823e+028 +1.7393e+030 +3.7489e+027 -5.2716e+028 -2.2084e+028 +1.1578e+029 +3.6950e+029 +1.0428e+029 -5.6282e+028 +1.1245e+028 +5.2530e+028 +3.2785e+027
% function evaluation | noise-free fitness - Fopt (-2.255000000000e+001) | best noise-free fitness - Fopt | measured fitness | best measured fitness | x1 | x2...
1 +8.785900024e+006 +8.785900024e+006 +8.785877474e+006 +8.785877474e+006 +2.8047e+000 +3.8325e+000 +1.5755e+000 -8.5986e-001 +1.3057e+000 -3.5637e+000 +4.9837e+000 -3.1979e+000 +4.0190e-001 +3.8000e+000 -1.6075e+000 -1.4655e+000 +1.8829e-001 -3.2218e+000 +7.0169e-002 -1.4548e+000 -1.8869e-001 +2.9910e+000 -2.5825e+000 +3.2490e+000
3 +8.468548485e+006 +8.468548485e+006 +8.468525935e+006 +8.468525935e+006 +2.5581e+000 +3.4981e+000 +1.5609e+000 -1.1182e+000 +1.5133e+000 -3.1992e+000 +4.4702e+000 -3.7869e+000 +8.5900e-001 +2.6110e+000 -9.6293e-001 -7.9071e-001 +1.8074e+000 -2.8375e+000 -3.3236e-001 -4.3139e+000 +5.4504e-001 +2.7814e+000 -2.4126e+000 +2.5265e+000
7 +5.442789274e+006 +5.442789274e+006 +5.442766724e+006 +5.442766724e+006 +3.1219e+000 +3.4310e+000 +1.0658e+000 -9.5971e-001 +1.0554e+000 -3.3947e+000 +6.6122e+000 -3.1338e+000 +9.6661e-001 +3.7783e+000 -1.5883e+000 -4.2973e-001 +1.8756e+000 -2.5907e+000 +1.6405e+000 -1.8688e+000 -8.7591e-002 +2.6265e+000 -2.0940e+000 +2.7259e+000
9 +5.314295045e+006 +5.314295045e+006 +5.314272495e+006 +5.314272495e+006 +2.8186e+000 +4.7299e+000 +1.5246e+000 -1.1583e+000 +2.9375e+000 -2.7437e+000 +5.1807e+000 -2.5513e+000 +7.7766e-001 +3.2060e+000 -1.0817e+000 -4.8504e-001 +7.7916e-001 -2.5968e+000 -4.4444e-001 -1.7642e+000 -9.2426e-001 +2.7724e+000 -2.1313e+000 +1.7511e+000
12 +4.266668472e+006 +4.266668472e+006 +4.266645922e+006 +4.266645922e+006 +3.0173e+000 +3.9105e+000 +1.7671e+000 -7.6868e-001 +2.1618e+000 -2.1773e+000 +5.4520e+000 -2.8852e+000 +8.4702e-001 +3.9911e+000 -1.2145e+000 -6.5499e-001 +1.3590e+000 -2.1821e+000 -4.2884e-001 -1.4338e+000 -4.5554e-002 +2.7103e+000 -2.4481e+000 +2.5026e+000
21 +4.250851546e+006 +4.250851546e+006 +4.250828996e+006 +4.250828996e+006 +3.3545e+000 +3.7373e+000 +1.6198e+000 -1.0336e+000 +1.5201e+000 -2.3811e+000 +5.0466e+000 -2.9076e+000 +1.5043e+000 +3.1626e+000 -6.6235e-001 -7.6305e-001 +9.0490e-001 -2.6536e+000 +9.1111e-001 -1.9585e+000 -1.0402e-001 +2.5607e+000 -1.9915e+000 +2.2548e+000
43 +3.316606857e+006 +3.316606857e+006 +3.316584307e+006 +3.316584307e+006 +3.4409e+000 +2.5112e+000 +1.6118e+000 +1.6553e+000 +1.7736e+000 -2.5705e+000 +4.4833e+000 -2.6346e+000 +4.3959e-001 +3.2153e+000 -9.8810e-001 -1.1631e-002 +1.5049e+000 -2.4148e+000 -3.3559e-001 -1.9326e+000 -2.5907e-001 +2.3251e+000 -3.4037e+000 +1.7781e+000
61 +2.742720834e+006 +2.742720834e+006 +2.742698284e+006 +2.742698284e+006 +4.8001e+000 +3.6286e+000 +1.7644e-001 -6.9465e-001 +2.9079e-001 -2.6320e+000 +5.4049e+000 -2.6005e+000 +1.0884e+000 +3.3299e+000 -2.7122e-001 -1.6046e+000 +1.3197e+000 -2.4882e+000 -6.0001e-002 -8.5856e-001 -5.7659e-001 +3.5754e+000 -2.1743e+000 +1.8386e+000
87 +1.785570136e+006 +1.785570136e+006 +1.785547586e+006 +1.785547586e+006 +5.1973e+000 +4.0130e+000 +8.6335e-001 -9.7253e-001 +1.1985e+000 -2.3093e+000 +5.9705e+000 -4.6477e+000 +1.2488e+000 +2.8899e+000 -8.8573e-001 -1.0327e+000 -5.0489e-001 -2.2531e+000 +3.6850e-001 -3.8771e-001 +2.2248e-001 +4.4521e+000 -3.1841e+000 +9.8910e-001
102 +6.085938254e+005 +6.085938254e+005 +6.085712754e+005 +6.085712754e+005 +2.3563e+000 +2.1725e+000 +2.0009e+000 -6.7959e-001 -4.4933e-001 -1.7690e+000 +6.7279e+000 -3.6967e+000 +1.8943e+000 +3.2806e+000 -1.1575e+000 -5.7277e-001 +1.7626e+000 +1.1422e+000 +6.3579e-001 -7.1229e-001 -4.1814e-001 +2.7871e+000 -2.5850e+000 +2.4360e+000
109 +5.306167655e+005 +5.306167655e+005 +5.305942155e+005 +5.305942155e+005 +4.7550e+000 +4.1551e+000 +4.6415e-001 -7.5116e-001 +3.0665e+000 -4.5853e+000 +4.3435e+000 -2.4655e+000 +9.4895e-001 +3.7492e+000 -6.4987e-001 -2.4858e-002 +1.1917e+000 +2.5423e+000 +1.0742e-001 -1.8155e+000 -3.3777e-001 +2.1344e+000 +6.7728e-002 +2.4929e+000
116 +1.514075366e+005 +1.514075366e+005 +1.513849866e+005 +1.513849866e+005 +4.6721e+000 +2.9561e+000 +1.2004e+000 -5.1295e-001 +1.2709e+000 -1.8749e+000 +5.3175e+000 -3.6918e+000 +6.7133e-001 +3.3430e+000 -8.0270e-002 -1.3414e+000 +1.9289e+000 -1.8743e+000 -9.2349e-002 -1.4195e+000 -1.2474e+000 +2.4386e+000 -1.9316e+000 +2.0344e+000
191 +5.666723850e+004 +5.666723850e+004 +5.664468850e+004 +5.664468850e+004 +3.6625e+000 +1.5507e+000 +1.7743e+000 -4.2051e-001 +4.8218e+000 -1.1787e+000 +5.3323e+000 -3.7172e+000 +9.1569e-001 +3.0516e+000 -2.1442e+000 -8.6440e-001 +6.1086e-001 -1.1164e+000 +1.2149e-001 -1.4531e+000 -1.1846e+000 +3.1134e+000 -3.0968e+000 +1.9539e+000
205 +1.111248282e+004 +1.111248282e+004 +1.108993282e+004 +1.108993282e+004 +3.1249e+000 +3.5202e+000 +1.5443e+000 +9.4634e-002 +2.2733e+000 -2.2055e+000 +4.6179e+000 -4.3135e+000 +3.1892e-001 +2.8107e+000 -1.4769e-001 -1.8205e+000 +1.9042e+000 -1.7086e+000 -3.4507e-001 -1.8776e+000 -4.1891e-001 +2.8287e+000 -1.2712e+000 +2.2118e+000
238 +5.404842011e+003 +5.404842011e+003 +5.382292011e+003 +5.382292011e+003 +4.4655e+000 +2.6079e+000 +6.1503e-001 -3.2246e-001 +2.5880e+000 -1.4198e+000 +3.1251e+000 -3.2879e+000 +1.4966e+000 +1.4371e+000 -7.8445e-001 -1.6243e+000 +2.2586e+000 -1.7943e+000 +4.8768e-001 -2.7784e+000 -9.4893e-001 +3.0678e+000 -1.8006e+000 +2.1265e+000
325 +2.055255782e+002 +2.055255782e+002 +1.829755782e+002 +1.829755782e+002 +2.9738e+000 +1.7390e+000 +1.1304e+000 +1.6501e+000 +1.5025e+000 -9.9301e-001 +5.9387e+000 -2.8858e+000 -8.1408e-001 +1.6360e+000 -1.2431e+000 -1.3412e+000 +8.7712e-001 -2.1067e+000 -1.4589e-001 -3.3348e+000 +1.2903e-001 +3.0305e+000 -1.4465e+000 +2.9029e+000
360 +1.820519180e+002 +1.820519180e+002 +1.595019180e+002 +1.595019180e+002 +5.2618e+000 +1.4319e+000 +1.1844e+000 +4.9449e-001 +2.0649e+000 -2.8620e+000 +5.8532e+000 -2.9439e+000 +2.1747e+000 +2.2545e+000 -2.2171e+000 -2.4106e+000 +4.3645e+000 -1.4031e+000 +5.1373e-001 -2.1142e+000 +5.4440e-001 +2.6935e+000 -1.6503e+000 +1.9611e+000
879 +1.720213890e+002 +1.720213890e+002 +1.494713890e+002 +1.494713890e+002 +1.9667e+000 +3.8503e+000 -1.1632e+000 +3.2265e-001 +3.4926e+000 -1.0329e+000 +4.7599e+000 -3.4456e+000 +2.0249e+000 +1.4537e+000 -3.8100e+000 -8.8892e-001 +4.6830e+000 -1.5155e+000 +1.0658e+000 -2.1352e+000 +4.1297e-001 +2.6606e+000 -1.4130e+000 +2.1861e+000
92513 +1.#INF00000e+000 +1.720213890e+002 +1.#INF00000e+000 +1.494713890e+002 -3.9167e+028 +2.2634e+028 -8.7178e+027 -5.4791e+028 -7.5049e+028 +4.5819e+028 +1.6042e+029 -9.2120e+028 -4.5880e+029 +4.2882e+029 -2.7560e+028 -6.6446e+028 +1.0454e+031 +5.6797e+028 +9.2220e+028 +2.3392e+029 +1.0030e+029 -4.2478e+027 -1.9194e+028 +1.0193e+029
% function evaluation | noise-free fitness - Fopt (1.366000000000e+001) | best noise-free fitness - Fopt | measured fitness | best measured fitness | x1 | x2...
1 +2.749877031e+007 +2.749877031e+007 +2.749878397e+007 +2.749878397e+007 -3.2512e-001 +1.4076e+000 +2.4067e+000 -1.6134e-001 +1.0491e+000 -5.3669e+000 -6.1489e+000 -4.4052e+000 -1.1676e-001 -1.3971e+000 -8.5476e-001 -3.6326e+000 -1.2152e+000 -5.0191e+000 +1.4444e+000 -4.0974e+000 +3.5736e+000 -1.6603e+000 -1.1788e+000 -3.9980e+000
6 +2.440780233e+007 +2.440780233e+007 +2.440781599e+007 +2.440781599e+007 -3.0148e-001 +1.8830e+000 +3.1240e+000 +1.4958e+000 +3.6598e-001 -4.5350e+000 -3.2252e+000 -3.7381e+000 +4.9131e-002 -1.9180e+000 -1.1364e-001 -2.8461e+000 -6.4227e-001 -3.1242e+000 +2.0140e+000 -4.4143e+000 +2.9075e+000 -2.1996e+000 -1.2243e+000 -4.1304e+000
7 +2.265800916e+007 +2.265800916e+007 +2.265802282e+007 +2.265802282e+007 +2.1486e+000 +1.4108e+000 +3.0613e+000 +8.2123e-001 +5.0332e-001 -4.9656e+000 -3.4638e+000 -3.8357e+000 +5.7740e-002 -1.6268e+000 -4.2966e-001 -2.4020e+000 -4.8724e-001 -3.2562e+000 +7.1932e-001 -4.9091e+000 +3.2201e+000 -2.3995e+000 -2.2737e+000 -4.4036e+000
10 +2.198938162e+007 +2.198938162e+007 +2.198939528e+007 +2.198939528e+007 -4.8762e-001 +9.6396e-001 +2.8185e+000 +3.2401e-001 +6.5095e-001 -2.8901e+000 -5.1278e+000 -5.2580e+000 +2.2549e-001 -1.1214e+000 +1.9867e-002 -3.0764e+000 -7.0032e-001 -3.4402e+000 +1.2911e+000 -4.2395e+000 +3.4682e+000 -3.5100e+000 -6.9688e-001 -4.3915e+000
19 +1.632417621e+007 +1.632417621e+007 +1.632418987e+007 +1.632418987e+007 -6.0467e-001 +8.8689e-001 +2.6827e+000 +9.6356e-001 +7.0822e-001 -4.4295e+000 -3.4650e+000 -2.7055e+000 -1.9665e-001 -1.5922e+000 -4.8374e-001 -1.7866e+000 -6.4578e-001 -4.2530e+000 +1.5466e+000 -4.2105e+000 +3.0050e+000 -2.3802e+000 -1.7426e+000 -3.7106e+000
50 +1.468553720e+007 +1.468553720e+007 +1.468555086e+007 +1.468555086e+007 +2.5904e-003 +1.2773e+000 +1.6881e+000 +4.3115e-001 +6.2765e-001 -4.6650e+000 -3.1775e+000 -4.1500e+000 +1.7803e-001 -2.4947e+000 +1.1523e+000 -3.0356e+000 -5.2274e-001 -2.1634e+000 -9.1499e-001 -3.1982e+000 +3.6091e+000 -3.8866e+000 -1.8392e+000 -2.8730e+000
58 +1.411836197e+007 +1.411836197e+007 +1.411837563e+007 +1.411837563e+007 +4.0166e-001 +8.5955e-001 +2.5925e+000 +6.5608e-001 +5.7709e-001 -4.7309e+000 -3.9706e+000 -4.7624e+000 +1.2072e+000 -1.8907e+000 +1.1351e-001 -3.1604e+000 +4.2027e-002 -3.3954e+000 +6.7033e-001 -2.4953e+000 +2.9856e+000 -1.8297e+000 -6.5552e-001 -3.2981e+000
63 +1.169242201e+007 +1.169242201e+007 +1.169243567e+007 +1.169243567e+007 -1.0531e+000 +1.1174e+000 +2.4333e+000 +6.7114e-001 +9.2177e-001 -4.7633e+000 -3.5847e+000 -4.0807e+000 +5.4706e-001 -1.3798e+000 -2.7746e-001 -2.9016e+000 -4.4118e-001 -3.5127e+000 -1.2828e+000 -4.9772e+000 +3.3611e+000 -2.4582e+000 -1.6159e+000 -2.8878e+000
111 +7.787276285e+006 +7.787276285e+006 +7.787289945e+006 +7.787289945e+006 +5.0365e-001 +1.9813e+000 +2.9965e+000 +5.5090e-001 +3.0043e-001 -4.0836e+000 -3.7523e+000 -3.4163e+000 -4.2373e-001 -1.0579e+000 -3.3810e-001 -2.6275e+000 -1.0878e-001 -3.3183e+000 -6.0043e-001 -4.6593e+000 +3.2882e+000 -2.3001e+000 +7.6031e-001 -3.4731e+000
130 +1.882023076e+006 +1.882023076e+006 +1.882036736e+006 +1.882036736e+006 -1.8859e-001 +1.2867e+000 +3.2980e+000 +1.0390e+000 +1.5487e-001 -4.5081e+000 -3.8941e+000 -4.9902e+000 -1.4858e-002 -2.0550e+000 +1.9796e-001 -1.1202e+000 -5.3616e-001 -3.4425e+000 -4.3820e+000 -3.7347e+000 +2.6739e+000 -1.5581e+000 -9.8188e-001 -4.6890e+000
256 +5.943005482e+005 +5.943005482e+005 +5.943142082e+005 +5.943142082e+005 +5.7404e-001 +7.2508e-001 +2.9444e+000 +8.4743e-001 -1.2150e+000 -6.4418e+000 -7.8745e+000 -3.3907e+000 -1.0092e+000 -1.2278e+000 -3.3887e-002 -2.4840e+000 +6.0000e-001 -3.7670e+000 -9.8381e-001 -4.5447e+000 +7.6489e-001 -4.0460e+000 +6.8453e-001 -7.8497e-002
301 +5.392576859e+004 +5.392576859e+004 +5.393942859e+004 +5.393942859e+004 -9.5079e-001 +1.2330e+000 +2.2291e+000 +1.8547e+000 -9.2398e-001 -4.6255e+000 -4.4478e+000 -4.4516e+000 -1.1164e-001 -2.6333e+000 -1.0519e+000 +8.2275e-002 -5.6874e-001 -3.3442e+000 -2.8244e+000 -2.4195e+000 +2.2876e+000 -4.2575e+000 -5.4170e-001 -2.0888e+000
314 +1.793518709e+003 +1.793518709e+003 +1.807178709e+003 +1.807178709e+003 +6.0530e-002 +1.5302e+000 +3.3244e+000 +3.1243e+000 -2.4577e+000 -3.9491e+000 -7.0504e+000 -2.6710e+000 +1.8110e+000 -1.8458e+000 -1.6754e+000 -7.3705e-001 +4.6895e-001 -2.7931e+000 +3.5251e-001 -3.6453e+000 -3.7011e-001 -1.4519e+000 +8.6942e-002 -1.0486e+000
430 +5.663838134e+002 +5.663838134e+002 +5.800438134e+002 +5.800438134e+002 -1.5284e-001 -8.1448e-001 +3.8966e+000 +1.2640e+000 +7.8108e-001 -3.9685e+000 -4.2598e+000 -3.0006e+000 +2.0816e+000 -8.2378e-001 -9.8864e-002 +3.2154e-001 -3.1162e-001 -5.1425e+000 -3.3536e+000 -3.6277e+000 +4.8206e+000 -1.4753e+000 -9.2895e-001 -2.4135e+000
556 +3.092731878e+002 +3.092731878e+002 +3.229331878e+002 +3.229331878e+002 -4.7891e+000 -3.2197e-003 +2.9847e+000 -1.5564e+000 -9.3162e-001 -5.3643e+000 -5.2201e+000 -5.1586e+000 +3.0582e+000 -2.2142e+000 -1.4369e+000 -1.3686e-001 -8.3264e-002 -2.3839e+000 -4.7731e+000 -3.9742e+000 +4.2020e+000 -2.6885e+000 +1.5959e+000 -3.9668e+000
614 +2.536488133e+002 +2.536488133e+002 +2.673088133e+002 +2.673088133e+002 -6.7309e-001 -1.4910e+000 +3.4831e+000 +1.3957e+000 +8.0522e-001 -4.1034e+000 -6.2185e+000 -2.7072e+000 -8.4573e-002 -1.4519e+000 -5.2366e-001 -6.0923e-001 +2.9519e-001 -3.5875e+000 -1.2111e+000 -3.9779e+000 +2.7736e+000 -2.2867e+000 +3.1482e-001 -1.6038e+000
98452 +1.#INF00000e+000 +2.536488133e+002 +1.#INF00000e+000 +2.673088133e+002 +4.3509e+030 -1.0888e+029 -1.9818e+029 +1.1930e+030 -1.3343e+029 -2.6440e+029 +1.4340e+031 +7.1698e+028 +2.4006e+030 -1.0743e+029 -3.1466e+029 +6.2080e+029 +6.2508e+028 +2.4690e+029 -4.1499e+027 -4.5495e+029 +6.9467e+029 +7.7942e+029 -1.7412e+029 -1.5626e+029
% function evaluation | noise-free fitness - Fopt (9.378400000000e+002) | best noise-free fitness - Fopt | measured fitness | best measured fitness | x1 | x2...
1 +1.469002046e+007 +1.469002046e+007 +1.469095830e+007 +1.469095830e+007 -1.8855e+000 +1.6469e+000 -1.9518e-002 -4.0771e+000 +4.6027e+000 -3.3836e+000 +4.1249e-002 -1.5997e-001 -4.5939e-001 +1.0054e+000 -4.2574e+000 +7.7532e-001 +4.1187e+000 +1.7339e+000 -6.5840e-001 +3.7890e+000 -2.0178e+000 +4.9306e+000 +3.9316e-001 -2.8828e+000
4 +1.424480010e+007 +1.424480010e+007 +1.424573794e+007 +1.424573794e+007 +2.7069e-001 +1.7510e+000 +1.7781e+000 -2.9843e+000 +4.9530e+000 -4.2622e+000 -4.6135e-001 +1.0079e+000 -7.3709e-002 -1.8213e+000 -4.3609e+000 +7.5986e-001 +3.8195e+000 +1.1909e+000 -8.8878e-001 +3.5350e+000 -1.1094e+000 +5.0381e+000 +1.0947e+000 -3.8584e-001
6 +1.300041155e+007 +1.300041155e+007 +1.300134939e+007 +1.300134939e+007 -1.2011e+000 +1.7215e+000 +6.9765e-001 -3.7648e+000 +5.4335e+000 -3.1443e+000 +2.0860e+000 -2.6472e-001 -2.8597e-001 +9.8233e-001 -5.0571e+000 +1.6167e-001 +3.7200e+000 +8.9901e-001 -3.5596e-001 +1.9044e+000 -1.3396e+000 +4.1372e+000 -5.4272e-001 -5.0468e-002
11 +8.358903731e+006 +8.358903731e+006 +8.359841571e+006 +8.359841571e+006 -7.4813e-001 +5.8474e-001 +7.8196e-001 -2.4864e+000 +4.6104e+000 -2.8055e+000 +8.6623e-001 -8.8379e-001 -3.7544e+000 +2.0117e+000 -5.3681e+000 +3.7082e-001 +3.7492e+000 -3.7469e-001 -2.8127e-001 +2.7860e+000 -1.4011e+000 +3.4128e+000 +2.6830e+000 -5.7910e-001
34 +6.089994115e+006 +6.089994115e+006 +6.090931955e+006 +6.090931955e+006 -4.8754e-001 +1.5773e+000 -2.8475e+000 -3.2141e+000 +4.6695e+000 -4.2755e+000 +9.7043e-001 -1.7268e+000 -8.0869e-001 +1.4812e+000 -4.4471e+000 -2.1160e+000 +4.1026e+000 +7.1043e-001 -2.8108e-001 +3.6786e+000 -2.0616e+000 +4.8145e+000 +5.7081e-001 -6.6424e-001
76 +1.918477708e+006 +1.918477708e+006 +1.919415548e+006 +1.919415548e+006 -7.5965e-001 +7.4748e-001 +9.8469e-001 -4.6677e+000 +3.5328e+000 -3.2638e+000 +4.7787e-001 -1.0900e+000 -5.2202e-001 +4.1165e+000 -4.5208e+000 +5.3773e-001 +4.2144e+000 -2.4616e-001 -3.1010e+000 +4.5710e+000 -1.3448e+000 +6.2190e+000 -5.3703e-001 +6.2425e-001
105 +1.182795298e+006 +1.182795298e+006 +1.183733138e+006 +1.183733138e+006 +1.2706e-001 +1.1943e-001 +8.1657e-001 -3.4066e+000 +2.8484e+000 -3.5197e+000 +7.4881e-001 -2.4216e-001 -6.6505e-001 +2.1871e+000 -4.1729e+000 +1.0783e+000 +3.6514e+000 -2.2460e+000 -1.6238e-001 +3.5320e+000 -6.8800e-002 +3.8555e+000 +1.0370e+000 +1.0424e+000
113 +1.557142326e+004 +1.557142326e+004 +1.650926326e+004 +1.650926326e+004 -8.9294e-001 -3.8678e+000 +7.8455e-001 -3.5812e+000 +3.3730e+000 -3.9680e+000 -4.6010e-001 -4.2221e-001 -1.1438e+000 +1.3594e+000 -3.9708e+000 -2.9913e-001 +4.9678e+000 -3.9572e-001 -1.3701e+000 +3.1441e+000 -1.2063e+000 +4.7668e+000 -4.6729e-002 +3.0950e-001
123 +3.860167651e+003 +3.860167651e+003 +4.798007651e+003 +4.798007651e+003 +1.0859e+000 +1.4309e+000 -5.8571e+000 -3.4197e+000 +4.4374e+000 -7.3090e-001 +1.7464e+000 -3.3518e-003 -2.1637e+000 +1.9123e+000 -3.1855e+000 +4.1789e-001 +3.9771e+000 +2.1830e-001 -5.5009e-001 +2.5691e+000 -1.9791e+000 +5.2389e+000 -5.4028e-001 +7.7071e-002
219 +2.590499080e+003 +2.590499080e+003 +3.528339080e+003 +3.528339080e+003 +1.2490e+000 -5.4123e-001 -4.3394e-001 -3.7475e+000 +4.0554e+000 -3.7830e+000 +9.9047e-001 -1.2685e+000 -5.6960e-001 +1.7986e+000 -4.3593e+000 +6.1478e-001 +3.7272e+000 +1.1438e+000 -2.9090e+000 +2.4827e+000 -7.4568e-001 +3.8540e+000 +5.0202e-001 +5.5217e-001
390 +8.990721865e+002 +8.990721865e+002 +1.836912186e+003 +1.836912186e+003 +2.1542e+000 +1.4499e-001 -3.6737e-001 -4.0029e+000 +4.7733e+000 -3.5498e+000 +4.3712e-002 +3.5559e-001 -1.0655e-001 +1.7013e+000 -2.9277e+000 -1.4975e-001 +3.8608e+000 +1.8614e-001 -1.2769e+000 +2.7637e+000 -2.5721e+000 +3.7053e+000 +6.6697e-001 -8.2616e-002
425 +5.400455617e+002 +5.400455617e+002 +1.477885562e+003 +1.477885562e+003 +2.3282e+000 +2.7813e-002 -1.0278e+000 -2.6648e+000 +3.9540e+000 -2.8002e+000 +8.6593e-001 +6.0103e-001 -5.8209e-001 +1.4470e+000 -6.2014e+000 +1.5909e+000 +5.3862e+000 -7.9012e-001 -1.6897e+000 +2.5839e+000 -4.2121e-001 +4.3184e+000 +8.7482e-001 +1.9120e-001
445 +3.876730459e+002 +3.876730459e+002 +1.325513046e+003 +1.325513046e+003 +2.4002e+000 -2.1814e-001 -5.6999e-001 -3.0622e+000 +3.9862e+000 -3.2103e+000 -1.8719e-001 +1.2867e-001 -7.7617e-001 -6.3629e-002 -2.3282e+000 +8.7923e-001 +4.9607e+000 -3.5048e-001 -7.4520e-001 +5.3980e+000 -1.3832e+000 +6.0018e+000 +3.7247e-001 -1.0607e-001
98035 +1.#INF00000e+000 +3.832259063e+002 +1.#INF00000e+000 +1.321065906e+003 -1.3491e+029 +2.1468e+028 -3.8184e+029 -8.1787e+029 -1.5967e+028 +5.3929e+028 -8.8917e+029 +2.1136e+031 -1.2092e+030 -1.6514e+028 +4.0562e+027 +2.3101e+027 -1.3955e+029 -8.4467e+028 +1.7333e+029 -7.6571e+028 +1.1932e+029 -1.4291e+029 +2.7702e+027 -1.0515e+029
% function evaluation | noise-free fitness - Fopt (-7.872000000000e+001) | best noise-free fitness - Fopt | measured fitness | best measured fitness | x1 | x2...
1 +5.976460510e+006 +5.976460510e+006 +5.976381790e+006 +5.976381790e+006 -4.1126e+000 +1.0491e+000 +8.1025e-001 +2.5350e+000 -4.2606e+000 -6.2567e+000 -4.2643e-001 -3.9745e+000 -1.1449e+000 +3.7616e+000 +2.3232e+000 +1.7202e-001 -2.9302e+000 +2.4465e+000 +2.0813e+000 +1.2588e+000 +1.3963e+000 -2.3459e+000 -4.9615e+000 +3.3830e+000
2 +8.476973181e+004 +8.476973181e+004 +8.469101181e+004 +8.469101181e+004 -3.2067e+000 +7.6673e-001 +8.3579e-002 +1.2286e+000 -4.1753e+000 -4.9444e+000 -2.3080e-001 -5.2038e+000 -2.4459e+000 +3.6842e+000 +1.6440e+000 +2.0438e-002 -2.1301e+000 +2.0423e+000 +7.7386e-001 +4.9710e-001 -1.8599e+000 -3.4879e+000 -4.8982e+000 +3.9346e+000
7 +1.430461863e+004 +1.430461863e+004 +1.422589863e+004 +1.422589863e+004 -3.4769e+000 +9.8910e-001 +4.6837e-002 +1.6883e+000 -4.6244e+000 -5.1542e+000 +2.5647e-001 -6.5408e+000 -3.0680e+000 +3.6043e+000 +1.8274e+000 -1.8812e-001 -2.0254e+000 +2.6705e+000 +1.2785e+000 +1.1595e+000 -1.8103e+000 -3.4570e+000 -5.1076e+000 +3.4359e+000
31 +5.171311439e+003 +5.171311439e+003 +5.092591439e+003 +5.092591439e+003 -2.9979e+000 +1.0964e+000 -5.6281e-001 +3.5365e+000 -4.5442e+000 -3.9206e+000 -1.6344e-001 -4.4759e+000 -3.2951e+000 +4.2589e+000 +1.5355e+000 -6.3482e-002 -2.2147e+000 +2.6827e+000 +6.4642e-001 +2.0626e+000 -1.2311e+000 -3.6905e+000 -5.9499e+000 +3.5039e+000
35 +4.122512189e+002 +4.122512189e+002 +3.335312189e+002 +3.335312189e+002 -3.2078e+000 +3.1179e+000 +9.9820e-001 +1.2069e+000 -5.7909e+000 -5.5495e+000 +5.3433e-001 -5.1789e+000 -2.9341e+000 +3.7981e+000 +1.3133e+000 -8.2905e-001 -2.5150e+000 +2.6495e+000 +6.7116e-002 +1.5175e+000 -1.2788e+000 -3.2551e+000 -4.8485e+000 +3.4790e+000
572 +3.446890779e+002 +3.446890779e+002 +2.659690779e+002 +2.659690779e+002 -4.1259e+000 +9.9787e-002 -2.5005e+000 -6.0208e-001 -5.4910e+000 -2.0478e+000 +8.4532e-001 -4.8081e+000 -3.0950e+000 +1.9602e+000 +1.1705e+000 +1.0736e+000 +1.3657e+000 +1.9561e+000 +1.0306e+000 +1.7224e+000 -1.6377e+000 -3.2368e+000 -4.0227e+000 +2.7814e+000
1603 +2.694981708e+002 +2.694981708e+002 +1.907781708e+002 +1.907781708e+002 -3.2978e+000 -2.0564e+000 -2.1022e-001 +4.3264e+000 -4.8488e+000 -2.7885e+000 +5.7698e-001 -5.3117e-001 -2.6494e+000 +3.8988e+000 -1.6247e-001 +1.8892e-001 -2.0412e+000 +1.6475e+000 +2.5035e+000 +8.8313e-001 -1.1830e+000 -3.3558e+000 -6.3575e-001 -2.0329e-001
96129 +1.#INF00000e+000 +2.694981708e+002 +1.#INF00000e+000 +1.907781708e+002 +7.8436e+029 +4.5449e+028 -4.0664e+028 -7.8460e+028 -1.9313e+031 -4.1174e+029 -4.7838e+029 +9.7100e+028 +1.5438e+029 +1.6767e+029 -2.3948e+028 -1.1039e+029 +2.0128e+029 -8.7398e+027 -9.1695e+027 +1.0698e+028 +8.5968e+028 -6.6971e+029 -8.4235e+029 +1.7541e+028
% function evaluation | noise-free fitness - Fopt (-6.949000000000e+001) | best noise-free fitness - Fopt | measured fitness | best measured fitness | x1 | x2...
1 +2.432351309e+005 +2.432351309e+005 +2.431656409e+005 +2.431656409e+005 -1.3416e+000 +4.4990e+000 -1.7028e-001 +2.5170e+000 -2.8847e+000 -7.1644e-002 +1.7167e-001 +6.3253e-001 -6.5507e-001 +5.0317e+000 +4.4307e+000 +2.9116e+000 -6.7779e-001 -2.8256e+000 +1.5294e-001 +3.5567e+000 +1.0098e+000 -1.2248e+000 +4.2125e+000 -7.0788e-001
11 +3.900245641e+003 +3.900245641e+003 +3.830755641e+003 +3.830755641e+003 -7.3726e-001 +1.4890e+000 +1.1208e+000 +3.2893e+000 -2.7117e+000 -7.4430e-002 +7.5835e-001 +4.0614e-001 -2.6501e+000 +4.5181e+000 +4.8763e+000 +3.2905e+000 +6.3401e-001 -3.0316e+000 -6.4437e-001 +2.0424e+000 +8.6639e-001 -1.7017e+000 +5.1124e+000 -2.2992e+000
53 +2.094891981e+002 +2.094891981e+002 +1.399991981e+002 +1.399991981e+002 -3.9768e-001 +3.1841e+000 +1.5332e-001 +2.0651e+000 -1.3756e+000 +9.0984e-002 +4.6662e+000 +4.3542e-001 +1.0042e+000 +3.7177e+000 +4.6902e+000 +1.7848e+000 -4.4187e-001 -3.1970e+000 +5.3599e-001 +3.6740e+000 +5.5841e-001 -1.3160e+000 +4.5618e+000 -2.5451e+000
102 +1.584173648e+002 +1.584173648e+002 +8.892736476e+001 +8.892736476e+001 -3.9643e-001 +2.7222e+000 -1.2935e-001 +2.0782e+000 -3.3636e+000 +4.0914e-001 +3.7061e-001 -1.0572e+000 +3.6433e-001 +4.7593e+000 +5.0736e+000 +2.9589e+000 +1.4744e+000 -2.1172e+000 +1.0644e+000 +2.8057e+000 +5.3656e-001 +1.7881e+000 +4.1342e+000 -2.4291e+000
96868 +1.#INF00000e+000 +1.584173648e+002 +1.#INF00000e+000 +8.892736476e+001 -7.7056e+029 -6.1040e+029 -2.1040e+028 +1.6563e+029 +7.7251e+028 -3.8401e+029 -2.6628e+028 -2.2282e+029 -5.1804e+028 +1.5365e+029 -2.4588e+028 -2.0800e+031 -7.6698e+029 -4.3070e+028 -7.0319e+029 +4.7116e+028 -2.9806e+028 -1.7733e+029 +1.3908e+029 +1.0278e+029
% function evaluation | noise-free fitness - Fopt (-2.718000000000e+001) | best noise-free fitness - Fopt | measured fitness | best measured fitness | x1 | x2...
1 +8.536812512e+006 +8.536812512e+006 +8.536785332e+006 +8.536785332e+006 -5.0431e+000 +4.3769e+000 +1.7028e+000 -4.5530e+000 +1.5412e+000 -2.2040e-001 -2.4327e+000 +4.6778e+000 -1.6557e+000 -4.8501e+000 +5.5023e-001 -5.9518e+000 -2.5855e+000 +1.3910e+000 +9.7923e-002 +3.4229e+000 +1.8152e-001 -1.5586e+000 -2.7673e-001 +4.9086e+000
2 +6.369224300e+006 +6.369224300e+006 +6.369197120e+006 +6.369197120e+006 -4.5170e+000 +3.2963e+000 +2.2847e+000 -5.2453e+000 +1.2488e+000 -2.6433e+000 -1.8085e+000 +4.9795e+000 -1.9640e+000 -5.6991e+000 +1.3790e+000 -3.8304e+000 -1.8916e+000 +4.7021e-001 +8.0083e-001 +2.5332e+000 -1.8916e+000 -2.4862e+000 +9.2543e-001 +4.2431e+000
6 +4.617480487e+006 +4.617480487e+006 +4.617453307e+006 +4.617453307e+006 -4.1019e+000 +4.4678e+000 +1.1808e+000 -3.8293e+000 +1.0907e+000 -3.5805e+000 -1.6141e+000 +5.9019e+000 -1.4053e+000 -4.5496e+000 +7.1377e-001 -4.4417e+000 -2.3917e+000 +3.6921e-001 +4.6638e-001 +2.4421e+000 -7.1650e-001 -1.9896e+000 -1.6349e-001 +5.5549e+000
7 +4.193421311e+006 +4.193421311e+006 +4.193394131e+006 +4.193394131e+006 -3.8713e+000 +4.2984e+000 +1.1682e+000 -5.1397e+000 +1.3493e+000 -2.8388e+000 -2.7176e+000 +4.7164e+000 -2.1497e+000 -2.8745e+000 -1.1963e+000 -4.4487e+000 -2.0270e+000 +6.9405e-001 +1.2320e+000 +2.7183e+000 -5.3469e-001 -1.9395e+000 +3.7651e-001 +5.2986e+000
8 +4.135529163e+006 +4.135529163e+006 +4.135501983e+006 +4.135501983e+006 -4.8630e+000 +3.9723e+000 +1.5685e+000 -4.5169e+000 +1.6496e+000 -2.3365e+000 -2.6330e+000 +4.4214e+000 -1.6725e+000 -4.4214e+000 +1.2554e+000 -4.4231e+000 -1.4319e+000 +7.1142e-001 +7.5963e-001 +2.7525e+000 -6.9367e-001 -2.5919e+000 +2.9059e-001 +4.8763e+000
15 +1.572828661e+006 +1.572828661e+006 +1.572801481e+006 +1.572801481e+006 -5.4830e+000 +3.0383e+000 +2.1254e+000 -4.3218e+000 +9.1627e-001 -2.5752e+000 -1.8193e+000 +5.2677e+000 -1.5455e+000 -4.4199e+000 +5.3203e-001 -4.5002e+000 -1.1284e+000 +1.5822e+000 +1.1134e+000 +8.4146e-001 -2.3872e+000 -1.7513e+000 +2.3103e-001 +4.3015e+000
25 +1.472606134e+006 +1.472606134e+006 +1.472578954e+006 +1.472578954e+006 -4.4350e+000 +4.6670e+000 +1.7026e+000 -4.0746e+000 -2.4040e+000 -1.8889e+000 -1.8501e+000 +3.4765e+000 -2.4076e+000 -5.2320e+000 +4.9560e-001 -4.1462e+000 -7.3269e-001 -9.3036e-001 -1.6164e+000 +2.9701e+000 -6.2285e-001 -1.8337e+000 +1.5484e+000 +3.3137e+000
102 +1.585988997e+005 +1.585988997e+005 +1.585717197e+005 +1.585717197e+005 -4.6285e+000 +4.3131e+000 +8.4702e-001 -3.6624e+000 +7.5671e-001 -1.9800e+000 -1.5684e+000 +3.6833e+000 -2.0535e+000 -4.3083e+000 +1.2686e+000 -5.4074e+000 -1.6110e+000 +1.8349e+000 -6.3185e-001 +1.5829e+000 -2.7855e+000 -1.9933e+000 +1.7120e-001 +4.4224e+000
131 +6.626039177e+004 +6.626039177e+004 +6.623321177e+004 +6.623321177e+004 -6.8902e+000 +3.2387e+000 +1.5666e+000 -2.6659e+000 +1.0621e+000 -1.5992e+000 -1.3107e+000 +4.6133e+000 -2.1040e+000 -4.1911e+000 +2.4282e-001 -4.3285e+000 -1.9289e+000 -2.7057e+000 +1.0985e+000 +2.9363e+000 -3.2065e-001 -1.6405e+000 +2.4304e-001 +5.6171e+000
178 +3.226534952e+004 +3.226534952e+004 +3.223816952e+004 +3.223816952e+004 -3.7390e+000 +4.7172e+000 +2.1423e+000 -3.6470e+000 +2.3928e+000 -3.9463e+000 +5.3850e-001 +4.7979e+000 -2.5514e+000 -5.7951e+000 -2.7520e-001 -4.0600e+000 +1.4749e+000 +2.8191e-001 +2.8100e-001 -9.9790e-001 -3.2289e+000 -3.8754e+000 +1.0075e+000 +4.2122e+000
205 +1.478220145e+004 +1.478220145e+004 +1.475502145e+004 +1.475502145e+004 -4.3671e+000 +4.3075e+000 +1.1610e+000 -4.7450e+000 +1.1835e+000 -9.8431e-001 -1.6200e+000 +3.9895e+000 -2.2804e+000 -2.9022e+000 +1.4784e+000 -5.0948e+000 -1.7024e+000 -1.1852e-001 -3.6512e-002 +2.2952e+000 -1.2810e+000 -2.7557e+000 +9.2802e-001 +4.6116e+000
228 +1.252038485e+004 +1.252038485e+004 +1.249320485e+004 +1.249320485e+004 -4.7067e+000 +3.9972e+000 +9.2137e-001 -5.3243e+000 +2.0294e+000 -4.0032e+000 -1.1747e+000 +3.9202e+000 -2.2260e+000 -1.4719e+000 +4.2366e-002 -5.6903e+000 -2.8678e+000 -1.5680e-001 +9.2075e-001 +9.9187e-001 -3.4105e+000 -2.1479e+000 +5.9419e-001 +3.8649e+000
230 +3.979686722e+003 +3.979686722e+003 +3.952506722e+003 +3.952506722e+003 -4.9756e+000 +4.0937e+000 +1.5586e+000 -2.8607e+000 +9.6605e-001 -2.4379e+000 -1.5182e+000 +5.7928e+000 -1.7986e+000 -2.7900e+000 +5.1530e-002 -5.3676e+000 -1.9057e+000 -7.8872e-001 +4.6744e-001 +2.5190e+000 -2.8619e+000 -2.3692e+000 +1.9975e+000 +4.4882e+000
245 +3.689737703e+003 +3.689737703e+003 +3.662557703e+003 +3.662557703e+003 -5.8695e+000 +4.2943e+000 +2.3666e+000 -3.4986e+000 +6.4694e-001 -1.8198e+000 -2.0394e+000 +4.6375e+000 -2.2657e+000 -3.9565e+000 +1.0055e+000 -2.4427e+000 -1.2207e+000 +4.3429e-001 +2.3188e-001 +1.8565e+000 -2.1706e+000 -2.4973e+000 +4.1238e-001 +4.7519e+000
267 +3.143680281e+003 +3.143680281e+003 +3.116500281e+003 +3.116500281e+003 -9.6117e+000 +4.1955e+000 +1.8907e-001 -3.9511e+000 +8.8497e-001 -2.5118e+000 -1.0506e+000 +2.9809e+000 -2.1121e+000 -4.5655e+000 +9.5573e-001 -4.3464e+000 -6.7266e-001 -3.2269e-002 +3.0067e-001 +2.4761e+000 -7.8944e-001 -5.1026e-001 +1.0951e+000 +5.1034e+000
294 +2.955987622e+003 +2.955987622e+003 +2.928807622e+003 +2.928807622e+003 -4.8372e+000 +4.0812e+000 -2.6367e-001 -3.0697e+000 +1.4823e+000 -2.7097e+000 -2.0815e+000 +4.5451e+000 -2.4095e+000 -4.0765e+000 +1.0330e+000 -4.5887e+000 -1.6913e+000 +6.9796e-001 +2.8261e-001 +2.0891e+000 -2.6660e+000 -3.3567e+000 -1.5668e-001 +4.9601e+000
361 +2.524805488e+002 +2.524805488e+002 +2.253005488e+002 +2.253005488e+002 -2.3798e+000 +3.0805e+000 +1.2511e+000 -4.0127e+000 +2.9865e+000 -2.9279e+000 -2.2642e+000 +1.8254e+000 -2.6540e+000 -3.0593e+000 -1.5477e-001 -4.3646e+000 -8.5330e-001 +3.4104e-001 -9.3321e-002 +1.8245e+000 -3.3596e+000 -1.8783e+000 -1.2782e-001 +4.8249e+000
677 +1.682394113e+002 +1.682394113e+002 +1.410594113e+002 +1.410594113e+002 -5.3073e+000 +3.2136e+000 +1.3875e+000 -3.9261e+000 +1.8624e+000 -1.0916e+000 -3.1118e+000 +4.2022e+000 -2.2664e+000 -2.4358e+000 +8.7606e-001 -4.1509e+000 -3.7109e-002 +1.0621e-001 +8.2160e-001 +2.7814e+000 -1.2841e+000 -2.7217e+000 +1.3879e+000 +3.8379e+000
97519 +1.#INF00000e+000 +1.682394113e+002 +1.#INF00000e+000 +1.410594113e+002 -1.1459e+029 +7.7256e+029 -2.9075e+028 -1.2646e+029 +1.0827e+029 +1.8213e+029 -1.2566e+029 -7.1873e+028 -1.2584e+029 +4.6153e+028 +8.0673e+029 -8.3154e+029 +4.3198e+029 -1.0195e+030 -9.7024e+028 -5.2420e+028 +8.7585e+028 +1.4726e+028 +1.7970e+031 -7.1685e+028
% function evaluation | noise-free fitness - Fopt (-6.968800000000e+002) | best noise-free fitness - Fopt | measured fitness | best measured fitness | x1 | x2...
1 +1.989577332e+006 +1.989577332e+006 +1.988880452e+006 +1.988880452e+006 +4.1245e+000 +4.1655e-001 -4.8574e+000 +2.9170e+000 -2.1441e+000 +7.2965e-001 +2.6694e+000 +1.1250e+000 -1.1751e+000 -5.4559e-001 -3.7856e+000 -4.5613e+000 +2.7245e-001 -8.6079e-001 -8.5848e-001 +1.9701e+000 -1.5359e+000 -4.5546e+000 -4.6922e+000 -3.2163e+000
2 +1.822880028e+006 +1.822880028e+006 +1.822183148e+006 +1.822183148e+006 +4.1735e+000 -5.2515e-001 -4.7110e+000 +2.9935e+000 -2.4003e+000 +7.7306e-001 +1.2637e+000 +1.8959e+000 -1.1888e+000 +4.8098e-002 -4.0267e+000 -3.7421e+000 -1.8632e+000 -8.3291e-001 -1.0342e+000 +1.8891e+000 -2.3034e+000 -3.9056e+000 -4.6057e+000 -3.3435e+000
9 +1.617555977e+006 +1.617555977e+006 +1.616859097e+006 +1.616859097e+006 +3.3098e+000 +6.5814e-001 -4.2839e+000 +3.1847e+000 -1.6416e+000 +6.9178e-001 +1.9872e+000 +1.4231e+000 -9.3241e-001 -3.6008e-001 -3.2277e+000 -4.5962e+000 -4.7053e-001 -1.5931e+000 -4.5260e-001 +2.0983e+000 -1.7444e+000 -4.3071e+000 -4.7894e+000 -3.4883e+000
28 +1.078493794e+006 +1.078493794e+006 +1.077796914e+006 +1.077796914e+006 +4.9179e+000 -1.5118e-001 -4.4076e+000 +2.6884e+000 -3.0759e+000 +2.7710e-001 +2.3552e+000 +2.1588e+000 -1.2158e+000 -6.5904e-002 -3.6000e+000 -4.2185e+000 +4.3622e-001 -4.2677e-001 -2.3499e-001 +6.2018e-001 -1.2073e+000 -4.7231e+000 -4.9052e+000 -3.0683e+000
33 +6.056651953e+005 +6.056651953e+005 +6.049683153e+005 +6.049683153e+005 +3.3044e+000 +8.2946e-003 -5.2172e+000 +3.7352e+000 -2.1983e+000 +5.1863e-002 +2.2377e+000 +1.2480e+000 +4.9420e-002 -2.3981e-001 -3.7535e+000 -4.1580e+000 -5.8750e-001 -1.9728e+000 +1.7577e-001 +2.3952e+000 -9.5071e-001 -4.0387e+000 -4.8563e+000 -3.4573e+000
100 +2.574291562e+004 +2.574291562e+004 +2.504603562e+004 +2.504603562e+004 +2.8371e+000 -1.2318e+000 -5.0601e+000 +3.1797e+000 -2.6475e+000 +8.7242e-001 +1.4568e+000 +5.2435e-001 -1.5283e+000 -2.6933e-001 -4.6093e+000 -4.0584e+000 -1.3312e+000 -3.1854e+000 -1.9790e-001 +7.9513e-001 -1.4867e+000 -4.3728e+000 -4.7663e+000 -3.9331e+000
120 +3.491042176e+002 +3.491042176e+002 -3.477757824e+002 -3.477757824e+002 +3.1770e+000 +2.8616e-001 -5.2267e+000 +1.2514e+000 +8.4487e-001 -4.4646e-001 +1.9984e+000 +2.1280e-001 +2.6227e-001 +2.3662e+000 -4.0215e+000 -3.9892e+000 +6.8261e-001 -2.9105e-001 +6.6643e-002 +1.9010e+000 -1.1547e+000 -5.6370e+000 -4.7549e+000 -3.1639e+000
133 +2.454318348e+002 +2.454318348e+002 -4.514481652e+002 -4.514481652e+002 +4.3741e+000 +2.6659e-001 -4.2325e+000 +4.6419e+000 -4.7400e+000 -1.8585e-002 +1.5638e+000 +1.2971e+000 -8.3327e-001 +6.8503e-002 -3.4845e+000 -4.3163e+000 -1.1223e+000 -3.3879e+000 -2.3303e+000 +2.5947e+000 -2.1192e+000 -5.4892e+000 -5.3488e+000 -2.9257e+000
226 +2.067788046e+002 +2.067788046e+002 -4.901011954e+002 -4.901011954e+002 +3.8056e+000 -1.4080e-002 -3.7071e+000 +3.6151e+000 -2.4719e+000 +1.1878e+000 +1.2409e+000 +6.0718e-001 -1.0980e+000 +3.7063e-001 -3.6849e+000 -5.4612e+000 -1.2482e+000 -1.8042e+000 -1.1051e+000 +2.1236e+000 -1.7568e+000 -4.7184e+000 -4.7151e+000 -2.7819e+000
99706 +1.#INF00000e+000 +2.067788046e+002 +1.#INF00000e+000 -4.901011954e+002 +3.7937e+028 +2.2516e+029 +2.3142e+029 +5.1140e+028 +4.9052e+028 -1.3541e+028 -2.1835e+031 +1.9639e+029 -2.9759e+028 +6.8782e+028 -2.6205e+028 +4.0925e+028 +5.5796e+028 -6.8783e+028 +3.2807e+027 -4.2101e+028 -8.8453e+028 -7.0514e+027 +1.2111e+029 -9.3133e+028
% function evaluation | noise-free fitness - Fopt (-4.895300000000e+002) | best noise-free fitness - Fopt | measured fitness | best measured fitness | x1 | x2...
1 +3.498608272e+007 +3.498608272e+007 +3.498559319e+007 +3.498559319e+007 -2.9466e+000 +3.1430e+000 +1.9277e+000 -2.9533e+000 -3.9529e+000 +1.3871e+000 -3.3483e+000 -2.3515e+000 -5.5164e-001 -3.5137e+000 +3.4013e-001 +3.5001e+000 +2.4186e+000 -1.1000e+000 -1.3653e+000 +3.0197e+000 -3.6605e-001 -1.9754e+000 -4.0881e+000 +2.9215e+000
5 +3.174313747e+007 +3.174313747e+007 +3.174264794e+007 +3.174264794e+007 -2.4021e+000 +3.4006e+000 +2.2225e+000 -2.6615e+000 -5.1522e+000 +2.1241e-001 -3.3376e+000 -1.1963e+000 +3.2725e-001 -2.8832e+000 +3.1224e-001 +2.7114e+000 +2.9081e+000 -1.9970e+000 -1.7488e-001 +2.9714e+000 -3.6454e-001 -3.6384e-001 -3.9979e+000 +3.5247e+000
6 +2.991317030e+007 +2.991317030e+007 +2.991268077e+007 +2.991268077e+007 -2.6644e+000 +3.6070e+000 +1.1739e+000 -2.1497e+000 -5.1381e+000 +2.3677e+000 -3.3867e+000 -2.0925e+000 +2.0068e+000 -2.3619e+000 +2.4703e+000 +2.9787e+000 +3.2958e+000 -2.3582e+000 +9.2115e-002 +1.8813e+000 -2.9684e-001 -2.6274e+000 -3.8206e+000 +3.4265e+000
11 +2.493590791e+007 +2.493590791e+007 +2.493541838e+007 +2.493541838e+007 -2.4683e+000 +3.4120e+000 +9.1028e-001 -2.6373e+000 -4.6298e+000 +1.6678e+000 -3.5523e+000 -2.8206e+000 +1.0022e+000 -3.3360e+000 +3.5938e-001 +3.3104e+000 +2.5102e+000 -1.9447e+000 -1.3674e-001 +7.2257e-001 -4.6727e-001 -2.4221e+000 -5.2243e+000 +3.0730e+000
39 +1.342301351e+007 +1.342301351e+007 +1.342252398e+007 +1.342252398e+007 -1.3611e+000 +2.7107e+000 +2.5420e+000 -2.7191e+000 -3.9055e+000 +1.7079e+000 -3.3805e+000 -6.7680e-001 +1.2897e+000 -2.6639e+000 -1.9983e+000 +2.7732e+000 +2.0858e+000 -1.3677e+000 +7.8377e-002 +9.5829e-001 -5.3142e-001 -3.2402e+000 -3.1624e+000 +3.3109e+000
113 +9.267314729e+006 +9.267314729e+006 +9.266825199e+006 +9.266825199e+006 -8.1946e-001 +3.0471e+000 -5.0591e-001 +7.4854e-001 -2.6329e+000 +2.1399e+000 -4.5487e+000 -1.0016e+000 -2.5238e+000 -3.8469e+000 -2.4909e+000 +3.3691e+000 -9.2990e-002 -1.3879e+000 -1.6256e+000 -3.4487e+000 -8.3941e-001 -4.8626e+000 -4.6317e+000 +2.8092e+000
211 +7.541426300e+006 +7.541426300e+006 +7.540936770e+006 +7.540936770e+006 -2.5265e+000 +2.6356e+000 +1.5753e+000 -4.6971e+000 -2.2495e+000 +1.7658e+000 -2.5126e+000 -2.3935e+000 +2.2673e+000 -1.6472e+000 +5.1711e-001 +3.9429e+000 -1.5055e+000 -1.0699e+000 -7.8791e-001 +1.4123e+000 -2.9005e-001 -3.1307e+000 -3.4014e+000 +3.0527e+000
240 +6.529912641e+006 +6.529912641e+006 +6.529423111e+006 +6.529423111e+006 -2.3365e+000 +4.4578e+000 +1.2716e+000 -5.5238e+000 -6.2353e+000 +2.1844e+000 -1.8344e+000 -2.5223e+000 +8.9493e-001 -3.8798e+000 -5.6384e-001 +5.1761e-001 -5.1764e-001 -7.4182e-001 +1.0889e-002 +1.8506e+000 -2.9961e-001 -1.9949e+000 -1.5048e+000 +3.1714e+000
277 +3.916245911e+006 +3.916245911e+006 +3.915756381e+006 +3.915756381e+006 -3.3162e+000 +2.7702e+000 +9.3586e-001 -3.1216e+000 -4.3159e+000 +2.1821e+000 -3.3518e+000 -2.5257e+000 +3.7885e-001 -3.6731e+000 -1.7885e+000 +3.2079e+000 -1.4780e+000 -1.3462e+000 +2.1909e-001 +4.8580e-001 -1.0007e-001 -1.1535e+000 -2.1665e+000 +3.5955e+000
311 +9.554110921e+005 +9.554110921e+005 +9.549215621e+005 +9.549215621e+005 -2.9326e+000 +2.9658e+000 +1.1416e+000 -1.9986e+000 -4.4466e+000 +2.3068e+000 -4.0065e+000 -2.9917e+000 +8.6122e-001 -3.3953e+000 -5.6217e-001 +3.1201e+000 -2.4282e+000 -4.9613e-001 -7.2911e-002 +9.2120e-001 +3.2547e+000 +1.3876e+000 -2.0139e+000 +1.0285e+000
312 +5.215273735e+005 +5.215273735e+005 +5.210378435e+005 +5.210378435e+005 -2.3982e+000 +3.4267e+000 +6.7467e-001 -1.1132e+000 -3.4255e+000 +1.9593e+000 -3.1184e+000 -2.8337e+000 +1.9699e+000 -4.2133e+000 -1.8070e+000 +2.9846e+000 -3.8118e+000 -1.6794e+000 +4.1440e-001 +6.8195e-001 +1.4420e-001 -2.1600e-001 -4.4916e+000 +3.3500e+000
380 +3.062351675e+005 +3.062351675e+005 +3.057456375e+005 +3.057456375e+005 -7.6975e-001 +1.5707e+000 +1.7682e+000 -2.5817e+000 -4.2811e+000 +2.6406e+000 -2.8699e+000 -2.1751e+000 +1.9946e+000 -3.3534e+000 -5.3535e-001 +2.0224e+000 -9.8669e-001 -1.2744e+000 +2.4477e+000 -7.1549e-001 +3.1787e-001 -7.6024e-001 -1.7025e+000 +4.0668e+000
390 +1.427962062e+005 +1.427962062e+005 +1.423066762e+005 +1.423066762e+005 -3.6190e+000 +3.4845e+000 +2.2443e+000 -2.1925e+000 -3.4286e+000 +2.7008e+000 -2.5665e+000 -1.7902e+000 +8.6105e-001 -3.7258e+000 +2.6898e-001 +6.6618e+000 -2.3843e-002 +2.4673e+000 +2.8389e+000 -5.2906e-001 +4.6553e-001 -1.2466e+000 -4.3367e+000 +2.5117e+000
408 +8.368241111e+004 +8.368241111e+004 +8.319288111e+004 +8.319288111e+004 -3.1765e+000 +2.4621e+000 +1.3925e+000 -1.7810e-001 -4.7269e+000 +2.6754e+000 -3.1732e+000 -2.0951e+000 +8.0917e-001 -4.1905e+000 -3.9133e+000 -1.7811e-001 -1.0474e+000 -6.7275e-001 +1.5371e+000 +6.9473e-001 +2.0136e+000 -8.5822e-001 -2.9838e+000 +3.2256e+000
409 +3.307200563e+003 +3.307200563e+003 +2.817670563e+003 +2.817670563e+003 -2.8907e+000 +1.8706e+000 +4.5779e+000 -2.5779e+000 -4.2778e+000 +2.9671e+000 -1.1263e+000 -2.2085e+000 +1.5389e+000 -3.1490e+000 +7.4234e-001 +3.1000e+000 -4.0991e+000 -8.1019e-001 +1.9341e+000 +1.1197e-001 +1.0754e-001 -7.3327e+000 -2.5594e+000 +3.1949e+000
464 +3.105126983e+003 +3.105126983e+003 +2.615596983e+003 +2.615596983e+003 -2.9369e+000 +2.4003e+000 +1.1556e+000 -2.3112e+000 -4.7103e+000 +2.3425e+000 -2.1750e+000 -2.0965e+000 +3.6771e+000 -4.0945e+000 +1.5258e-001 +9.7759e-001 -2.3541e+000 -1.2244e+000 +5.7881e-001 -5.3388e-001 -8.5873e-002 -1.4417e+000 -5.5989e+000 +2.7184e+000
527 +1.164647918e+003 +1.164647918e+003 +6.751179185e+002 +6.751179185e+002 -3.2005e+000 +7.5844e-001 +2.0758e+000 -1.4769e+000 -3.5976e+000 +1.9329e+000 -2.5659e+000 -3.1740e+000 +3.0677e+000 -3.8967e+000 -2.9718e+000 +2.0971e+000 -2.2278e+000 -1.5333e+000 +1.3525e-001 -2.4998e-001 +4.2524e-003 -1.6249e+000 -3.2950e+000 +2.1761e+000
735 +1.058568469e+003 +1.058568469e+003 +5.690384688e+002 +5.690384688e+002 -3.3105e+000 +4.5726e+000 +4.6004e-001 -2.5348e+000 -2.5410e+000 +4.5315e+000 -3.4565e+000 -9.1375e-001 +2.3718e+000 -4.6984e+000 -1.5367e+000 +4.7551e-001 -1.9133e+000 +1.6694e-001 -5.9548e+000 -2.1572e+000 +6.6791e-001 -2.5175e+000 -1.9174e+000 +2.9101e+000
826 +2.030439917e+002 +2.030439917e+002 -2.864860083e+002 -2.864860083e+002 -1.7949e+000 +3.3460e+000 +7.8724e-001 -3.2885e+000 -4.0481e+000 +2.0526e+000 -3.3455e+000 -1.5977e+000 +2.4869e+000 -3.2308e+000 -3.2060e+000 +1.3811e+000 -2.4952e-001 -1.1911e+000 +1.7909e-001 -1.5118e+000 -1.6569e-001 -6.4346e-001 -5.8817e-001 +2.6026e+000
974 +1.991976734e+002 +1.991976734e+002 -2.903323266e+002 -2.903323266e+002 -2.5023e+000 +3.0927e+000 +2.1849e+000 -2.8194e+000 -4.0069e+000 +7.4114e-001 -3.9890e+000 -1.3905e+000 +2.9425e+000 -2.8123e+000 -1.4674e+000 +3.8826e+000 -1.3908e+000 -5.9194e-001 +1.6004e+000 -3.3651e-001 -1.2732e-001 -3.2132e-003 -2.7506e+000 +2.4847e+000
96512 +1.#INF00000e+000 +1.991976734e+002 +1.#INF00000e+000 -2.903323266e+002 +2.6082e+028 -6.5333e+029 +4.0918e+028 -8.7406e+028 +1.8621e+029 -3.0332e+028 -7.3864e+028 +9.9538e+028 -6.6133e+028 -1.8212e+031 -1.5955e+029 +1.1337e+029 -2.0691e+028 +7.3136e+028 -5.7520e+028 -3.9239e+028 -2.0976e+030 -8.2606e+028 +5.0219e+028 +4.0628e+028
% function evaluation | noise-free fitness - Fopt (-4.004000000000e+001) | best noise-free fitness - Fopt | measured fitness | best measured fitness | x1 | x2...
1 +2.828193929e+005 +2.828193929e+005 +2.827793529e+005 +2.827793529e+005 +1.9464e+000 -4.5692e+000 +2.8091e+000 +1.3766e-001 +2.5499e+000 -1.1773e+000 +4.3996e+000 -2.5715e-001 +4.1638e+000 -7.2454e-001 +2.3109e+000 +2.3799e+000 -1.9976e+000 +6.7793e-001 +3.5139e+000 -3.6969e-001 +3.7468e+000 +2.3679e-001 +3.9903e+000 -2.5260e+000
2 +2.545514896e+003 +2.545514896e+003 +2.505474896e+003 +2.505474896e+003 +1.9246e+000 -4.6245e+000 +2.4501e+000 +5.2622e-001 +4.1252e+000 -1.0398e+000 +5.6689e+000 +3.2985e-001 +4.8865e+000 -5.6790e-001 +2.6612e+000 +1.8469e+000 -1.9901e+000 +9.7250e-001 +3.5584e+000 +4.6951e-001 +2.4431e+000 -2.0830e-001 +3.6587e+000 -2.6276e+000
9 +3.031119044e+002 +3.031119044e+002 +2.630719044e+002 +2.630719044e+002 +2.1694e+000 -5.2606e+000 +2.2509e+000 -5.1732e-002 +3.8725e+000 -6.3161e-001 +5.7667e+000 +1.9153e-001 +4.4080e+000 +1.5485e-001 +3.4472e+000 +2.5199e+000 -2.1941e+000 +7.3871e-001 +3.5343e+000 -3.3029e-002 +3.2965e+000 +6.0423e-003 +3.8863e+000 -2.6899e+000
82 +2.576908497e+002 +2.576908497e+002 +2.176508497e+002 +2.176508497e+002 +1.4319e+000 -3.9974e+000 +3.0202e+000 +7.8986e-001 +3.2495e+000 +1.2425e-001 +4.6571e+000 +2.2413e-001 +4.2565e+000 -2.8965e-001 +3.6876e+000 +2.0101e+000 -2.2537e+000 +1.4337e+000 +2.7185e+000 -4.2807e-002 +2.7782e+000 +3.7003e-002 +3.0671e+000 -1.8888e+000
519 +2.412575561e+002 +2.412575561e+002 +2.012175561e+002 +2.012175561e+002 +1.0570e+000 -4.7431e+000 +2.2414e+000 +1.7976e-001 +4.8413e+000 -2.0790e+000 +4.5996e+000 -7.7373e-001 +4.8706e+000 +1.3913e+000 +2.9785e+000 +1.8805e+000 -1.9074e+000 +1.3091e+000 +2.3939e+000 +2.3899e-001 +2.4236e+000 +1.2654e+000 +4.0096e+000 -2.8208e+000
100263 +1.#INF00000e+000 +2.412575561e+002 +1.#INF00000e+000 +2.012175561e+002 -7.7308e+028 -1.4312e+028 -4.1845e+029 +3.3726e+028 -3.2515e+029 -4.1235e+028 +8.8326e+028 +7.4432e+029 +9.5604e+028 +7.0440e+028 +1.0791e+029 -1.7910e+031 +1.7492e+029 +2.0785e+028 -2.3750e+028 -5.3078e+028 +9.0813e+028 +5.6400e+029 +3.3723e+028 +6.2373e+029
% function evaluation | noise-free fitness - Fopt (-1.038100000000e+002) | best noise-free fitness - Fopt | measured fitness | best measured fitness | x1 | x2...
1 +4.890379261e+007 +4.890379261e+007 +4.890368880e+007 +4.890368880e+007 -4.8664e-001 +1.8813e+000 -2.3985e+000 -1.4840e-001 +4.4296e+000 +3.0302e+000 -2.7290e+000 +5.2007e+000 +2.5745e+000 -7.8364e-001 +2.4424e+000 +4.5109e+000 -4.6937e+000 +1.5398e+000 -1.0362e+000 -2.7821e+000 -3.0606e+000 -1.9070e+000 +5.9254e-001 -3.4610e+000
5 +4.615671402e+007 +4.615671402e+007 +4.615661021e+007 +4.615661021e+007 -8.2906e-001 +1.9189e+000 -2.8829e+000 -2.3046e-001 +3.0270e+000 +3.0948e+000 -3.1522e+000 +5.1901e+000 +2.4084e+000 -2.7489e-001 +8.4709e-001 +3.3307e+000 -4.7053e+000 +1.6109e+000 -9.4900e-001 -3.3553e+000 -2.1393e+000 -2.4910e+000 +1.3477e+000 -3.2712e+000
7 +4.516823082e+007 +4.516823082e+007 +4.516812701e+007 +4.516812701e+007 -5.6725e-001 +4.7820e-001 -2.7484e+000 +5.5335e-001 +4.3793e+000 +3.1932e+000 -3.1011e+000 +4.5240e+000 +2.5393e+000 -4.9283e-001 +2.3380e+000 +3.4293e+000 -4.4199e+000 +1.7296e+000 -6.3036e-001 -3.9510e+000 -1.7291e+000 -2.8906e+000 +6.4247e-001 -3.1682e+000
8 +4.170094273e+007 +4.170094273e+007 +4.170083892e+007 +4.170083892e+007 -8.9026e-001 -2.0171e-001 -4.2117e+000 -6.0504e-001 +4.2169e+000 +2.6493e+000 -1.5373e+000 +4.7627e+000 +2.4304e+000 -1.9454e+000 +1.3202e+000 +2.9237e+000 -5.2612e+000 +2.3085e+000 -1.2665e+000 -3.8875e+000 -2.5179e+000 -1.9562e+000 -4.3536e-001 -3.6607e+000
9 +3.736176557e+007 +3.736176557e+007 +3.736166176e+007 +3.736166176e+007 -4.1799e-001 +1.8095e+000 -3.4786e+000 +2.2020e+000 +4.3890e+000 +2.5490e+000 -3.5368e+000 +5.1984e+000 +3.6921e+000 -5.0715e-001 +1.9762e+000 +1.0852e+000 -3.5006e+000 +7.5067e-001 -1.4645e+000 -4.2386e+000 -1.0205e+000 -2.1993e+000 +1.0372e+000 -3.5480e+000
46 +3.523569438e+007 +3.523569438e+007 +3.523559057e+007 +3.523559057e+007 -7.9297e-001 +6.0467e-001 -3.4022e+000 +1.4465e+000 +4.4745e+000 +2.9096e+000 -3.1228e+000 +3.8180e+000 +2.6399e+000 -3.5873e-001 +1.1747e+000 +3.5992e+000 -4.1735e+000 +1.5654e+000 -2.7699e+000 -3.6051e+000 -1.9987e+000 -3.6235e+000 +9.6115e-001 -4.3328e+000
93 +3.253991766e+007 +3.253991766e+007 +3.253981385e+007 +3.253981385e+007 -1.5230e+000 +1.4985e+000 -4.1703e+000 -5.1402e-002 +3.3549e+000 +2.3016e+000 -3.1276e+000 +4.8643e+000 +2.5086e+000 -5.0750e+000 +2.3677e+000 -6.0207e-001 -3.1632e+000 +2.2011e+000 -1.5360e+000 -3.5296e+000 -2.7204e+000 -2.3579e+000 +1.3298e+000 -3.0607e+000
104 +2.538992736e+007 +2.538992736e+007 +2.538982355e+007 +2.538982355e+007 -6.0475e-001 +7.3415e-001 -3.0975e+000 +3.3112e-002 +4.8560e+000 +7.4954e-001 -2.3916e+000 +4.4958e+000 +2.2567e+000 -1.4467e+000 +1.8682e+000 +3.3957e+000 -5.2686e+000 +1.0754e+000 -9.5323e-001 -4.0396e+000 -1.0659e+000 -3.4335e+000 +5.6548e-001 -3.6062e+000
116 +7.725954554e+006 +7.725954554e+006 +7.725850744e+006 +7.725850744e+006 -5.1969e-001 +1.8831e+000 -2.3826e+000 +2.9724e+000 +3.5679e+000 +2.8887e-001 -2.4443e+000 +5.5568e+000 +1.2966e+000 -1.5416e+000 +2.3350e+000 +1.4303e+000 -6.3037e+000 -1.0096e+000 -6.2942e-001 -3.7139e+000 -1.6232e+000 -3.2485e+000 -6.6927e-001 -2.8286e+000
276 +3.033400950e+006 +3.033400950e+006 +3.033297140e+006 +3.033297140e+006 -2.2143e+000 +2.2259e-001 -3.1208e+000 +7.1057e+000 +3.0712e+000 -1.5055e+000 -2.1660e+000 +3.8522e+000 +5.6115e-001 -1.7345e+000 +4.2095e-001 +2.5869e+000 -5.2142e+000 +2.5455e+000 -8.7546e-001 -3.8354e+000 -1.2262e+000 -2.6541e+000 +2.8188e+000 -2.7660e+000
402 +8.912198228e+005 +8.912198228e+005 +8.911160128e+005 +8.911160128e+005 +1.4245e-001 +7.3982e-001 -1.6059e+000 +2.0531e+000 +3.5838e+000 -1.0681e+000 -9.1687e-001 +2.1895e+000 -2.3564e-001 -2.2819e+000 +2.8359e+000 +1.7963e+000 -2.9711e+000 +1.6120e+000 -9.6378e-001 -3.0728e+000 +3.5558e-001 -4.4117e+000 -1.4590e-001 -4.5076e+000
442 +1.103085275e+005 +1.103085275e+005 +1.102047175e+005 +1.102047175e+005 +5.9154e+000 +2.1984e-001 -1.8830e+000 +2.4113e+000 +3.9104e+000 -1.1101e+000 +6.9269e-001 +2.5676e+000 -5.8280e-001 +1.1863e+000 +1.6444e+000 +2.6664e+000 -4.8823e+000 +1.5969e+000 -2.5301e+000 -3.5124e+000 -1.8366e+000 -2.9330e+000 +7.4086e-001 -3.8831e+000
514 +3.230355879e+002 +3.230355879e+002 +2.192255879e+002 +2.192255879e+002 -1.5613e+000 +1.7003e+000 +7.4523e-001 +4.7514e+000 +3.9590e+000 +5.2669e-001 -2.9038e+000 +2.3710e+000 -1.0364e-001 -1.9816e+000 +1.1014e+000 +1.5879e+000 -6.2159e+000 +1.1615e+000 -1.2544e+000 -3.3203e-001 -5.8409e+000 -7.9733e+000 -3.4320e-001 -3.8905e+000
893 +3.014729739e+002 +3.014729739e+002 +1.976629739e+002 +1.976629739e+002 -2.6327e+000 +2.9935e-001 +1.9335e-001 +3.1585e+000 +3.9257e+000 -2.7779e-001 -1.0232e+000 +4.5007e+000 -2.0131e+000 +3.9558e-001 +2.0199e+000 +1.5422e+000 -6.4209e+000 +1.4612e+000 -1.0153e+000 -2.7858e+000 -1.7382e+000 -5.6021e+000 +6.7548e-001 -5.2028e+000
943 +2.713789833e+002 +2.713789833e+002 +1.675689833e+002 +1.675689833e+002 -2.4464e+000 -1.8233e+000 +3.7856e+000 +2.8865e+000 +4.4508e+000 -4.4880e-001 -2.5951e+000 +5.4365e+000 -7.9750e-001 -1.6978e-001 +2.1488e+000 +1.6647e+000 -6.4249e+000 +8.4554e-001 -1.3415e+000 -9.8023e-001 +1.7845e+000 -3.7504e+000 -2.4987e+000 -4.2576e+000
96519 +1.#INF00000e+000 +2.713789833e+002 +1.#INF00000e+000 +1.675689833e+002 -9.0425e+028 -5.6683e+028 -2.3992e+029 +3.6939e+028 -1.2884e+031 +6.2083e+028 +3.2362e+028 -8.2599e+029 -7.6469e+028 +3.9705e+028 +2.2896e+029 -2.4071e+028 -1.6929e+029 -1.6484e+030 -1.4246e+029 +2.8280e+029 -2.8664e+029 +2.0440e+028 +1.8485e+029 -4.3500e+029
% function evaluation | noise-free fitness - Fopt (-2.380000000000e+001) | best noise-free fitness - Fopt | measured fitness | best measured fitness | x1 | x2...
1 +8.051428475e+006 +8.051428475e+006 +8.051404675e+006 +8.051404675e+006 +3.5188e+000 +4.1316e+000 +2.2883e+000 +5.0076e+000 +2.4115e+000 +2.9835e+000 +6.4292e-001 +4.0574e+000 -2.4744e+000 +5.1718e+000 -4.1707e+000 +3.3410e+000 +3.6298e+000 +1.6062e+000 +3.7469e+000 -1.4946e+000 +9.9516e-001 +4.0748e+000 -1.2130e+000 -5.0321e+000
2 +2.051800408e+006 +2.051800408e+006 +2.051776608e+006 +2.051776608e+006 +3.3713e+000 +2.1060e+000 +3.1180e+000 +5.4665e+000 +2.2907e+000 +4.4477e+000 +1.2075e+000 +4.4319e+000 -1.1519e+000 +4.5474e+000 -2.6687e+000 +4.4547e+000 +3.6859e+000 +1.4860e+000 +2.4020e+000 +1.3229e+000 +2.0911e+000 +4.8768e+000 +1.0661e+000 -3.5610e+000
3 +1.936104585e+006 +1.936104585e+006 +1.936080785e+006 +1.936080785e+006 +2.4817e+000 +5.2338e+000 +4.7732e+000 +4.8451e+000 +3.3039e+000 +4.4784e+000 +1.4091e+000 +3.9714e+000 -1.4794e+000 +4.3296e+000 -3.7056e+000 +2.3798e+000 +3.8698e+000 +1.4444e+000 +4.1465e+000 -1.2954e+000 +1.7609e+000 +5.2188e+000 +3.9764e-001 -4.6645e+000
16 +1.798858725e+006 +1.798858725e+006 +1.798834925e+006 +1.798834925e+006 +2.2937e+000 +3.5242e+000 +2.0889e+000 +3.9688e+000 +2.7721e+000 +5.3483e+000 +1.4679e+000 +4.1631e+000 -1.2492e+000 +3.2980e+000 -3.8047e+000 +2.2243e+000 +4.0476e+000 +9.2424e-001 +3.0556e+000 -2.4286e+000 +1.8815e+000 +3.8713e+000 +4.7103e-002 -4.1344e+000
20 +1.571034526e+005 +1.571034526e+005 +1.570796526e+005 +1.570796526e+005 +2.6362e+000 +4.3804e+000 +3.4291e+000 +4.9451e+000 +2.3709e+000 +3.3732e+000 +1.1336e+000 +3.3118e+000 -4.7930e-001 +4.0346e+000 -4.2222e+000 +3.1822e+000 +3.9864e+000 +1.2323e+000 +3.3330e+000 -5.7109e-001 +1.0372e-001 +4.0522e+000 +2.2091e+000 -5.3461e+000
41 +1.348238585e+005 +1.348238585e+005 +1.348000585e+005 +1.348000585e+005 +3.3365e+000 +5.1070e+000 +3.1083e+000 +3.7334e+000 +2.2645e+000 +1.8025e+000 +1.1696e+000 +4.1662e+000 -2.2958e+000 +3.9811e+000 -4.2931e+000 +2.6799e+000 +5.3041e+000 +1.8058e+000 +3.2438e+000 -1.5272e+000 +7.4195e-001 +4.2067e+000 +1.1048e+000 -4.5000e+000
112 +2.745705500e+004 +2.745705500e+004 +2.743325500e+004 +2.743325500e+004 +3.6028e+000 +3.7896e+000 +2.7969e+000 +4.3526e+000 +1.9845e+000 +3.0882e+000 +2.4869e+000 +3.3803e+000 -1.9680e+000 +2.8329e+000 -3.8240e+000 +3.3533e+000 +5.3908e+000 +1.7803e+000 +2.9562e+000 -1.7651e+000 +6.6817e-001 +3.8420e+000 +2.9875e-002 -4.9548e+000
176 +4.966380548e+003 +4.966380548e+003 +4.942580548e+003 +4.942580548e+003 +2.6415e+000 +4.5620e+000 +3.1967e+000 +4.3349e+000 +1.2165e+000 +3.4390e+000 +7.5283e-001 +4.0274e+000 -6.7745e-001 +2.7440e+000 -3.6234e+000 +2.4349e+000 +4.7346e+000 +4.7682e-001 +3.6478e+000 -2.0816e+000 +1.5214e+000 +4.2837e+000 +1.3934e+000 -4.3214e+000
189 +2.010901109e+003 +2.010901109e+003 +1.987101109e+003 +1.987101109e+003 +2.3343e+000 +5.2079e+000 +3.4634e+000 +5.9237e+000 +1.2093e+000 +3.0319e+000 +1.5957e+000 +3.1228e+000 -2.2924e+000 +2.2085e+000 -3.8814e+000 +2.9530e+000 +5.3319e+000 +1.9197e-001 +3.5847e+000 -2.2487e+000 +2.9473e+000 +5.1307e+000 +7.3502e-001 -4.7628e+000
207 +4.620141715e+002 +4.620141715e+002 +4.382141715e+002 +4.382141715e+002 +2.6913e+000 +3.4947e+000 +3.6095e+000 +4.0430e+000 +3.1205e+000 +3.8823e+000 +3.9106e+000 +3.7921e+000 +4.6697e-001 +3.4827e+000 -3.0572e+000 +2.8779e+000 +4.6912e+000 +2.3267e+000 +3.0992e+000 -1.6173e+000 +6.9882e-001 +5.3477e+000 -1.0381e+000 -4.3812e+000
260 +4.479923545e+002 +4.479923545e+002 +4.241923545e+002 +4.241923545e+002 +3.3234e+000 +3.9286e+000 +2.6068e+000 +5.1175e+000 +1.0725e+000 +3.2597e+000 +4.9582e-001 +2.6012e+000 -2.7369e+000 +3.2724e+000 -1.9566e+000 +3.7263e+000 +4.5034e+000 +6.2112e-001 +2.9556e+000 -2.6165e+000 +3.8864e-001 +3.0669e+000 -1.2820e-001 -4.6841e+000
573 +4.392484819e+002 +4.392484819e+002 +4.154484819e+002 +4.154484819e+002 +3.6329e+000 +3.3393e+000 +1.6402e+000 +4.9822e+000 +2.7542e+000 +3.0587e+000 +8.9545e-001 +4.0480e+000 -3.1395e-001 +2.3226e+000 -2.8055e+000 +2.8550e+000 +4.7427e+000 +2.2166e-001 +4.4322e+000 -5.7506e-001 +7.0643e-002 +3.9446e+000 -4.4559e-001 -5.2471e+000
102264 +1.#INF00000e+000 +4.392484819e+002 +1.#INF00000e+000 +4.154484819e+002 -4.6417e+030 -3.0428e+029 -4.2364e+028 +6.2691e+029 +6.1715e+029 +5.2338e+029 +9.2193e+030 +1.8894e+028 -1.5929e+030 +9.4892e+029 -9.5281e+028 +2.7733e+029 -1.1028e+029 -1.5524e+030 -1.3573e+028 +3.6057e+029 +1.3941e+029 -9.5834e+029 +6.6233e+029 -4.3714e+029
% function evaluation | noise-free fitness - Fopt (7.459000000000e+001) | best noise-free fitness - Fopt | measured fitness | best measured fitness | x1 | x2...
1 +6.924305364e+006 +6.924305364e+006 +6.924379954e+006 +6.924379954e+006 +9.0947e-001 +1.9725e+000 -4.0140e+000 -5.3636e+000 -7.8459e-001 +3.3637e+000 +1.4407e-001 -2.6387e+000 -3.6210e+000 -2.7342e+000 -6.5168e+000 -7.6506e-002 -4.5578e+000 -4.0749e+000 -2.6708e+000 +5.1163e+000 -1.9286e+000 +1.6567e-001 -3.3062e+000 -3.6115e+000
10 +6.618905413e+006 +6.618905413e+006 +6.618980003e+006 +6.618980003e+006 +8.8452e-001 +1.6121e+000 -4.1129e+000 -2.9720e+000 -1.6704e+000 +3.0433e+000 +7.3818e-001 -2.9620e+000 -3.3704e+000 -2.1130e+000 -4.8049e+000 +7.4039e-001 -4.7114e+000 -3.9520e+000 -2.7740e+000 +4.9766e+000 -2.6167e+000 +5.0245e-001 -3.9833e+000 -3.2771e+000
17 +2.292467685e+006 +2.292467685e+006 +2.292542275e+006 +2.292542275e+006 +9.7318e-001 -5.8600e-001 -3.5078e+000 -5.0056e+000 -1.0489e+000 +4.0401e+000 -3.9249e-001 -1.0071e+000 -4.0653e+000 -3.7983e+000 -3.8752e+000 +1.3479e+000 -4.5828e+000 -2.3364e+000 -2.7108e+000 +4.5563e+000 -2.1558e+000 +1.9146e+000 -3.8783e+000 -1.9592e+000
106 +1.216619830e+005 +1.216619830e+005 +1.217365730e+005 +1.217365730e+005 +1.5992e+000 +2.6403e+000 -3.8341e+000 -3.4830e+000 -3.9167e-001 +3.4012e+000 +7.7703e-001 +3.1410e+000 -3.3804e+000 -2.7992e+000 -2.7043e+000 -2.5517e+000 -4.3755e+000 -3.4358e+000 -3.3236e+000 +4.7139e+000 -3.4724e+000 -2.5164e-001 -3.4275e+000 -3.0680e+000
220 +7.363249875e+004 +7.363249875e+004 +7.370708875e+004 +7.370708875e+004 +3.5133e+000 +1.9238e+000 -3.9133e+000 -2.9043e+000 -7.1334e-001 +2.6517e+000 -2.7063e-001 -2.5090e+000 -3.3574e+000 -1.1269e+000 -1.2176e+001 +7.1234e-001 -5.5764e+000 -3.5840e+000 -2.9258e+000 +4.7305e+000 -2.8699e+000 +4.4307e+000 -2.8533e+000 -3.3018e+000
233 +2.335511072e+004 +2.335511072e+004 +2.342970072e+004 +2.342970072e+004 +9.5554e-001 +2.4226e+000 -3.9828e+000 -3.2966e+000 -1.9811e+000 +5.0453e+000 +9.5352e-001 -1.6556e+000 -4.0261e+000 -2.7054e+000 -4.2592e+000 -5.8381e-001 -4.9581e+000 -2.6660e+000 -4.0186e+000 +3.3377e+000 -2.7239e+000 +1.7273e+000 -3.0134e+000 -2.2709e+000
251 +3.236902194e+003 +3.236902194e+003 +3.311492194e+003 +3.311492194e+003 -2.6545e-001 +1.0965e+000 -4.9349e+000 -3.3006e+000 -7.8173e-001 +2.8955e+000 -3.7878e-002 -1.1211e+000 -6.4241e+000 -2.7531e+000 -4.9331e+000 -1.7659e+000 -3.8822e+000 -3.2723e+000 -3.8690e+000 +5.3614e+000 +3.8702e-001 +2.5491e+000 -3.2882e+000 -2.0794e+000
319 +1.187508564e+003 +1.187508564e+003 +1.262098564e+003 +1.262098564e+003 +1.0520e+000 +2.6110e+000 -4.9268e+000 -3.1217e+000 -4.0137e+000 +1.6443e+000 -1.4051e-001 -2.5708e+000 -4.0204e+000 -1.4210e+000 -3.8711e+000 +3.9947e-001 -4.6796e+000 -2.4092e+000 -3.6644e+000 +3.3323e+000 -2.6298e+000 +1.2397e+000 -2.2644e+000 -1.9155e+000
340 +3.431646706e+002 +3.431646706e+002 +4.177546706e+002 +4.177546706e+002 +3.8673e+000 +2.0137e+000 -3.4645e+000 -3.9860e+000 +4.1717e-002 +3.9126e+000 +8.8153e-001 -1.4925e+000 -4.8780e+000 -1.5320e+000 -4.8815e+000 -5.5264e-001 -4.8523e+000 -3.0086e+000 -4.7132e+000 +4.1855e+000 -1.7050e+000 +2.2624e-001 -1.8951e+000 -3.1556e+000
464 +2.701589868e+002 +2.701589868e+002 +3.447489868e+002 +3.447489868e+002 +3.6666e-001 +1.4111e+000 -3.1318e+000 -2.3203e+000 -1.7718e+000 +2.3604e+000 +9.2030e-001 -6.5805e-001 -4.5228e+000 -1.4761e+000 -6.1016e+000 -5.9876e-001 -4.3621e+000 -3.4767e+000 -3.2108e+000 +4.0047e+000 -1.3711e+000 +7.7293e-001 -3.7445e+000 -2.6341e+000
693 +1.778263973e+002 +1.778263973e+002 +2.524163973e+002 +2.524163973e+002 -1.1718e-001 +1.6034e+000 -1.8930e+000 -1.7581e+000 -1.7467e+000 +2.2405e+000 +1.6401e+000 -2.0905e+000 -5.1214e-001 -4.0023e+000 +2.4541e+000 +3.6830e-001 -4.4982e+000 -3.0792e+000 -2.7820e+000 +2.0911e+000 -1.2322e+000 +5.4102e-001 -1.0031e+000 -2.2690e+000
97028 +1.#INF00000e+000 +1.778263973e+002 +1.#INF00000e+000 +2.524163973e+002 +1.6848e+029 -3.8846e+029 +4.5396e+029 -1.5217e+030 -1.1326e+031 -5.3273e+029 -3.1087e+030 -2.7289e+029 +1.1096e+030 -4.4512e+029 -5.7629e+029 +8.6275e+029 +3.8552e+029 -4.4447e+029 +6.5829e+029 -2.2896e+030 -1.2117e+030 -4.0352e+029 +1.8488e+027 -5.2721e+028
% function evaluation | noise-free fitness - Fopt (2.225900000000e+002) | best noise-free fitness - Fopt | measured fitness | best measured fitness | x1 | x2...
1 +1.823414699e+005 +1.823414699e+005 +1.825640599e+005 +1.825640599e+005 -3.5540e+000 +2.3499e+000 +7.4266e+000 +4.5184e+000 -2.5993e+000 -2.0399e+000 +4.8939e+000 -2.5852e+000 -4.8236e+000 +1.6146e+000 +1.0747e-001 -2.6694e+000 +2.3562e+000 +1.4535e+000 -3.3428e+000 +1.0256e+000 -3.1346e+000 -3.8916e+000 -3.5426e+000 -1.6943e+000
14 +1.792598557e+005 +1.792598557e+005 +1.794824457e+005 +1.794824457e+005 -3.7670e+000 +2.2721e+000 +4.6451e+000 +4.7114e+000 -2.8048e+000 -1.8246e+000 +4.8011e+000 -2.5126e+000 -3.7862e+000 +9.8477e-001 +6.5904e-001 -3.1401e+000 +3.4754e+000 +1.4538e+000 -2.5917e+000 +2.0045e+000 -1.3989e-001 -4.3068e+000 -3.6639e+000 -1.2012e+000
20 +6.624710511e+004 +6.624710511e+004 +6.646969511e+004 +6.646969511e+004 -3.3221e+000 +1.2064e+000 +4.5032e+000 +6.3611e+000 -2.6452e+000 -2.4225e+000 +6.6543e+000 -1.6927e+000 -4.8331e+000 +7.3293e-001 +9.0530e-001 -3.4627e+000 +3.0624e+000 +2.1457e+000 -4.0913e+000 +2.4765e+000 -1.0672e+000 -4.3649e+000 -3.3001e+000 -6.7793e-001
25 +3.835221482e+003 +3.835221482e+003 +4.057811482e+003 +4.057811482e+003 -3.4002e+000 +1.9337e+000 +3.2459e+000 +7.4087e+000 -2.5764e+000 -3.2316e+000 +5.2172e+000 -3.6693e+000 -6.0659e+000 +9.7298e-001 +1.5717e+000 -2.3902e+000 +4.2346e+000 +3.8356e+000 -2.6172e+000 +2.1824e+000 -1.2757e+000 -4.2659e+000 -3.4183e+000 -1.2540e-001
106 +1.740383715e+003 +1.740383715e+003 +1.962973715e+003 +1.962973715e+003 -3.6881e+000 +2.9730e+000 +3.5573e+000 +5.1389e+000 -2.4251e+000 -1.7283e+000 +5.7756e+000 -3.6143e+000 -5.9574e+000 +7.5629e-001 +8.9169e-001 -1.5840e+000 +4.8807e+000 +1.6247e+000 -2.1862e+000 +1.6236e+000 -1.4745e+000 -5.3733e+000 -4.3092e+000 +6.4008e-001
109 +4.896795980e+002 +4.896795980e+002 +7.122695980e+002 +7.122695980e+002 -3.0063e+000 +1.6617e+000 +4.2331e+000 +5.3901e+000 -3.4703e+000 -1.6270e+000 +6.3099e+000 -2.8246e+000 -5.3365e+000 +1.8736e+000 +7.0948e-001 -3.2622e+000 +3.7817e+000 +2.2315e+000 -3.4427e+000 +2.0065e+000 -2.2472e+000 -5.1259e+000 -4.1566e+000 -1.4009e+000
111 +1.972522095e+002 +1.972522095e+002 +4.198422095e+002 +4.198422095e+002 -4.6120e+000 +2.0870e+000 +4.1438e+000 +8.8764e-001 -2.9013e+000 -1.8210e+000 +4.6666e+000 -3.7162e+000 -5.4901e+000 +2.3357e+000 +2.1530e+000 -2.7666e+000 +3.3391e+000 +3.1852e+000 -2.7884e+000 +2.3996e+000 -1.9132e+000 -4.3576e+000 -2.6347e+000 -8.4848e-001
244 +1.829396594e+002 +1.829396594e+002 +4.055296594e+002 +4.055296594e+002 -2.2360e+000 +3.7275e+000 +4.9965e+000 +5.7114e+000 -1.5878e+000 -3.8355e+000 +4.8904e+000 -3.2581e+000 -5.4066e+000 +1.4122e+000 +2.0837e+000 -4.0156e+000 +2.6226e+000 +3.1798e+000 -1.5013e+000 +1.6801e+000 -2.1613e+000 -3.6374e+000 -3.1711e+000 -1.2196e+000
95526 +1.#INF00000e+000 +1.829396594e+002 +1.#INF00000e+000 +4.055296594e+002 -3.9199e+028 +1.1631e+028 -9.8528e+029 -1.7271e+029 -9.8952e+028 -1.7263e+029 +5.5888e+028 +3.8232e+026 -5.4945e+027 -1.5611e+031 +1.5815e+029 -1.8707e+029 -1.2257e+029 +1.3589e+028 +7.6784e+028 -6.3206e+028 +1.0500e+029 -4.0723e+028 -2.0595e+029 -2.1199e+028
% function evaluation | noise-free fitness - Fopt (-2.977700000000e+002) | best noise-free fitness - Fopt | measured fitness | best measured fitness | x1 | x2...
1 +1.518126752e+007 +1.518126752e+007 +1.518096975e+007 +1.518096975e+007 +2.6219e+000 +3.5115e+000 +2.4567e+000 -3.6086e+000 -4.7983e+000 -1.0691e+000 -2.3812e+000 +1.0347e+000 +3.6080e+000 +1.2879e+000 +1.8906e+000 -4.3114e+000 +9.3846e-001 -4.4937e+000 +3.7446e+000 -3.5897e+000 +2.3076e+000 +4.6015e+000 +3.3147e-001 -4.0158e-002
4 +8.692980898e+006 +8.692980898e+006 +8.692683128e+006 +8.692683128e+006 +2.6938e+000 +4.4065e+000 +2.1518e+000 -3.0586e+000 -5.3905e+000 -3.9339e-001 -1.1436e+000 +1.4151e+000 +4.7742e+000 -5.8916e-001 +1.9674e+000 -3.4635e+000 +1.9867e+000 -1.7696e+000 +2.9711e+000 -4.3179e+000 +1.6877e+000 +5.3851e+000 +3.1846e-001 -1.2495e+000
13 +7.830019570e+006 +7.830019570e+006 +7.829721800e+006 +7.829721800e+006 +1.5649e+000 +3.8745e+000 +2.0798e+000 -3.8765e+000 -4.4886e+000 +7.6436e-001 -2.0984e+000 +1.5106e+000 +4.6991e+000 +1.7182e+000 +2.2637e-001 -4.1306e+000 +1.0862e+000 -2.7043e+000 +2.8629e+000 -4.2592e+000 +2.4068e+000 +4.1214e+000 -1.0581e-001 +2.9178e-001
48 +7.535548071e+006 +7.535548071e+006 +7.535250301e+006 +7.535250301e+006 +2.4038e+000 +3.5405e+000 +8.7691e-001 -3.8273e+000 -4.7990e+000 -1.8502e-001 -1.9285e+000 +9.6182e-001 +4.5272e+000 +2.1698e+000 +1.6224e+000 -4.0352e+000 +8.0770e-001 -2.8099e+000 +3.5879e+000 -3.4765e+000 +1.7137e+000 +4.2245e+000 +1.1567e+000 -1.5716e-001
63 +4.511589092e+006 +4.511589092e+006 +4.511291322e+006 +4.511291322e+006 +2.1186e+000 +3.5084e+000 +1.4724e+000 -4.1861e+000 -4.5916e+000 +7.6558e-001 -2.4261e+000 +2.8499e+000 +4.4011e+000 +1.2414e+000 +1.1029e+000 -4.4860e+000 +1.5912e+000 -4.0504e+000 +2.9312e+000 -5.0753e+000 +8.9470e-001 +4.9324e+000 +4.3175e-001 -2.4535e-001
104 +2.482107036e+006 +2.482107036e+006 +2.481809266e+006 +2.481809266e+006 +2.4007e+000 +2.9914e+000 +1.1883e+000 -2.1928e+000 -4.0457e+000 -9.5576e-002 -1.3033e+000 +7.6881e-001 +4.7172e+000 +6.1468e-001 +2.0453e+000 -5.5892e+000 +1.7072e+000 -1.0436e+000 +2.7649e+000 -3.6072e+000 +1.2396e+000 +4.5748e+000 -2.7049e-001 -6.6760e-001
112 +2.026168676e+005 +2.026168676e+005 +2.023190976e+005 +2.023190976e+005 +3.5750e+000 +2.6391e+000 +6.0671e-001 -5.9133e+000 -4.7601e+000 +7.6960e-002 -1.9393e+000 +5.1335e+000 +6.7652e+000 +1.2537e+000 +1.3837e+000 -4.6416e+000 +1.0371e+000 -2.9861e+000 +3.5076e+000 -4.2462e+000 -5.8201e-002 +4.8693e+000 +7.3374e-001 +4.8157e-001
256 +1.644225991e+005 +1.644225991e+005 +1.641248291e+005 +1.641248291e+005 +3.6795e+000 +3.8729e+000 +1.3426e+000 -3.5047e+000 -5.3172e+000 -1.0831e+000 -1.3685e+000 +2.3702e+000 +4.2181e+000 +6.2035e-002 -4.8329e-001 -6.1681e+000 +6.1686e-001 -3.1780e+000 +1.7913e+000 -5.3638e+000 -4.5390e-001 +4.3180e+000 -6.2981e-001 -1.3352e-001
280 +2.578518678e+004 +2.578518678e+004 +2.548741678e+004 +2.548741678e+004 +2.5199e+000 +3.4621e+000 -6.0479e-001 -4.8033e+000 -4.7510e+000 -1.8050e-001 -1.1548e+000 +2.3574e+000 +5.2506e+000 +6.1702e-002 +9.1439e-001 -5.3368e+000 +2.6956e-001 -2.3239e+000 +2.9163e+000 -3.9811e+000 +1.8027e+000 +4.6791e+000 +1.5984e-001 +2.3845e-001
322 +3.394447688e+002 +3.394447688e+002 +4.167476878e+001 +4.167476878e+001 +1.9694e+000 +3.4252e+000 +2.7199e-002 -4.4382e+000 -4.9280e+000 -4.8383e-001 -2.7764e+000 +1.7304e+000 +6.2379e+000 +5.4276e-001 +7.5655e-001 -5.2758e+000 +9.1236e-001 -5.5111e-001 +3.4289e+000 -3.8039e+000 +1.8260e+000 +3.7007e+000 +5.9501e-001 -6.6299e-001
905 +3.130585301e+002 +3.130585301e+002 +1.528853015e+001 +1.528853015e+001 +1.1439e+000 +3.0845e+000 -2.8523e-001 -4.6187e+000 -4.8875e+000 -9.2166e-001 -3.6575e+000 +2.0973e+000 +5.7191e+000 -6.8711e-001 +1.3993e-001 -4.2650e+000 +3.5008e-001 -3.8632e+000 +4.4838e+000 -3.7713e+000 +1.5640e+000 +3.7552e+000 -1.8153e+000 -1.2850e+000
96161 +1.#INF00000e+000 +3.130585301e+002 +1.#INF00000e+000 +1.528853015e+001 -5.4642e+029 -1.2466e+029 -1.2791e+029 -1.1387e+030 +3.4711e+029 -1.1963e+029 -7.0044e+029 -4.7484e+028 -1.3201e+030 +1.8114e+029 +2.5850e+029 +9.0355e+028 -4.2842e+029 -5.5761e+029 +5.7800e+029 +1.0991e+031 +9.5262e+029 -1.8516e+030 -1.2957e+029 -8.0387e+029
