% function evaluation | noise-free fitness - Fopt (-1.694000000000e+001) | best noise-free fitness - Fopt | measured fitness | best measured fitness | x1 | x2...
1 +2.165451878e+002 +2.165451878e+002 +1.996051878e+002 +1.996051878e+002 -2.7575e+000 -4.1929e+000 +7.9439e+000
2 +1.777743522e+002 +1.777743522e+002 +1.608343522e+002 +1.608343522e+002 -3.3530e+000 -5.1341e+000 +3.2670e+000
5 +1.673078870e+002 +1.673078870e+002 +1.503678870e+002 +1.503678870e+002 -4.2323e+000 -5.7853e+000 +2.5753e+000
13 +7.180274005e+001 +7.180274005e+001 +5.486274005e+001 +5.486274005e+001 +3.5010e+000 +2.7246e+000 +2.3092e+000
22 +3.818615295e+001 +3.818615295e+001 +2.124615295e+001 +2.124615295e+001 -1.4420e+000 -2.3513e+000 +2.1010e+000
36 +2.831174543e+001 +2.831174543e+001 +1.137174543e+001 +1.137174543e+001 +1.7179e-001 -8.7090e-001 +2.1260e+000
110 +2.444470916e+001 +2.444470916e+001 +7.504709159e+000 +7.504709159e+000 +2.6266e+000 -6.3676e-002 -4.2839e-001
124 +6.190915777e+000 +6.190915777e+000 -1.074908422e+001 -1.074908422e+001 +2.5238e+000 +2.2598e+000 -5.5761e-001
195 +5.347087187e+000 +5.347087187e+000 -1.159291281e+001 -1.159291281e+001 +1.6379e+000 +2.9551e-001 +5.6613e-002
220 +5.180056875e+000 +5.180056875e+000 -1.175994312e+001 -1.175994312e+001 +1.6264e+000 +5.8251e-001 +3.1508e-001
232 +4.989461390e+000 +4.989461390e+000 -1.195053861e+001 -1.195053861e+001 +1.4354e+000 +4.0554e-001 +4.4176e-001
258 +2.636885867e+000 +2.636885867e+000 -1.430311413e+001 -1.430311413e+001 +1.4017e+000 +3.1782e-001 +4.4691e-001
301 +2.091772988e+000 +2.091772988e+000 -1.484822701e+001 -1.484822701e+001 +1.4027e+000 +3.2157e-001 +4.5131e-001
425 +2.016480993e+000 +2.016480993e+000 -1.492351901e+001 -1.492351901e+001 +1.4061e+000 +3.3343e-001 +4.5656e-001
449 +1.827892067e+000 +1.827892067e+000 -1.511210793e+001 -1.511210793e+001 +1.4063e+000 +3.2764e-001 +4.5090e-001
457 +1.819496326e+000 +1.819496326e+000 -1.512050367e+001 -1.512050367e+001 +1.4067e+000 +3.2805e-001 +4.5220e-001
% function evaluation | noise-free fitness - Fopt (1.881000000000e+001) | best noise-free fitness - Fopt | measured fitness | best measured fitness | x1 | x2...
1 +5.275441175e+002 +5.275441175e+002 +5.463541175e+002 +5.463541175e+002 +2.6458e+000 +2.5282e+000 +4.2279e+000
2 +1.997627888e+002 +1.997627888e+002 +2.185727888e+002 +2.185727888e+002 -3.6992e+000 +3.9413e-001 +2.2901e+000
3 +6.457828914e+001 +6.457828914e+001 +8.338828914e+001 +8.338828914e+001 -1.7452e-001 +2.8236e+000 +1.8727e+000
10 +2.155237769e+001 +2.155237769e+001 +4.036237769e+001 +4.036237769e+001 -1.7715e+000 +1.1989e+000 -2.4945e-001
26 +1.828722774e+001 +1.828722774e+001 +3.709722774e+001 +3.709722774e+001 +2.8391e-001 +2.0854e+000 -3.6312e-001
34 +1.116894487e+001 +1.116894487e+001 +2.997894487e+001 +2.997894487e+001 -1.3199e+000 +1.7264e+000 +3.1930e-001
47 +9.317628115e+000 +9.317628115e+000 +2.812762811e+001 +2.812762811e+001 -1.4830e+000 +1.5004e+000 +5.8453e-002
61 +5.508680649e+000 +5.508680649e+000 +2.431868065e+001 +2.431868065e+001 -1.0284e+000 +1.1757e+000 -3.8480e-001
74 +1.347891081e+000 +1.347891081e+000 +2.015789108e+001 +2.015789108e+001 -4.8286e-001 +1.4236e+000 -5.5944e-001
121 +1.208916854e+000 +1.208916854e+000 +2.001891685e+001 +2.001891685e+001 -9.5523e-001 +1.4011e+000 -2.5537e-001
151 +1.054777618e+000 +1.054777618e+000 +1.986477762e+001 +1.986477762e+001 -9.4855e-001 +1.3091e+000 -2.9493e-001
182 +8.304101259e-001 +8.304101259e-001 +1.964041013e+001 +1.964041013e+001 -9.3701e-001 +1.3517e+000 -3.0131e-001
189 +7.642732742e-001 +7.642732742e-001 +1.957427327e+001 +1.957427327e+001 -9.3564e-001 +1.2943e+000 -3.1218e-001
190 +7.003272285e-001 +7.003272285e-001 +1.951032723e+001 +1.951032723e+001 -9.4460e-001 +1.3143e+000 -3.0529e-001
193 +6.739388973e-001 +6.739388973e-001 +1.948393890e+001 +1.948393890e+001 -9.4340e-001 +1.2991e+000 -2.9935e-001
201 +6.428250707e-001 +6.428250707e-001 +1.945282507e+001 +1.945282507e+001 -9.9433e-001 +1.2950e+000 -2.8261e-001
222 +4.581330134e-001 +4.581330134e-001 +1.926813301e+001 +1.926813301e+001 -9.7163e-001 +1.3113e+000 -2.8555e-001
284 +3.996241754e-001 +3.996241754e-001 +1.920962418e+001 +1.920962418e+001 -9.7350e-001 +1.3111e+000 -2.8590e-001
393 +3.787517478e-001 +3.787517478e-001 +1.918875175e+001 +1.918875175e+001 -9.7258e-001 +1.3135e+000 -2.8682e-001
457 +3.484483338e-001 +3.484483338e-001 +1.915844833e+001 +1.915844833e+001 -9.7615e-001 +1.3143e+000 -2.8444e-001
514 +3.422689080e-001 +3.422689080e-001 +1.915226891e+001 +1.915226891e+001 -9.7793e-001 +1.3102e+000 -2.8413e-001
544 +3.286605477e-001 +3.286605477e-001 +1.913866055e+001 +1.913866055e+001 -9.7715e-001 +1.3122e+000 -2.8427e-001
558 +3.168763341e-001 +3.168763341e-001 +1.912687633e+001 +1.912687633e+001 -9.7683e-001 +1.3146e+000 -2.8421e-001
559 +3.114254097e-001 +3.114254097e-001 +1.912142541e+001 +1.912142541e+001 -9.7689e-001 +1.3134e+000 -2.8423e-001
617 +3.075952818e-001 +3.075952818e-001 +1.911759528e+001 +1.911759528e+001 -9.7717e-001 +1.3136e+000 -2.8423e-001
682 +2.930535364e-001 +2.930535364e-001 +1.910305354e+001 +1.910305354e+001 -9.7726e-001 +1.3137e+000 -2.8407e-001
785 +2.782193680e-001 +2.782193680e-001 +1.908821937e+001 +1.908821937e+001 -9.7743e-001 +1.3136e+000 -2.8399e-001
1576 +2.750415785e-001 +2.750415785e-001 +1.908504158e+001 +1.908504158e+001 -9.7765e-001 +1.3134e+000 -2.8389e-001
% function evaluation | noise-free fitness - Fopt (2.731500000000e+002) | best noise-free fitness - Fopt | measured fitness | best measured fitness | x1 | x2...
1 +2.936579419e+002 +2.936579419e+002 +5.668079419e+002 +5.668079419e+002 +8.8350e-001 +1.9526e+000 -2.1240e+000
9 +2.879614011e+002 +2.879614011e+002 +5.611114011e+002 +5.611114011e+002 -7.0561e+000 +8.7881e+000 -4.6648e+000
10 +1.118642375e+002 +1.118642375e+002 +3.850142375e+002 +3.850142375e+002 -3.2303e+000 +5.2424e+000 -4.5054e+000
38 +9.625709632e+001 +9.625709632e+001 +3.694070963e+002 +3.694070963e+002 +5.5536e-001 +5.8591e+000 -5.9396e-001
39 +8.344213046e+001 +8.344213046e+001 +3.565921305e+002 +3.565921305e+002 -2.9077e+000 +7.0555e+000 -3.1524e+000
40 +7.112439074e+001 +7.112439074e+001 +3.442743907e+002 +3.442743907e+002 -6.9205e-001 +5.4604e+000 -2.9781e-001
44 +6.440504923e+001 +6.440504923e+001 +3.375550492e+002 +3.375550492e+002 -6.5991e-001 +5.0110e+000 -1.8184e+000
49 +2.792968786e+001 +2.792968786e+001 +3.010796879e+002 +3.010796879e+002 -2.4326e+000 +5.7127e+000 +1.6331e+000
62 +1.651951297e+001 +1.651951297e+001 +2.896695130e+002 +2.896695130e+002 -2.1950e+000 +4.6940e+000 +4.7040e-002
77 +1.336824925e+001 +1.336824925e+001 +2.865182493e+002 +2.865182493e+002 -2.2824e+000 +4.8141e+000 +5.7953e-001
105 +6.514055210e+000 +6.514055210e+000 +2.796640552e+002 +2.796640552e+002 -2.9100e+000 +4.7475e+000 -3.1858e-001
109 +1.948058950e+000 +1.948058950e+000 +2.750980589e+002 +2.750980589e+002 -2.9402e+000 +4.9463e+000 -1.1463e-001
148 +1.806618427e+000 +1.806618427e+000 +2.749566184e+002 +2.749566184e+002 -2.8211e+000 +5.1146e+000 -1.4384e-001
179 +1.323582976e+000 +1.323582976e+000 +2.744735830e+002 +2.744735830e+002 -2.8268e+000 +4.9304e+000 -3.6258e-001
239 +8.023364445e-001 +8.023364445e-001 +2.739523364e+002 +2.739523364e+002 -2.8922e+000 +4.9414e+000 -2.8778e-001
1655 +7.864544275e-001 +7.864544275e-001 +2.739364544e+002 +2.739364544e+002 -2.9177e+000 +4.8555e+000 -3.3531e-001
2505 +7.752225259e-001 +7.752225259e-001 +2.739252225e+002 +2.739252225e+002 -2.9150e+000 +4.8609e+000 -3.3333e-001
2636 +7.574810547e-001 +7.574810547e-001 +2.739074811e+002 +2.739074811e+002 -2.9136e+000 +4.8630e+000 -3.3319e-001
% function evaluation | noise-free fitness - Fopt (3.718000000000e+001) | best noise-free fitness - Fopt | measured fitness | best measured fitness | x1 | x2...
1 +1.758354841e+002 +1.758354841e+002 +2.130154841e+002 +2.130154841e+002 +1.3429e+000 -1.3409e-001 +4.2017e+000
2 +9.728027500e+001 +9.728027500e+001 +1.344602750e+002 +1.344602750e+002 +6.2840e+000 +1.7862e+000 -1.8561e+000
12 +6.483687052e+001 +6.483687052e+001 +1.020168705e+002 +1.020168705e+002 +3.1571e-001 -5.0244e-002 +4.9018e-001
26 +3.773535288e+001 +3.773535288e+001 +7.491535288e+001 +7.491535288e+001 +2.0634e+000 +2.8992e-001 +1.4279e+000
34 +2.079425183e+001 +2.079425183e+001 +5.797425183e+001 +5.797425183e+001 -1.6013e+000 +2.0917e+000 +2.9428e+000
76 +6.026725438e+000 +6.026725438e+000 +4.320672544e+001 +4.320672544e+001 -8.7160e-001 +2.6166e+000 +2.4331e+000
81 +5.496731251e+000 +5.496731251e+000 +4.267673125e+001 +4.267673125e+001 -3.8376e+000 +1.8608e+000 +1.5958e+000
155 +4.963566758e+000 +4.963566758e+000 +4.214356676e+001 +4.214356676e+001 -4.0569e+000 +1.8057e+000 +1.3443e+000
167 +3.224248466e+000 +3.224248466e+000 +4.040424847e+001 +4.040424847e+001 -3.6825e+000 +1.9482e+000 +1.6244e+000
168 +1.028437757e+000 +1.028437757e+000 +3.820843776e+001 +3.820843776e+001 -3.9935e+000 +2.0585e+000 +1.9458e+000
228 +9.137901797e-001 +9.137901797e-001 +3.809379018e+001 +3.809379018e+001 -4.1505e+000 +1.9385e+000 +1.9251e+000
270 +5.663979225e-001 +5.663979225e-001 +3.774639792e+001 +3.774639792e+001 -4.2269e+000 +1.9636e+000 +1.9691e+000
303 +5.099467538e-001 +5.099467538e-001 +3.768994675e+001 +3.768994675e+001 -4.3123e+000 +1.9702e+000 +2.0308e+000
310 +3.341143708e-001 +3.341143708e-001 +3.751411437e+001 +3.751411437e+001 -4.2679e+000 +1.9900e+000 +2.0338e+000
341 +2.722537193e-001 +2.722537193e-001 +3.745225372e+001 +3.745225372e+001 -4.2243e+000 +1.9800e+000 +2.0167e+000
389 +2.513384585e-001 +2.513384585e-001 +3.743133846e+001 +3.743133846e+001 -4.2534e+000 +1.9801e+000 +2.0184e+000
392 +1.952658450e-001 +1.952658450e-001 +3.737526585e+001 +3.737526585e+001 -4.2476e+000 +1.9900e+000 +2.0430e+000
424 +1.870338642e-001 +1.870338642e-001 +3.736703386e+001 +3.736703386e+001 -4.2434e+000 +1.9833e+000 +2.0303e+000
447 +1.806381851e-001 +1.806381851e-001 +3.736063819e+001 +3.736063819e+001 -4.2421e+000 +1.9845e+000 +2.0300e+000
449 +1.247437580e-001 +1.247437580e-001 +3.730474376e+001 +3.730474376e+001 -4.2461e+000 +1.9863e+000 +2.0349e+000
511 +1.129379944e-001 +1.129379944e-001 +3.729293799e+001 +3.729293799e+001 -4.2482e+000 +1.9857e+000 +2.0339e+000
% function evaluation | noise-free fitness - Fopt (-1.479000000000e+002) | best noise-free fitness - Fopt | measured fitness | best measured fitness | x1 | x2...
1 +2.344160361e+003 +2.344160361e+003 +2.196260361e+003 +2.196260361e+003 +1.5384e+001 -1.4465e+001 -1.3465e+000
2 +3.281846119e+001 +3.281846119e+001 -1.150815388e+002 -1.150815388e+002 +1.5141e-001 +4.7363e-001 -5.0800e-001
3 +2.446281990e+001 +2.446281990e+001 -1.234371801e+002 -1.234371801e+002 -1.8928e+000 -9.4762e-001 -1.3069e+000
24 +3.322732624e+000 +3.322732624e+000 -1.445772674e+002 -1.445772674e+002 -1.2814e+000 -4.4793e-002 +6.2691e-001
72 +1.763918924e+000 +1.763918924e+000 -1.461360811e+002 -1.461360811e+002 -1.6510e+000 -4.6273e-002 +9.4775e-001
86 +1.118359241e+000 +1.118359241e+000 -1.467816408e+002 -1.467816408e+002 -1.6646e+000 +4.3708e-003 +9.1809e-001
89 +7.284465063e-001 +7.284465063e-001 -1.471715535e+002 -1.471715535e+002 -1.6334e+000 +4.1308e-002 +9.2410e-001
143 +6.399121942e-001 +6.399121942e-001 -1.472600878e+002 -1.472600878e+002 -1.7024e+000 +9.1140e-002 +9.6608e-001
149 +5.646340576e-001 +5.646340576e-001 -1.473353659e+002 -1.473353659e+002 -1.6875e+000 +6.0253e-002 +9.6936e-001
153 +5.449836559e-001 +5.449836559e-001 -1.473550163e+002 -1.473550163e+002 -1.6540e+000 +6.2213e-002 +9.6845e-001
157 +5.338883280e-001 +5.338883280e-001 -1.473661117e+002 -1.473661117e+002 -1.6797e+000 +7.6041e-002 +9.7341e-001
164 +3.727223198e-001 +3.727223198e-001 -1.475272777e+002 -1.475272777e+002 -1.7036e+000 +6.1984e-002 +9.7225e-001
175 +2.630285467e-001 +2.630285467e-001 -1.476369715e+002 -1.476369715e+002 -1.7192e+000 +4.4784e-002 +9.7482e-001
212 +2.433501254e-001 +2.433501254e-001 -1.476566499e+002 -1.476566499e+002 -1.7021e+000 +2.5746e-002 +9.2387e-001
376 +1.484769435e-001 +1.484769435e-001 -1.477515231e+002 -1.477515231e+002 -1.6906e+000 +6.0829e-002 +9.8336e-001
500 +1.009711417e-001 +1.009711417e-001 -1.477990289e+002 -1.477990289e+002 -1.6979e+000 +2.5737e-002 +9.1572e-001
504 +9.910766679e-002 +9.910766679e-002 -1.478008923e+002 -1.478008923e+002 -1.6988e+000 +2.6035e-002 +9.1401e-001
567 +9.196200738e-002 +9.196200738e-002 -1.478080380e+002 -1.478080380e+002 -1.6977e+000 +2.7050e-002 +9.1687e-001
883 +8.960526578e-002 +8.960526578e-002 -1.478103947e+002 -1.478103947e+002 -1.6986e+000 +2.7093e-002 +9.1773e-001
909 +8.336946038e-002 +8.336946038e-002 -1.478166305e+002 -1.478166305e+002 -1.6982e+000 +2.7256e-002 +9.1774e-001
919 +8.298227813e-002 +8.298227813e-002 -1.478170177e+002 -1.478170177e+002 -1.6990e+000 +2.7143e-002 +9.1783e-001
1032 +7.818385004e-002 +7.818385004e-002 -1.478218161e+002 -1.478218161e+002 -1.6987e+000 +2.7176e-002 +9.1765e-001
1045 +7.723499467e-002 +7.723499467e-002 -1.478227650e+002 -1.478227650e+002 -1.6988e+000 +2.7082e-002 +9.1751e-001
1066 +7.580022174e-002 +7.580022174e-002 -1.478241998e+002 -1.478241998e+002 -1.6988e+000 +2.7081e-002 +9.1752e-001
1225 +7.117728362e-002 +7.117728362e-002 -1.478288227e+002 -1.478288227e+002 -1.6987e+000 +2.7003e-002 +9.1730e-001
1328 +7.058111421e-002 +7.058111421e-002 -1.478294189e+002 -1.478294189e+002 -1.6987e+000 +2.7000e-002 +9.1727e-001
1387 +6.858700018e-002 +6.858700018e-002 -1.478314130e+002 -1.478314130e+002 -1.6988e+000 +2.6998e-002 +9.1727e-001
1516 +6.737341056e-002 +6.737341056e-002 -1.478326266e+002 -1.478326266e+002 -1.6988e+000 +2.6997e-002 +9.1727e-001
% function evaluation | noise-free fitness - Fopt (-6.080000000000e+000) | best noise-free fitness - Fopt | measured fitness | best measured fitness | x1 | x2...
1 +7.767919779e+002 +7.767919779e+002 +7.707119779e+002 +7.707119779e+002 +4.2465e+000 -9.9134e-001 +8.6189e+000
2 +3.448152992e+002 +3.448152992e+002 +3.387352992e+002 +3.387352992e+002 +1.0464e+000 -9.3819e-001 +1.8745e+000
4 +3.017680697e+002 +3.017680697e+002 +2.956880697e+002 +2.956880697e+002 -1.0395e+000 -3.0850e+000 +3.5944e+000
6 +2.476575277e+002 +2.476575277e+002 +2.415775277e+002 +2.415775277e+002 -4.9277e+000 -8.7590e-001 +3.4685e+000
17 +1.685192939e+002 +1.685192939e+002 +1.624392939e+002 +1.624392939e+002 +2.8772e+000 +5.9792e+000 -1.5841e+000
18 +1.601627674e+002 +1.601627674e+002 +1.540827674e+002 +1.540827674e+002 +5.7487e-002 -5.9122e-002 +2.1169e+000
20 +1.418403103e+002 +1.418403103e+002 +1.357603103e+002 +1.357603103e+002 +9.1743e-002 -5.4452e-001 +1.6288e+000
33 +5.744970122e+001 +5.744970122e+001 +5.136970122e+001 +5.136970122e+001 +2.1693e-001 +2.3145e+000 +6.9624e-001
38 +3.725296272e+001 +3.725296272e+001 +3.117296272e+001 +3.117296272e+001 +2.3768e+000 +2.2800e+000 -2.7488e+000
47 +3.065765334e+001 +3.065765334e+001 +2.457765334e+001 +2.457765334e+001 -2.4222e-001 +2.5325e+000 -2.2272e+000
49 +1.629070025e+001 +1.629070025e+001 +1.021070025e+001 +1.021070025e+001 +1.4305e+000 +2.6079e+000 -1.7572e+000
56 +1.463609030e+001 +1.463609030e+001 +8.556090300e+000 +8.556090300e+000 +1.6263e+000 +2.1330e+000 -3.4964e+000
59 +7.199802377e+000 +7.199802377e+000 +1.119802377e+000 +1.119802377e+000 +1.4943e+000 +2.1792e+000 -3.3943e+000
66 +6.502213095e+000 +6.502213095e+000 +4.222130946e-001 +4.222130946e-001 +1.1252e+000 +2.2927e+000 -2.4363e+000
117 +4.069776660e+000 +4.069776660e+000 -2.010223340e+000 -2.010223340e+000 +1.0362e+000 +2.1917e+000 -4.1428e+000
275 +3.034576950e+000 +3.034576950e+000 -3.045423050e+000 -3.045423050e+000 +1.1946e+000 +2.4088e+000 -3.8908e+000
300 +2.519031029e+000 +2.519031029e+000 -3.560968971e+000 -3.560968971e+000 +1.0781e+000 +2.2309e+000 -3.5906e+000
307 +1.415096734e+000 +1.415096734e+000 -4.664903266e+000 -4.664903266e+000 +8.6756e-001 +2.0773e+000 -3.6097e+000
313 +9.546183078e-001 +9.546183078e-001 -5.125381692e+000 -5.125381692e+000 +7.2095e-001 +2.0891e+000 -3.3837e+000
334 +6.582081119e-001 +6.582081119e-001 -5.421791888e+000 -5.421791888e+000 +4.4241e-001 +2.0121e+000 -3.1416e+000
381 +3.321836679e-001 +3.321836679e-001 -5.747816332e+000 -5.747816332e+000 +6.2849e-001 +2.0688e+000 -3.1917e+000
461 +2.469287637e-001 +2.469287637e-001 -5.833071236e+000 -5.833071236e+000 +7.7468e-001 +2.1122e+000 -3.3397e+000
524 +1.764823784e-001 +1.764823784e-001 -5.903517622e+000 -5.903517622e+000 +5.6421e-001 +2.0450e+000 -3.1512e+000
621 +1.577143417e-001 +1.577143417e-001 -5.922285658e+000 -5.922285658e+000 +5.5111e-001 +2.0390e+000 -3.0715e+000
647 +7.299598598e-002 +7.299598598e-002 -6.007004014e+000 -6.007004014e+000 +5.4555e-001 +2.0374e+000 -3.0752e+000
653 +7.123073375e-002 +7.123073375e-002 -6.008769266e+000 -6.008769266e+000 +5.5952e-001 +2.0411e+000 -3.0903e+000
681 +6.389303842e-002 +6.389303842e-002 -6.016106962e+000 -6.016106962e+000 +5.5541e-001 +2.0418e+000 -3.0844e+000
683 +6.160520701e-002 +6.160520701e-002 -6.018394793e+000 -6.018394793e+000 +5.5010e-001 +2.0394e+000 -3.0932e+000
689 +5.193955656e-002 +5.193955656e-002 -6.028060443e+000 -6.028060443e+000 +5.5379e-001 +2.0403e+000 -3.0881e+000
704 +4.720756595e-002 +4.720756595e-002 -6.032792434e+000 -6.032792434e+000 +5.5880e-001 +2.0420e+000 -3.0906e+000
753 +4.598464323e-002 +4.598464323e-002 -6.034015357e+000 -6.034015357e+000 +5.5416e-001 +2.0407e+000 -3.0887e+000
840 +4.211299852e-002 +4.211299852e-002 -6.037887001e+000 -6.037887001e+000 +5.5703e-001 +2.0415e+000 -3.0892e+000
1335 +4.069423038e-002 +4.069423038e-002 -6.039305770e+000 -6.039305770e+000 +5.5757e-001 +2.0415e+000 -3.0902e+000
1381 +3.920663712e-002 +3.920663712e-002 -6.040793363e+000 -6.040793363e+000 +5.5757e-001 +2.0417e+000 -3.0899e+000
1411 +3.864004777e-002 +3.864004777e-002 -6.041359952e+000 -6.041359952e+000 +5.5752e-001 +2.0416e+000 -3.0896e+000
1495 +3.632477291e-002 +3.632477291e-002 -6.043675227e+000 -6.043675227e+000 +5.5685e-001 +2.0414e+000 -3.0897e+000
% function evaluation | noise-free fitness - Fopt (2.431100000000e+002) | best noise-free fitness - Fopt | measured fitness | best measured fitness | x1 | x2...
1 +2.772688825e+003 +2.772688825e+003 +3.015798825e+003 +3.015798825e+003 +1.7749e+001 -3.0108e+000 -1.2779e+001
3 +2.874933752e+002 +2.874933752e+002 +5.306033752e+002 +5.306033752e+002 +5.5007e+000 -4.3277e+000 -1.2111e+000
4 +9.501354194e+001 +9.501354194e+001 +3.381235419e+002 +3.381235419e+002 +2.4322e+000 -2.0872e+000 -3.2126e-001
16 +4.950021915e+001 +4.950021915e+001 +2.926102192e+002 +2.926102192e+002 -1.0822e-002 +1.8206e+000 -3.3704e+000
36 +3.627434117e+001 +3.627434117e+001 +2.793843412e+002 +2.793843412e+002 +1.4856e+000 +2.1304e+000 -4.3799e-001
70 +1.275913166e+001 +1.275913166e+001 +2.558691317e+002 +2.558691317e+002 -2.8857e+000 -7.9163e-001 -3.4424e-002
181 +8.829146665e+000 +8.829146665e+000 +2.519391467e+002 +2.519391467e+002 -4.1352e+000 -8.1384e-001 -9.0228e-001
254 +5.651948034e+000 +5.651948034e+000 +2.487619480e+002 +2.487619480e+002 -2.7943e+000 -6.6377e-002 +1.2029e+000
264 +4.121932385e+000 +4.121932385e+000 +2.472319324e+002 +2.472319324e+002 -3.2305e+000 -7.1174e-001 +5.5925e-001
266 +2.688503084e+000 +2.688503084e+000 +2.457985031e+002 +2.457985031e+002 -3.5022e+000 -9.7098e-001 -2.1034e-001
482 +1.803910293e+000 +1.803910293e+000 +2.449139103e+002 +2.449139103e+002 -3.0671e+000 -6.8768e-001 +3.3166e-001
557 +1.660919825e+000 +1.660919825e+000 +2.447709198e+002 +2.447709198e+002 -3.0685e+000 -5.6976e-001 +3.0552e-001
653 +8.455648732e-001 +8.455648732e-001 +2.439555649e+002 +2.439555649e+002 -3.0309e+000 -5.9356e-001 +3.1999e-001
% function evaluation | noise-free fitness - Fopt (-1.436200000000e+002) | best noise-free fitness - Fopt | measured fitness | best measured fitness | x1 | x2...
1 +7.352946330e+001 +7.352946330e+001 -7.009053670e+001 -7.009053670e+001 +1.8816e+000 +4.1837e+000 +3.3268e+000
23 +6.042335890e+001 +6.042335890e+001 -8.319664110e+001 -8.319664110e+001 -3.1217e+000 +6.3625e+000 +1.6393e+000
25 +1.771839850e+001 +1.771839850e+001 -1.259016015e+002 -1.259016015e+002 -5.8234e-001 +4.8618e+000 +2.2136e+000
35 +1.629326514e+001 +1.629326514e+001 -1.273267349e+002 -1.273267349e+002 -8.9247e-001 +3.7634e+000 +2.1364e+000
60 +1.405681901e+001 +1.405681901e+001 -1.295631810e+002 -1.295631810e+002 -1.3115e+000 +4.3426e+000 +2.2665e+000
61 +1.056301344e+001 +1.056301344e+001 -1.330569866e+002 -1.330569866e+002 -1.4901e+000 +4.3944e+000 +1.9736e+000
62 +8.334176273e+000 +8.334176273e+000 -1.352858237e+002 -1.352858237e+002 -1.4884e+000 +3.8039e+000 +1.8721e+000
73 +4.249648540e+000 +4.249648540e+000 -1.393703515e+002 -1.393703515e+002 -1.7578e+000 +3.9228e+000 +1.5063e+000
108 +3.818087126e+000 +3.818087126e+000 -1.398019129e+002 -1.398019129e+002 -1.9119e+000 +3.3330e+000 +1.2186e+000
129 +2.123878029e+000 +2.123878029e+000 -1.414961220e+002 -1.414961220e+002 -2.2414e+000 +3.5073e+000 +1.3481e+000
153 +1.905066686e+000 +1.905066686e+000 -1.417149333e+002 -1.417149333e+002 -2.1796e+000 +3.3422e+000 +1.0568e+000
170 +5.344674515e-001 +5.344674515e-001 -1.430855325e+002 -1.430855325e+002 -2.5271e+000 +3.4331e+000 +1.1039e+000
301 +4.935365316e-001 +4.935365316e-001 -1.431264635e+002 -1.431264635e+002 -2.5380e+000 +3.3756e+000 +1.0825e+000
316 +2.429161664e-001 +2.429161664e-001 -1.433770838e+002 -1.433770838e+002 -2.5666e+000 +3.3960e+000 +1.0817e+000
330 +2.013797490e-001 +2.013797490e-001 -1.434186203e+002 -1.434186203e+002 -2.6077e+000 +3.3894e+000 +1.0839e+000
353 +1.691818940e-001 +1.691818940e-001 -1.434508181e+002 -1.434508181e+002 -2.5897e+000 +3.3956e+000 +1.0800e+000
377 +8.398390437e-002 +8.398390437e-002 -1.435360161e+002 -1.435360161e+002 -2.5935e+000 +3.3969e+000 +1.0806e+000
407 +7.358515022e-002 +7.358515022e-002 -1.435464148e+002 -1.435464148e+002 -2.5974e+000 +3.4017e+000 +1.0859e+000
439 +6.712986630e-002 +6.712986630e-002 -1.435528701e+002 -1.435528701e+002 -2.5953e+000 +3.4023e+000 +1.0861e+000
440 +6.137002860e-002 +6.137002860e-002 -1.435586300e+002 -1.435586300e+002 -2.5948e+000 +3.4016e+000 +1.0852e+000
484 +5.411446262e-002 +5.411446262e-002 -1.435658855e+002 -1.435658855e+002 -2.5951e+000 +3.4014e+000 +1.0855e+000
498 +5.335666438e-002 +5.335666438e-002 -1.435666433e+002 -1.435666433e+002 -2.5955e+000 +3.4011e+000 +1.0850e+000
649 +5.074009707e-002 +5.074009707e-002 -1.435692599e+002 -1.435692599e+002 -2.5949e+000 +3.4014e+000 +1.0853e+000
684 +4.977633193e-002 +4.977633193e-002 -1.435702237e+002 -1.435702237e+002 -2.5948e+000 +3.4013e+000 +1.0853e+000
696 +4.872796985e-002 +4.872796985e-002 -1.435712720e+002 -1.435712720e+002 -2.5948e+000 +3.4013e+000 +1.0852e+000
725 +4.547784626e-002 +4.547784626e-002 -1.435745222e+002 -1.435745222e+002 -2.5949e+000 +3.4013e+000 +1.0853e+000
783 +4.460225337e-002 +4.460225337e-002 -1.435753977e+002 -1.435753977e+002 -2.5949e+000 +3.4013e+000 +1.0853e+000
797 +4.283129623e-002 +4.283129623e-002 -1.435771687e+002 -1.435771687e+002 -2.5949e+000 +3.4013e+000 +1.0853e+000
808 +4.246404036e-002 +4.246404036e-002 -1.435775360e+002 -1.435775360e+002 -2.5949e+000 +3.4013e+000 +1.0853e+000
% function evaluation | noise-free fitness - Fopt (4.290000000000e+001) | best noise-free fitness - Fopt | measured fitness | best measured fitness | x1 | x2...
1 +1.807946767e+002 +1.807946767e+002 +2.236946767e+002 +2.236946767e+002 +3.2295e+000 -9.0133e+000 -1.5165e+000
2 +1.200495341e+002 +1.200495341e+002 +1.629495341e+002 +1.629495341e+002 +1.1010e+000 -1.5584e+000 -6.0036e+000
5 +3.260000174e+001 +3.260000174e+001 +7.550000174e+001 +7.550000174e+001 +1.9007e+000 -2.3312e+000 +8.1882e-001
56 +1.168233626e+001 +1.168233626e+001 +5.458233626e+001 +5.458233626e+001 +6.4802e-001 -2.1411e+000 +1.8504e+000
119 +4.739483745e+000 +4.739483745e+000 +4.763948375e+001 +4.763948375e+001 +3.6526e-001 -1.8985e+000 +1.7558e+000
124 +4.461778589e+000 +4.461778589e+000 +4.736177859e+001 +4.736177859e+001 +3.5027e-001 -1.5189e+000 +2.0867e+000
167 +3.348367805e+000 +3.348367805e+000 +4.624836781e+001 +4.624836781e+001 +3.6095e-001 -1.8775e+000 +1.6744e+000
220 +3.106925932e+000 +3.106925932e+000 +4.600692593e+001 +4.600692593e+001 +5.7325e-001 -2.7030e+000 +6.8745e-001
293 +2.438697558e+000 +2.438697558e+000 +4.533869756e+001 +4.533869756e+001 +2.2904e-001 -1.5201e+000 +1.4449e+000
379 +1.922009946e+000 +1.922009946e+000 +4.482200995e+001 +4.482200995e+001 +2.5320e-001 -1.7158e+000 +1.4825e+000
407 +1.365078140e+000 +1.365078140e+000 +4.426507814e+001 +4.426507814e+001 +2.5592e-001 -1.6666e+000 +1.4302e+000
415 +1.315007048e+000 +1.315007048e+000 +4.421500705e+001 +4.421500705e+001 +2.8625e-001 -1.7006e+000 +1.5251e+000
440 +1.164654384e+000 +1.164654384e+000 +4.406465438e+001 +4.406465438e+001 +2.5855e-001 -1.6615e+000 +1.4411e+000
452 +1.062289124e+000 +1.062289124e+000 +4.396228912e+001 +4.396228912e+001 +2.5646e-001 -1.6365e+000 +1.4603e+000
456 +1.044497635e+000 +1.044497635e+000 +4.394449764e+001 +4.394449764e+001 +2.6507e-001 -1.6537e+000 +1.4461e+000
478 +9.615448014e-001 +9.615448014e-001 +4.386154480e+001 +4.386154480e+001 +2.5825e-001 -1.6393e+000 +1.4577e+000
480 +7.467833102e-001 +7.467833102e-001 +4.364678331e+001 +4.364678331e+001 +2.6760e-001 -1.6725e+000 +1.4425e+000
1151 +7.242630760e-001 +7.242630760e-001 +4.362426308e+001 +4.362426308e+001 +2.6395e-001 -1.6595e+000 +1.4536e+000
1182 +6.921451715e-001 +6.921451715e-001 +4.359214517e+001 +4.359214517e+001 +2.6389e-001 -1.6589e+000 +1.4545e+000
1411 +6.891391648e-001 +6.891391648e-001 +4.358913916e+001 +4.358913916e+001 +2.6392e-001 -1.6591e+000 +1.4544e+000
% function evaluation | noise-free fitness - Fopt (6.286500000000e+002) | best noise-free fitness - Fopt | measured fitness | best measured fitness | x1 | x2...
1 +3.048131718e+002 +3.048131718e+002 +9.334631718e+002 +9.334631718e+002 -8.1935e+000 +6.6164e+000 +2.1106e+000
2 +7.040615224e+001 +7.040615224e+001 +6.990561522e+002 +6.990561522e+002 -1.9307e+000 +4.0398e+000 +5.4520e+000
6 +4.653947775e+001 +4.653947775e+001 +6.751894778e+002 +6.751894778e+002 -3.6963e+000 +5.1100e+000 -5.2212e-001
14 +1.843759013e+001 +1.843759013e+001 +6.470875901e+002 +6.470875901e+002 -2.9028e+000 +3.3465e+000 -4.9097e-001
28 +9.608881906e+000 +9.608881906e+000 +6.382588819e+002 +6.382588819e+002 -3.1135e+000 +2.5373e+000 -1.1050e+000
42 +7.270402457e+000 +7.270402457e+000 +6.359204025e+002 +6.359204025e+002 -3.9487e+000 +2.4132e+000 -1.6724e+000
50 +3.747248584e+000 +3.747248584e+000 +6.323972486e+002 +6.323972486e+002 -4.0094e+000 +2.1175e+000 -2.2744e+000
77 +3.507971303e+000 +3.507971303e+000 +6.321579713e+002 +6.321579713e+002 -3.2667e+000 +1.1180e+000 -2.4894e+000
80 +2.756747601e+000 +2.756747601e+000 +6.314067476e+002 +6.314067476e+002 -3.5466e+000 +1.5373e+000 -2.5187e+000
105 +2.139717772e+000 +2.139717772e+000 +6.307897178e+002 +6.307897178e+002 -3.3209e+000 +1.2794e+000 -2.5119e+000
159 +1.696754681e+000 +1.696754681e+000 +6.303467547e+002 +6.303467547e+002 -3.5559e+000 +1.3145e+000 -2.6906e+000
189 +1.656479072e+000 +1.656479072e+000 +6.303064791e+002 +6.303064791e+002 -3.4048e+000 +1.2102e+000 -2.6176e+000
248 +1.242625010e+000 +1.242625010e+000 +6.298926250e+002 +6.298926250e+002 -3.4479e+000 +1.3434e+000 -2.4892e+000
251 +1.198190949e+000 +1.198190949e+000 +6.298481909e+002 +6.298481909e+002 -3.4121e+000 +1.3379e+000 -2.5164e+000
318 +1.041026887e+000 +1.041026887e+000 +6.296910269e+002 +6.296910269e+002 -3.4278e+000 +1.3523e+000 -2.4906e+000
453 +1.019754387e+000 +1.019754387e+000 +6.296697544e+002 +6.296697544e+002 -3.4336e+000 +1.3633e+000 -2.5170e+000
695 +9.980895319e-001 +9.980895319e-001 +6.296480895e+002 +6.296480895e+002 -3.4352e+000 +1.3617e+000 -2.5144e+000
797 +9.767309308e-001 +9.767309308e-001 +6.296267309e+002 +6.296267309e+002 -3.4383e+000 +1.3650e+000 -2.5131e+000
824 +9.525706053e-001 +9.525706053e-001 +6.296025706e+002 +6.296025706e+002 -3.4442e+000 +1.3696e+000 -2.5121e+000
884 +9.287161233e-001 +9.287161233e-001 +6.295787161e+002 +6.295787161e+002 -3.4488e+000 +1.3778e+000 -2.5120e+000
1020 +9.094544468e-001 +9.094544468e-001 +6.295594544e+002 +6.295594544e+002 -3.4580e+000 +1.3867e+000 -2.5100e+000
% function evaluation | noise-free fitness - Fopt (-7.163000000000e+001) | best noise-free fitness - Fopt | measured fitness | best measured fitness | x1 | x2...
1 +2.485963464e+002 +2.485963464e+002 +1.769663464e+002 +1.769663464e+002 -7.4717e-001 -1.5337e-001 +3.7373e+000
2 +3.013505160e+001 +3.013505160e+001 -4.149494840e+001 -4.149494840e+001 -3.3060e-001 -2.3740e+000 +2.4665e+000
45 +2.046413129e+001 +2.046413129e+001 -5.116586871e+001 -5.116586871e+001 +2.5764e-001 -3.5331e+000 +1.4391e+000
95 +1.810684620e+001 +1.810684620e+001 -5.352315380e+001 -5.352315380e+001 +9.1440e-001 -4.7521e+000 +3.4828e+000
100 +1.753771031e+001 +1.753771031e+001 -5.409228969e+001 -5.409228969e+001 +1.2153e+000 -3.3637e+000 -6.2688e-001
107 +9.499028235e+000 +9.499028235e+000 -6.213097176e+001 -6.213097176e+001 +1.3588e+000 -3.8320e+000 +1.0945e+000
108 +8.062336524e+000 +8.062336524e+000 -6.356766348e+001 -6.356766348e+001 +1.2472e+000 -3.6986e+000 +4.3073e-001
110 +5.146886703e+000 +5.146886703e+000 -6.648311330e+001 -6.648311330e+001 +8.9867e-001 -5.0408e+000 +2.9538e+000
112 +3.839595592e+000 +3.839595592e+000 -6.779040441e+001 -6.779040441e+001 +1.3653e+000 -4.0770e+000 +2.4892e+000
230 +3.146141669e+000 +3.146141669e+000 -6.848385833e+001 -6.848385833e+001 +1.6857e+000 -3.7670e+000 +1.8956e+000
243 +1.539586585e+000 +1.539586585e+000 -7.009041342e+001 -7.009041342e+001 +1.6537e+000 -3.9559e+000 +2.6792e+000
346 +7.532816346e-001 +7.532816346e-001 -7.087671837e+001 -7.087671837e+001 +1.5841e+000 -3.9068e+000 +2.4295e+000
393 +4.010331160e-001 +4.010331160e-001 -7.122896688e+001 -7.122896688e+001 +1.5979e+000 -3.9283e+000 +2.4274e+000
417 +3.728939934e-001 +3.728939934e-001 -7.125710601e+001 -7.125710601e+001 +1.5836e+000 -3.9439e+000 +2.4308e+000
430 +3.500285961e-001 +3.500285961e-001 -7.127997140e+001 -7.127997140e+001 +1.5827e+000 -3.9299e+000 +2.3858e+000
492 +3.128679447e-001 +3.128679447e-001 -7.131713206e+001 -7.131713206e+001 +1.5835e+000 -3.9365e+000 +2.4050e+000
608 +3.018609460e-001 +3.018609460e-001 -7.132813905e+001 -7.132813905e+001 +1.5802e+000 -3.9367e+000 +2.3972e+000
618 +2.911174060e-001 +2.911174060e-001 -7.133888259e+001 -7.133888259e+001 +1.5812e+000 -3.9423e+000 +2.4103e+000
% function evaluation | noise-free fitness - Fopt (1.976000000000e+001) | best noise-free fitness - Fopt | measured fitness | best measured fitness | x1 | x2...
1 +1.944406188e+002 +1.944406188e+002 +2.142006188e+002 +2.142006188e+002 -3.0488e+000 +2.3207e+000 -3.3991e-002
3 +8.030656606e+001 +8.030656606e+001 +1.000665661e+002 +1.000665661e+002 +8.7771e-002 -1.5027e+000 -2.6645e+000
7 +3.214590956e+001 +3.214590956e+001 +5.190590956e+001 +5.190590956e+001 +1.2905e-001 +1.9297e+000 -1.4537e+000
31 +1.753030745e+001 +1.753030745e+001 +3.729030745e+001 +3.729030745e+001 +1.5785e+000 +1.2893e+000 -2.2491e+000
52 +7.764065997e+000 +7.764065997e+000 +2.752406600e+001 +2.752406600e+001 +3.0740e+000 +1.3095e+000 -2.6392e+000
75 +7.001964027e+000 +7.001964027e+000 +2.676196403e+001 +2.676196403e+001 +1.6002e+000 +2.6240e+000 -3.2815e+000
202 +6.569424338e+000 +6.569424338e+000 +2.632942434e+001 +2.632942434e+001 +4.0660e+000 +5.7603e-001 -3.9875e+000
219 +6.258230821e+000 +6.258230821e+000 +2.601823082e+001 +2.601823082e+001 +3.6138e+000 +4.5782e-001 -4.0128e+000
246 +5.937030279e+000 +5.937030279e+000 +2.569703028e+001 +2.569703028e+001 +3.7662e+000 +4.6191e-001 -3.7853e+000
257 +4.082973747e+000 +4.082973747e+000 +2.384297375e+001 +2.384297375e+001 +3.5423e+000 +5.7652e-001 -3.8327e+000
259 +4.033015354e+000 +4.033015354e+000 +2.379301535e+001 +2.379301535e+001 +3.7425e+000 +3.8704e-001 -3.8549e+000
261 +3.837097508e+000 +3.837097508e+000 +2.359709751e+001 +2.359709751e+001 +3.5352e+000 +4.9424e-001 -3.9273e+000
262 +2.187562880e+000 +2.187562880e+000 +2.194756288e+001 +2.194756288e+001 +3.8508e+000 +4.4101e-001 -3.7348e+000
274 +1.429373552e+000 +1.429373552e+000 +2.118937355e+001 +2.118937355e+001 +3.8191e+000 +4.3186e-001 -3.6879e+000
702 +1.407589831e+000 +1.407589831e+000 +2.116758983e+001 +2.116758983e+001 +3.9728e+000 +4.6308e-001 -3.4176e+000
851 +1.350470454e+000 +1.350470454e+000 +2.111047045e+001 +2.111047045e+001 +3.9698e+000 +4.3879e-001 -3.4391e+000
% function evaluation | noise-free fitness - Fopt (6.100000000000e-001) | best noise-free fitness - Fopt | measured fitness | best measured fitness | x1 | x2...
1 +8.234870035e+003 +8.234870035e+003 +8.235480035e+003 +8.235480035e+003 -5.2786e+000 +3.7095e+000 +9.5638e+000
2 +2.715781488e+001 +2.715781488e+001 +2.776781488e+001 +2.776781488e+001 +2.2197e+000 +1.7763e+000 -2.1135e+000
35 +2.538677822e+001 +2.538677822e+001 +2.599677822e+001 +2.599677822e+001 +1.0649e+000 +3.9521e+000 -2.2807e+000
63 +1.651202095e+001 +1.651202095e+001 +1.712202095e+001 +1.712202095e+001 +1.8763e+000 +2.0979e+000 -3.5118e+000
86 +1.325277341e+001 +1.325277341e+001 +1.386277341e+001 +1.386277341e+001 +1.9281e+000 +2.3026e+000 -3.9533e+000
129 +9.972366744e+000 +9.972366744e+000 +1.058236674e+001 +1.058236674e+001 +1.8361e+000 +1.9336e+000 -2.8648e+000
184 +8.090391000e+000 +8.090391000e+000 +8.700391000e+000 +8.700391000e+000 +1.9456e+000 +2.1428e+000 -2.5353e+000
186 +6.524623484e+000 +6.524623484e+000 +7.134623484e+000 +7.134623484e+000 +2.0311e+000 +2.1753e+000 -1.4465e+000
226 +6.089930084e+000 +6.089930084e+000 +6.699930084e+000 +6.699930084e+000 +1.9068e+000 +2.1228e+000 -1.5718e+000
246 +4.778770694e+000 +4.778770694e+000 +5.388770694e+000 +5.388770694e+000 +1.6084e+000 +2.1261e+000 -1.8123e+000
265 +4.554113831e+000 +4.554113831e+000 +5.164113831e+000 +5.164113831e+000 +1.7948e+000 +2.1133e+000 -1.8758e+000
377 +2.247728873e+000 +2.247728873e+000 +2.857728873e+000 +2.857728873e+000 +1.3185e+000 +1.9677e+000 -2.3907e+000
384 +1.889650984e+000 +1.889650984e+000 +2.499650984e+000 +2.499650984e+000 +1.3364e+000 +2.1371e+000 -2.5001e+000
425 +1.806988395e+000 +1.806988395e+000 +2.416988395e+000 +2.416988395e+000 +1.2371e+000 +2.0633e+000 -2.8410e+000
468 +6.570161310e-001 +6.570161310e-001 +1.267016131e+000 +1.267016131e+000 +1.0660e+000 +2.0037e+000 -3.1118e+000
512 +6.044038419e-001 +6.044038419e-001 +1.214403842e+000 +1.214403842e+000 +1.1564e+000 +2.0267e+000 -2.9651e+000
550 +5.344035090e-001 +5.344035090e-001 +1.144403509e+000 +1.144403509e+000 +1.1198e+000 +1.9247e+000 -2.9383e+000
553 +4.150606642e-001 +4.150606642e-001 +1.025060664e+000 +1.025060664e+000 +1.1195e+000 +2.0070e+000 -2.9703e+000
599 +2.165670786e-001 +2.165670786e-001 +8.265670786e-001 +8.265670786e-001 +1.0909e+000 +1.9878e+000 -3.0116e+000
655 +1.593750968e-001 +1.593750968e-001 +7.693750968e-001 +7.693750968e-001 +1.0998e+000 +1.9586e+000 -2.9851e+000
801 +1.576854969e-001 +1.576854969e-001 +7.676854969e-001 +7.676854969e-001 +1.0949e+000 +1.9631e+000 -2.9989e+000
% function evaluation | noise-free fitness - Fopt (-8.634400000000e+002) | best noise-free fitness - Fopt | measured fitness | best measured fitness | x1 | x2...
1 +2.226803456e+002 +2.226803456e+002 -6.407596544e+002 -6.407596544e+002 -8.1912e+000 -3.4193e+000 +4.7537e+000
2 +1.202699077e+002 +1.202699077e+002 -7.431700923e+002 -7.431700923e+002 -1.1690e+000 -3.3634e+000 +6.0635e+000
4 +1.629347157e+001 +1.629347157e+001 -8.471465284e+002 -8.471465284e+002 -3.4999e+000 -1.8748e+000 +9.0098e-001
10 +1.608686170e+001 +1.608686170e+001 -8.473531383e+002 -8.473531383e+002 -5.4402e-001 -1.5830e+000 +2.1063e+000
23 +1.186575233e+001 +1.186575233e+001 -8.515742477e+002 -8.515742477e+002 -3.2226e+000 -1.9811e+000 +2.5878e+000
73 +8.211957967e+000 +8.211957967e+000 -8.552280420e+002 -8.552280420e+002 -2.5110e+000 -1.9619e+000 +1.1244e+000
83 +8.086870641e+000 +8.086870641e+000 -8.553531294e+002 -8.553531294e+002 -2.7493e+000 -2.0202e+000 +1.3092e+000
100 +7.322542192e+000 +7.322542192e+000 -8.561174578e+002 -8.561174578e+002 -1.7172e+000 -1.6121e+000 +1.4263e+000
104 +6.612769465e+000 +6.612769465e+000 -8.568272305e+002 -8.568272305e+002 -2.4453e+000 -2.3986e+000 +1.4714e+000
107 +5.281980221e+000 +5.281980221e+000 -8.581580198e+002 -8.581580198e+002 -2.2263e+000 -1.5397e+000 +1.4795e+000
142 +5.115414412e+000 +5.115414412e+000 -8.583245856e+002 -8.583245856e+002 -2.6894e+000 -2.2432e+000 +1.7605e+000
149 +3.240722178e+000 +3.240722178e+000 -8.601992778e+002 -8.601992778e+002 -3.0950e+000 -2.4491e+000 +1.8610e+000
173 +2.727798208e+000 +2.727798208e+000 -8.607122018e+002 -8.607122018e+002 -2.8072e+000 -2.3111e+000 +1.9246e+000
176 +1.551504339e+000 +1.551504339e+000 -8.618884957e+002 -8.618884957e+002 -3.1352e+000 -2.3503e+000 +1.8615e+000
185 +1.410754086e+000 +1.410754086e+000 -8.620292459e+002 -8.620292459e+002 -2.9050e+000 -2.3345e+000 +1.9257e+000
249 +6.108093829e-001 +6.108093829e-001 -8.628291906e+002 -8.628291906e+002 -3.2185e+000 -2.5277e+000 +2.0221e+000
343 +5.624704806e-001 +5.624704806e-001 -8.628775295e+002 -8.628775295e+002 -3.3857e+000 -2.5667e+000 +2.0287e+000
356 +5.518387281e-001 +5.518387281e-001 -8.628881613e+002 -8.628881613e+002 -3.4144e+000 -2.5688e+000 +2.0368e+000
362 +4.874869188e-001 +4.874869188e-001 -8.629525131e+002 -8.629525131e+002 -3.4327e+000 -2.5769e+000 +2.0418e+000
457 +4.725324305e-001 +4.725324305e-001 -8.629674676e+002 -8.629674676e+002 -3.1866e+000 -2.4850e+000 +2.0168e+000
534 +4.622380097e-001 +4.622380097e-001 -8.629777620e+002 -8.629777620e+002 -3.2109e+000 -2.4960e+000 +2.0162e+000
537 +4.512448464e-001 +4.512448464e-001 -8.629887552e+002 -8.629887552e+002 -3.2112e+000 -2.4796e+000 +2.0115e+000
574 +4.403025413e-001 +4.403025413e-001 -8.629996975e+002 -8.629996975e+002 -3.2032e+000 -2.4949e+000 +2.0147e+000
575 +3.893419391e-001 +3.893419391e-001 -8.630506581e+002 -8.630506581e+002 -3.2064e+000 -2.4697e+000 +2.0045e+000
600 +3.684267756e-001 +3.684267756e-001 -8.630715732e+002 -8.630715732e+002 -3.2038e+000 -2.4810e+000 +2.0076e+000
611 +2.767115044e-001 +2.767115044e-001 -8.631632885e+002 -8.631632885e+002 -3.2054e+000 -2.4624e+000 +1.9966e+000
1077 +2.544576114e-001 +2.544576114e-001 -8.631855424e+002 -8.631855424e+002 -3.2028e+000 -2.4619e+000 +1.9961e+000
1193 +2.488817960e-001 +2.488817960e-001 -8.631911182e+002 -8.631911182e+002 -3.2040e+000 -2.4635e+000 +1.9972e+000
1301 +2.210096422e-001 +2.210096422e-001 -8.632189904e+002 -8.632189904e+002 -3.2063e+000 -2.4645e+000 +1.9973e+000
1367 +2.021644460e-001 +2.021644460e-001 -8.632378356e+002 -8.632378356e+002 -3.2064e+000 -2.4651e+000 +1.9976e+000
1620 +1.986321779e-001 +1.986321779e-001 -8.632413678e+002 -8.632413678e+002 -3.2064e+000 -2.4651e+000 +1.9976e+000
% function evaluation | noise-free fitness - Fopt (1.318500000000e+002) | best noise-free fitness - Fopt | measured fitness | best measured fitness | x1 | x2...
1 +1.405922687e+002 +1.405922687e+002 +2.724422687e+002 +2.724422687e+002 +5.4135e+000 -3.8434e+000 +5.0308e-001
4 +1.127918554e+002 +1.127918554e+002 +2.446418554e+002 +2.446418554e+002 +3.1608e+000 -1.9585e+000 -1.0284e+000
5 +5.107703034e+001 +5.107703034e+001 +1.829270303e+002 +1.829270303e+002 +1.2986e+000 +6.6742e-001 +5.6740e-001
30 +7.221518387e+000 +7.221518387e+000 +1.390715184e+002 +1.390715184e+002 +5.1436e-001 +2.0429e+000 +2.0034e+000
155 +4.863713370e+000 +4.863713370e+000 +1.367137134e+002 +1.367137134e+002 +2.1535e-001 +2.3503e+000 +1.5217e+000
228 +3.678220377e+000 +3.678220377e+000 +1.355282204e+002 +1.355282204e+002 +2.5798e-001 +1.9904e+000 +1.4972e+000
255 +3.411230113e+000 +3.411230113e+000 +1.352612301e+002 +1.352612301e+002 +4.8104e-001 +3.9438e+000 +1.6461e+000
270 +2.993212215e+000 +2.993212215e+000 +1.348432122e+002 +1.348432122e+002 +3.3241e-001 +2.9361e+000 +1.6472e+000
331 +2.122761388e+000 +2.122761388e+000 +1.339727614e+002 +1.339727614e+002 -1.4947e-001 +1.4115e-001 +1.6177e+000
374 +1.100618526e+000 +1.100618526e+000 +1.329506185e+002 +1.329506185e+002 +2.7443e-002 +4.0125e-001 +1.7353e+000
387 +8.458204290e-001 +8.458204290e-001 +1.326958204e+002 +1.326958204e+002 -9.6575e-003 +4.6668e-001 +1.7857e+000
431 +6.616502907e-001 +6.616502907e-001 +1.325116503e+002 +1.325116503e+002 +3.4271e-002 +3.5308e-001 +1.6812e+000
445 +4.388170579e-001 +4.388170579e-001 +1.322888171e+002 +1.322888171e+002 -1.5550e-002 +3.4299e-001 +1.7799e+000
485 +3.151311693e-001 +3.151311693e-001 +1.321651312e+002 +1.321651312e+002 -2.1422e-002 +2.3915e-001 +1.7550e+000
515 +2.601587109e-001 +2.601587109e-001 +1.321101587e+002 +1.321101587e+002 -1.4164e-002 +3.3809e-001 +1.7492e+000
546 +2.499010891e-001 +2.499010891e-001 +1.320999011e+002 +1.320999011e+002 -1.5878e-002 +3.2302e-001 +1.7502e+000
680 +2.306810407e-001 +2.306810407e-001 +1.320806810e+002 +1.320806810e+002 -9.9952e-003 +3.2333e-001 +1.7505e+000
694 +2.184017930e-001 +2.184017930e-001 +1.320684018e+002 +1.320684018e+002 -1.0577e-002 +3.2652e-001 +1.7493e+000
735 +2.042639819e-001 +2.042639819e-001 +1.320542640e+002 +1.320542640e+002 -9.3262e-003 +3.2920e-001 +1.7491e+000
814 +2.028506191e-001 +2.028506191e-001 +1.320528506e+002 +1.320528506e+002 -9.5691e-003 +3.2960e-001 +1.7494e+000
881 +1.988013434e-001 +1.988013434e-001 +1.320488013e+002 +1.320488013e+002 -9.1439e-003 +3.3499e-001 +1.7491e+000
