% function evaluation | noise-free fitness - Fopt (-9.210000000000e+000) | best noise-free fitness - Fopt | measured fitness | best measured fitness | x1 | x2...
1 +2.105695875e+002 +2.105695875e+002 +2.013595875e+002 +2.013595875e+002 -4.4618e-001 +1.9724e+000 +3.4482e+000 +1.0920e+000 -2.2705e+000 -4.4954e+000 +1.0682e+000 -1.7768e+000 -3.3754e+000 -2.5238e+000
2 +2.059468981e+002 +2.059468981e+002 +1.967368981e+002 +1.967368981e+002 -2.8898e-001 +1.7737e+000 +3.8049e+000 +3.2027e+000 -3.1684e+000 -3.0799e+000 +2.2678e+000 -7.6421e-001 -3.1724e+000 -4.0223e-001
3 +1.966066902e+002 +1.966066902e+002 +1.873966902e+002 +1.873966902e+002 -2.8147e-001 -4.1950e-001 +4.3948e+000 +1.3922e+000 -2.1715e+000 -4.0430e+000 +1.1551e+000 +2.2967e+000 -3.6585e+000 -1.5919e+000
4 +1.833331568e+002 +1.833331568e+002 +1.741231568e+002 +1.741231568e+002 +1.8716e-001 +1.5283e+000 +3.3005e+000 +3.1645e-001 -3.1077e+000 -4.4021e+000 +3.5427e+000 -1.3173e+000 -2.4018e+000 -2.9888e+000
39 +1.485829886e+002 +1.485829886e+002 +1.393729886e+002 +1.393729886e+002 -1.6360e+000 +1.8717e+000 +4.1265e+000 +2.6120e-001 -3.8524e+000 -4.5981e+000 +1.5681e+000 -6.0100e-001 +3.7815e-001 -4.6739e+000
151 +1.376375222e+002 +1.376375222e+002 +1.284275222e+002 +1.284275222e+002 -9.9737e-001 +2.7332e+000 +2.2594e+000 +1.5218e+000 -4.5944e+000 -1.2811e+000 +3.4198e+000 -1.2174e+000 +1.5234e-002 -4.0257e+000
185 +1.303005270e+002 +1.303005270e+002 +1.210905270e+002 +1.210905270e+002 -1.7238e+000 +1.9646e+000 +3.9672e+000 +3.6229e-001 -4.1208e+000 -1.7135e+000 +2.1410e+000 +1.2722e+000 -9.0891e-001 -5.5293e+000
203 +1.008056717e+002 +1.008056717e+002 +9.159567174e+001 +9.159567174e+001 -4.8608e+000 +2.1825e+000 +6.4769e+000 +3.4669e+000 -7.5963e+000 -4.5205e+000 +3.0249e+000 +1.8234e-001 +4.5440e+000 -4.1791e+000
255 +5.632964900e+001 +5.632964900e+001 +4.711964900e+001 +4.711964900e+001 -4.2298e-001 +4.9725e+000 +7.6783e+000 +5.7249e+000 -5.0594e+000 -2.6373e+000 +6.7763e+000 +1.0926e+000 +8.0068e+000 -5.1493e+000
305 +5.360407205e+001 +5.360407205e+001 +4.439407205e+001 +4.439407205e+001 +2.3237e+001 +2.5523e+000 +5.4701e+000 +2.8459e+000 -3.6366e+000 +3.4641e+000 +4.0626e+000 +2.4116e+000 +2.8534e+000 -5.9329e+000
313 +5.237000457e+001 +5.237000457e+001 +4.316000457e+001 +4.316000457e+001 -7.6267e-001 +2.4499e+000 +1.8943e+000 +1.4649e+000 -5.1600e+000 +5.0996e+000 +4.7455e+000 +3.5591e+000 +2.3268e+000 -5.3722e+000
331 +3.883338250e+001 +3.883338250e+001 +2.962338250e+001 +2.962338250e+001 -4.5703e+000 +3.5646e+000 +6.0175e+000 +5.8506e+000 -2.7824e+000 -9.0979e-001 +6.9880e+000 +5.2263e+000 +7.6101e+000 -5.7605e+000
368 +3.291930433e+001 +3.291930433e+001 +2.370930433e+001 +2.370930433e+001 -8.3539e-002 +3.3189e+000 +9.0091e+000 +3.3233e+000 -6.2165e+000 +4.2881e+000 +6.2189e+000 +1.7483e+000 +6.2046e+000 -6.1207e+000
407 +1.638832780e+001 +1.638832780e+001 +7.178327797e+000 +7.178327797e+000 -1.1367e+000 +3.1304e+000 +5.5547e+000 +1.9643e+000 -5.0661e+000 +6.0991e+000 +5.9295e+000 +5.8993e+000 +4.8325e+000 -7.2011e+000
458 +1.565745044e+001 +1.565745044e+001 +6.447450443e+000 +6.447450443e+000 +1.2494e+000 +3.9009e-001 +1.0575e+001 +6.0752e+000 -9.0745e+000 +4.1593e+000 +6.3550e+000 +5.1147e+000 +4.6214e+000 -9.1451e+000
484 +1.434664964e+001 +1.434664964e+001 +5.136649641e+000 +5.136649641e+000 -2.6487e+000 +5.0755e+000 +3.6011e+000 +2.9742e+000 -5.5504e+000 +5.4951e+000 +6.2725e+000 +6.3481e+000 +5.0728e+000 -8.3232e+000
504 +7.766176113e+000 +7.766176113e+000 -1.443823887e+000 -1.443823887e+000 +7.1629e+000 +4.3616e+000 +7.5563e+000 +2.8085e+000 -6.1590e+000 +5.2341e+000 +3.2188e+001 +1.0001e+001 +4.7132e+000 -6.0164e+000
538 +5.019220617e+000 +5.019220617e+000 -4.190779383e+000 -4.190779383e+000 +3.6046e+000 +3.5159e+000 +9.9250e+000 +4.2077e+000 -6.6847e+000 +5.7007e+000 +7.9093e+000 +7.5643e+000 +6.7562e+000 -1.0466e+001
553 +1.854618091e+000 +1.854618091e+000 -7.355381909e+000 -7.355381909e+000 +1.1122e+001 +3.5640e+000 +9.2399e+000 +5.2972e+000 -7.3295e+000 +8.8389e+000 +1.3017e+001 +8.2693e+000 +7.6272e+000 -1.3633e+001
584 +1.231985861e+000 +1.231985861e+000 -7.978014139e+000 -7.978014139e+000 +3.7702e+000 +4.9983e+000 +5.8541e+000 +5.7035e+000 -5.2675e+000 +1.0661e+001 +3.6856e+001 +7.6068e+000 +6.4665e+000 -8.5980e+000
622 +2.559682794e-001 +2.559682794e-001 -8.954031721e+000 -8.954031721e+000 +7.7565e+000 +4.8018e+000 +1.0715e+001 +9.7922e+000 -7.9539e+000 +8.2983e+000 +3.2560e+001 +9.7418e+000 +5.6718e+000 -1.1259e+001
625 +0.000000000e+000 +0.000000000e+000 -9.210000000e+000 -9.210000000e+000 +1.3844e+001 +5.2072e+000 +7.8241e+000 +7.5084e+000 -6.8774e+000 +7.9856e+000 +2.0970e+001 +9.1579e+000 +6.6888e+000 -9.0031e+000
% function evaluation | noise-free fitness - Fopt (6.559900000000e+002) | best noise-free fitness - Fopt | measured fitness | best measured fitness | x1 | x2...
1 +1.510041268e+002 +1.510041268e+002 +8.069941268e+002 +8.069941268e+002 -4.2033e+000 -3.6853e+000 +5.2090e+000 +9.5112e-001 +2.4602e-002 -4.6911e-001 -1.4363e+000 -6.5869e-001 -8.2869e-001 -4.8675e+000
8 +1.464092636e+002 +1.464092636e+002 +8.023992636e+002 +8.023992636e+002 -3.0536e+000 -3.7756e+000 +4.2696e+000 +1.2502e+000 -5.7926e-001 -5.2959e-001 -2.1359e+000 -5.5241e-001 -5.5112e-002 -5.1233e+000
29 +1.344180505e+002 +1.344180505e+002 +7.904080505e+002 +7.904080505e+002 -2.8884e+000 -3.3177e+000 +4.3698e+000 +9.1586e-001 -1.8044e+000 +1.5009e-001 -1.3601e+000 -2.4234e-001 -1.8737e+000 -5.3452e+000
60 +1.281578136e+002 +1.281578136e+002 +7.841478136e+002 +7.841478136e+002 -2.4569e+000 -3.1076e+000 +2.8213e+000 +1.7431e+000 -7.8181e-002 -9.4409e-002 -5.1596e+000 -3.7809e-001 -5.2770e-001 -5.3417e+000
62 +1.176429163e+002 +1.176429163e+002 +7.736329163e+002 +7.736329163e+002 -2.8201e+000 -2.3305e+000 +4.2232e+000 +5.7519e-001 -7.4265e-001 -3.1000e-001 -2.4433e+000 +1.9129e+000 -2.2810e+000 -4.8671e+000
120 +1.165183182e+002 +1.165183182e+002 +7.725083182e+002 +7.725083182e+002 -1.8860e+000 -3.6725e+000 +4.4196e+000 +1.6979e+000 -6.9769e-001 -5.6793e-001 -3.0593e+000 +1.6495e-001 -2.5205e+000 -5.3481e+000
134 +9.555991388e+001 +9.555991388e+001 +7.515499139e+002 +7.515499139e+002 -5.1743e-001 -4.6852e+000 +3.4248e+000 +2.5572e+000 -1.3826e+000 -6.3380e-001 -2.3308e+000 -3.6687e-001 -6.4319e+000 -6.0352e+000
160 +8.718813753e+001 +8.718813753e+001 +7.431781375e+002 +7.431781375e+002 -4.9012e+000 -2.1761e+000 +4.1266e+000 +1.4135e+000 +4.0326e-001 -1.9561e+000 -5.8034e+000 +8.5621e+000 -1.8080e+000 -5.4950e+000
201 +8.091952433e+001 +8.091952433e+001 +7.369095243e+002 +7.369095243e+002 -4.1481e+000 -5.9520e+000 +3.9288e+000 +1.3407e+000 -1.1149e+000 +4.2637e-001 -2.6878e+000 +5.5736e+000 -3.9733e+000 -5.8220e+000
202 +5.160368394e+001 +5.160368394e+001 +7.075936839e+002 +7.075936839e+002 -3.9825e+000 -1.8483e+000 +1.4518e+000 +2.4162e+000 -1.2447e+000 -2.0037e+000 -5.6074e+000 +5.4471e+000 -8.5404e+000 -4.8996e+000
257 +5.066992200e+001 +5.066992200e+001 +7.066599220e+002 +7.066599220e+002 -2.6112e+000 -2.4899e+000 +3.7466e+000 +1.6926e+000 -1.5233e+000 -2.6665e+000 -5.0472e+000 +4.9932e+000 -5.0537e+000 -5.6882e+000
312 +4.602049184e+001 +4.602049184e+001 +7.020104918e+002 +7.020104918e+002 +3.5749e-001 -5.0611e+000 +4.2027e+000 +3.9235e+000 -2.1026e+000 -4.9124e+000 -4.5032e+000 +4.2657e+000 -3.8863e+000 -6.2866e+000
336 +4.391742693e+001 +4.391742693e+001 +6.999074269e+002 +6.999074269e+002 -8.5408e-001 -5.2703e+000 +5.1824e+000 +1.6759e+000 -1.4833e+000 -4.6298e+000 -4.3966e+000 +5.7024e+000 -6.5813e+000 -5.8416e+000
360 +3.824268279e+001 +3.824268279e+001 +6.942326828e+002 +6.942326828e+002 +8.3600e+000 -3.0782e+000 +4.5363e+000 +1.4651e+000 -1.0259e+000 -6.8335e+000 -7.3188e+000 +5.8109e+000 -4.8477e+000 -5.7031e+000
365 +3.728493909e+001 +3.728493909e+001 +6.932749391e+002 +6.932749391e+002 -1.3262e+000 -6.7569e+000 +3.8156e+000 +1.8962e+000 -1.6331e+000 -4.9450e+000 -6.7209e+000 +5.4303e+000 -8.5449e+000 -6.2753e+000
409 +3.492225612e+001 +3.492225612e+001 +6.909122561e+002 +6.909122561e+002 -6.8854e-001 -6.0685e+000 +3.5173e+000 +2.5126e+000 -1.5258e+000 -5.2744e+000 -6.7863e+000 +1.2066e+001 -7.8791e+000 -5.7565e+000
410 +3.058323159e+001 +3.058323159e+001 +6.865732316e+002 +6.865732316e+002 +4.9291e+000 -6.5226e+000 -4.5487e-002 +2.6582e+000 +2.3755e-001 -4.8665e+000 -1.0061e+001 +4.6416e+000 -1.1193e+001 -5.2403e+000
417 +2.965980352e+001 +2.965980352e+001 +6.856498035e+002 +6.856498035e+002 +8.3445e+000 -6.5963e+000 +4.1373e+000 +5.0527e+000 -2.3694e+000 -3.0249e+000 -9.1399e+000 +6.8838e+000 -6.7723e+000 -6.4552e+000
451 +2.895203565e+001 +2.895203565e+001 +6.849420357e+002 +6.849420357e+002 +1.4458e+001 -7.3741e+000 +4.3461e+000 +1.8190e+000 -4.0372e+000 -7.4060e+000 -7.6237e+000 +4.3612e+000 -9.9065e+000 -8.3828e+000
470 +2.823326519e+001 +2.823326519e+001 +6.842232652e+002 +6.842232652e+002 +4.1501e+000 -7.6670e+000 +3.3239e+000 +3.1479e+000 -1.5830e+000 -5.4867e+000 -7.7849e+000 +6.7562e+000 -7.7485e+000 -7.4215e+000
471 +2.294315037e+001 +2.294315037e+001 +6.789331504e+002 +6.789331504e+002 +8.0479e+000 -6.2859e+000 -1.8488e+000 +4.8524e+000 -4.2973e+000 -7.1112e-001 -6.3086e+000 +6.4904e+000 -6.0689e+000 -6.9225e+000
473 +1.970901834e+001 +1.970901834e+001 +6.756990183e+002 +6.756990183e+002 +4.6603e+000 -4.9982e+000 +5.2636e+000 +3.9574e+000 -5.0267e+000 -5.7168e+000 -7.6466e+000 +7.6393e+000 -9.5838e+000 -8.5725e+000
501 +1.841001916e+001 +1.841001916e+001 +6.744000192e+002 +6.744000192e+002 +6.9765e+000 -6.1618e+000 -3.0149e+000 +3.1627e+000 -9.9635e-001 -5.0270e+000 -6.3313e+000 +7.6344e+000 -9.2564e+000 -7.4995e+000
521 +1.568374470e+001 +1.568374470e+001 +6.716737447e+002 +6.716737447e+002 +5.3326e+000 -5.6354e+000 +4.0466e+000 +4.7247e+000 -6.0700e+000 -7.5549e+000 -7.8171e+000 +6.4822e+000 -1.8639e+001 -5.0110e+000
553 +1.077246798e+001 +1.077246798e+001 +6.667624680e+002 +6.667624680e+002 +7.8549e+000 -7.1752e+000 -8.0349e-001 +4.9354e+000 -5.1348e+000 -7.2524e+000 -5.7170e+000 +5.7831e+000 -9.1596e+000 -4.6367e+000
623 +6.052996668e+000 +6.052996668e+000 +6.620429967e+002 +6.620429967e+002 +9.9680e+000 -6.9909e+000 -1.7156e+000 +5.6079e+000 -4.7936e+000 -7.8733e+000 -9.6277e+000 +5.5599e+000 -1.0153e+001 -6.7307e+000
704 +5.516125257e+000 +5.516125257e+000 +6.615061253e+002 +6.615061253e+002 +1.2068e+001 -3.8956e+000 -3.4361e+000 +5.3545e+000 -4.4677e+000 -8.6078e+000 -8.6248e+000 +8.5091e+000 -6.1650e+000 -1.2290e+001
732 +2.334551782e+000 +2.334551782e+000 +6.583245518e+002 +6.583245518e+002 +1.5885e+001 -6.2719e+000 -3.6005e+000 +6.3390e+000 -1.2123e+001 -1.2834e+001 -8.1229e+000 +1.0477e+001 -1.4854e+001 -1.2808e+001
746 +1.310081576e+000 +1.310081576e+000 +6.573000816e+002 +6.573000816e+002 +1.8578e+001 -9.5415e+000 -4.2146e+000 +5.9793e+000 -7.2161e+000 -8.2919e+000 -7.9169e+000 +7.2356e+000 -8.2812e+000 -9.7913e+000
808 +0.000000000e+000 +0.000000000e+000 +6.559900000e+002 +6.559900000e+002 +1.4077e+001 -6.7354e+000 -6.7109e+000 +5.6869e+000 -9.4995e+000 -9.6557e+000 -1.2797e+001 +1.5876e+001 -1.4577e+001 -1.8941e+001
% function evaluation | noise-free fitness - Fopt (6.671000000000e+001) | best noise-free fitness - Fopt | measured fitness | best measured fitness | x1 | x2...
1 +2.625643894e+002 +2.625643894e+002 +3.292743894e+002 +3.292743894e+002 +4.4341e+000 -4.6768e-001 -4.2536e+000 +1.8400e+000 +4.4566e+000 -3.3438e+000 -7.1655e-001 -2.4577e+000 -5.1525e+000 +1.9194e+000
8 +2.566393567e+002 +2.566393567e+002 +3.233493567e+002 +3.233493567e+002 +4.5795e+000 -5.9824e-001 -4.3603e+000 +2.3754e+000 +4.8908e+000 -4.5763e+000 -1.0682e+000 -2.0574e+000 -4.9279e+000 +9.9572e-001
17 +2.493686556e+002 +2.493686556e+002 +3.160786556e+002 +3.160786556e+002 +4.3149e+000 -2.5533e-001 -6.6175e+000 +1.8622e+000 +4.5895e+000 -3.4873e+000 -6.0096e-001 -3.0571e+000 -4.1082e+000 +1.7393e+000
19 +2.133008546e+002 +2.133008546e+002 +2.800108546e+002 +2.800108546e+002 +4.8142e+000 -5.0146e-002 -3.5596e+000 +2.1196e+000 +4.3063e+000 -3.7290e+000 -3.1313e-001 -4.0685e+000 -2.2266e-001 +1.3444e+000
83 +1.998083840e+002 +1.998083840e+002 +2.665183840e+002 +2.665183840e+002 +4.9995e+000 +3.8845e-001 -4.3276e+000 +2.6549e+000 +4.8042e+000 -4.0748e+000 -3.2762e+000 -3.6912e+000 -2.8662e+000 -9.9708e-001
104 +1.810328068e+002 +1.810328068e+002 +2.477428068e+002 +2.477428068e+002 +3.1770e+000 +8.6058e-001 -7.0015e+000 +2.2281e+000 +4.2833e+000 +1.5281e+000 -2.4780e+000 -5.6216e+000 -2.6106e+000 +3.7419e-002
159 +1.545282533e+002 +1.545282533e+002 +2.212382533e+002 +2.212382533e+002 +4.6742e+000 -4.4956e+000 -4.0693e+000 -4.1923e-001 +4.9288e+000 -4.7856e-001 -2.6079e-001 -3.4238e+000 -1.7434e+000 -5.8865e+000
160 +1.424082101e+002 +1.424082101e+002 +2.091182101e+002 +2.091182101e+002 +3.8607e+000 +1.3745e+000 -4.5952e+000 +1.1646e+000 +2.7651e+000 -3.4281e+000 -2.1549e+000 -4.1223e+000 -5.4676e-001 -4.6934e+000
163 +1.387798469e+002 +1.387798469e+002 +2.054898469e+002 +2.054898469e+002 +4.5421e+000 -6.9633e-001 -1.1038e+000 +3.4242e+000 -1.7741e+000 -9.6008e-001 -2.4174e+000 -3.8276e+000 +9.9354e+000 +1.4374e+000
201 +1.168034128e+002 +1.168034128e+002 +1.835134128e+002 +1.835134128e+002 -3.3012e+000 -1.6053e+000 -2.4450e+000 +2.5791e+000 +4.4230e+000 +1.6108e-001 -1.0873e+000 -3.4638e+000 +2.7797e+000 -3.6929e+000
211 +9.397620391e+001 +9.397620391e+001 +1.606862039e+002 +1.606862039e+002 +2.6897e+000 -2.3534e+000 -2.4305e+000 +1.9762e+000 +4.6198e+000 -2.3550e+000 -4.2939e+000 -5.0270e+000 +3.1888e+000 -4.8434e+000
243 +9.191904827e+001 +9.191904827e+001 +1.586290483e+002 +1.586290483e+002 +4.8373e+000 +1.1614e+000 -5.7853e+000 +4.6390e-001 +4.8268e+000 -2.2207e+000 -7.5421e+000 -3.1555e+000 +6.2335e+000 -2.4652e+001
251 +5.552506912e+001 +5.552506912e+001 +1.222350691e+002 +1.222350691e+002 +2.5115e+000 -2.4441e+000 -4.3880e+000 +1.1231e+000 +4.2143e+000 +2.3010e+000 -7.3225e+000 -6.5092e+000 +1.0347e+001 -9.4441e+000
258 +4.757872655e+001 +4.757872655e+001 +1.142887266e+002 +1.142887266e+002 +1.3106e+000 -4.1119e+000 -2.6710e+000 +3.6146e+000 +5.2826e+000 +3.7090e+000 -1.3279e+001 -8.1847e+000 +5.0739e+000 -7.6887e+000
342 +3.912395594e+001 +3.912395594e+001 +1.058339559e+002 +1.058339559e+002 +2.0642e+000 -3.7116e+000 -2.5597e+000 +4.5338e+000 -3.5064e+000 +5.5774e-002 -4.2683e+000 -5.5929e+000 +7.8438e+000 -5.0453e+000
406 +3.821698756e+001 +3.821698756e+001 +1.049269876e+002 +1.049269876e+002 +1.3398e+000 -9.6109e+000 -5.6484e+000 +3.6098e+000 +3.3422e+000 +3.4224e+000 -5.0910e+000 -5.5597e+000 +1.4366e+001 -9.3726e+000
423 +3.608683545e+001 +3.608683545e+001 +1.027968354e+002 +1.027968354e+002 +4.6831e+000 -7.0861e+000 -6.3616e+000 +3.6015e+000 +1.7332e+000 +3.7047e+000 -7.2520e+000 -5.9540e+000 +1.3301e+001 -1.3734e+001
441 +1.352224705e+001 +1.352224705e+001 +8.023224705e+001 +8.023224705e+001 +2.3146e+000 -1.6074e+001 -6.7484e+000 +3.4818e+000 -9.5616e+000 +4.1828e+000 -6.2200e+000 -6.6747e+000 +6.6850e+000 -7.4475e+000
558 +9.858297582e+000 +9.858297582e+000 +7.656829758e+001 +7.656829758e+001 -2.9408e+000 -1.1856e+001 -6.6584e+000 +1.0190e+001 -2.1971e+000 +6.2307e+000 -1.2134e+001 -8.2712e+000 +1.0478e+001 -1.6020e+001
560 +8.152505649e+000 +8.152505649e+000 +7.486250565e+001 +7.486250565e+001 +1.3490e+000 -2.8814e+001 -4.0402e+000 +4.9060e+000 -7.5111e+000 +6.6839e+000 -7.1298e+000 -5.9699e+000 +5.4292e+000 -2.1208e+001
583 +3.422532656e+000 +3.422532656e+000 +7.013253266e+001 +7.013253266e+001 -2.3708e+000 -8.1777e+000 -6.5723e+000 +1.8553e+001 -9.4994e+000 +4.7792e+000 -5.9024e+000 -7.7303e+000 +6.3650e+000 -2.6719e+001
638 +1.725147999e+000 +1.725147999e+000 +6.843514800e+001 +6.843514800e+001 -5.0815e+000 -7.5261e+000 -3.9658e+000 +9.3470e+000 -1.0779e+001 +6.7630e+000 -8.2273e+000 -1.1126e+001 +1.3959e+001 -1.7735e+001
692 +0.000000000e+000 +0.000000000e+000 +6.671000000e+001 +6.671000000e+001 -1.0038e+001 -1.3832e+001 -6.7304e+000 +9.8314e+000 -1.0252e+001 +1.1600e+001 -1.0819e+001 -1.0720e+001 +1.1507e+001 -1.8040e+001
% function evaluation | noise-free fitness - Fopt (9.416700000000e+002) | best noise-free fitness - Fopt | measured fitness | best measured fitness | x1 | x2...
1 +1.788122286e+002 +1.788122286e+002 +1.120482229e+003 +1.120482229e+003 -1.7167e+000 +4.7377e+000 +1.8755e+000 +4.2165e+000 -3.3098e+000 -3.7611e+000 -4.7217e+000 +9.1009e-001 -3.6503e+000 -6.8011e-001
3 +1.666008615e+002 +1.666008615e+002 +1.108270862e+003 +1.108270862e+003 -6.8122e-001 +3.9077e+000 +2.3524e+000 +3.1671e+000 -2.4863e+000 -5.6907e+000 -2.4355e+000 +2.8087e-001 -1.5873e+000 -9.1472e-001
19 +1.405795565e+002 +1.405795565e+002 +1.082249557e+003 +1.082249557e+003 +1.1906e-001 +2.6276e+000 +2.1754e+000 +3.9278e+000 -3.5815e+000 -5.1463e+000 -2.5345e+000 +4.3545e-001 -4.1199e+000 -8.6662e+000
51 +1.307798108e+002 +1.307798108e+002 +1.072449811e+003 +1.072449811e+003 -4.7400e-001 +4.1089e+000 +2.3498e+000 +5.2027e+000 -4.0460e+000 -8.6918e+000 -2.2471e+000 -3.5403e-002 -3.9254e-001 -2.6879e+000
111 +1.278258667e+002 +1.278258667e+002 +1.069495867e+003 +1.069495867e+003 -1.6484e+000 +2.3917e+000 +3.0037e+000 +3.3063e+000 -8.1458e+000 -3.1948e+000 -4.7224e+000 +2.1123e-001 -5.9327e-001 -2.4375e+000
116 +1.213930891e+002 +1.213930891e+002 +1.063063089e+003 +1.063063089e+003 +7.3729e-001 +3.9728e-001 +2.0864e+000 +4.3647e+000 -2.1524e+000 -5.0966e+000 -3.2001e+000 -3.7742e-001 -2.3271e+000 -4.8264e+000
124 +1.172568897e+002 +1.172568897e+002 +1.058926890e+003 +1.058926890e+003 +3.8005e-001 +5.1758e+000 +1.7327e+000 +5.7295e+000 -5.2981e+000 -7.7680e+000 -1.9090e+000 -2.9920e-001 +5.7462e-001 -3.3508e+000
152 +1.085980971e+002 +1.085980971e+002 +1.050268097e+003 +1.050268097e+003 +3.1705e-001 +4.1591e+000 +2.6824e+000 +3.6522e+000 -3.5343e+000 -6.6678e+000 -6.4470e+000 +2.5239e-001 -1.3436e+000 -5.1633e+000
169 +9.117867227e+001 +9.117867227e+001 +1.032848672e+003 +1.032848672e+003 +5.1671e-001 -4.1138e+000 +6.0685e+000 +4.7540e+000 -5.6491e+000 -7.8223e+000 -1.3415e+000 -3.8212e+000 -2.7415e+000 -7.7336e+000
184 +8.556391453e+001 +8.556391453e+001 +1.027233915e+003 +1.027233915e+003 +3.9991e+000 +4.8665e+000 +2.6070e+000 +4.2874e+000 -5.1606e+000 -3.8593e+000 -6.8117e+000 -2.6676e+000 +6.3986e-001 -4.3546e+000
220 +7.663698882e+001 +7.663698882e+001 +1.018306989e+003 +1.018306989e+003 +1.4601e+000 +2.9077e+000 +1.8580e+000 +5.8543e+000 -3.6559e+000 -5.5922e+000 -7.7809e+000 -4.4836e+000 -1.1848e+000 -6.0792e+000
223 +5.539850042e+001 +5.539850042e+001 +9.970685004e+002 +9.970685004e+002 +2.6910e-001 -3.4051e-001 +2.7376e+000 +7.4841e+000 -6.9897e+000 -6.9837e+000 -3.3497e+000 +4.5092e-001 +5.2542e+000 -8.3106e+000
234 +3.361700513e+001 +3.361700513e+001 +9.752870051e+002 +9.752870051e+002 -2.5077e+000 +4.2053e+000 +1.3421e+000 +4.6481e+000 -5.1753e+000 -9.7331e+000 -7.8007e+000 -3.9163e+000 +4.8169e+000 -4.5538e+000
305 +2.684590646e+001 +2.684590646e+001 +9.685159065e+002 +9.685159065e+002 -2.2087e+000 +8.5678e+000 +2.7989e+000 +6.9228e+000 -7.1101e+000 -7.4464e+000 -8.4642e+000 -4.5230e+000 +5.4193e+000 -6.1009e+000
345 +1.564081984e+001 +1.564081984e+001 +9.573108198e+002 +9.573108198e+002 -3.7722e+000 +2.8026e+000 +2.4009e+000 +5.3914e+000 -7.2234e+000 -7.2972e+000 -1.1247e+001 -8.7314e+000 +6.3529e+000 -5.1335e+000
401 +1.370331788e+001 +1.370331788e+001 +9.553733179e+002 +9.553733179e+002 -2.7623e+000 -6.2439e+000 +5.5514e-001 +1.1117e+001 -3.5441e+000 -8.8545e+000 -2.7142e+001 -8.0202e+000 +5.9601e+000 -6.9952e+000
404 +1.205641130e+001 +1.205641130e+001 +9.537264113e+002 +9.537264113e+002 +5.4901e-001 -3.0165e+000 +3.2838e+000 +5.0443e+000 -4.6108e+000 -1.5461e+001 -1.9114e+001 -8.1527e+000 +5.8523e+000 -8.6741e+000
405 +9.336102051e+000 +9.336102051e+000 +9.510061021e+002 +9.510061021e+002 +5.8556e-001 -8.5856e+000 +6.7733e+000 +6.8145e+000 -9.9810e+000 -9.1557e+000 -1.6268e+001 -4.3744e+000 +1.3905e+001 -9.8512e+000
456 +5.190926530e+000 +5.190926530e+000 +9.468609265e+002 +9.468609265e+002 +1.9093e-001 -8.6024e+000 +6.2523e+000 +8.6816e+000 -1.0360e+001 -6.8533e+000 -2.6052e+001 -8.7254e+000 +5.6486e+000 -9.3194e+000
515 +4.498250218e+000 +4.498250218e+000 +9.461682502e+002 +9.461682502e+002 -2.3765e+000 -3.9688e+000 +4.8047e+000 +4.8992e+000 -8.3667e+000 -7.5663e+000 -2.1144e+001 -1.2315e+001 +6.1869e+000 -9.7488e+000
518 +2.523580944e-001 +2.523580944e-001 +9.419223581e+002 +9.419223581e+002 -5.8252e+000 -1.0296e+001 +4.8487e+000 +1.2071e+001 -5.6508e+000 -1.1021e+001 -7.9512e+000 -1.3401e+001 +9.6134e+000 -1.1663e+001
569 +0.000000000e+000 +0.000000000e+000 +9.416700000e+002 +9.416700000e+002 -9.1411e+000 -6.5670e+000 +6.2774e+000 +1.2434e+001 -2.1436e+001 -1.3491e+001 -1.7706e+001 -1.8612e+001 +1.2963e+001 -9.4946e+000
% function evaluation | noise-free fitness - Fopt (-3.745000000000e+001) | best noise-free fitness - Fopt | measured fitness | best measured fitness | x1 | x2...
1 +2.137489105e+002 +2.137489105e+002 +1.762989105e+002 +1.762989105e+002 +1.4649e+000 -2.6251e+000 +2.3243e+000 +3.4308e+000 -2.5285e+000 -1.0455e+000 +2.5456e-001 +5.0127e+000 +6.9053e-001 +1.6282e+000
2 +1.973135332e+002 +1.973135332e+002 +1.598635332e+002 +1.598635332e+002 +2.5421e+000 -2.4771e+000 +2.3126e-002 +3.6880e+000 -1.4525e+000 -1.2750e+000 -1.6886e-001 +4.5244e+000 +1.4874e+000 +3.2529e+000
18 +1.838610066e+002 +1.838610066e+002 +1.464110066e+002 +1.464110066e+002 +3.5576e+000 -2.7364e+000 +4.7204e+000 +2.7050e+000 -2.0104e+000 -1.4036e+000 +4.1963e-001 +3.4013e+000 +2.2238e+000 +1.9091e+000
19 +1.765881520e+002 +1.765881520e+002 +1.391381520e+002 +1.391381520e+002 +1.8826e+000 -1.3631e+000 +2.2207e+000 +4.1098e+000 -1.7464e+000 -7.6681e-001 -7.4778e-001 +2.1684e+000 +1.1672e+000 +3.8116e+000
79 +1.725775982e+002 +1.725775982e+002 +1.351275982e+002 +1.351275982e+002 +1.3175e+000 -3.4909e+000 +2.1076e+000 +9.8672e+000 -3.8078e+000 +1.4422e+000 +1.7419e+000 +3.7533e+000 +1.7465e+000 +3.7818e+000
92 +1.647108459e+002 +1.647108459e+002 +1.272608459e+002 +1.272608459e+002 +1.3160e+000 -2.6560e+000 +2.8535e+000 +2.9467e+000 -3.5503e+000 -1.0076e+000 -1.8331e-001 +4.1219e+000 +1.6329e+000 +5.2976e+000
103 +1.486982010e+002 +1.486982010e+002 +1.112482010e+002 +1.112482010e+002 +2.4448e-001 -2.2567e+000 +3.3053e+000 +2.0676e-001 -1.7786e+000 -4.2968e-001 -4.3287e-001 +7.7687e-001 +2.7894e+000 +3.4916e+000
123 +1.434885892e+002 +1.434885892e+002 +1.060385892e+002 +1.060385892e+002 +1.6656e+000 -3.0792e+000 +2.7047e+000 +3.1498e+000 -3.6171e+000 -1.3465e+000 +2.3299e+000 +3.5291e+000 +2.6556e+000 +5.0159e+000
130 +1.261188189e+002 +1.261188189e+002 +8.866881892e+001 +8.866881892e+001 +4.1432e+000 -2.5241e+000 +3.0743e+000 -5.3623e-001 -6.5981e+000 +7.9427e-001 +1.5093e+000 +3.9892e+000 +2.7386e+000 +6.1681e+000
166 +1.241729199e+002 +1.241729199e+002 +8.672291995e+001 +8.672291995e+001 +7.5989e-002 -2.8919e+000 +3.1969e+000 +1.6216e+000 -4.4734e+000 -1.5272e+000 +2.6079e-001 -2.8428e+000 +2.2289e+000 +3.9525e+000
174 +1.007804107e+002 +1.007804107e+002 +6.333041066e+001 +6.333041066e+001 -1.3783e+000 -2.7242e+000 +1.9895e+000 +2.1154e+000 -7.1985e+000 -1.9331e+000 +2.4020e+000 -3.6160e+000 +2.5716e+000 +5.7834e+000
205 +8.297039335e+001 +8.297039335e+001 +4.552039335e+001 +4.552039335e+001 +5.8816e+000 -2.3183e+000 +9.1025e-001 +2.5927e+000 -4.5576e+000 +3.7321e-001 +2.7761e+000 -5.2777e+000 +2.1383e+000 +5.9673e+000
269 +5.731701390e+001 +5.731701390e+001 +1.986701390e+001 +1.986701390e+001 +1.3172e+000 -2.2842e+000 +3.1459e+000 +1.1120e+000 -6.1487e+000 +8.3700e-001 +2.8800e+000 -4.9247e+000 +4.6495e+000 +5.4123e+000
311 +4.085798986e+001 +4.085798986e+001 +3.407989861e+000 +3.407989861e+000 +4.2586e+000 -1.6697e+000 +2.2650e+000 -7.9678e-001 -7.4019e+000 +6.1225e+000 +2.5105e+000 -3.9442e+000 +5.0298e+000 +6.3233e+000
362 +3.285518396e+001 +3.285518396e+001 -4.594816037e+000 -4.594816037e+000 +9.4915e-001 -3.6664e+000 +2.6710e+000 -3.6937e+000 -3.8601e+000 +3.2504e+000 +4.8696e+000 -1.3756e+001 +4.8906e+000 +5.8655e+000
372 +2.954672301e+001 +2.954672301e+001 -7.903276988e+000 -7.903276988e+000 +6.7528e+000 -1.6664e+000 +3.6881e+000 -1.2863e+000 -5.7112e+000 +3.3519e+000 +4.2060e+000 -6.5414e+000 +4.8529e+000 +6.9286e+000
380 +2.617295295e+001 +2.617295295e+001 -1.127704705e+001 -1.127704705e+001 +1.7214e+000 -2.6459e+000 +2.5617e+000 -7.9748e+000 -9.9876e+000 +5.6078e+000 +4.8726e+000 -4.5367e+000 +4.2790e+000 +6.6765e+000
408 +2.528297200e+001 +2.528297200e+001 -1.216702800e+001 -1.216702800e+001 +5.9390e+000 -5.6326e-001 +2.7652e+000 -1.3501e+000 -1.0420e+001 +3.1895e+000 +5.2715e+000 -1.6920e+001 +5.7163e+000 +5.2195e+000
447 +2.462546975e+001 +2.462546975e+001 -1.282453025e+001 -1.282453025e+001 +3.7845e+000 -2.2487e+000 +2.7791e+000 -2.2410e+000 -4.8427e+000 +5.9520e+000 +5.6856e+000 -8.1953e+000 +4.4883e+000 +6.4646e+000
452 +2.007176522e+001 +2.007176522e+001 -1.737823478e+001 -1.737823478e+001 +8.9398e+000 -1.5852e+000 +3.0848e+000 -2.2400e+000 -5.9549e+000 +7.8546e+000 +4.4774e+000 -1.1831e+001 +8.0186e+000 +6.9236e+000
453 +1.636347471e+001 +1.636347471e+001 -2.108652529e+001 -2.108652529e+001 +5.1803e+000 -1.7469e+000 +2.5336e+000 -3.8673e+000 -1.0881e+001 +4.6954e+000 +7.1128e+000 -9.4134e+000 +5.3095e+000 +1.0188e+001
510 +1.263831033e+001 +1.263831033e+001 -2.481168967e+001 -2.481168967e+001 +5.5910e+000 -5.9523e-001 +3.0950e+000 -5.9095e+000 -8.4897e+000 +4.3784e+000 +6.1060e+000 -1.2168e+001 +1.1402e+001 +8.1307e+000
522 +1.087414936e+001 +1.087414936e+001 -2.657585064e+001 -2.657585064e+001 +4.9349e+000 -1.1459e+000 +3.2787e+000 -8.2592e+000 -8.3951e+000 +7.4579e+000 +8.7404e+000 -1.0432e+001 +6.3625e+000 +8.7417e+000
576 +9.731121748e+000 +9.731121748e+000 -2.771887825e+001 -2.771887825e+001 +6.2934e+000 -1.5418e+000 +1.7815e+001 -4.4049e+000 -1.2527e+001 +5.0966e+000 +8.4825e+000 -1.1062e+001 +8.1295e+000 +9.6370e+000
602 +9.316964990e+000 +9.316964990e+000 -2.813303501e+001 -2.813303501e+001 +6.9278e+000 -2.2138e+000 +6.3298e+000 -6.6730e+000 -6.4978e+000 +5.2780e+000 +1.2445e+001 -9.6185e+000 +6.1515e+000 +7.0629e+000
604 +8.372763539e+000 +8.372763539e+000 -2.907723646e+001 -2.907723646e+001 +1.3304e+001 -1.4827e+000 +1.1069e+001 -7.0069e+000 -1.8512e+001 +6.5059e+000 +5.6808e+000 -9.3277e+000 +6.6945e+000 +1.2257e+001
654 +8.311438131e+000 +8.311438131e+000 -2.913856187e+001 -2.913856187e+001 +1.1418e+001 -1.4352e+000 +6.1856e+000 -6.0209e+000 -2.0248e+001 +1.2237e+001 +9.5715e+000 -1.2211e+001 +7.9962e+000 +7.7707e+000
674 +7.808536460e+000 +7.808536460e+000 -2.964146354e+001 -2.964146354e+001 +6.8429e+000 -1.0459e+000 +7.5327e+000 -6.6618e+000 -1.0147e+001 +5.4305e+000 +1.3026e+001 -2.5859e+001 +8.7437e+000 +6.5005e+000
680 +6.291104156e+000 +6.291104156e+000 -3.115889584e+001 -3.115889584e+001 +6.4466e+000 +1.2903e-001 +8.4677e+000 -6.4690e+000 -2.0038e+001 +6.7390e+000 +9.1987e+000 -6.0102e+000 +5.9447e+000 +1.0588e+001
728 +5.802481551e+000 +5.802481551e+000 -3.164751845e+001 -3.164751845e+001 +5.6362e+000 +5.0735e-001 +7.1863e+000 -8.5526e+000 -2.2662e+001 +9.7253e+000 +1.1284e+001 -1.6212e+001 +7.2429e+000 +7.6173e+000
757 +5.242438543e+000 +5.242438543e+000 -3.220756146e+001 -3.220756146e+001 +1.2724e+001 +9.4097e-001 +6.0627e+000 -7.2843e+000 -2.3933e+001 +6.4248e+000 +9.6453e+000 -1.6365e+001 +5.7377e+000 +7.8706e+000
777 +3.950298362e+000 +3.950298362e+000 -3.349970164e+001 -3.349970164e+001 +6.9680e+000 +1.9414e+000 +8.1305e+000 -7.0387e+000 -1.8950e+001 +8.6866e+000 +9.8263e+000 -2.4102e+001 +7.8661e+000 +1.6086e+001
804 +1.077396012e+000 +1.077396012e+000 -3.637260399e+001 -3.637260399e+001 +5.3204e+000 +8.4256e+000 +6.6660e+000 -4.4999e+000 -5.4853e+000 +7.2755e+000 +9.0330e+000 -1.2616e+001 +7.2903e+000 +1.1164e+001
845 +9.220437820e-001 +9.220437820e-001 -3.652795622e+001 -3.652795622e+001 +7.4296e+000 +4.2861e+000 +7.7997e+000 -7.7126e+000 -2.7851e+001 +9.1667e+000 +9.0528e+000 -1.0154e+001 +8.0320e+000 +1.5451e+001
855 +0.000000000e+000 +0.000000000e+000 -3.745000000e+001 -3.745000000e+001 +8.2541e+000 +5.2589e+000 +7.4600e+000 -6.3736e+000 -3.8505e+001 +5.5731e+000 +1.1355e+001 -2.1780e+001 +7.2091e+000 +1.3643e+001
% function evaluation | noise-free fitness - Fopt (3.680300000000e+002) | best noise-free fitness - Fopt | measured fitness | best measured fitness | x1 | x2...
1 +1.361556882e+002 +1.361556882e+002 +5.041856882e+002 +5.041856882e+002 +3.5185e+000 +3.9086e+000 -4.8093e-001 -3.1976e+000 +3.4369e+000 -2.7042e+000 +1.3022e+000 +9.5915e-001 -1.1266e+000 +5.8411e+000
17 +1.316880631e+002 +1.316880631e+002 +4.997180631e+002 +4.997180631e+002 +3.1950e+000 +2.6290e+000 +9.9254e-001 -2.6189e+000 +3.1847e+000 -2.7341e+000 -1.6468e+000 +1.0076e+000 -2.9178e+000 +5.0451e+000
65 +1.256499524e+002 +1.256499524e+002 +4.936799524e+002 +4.936799524e+002 +1.4932e+000 +2.8093e+000 +7.1923e-001 -2.1747e+000 +2.5762e+000 -3.2252e+000 -1.9425e+000 +1.7095e+000 -2.8776e+000 +5.3957e+000
69 +1.143023176e+002 +1.143023176e+002 +4.823323176e+002 +4.823323176e+002 +3.5072e+000 +1.7793e+000 -7.2911e-001 -2.6492e+000 +4.0031e+000 -3.9447e+000 -2.7743e+000 +2.0827e+000 -5.8981e+000 +5.5783e+000
108 +1.101234323e+002 +1.101234323e+002 +4.781534323e+002 +4.781534323e+002 +3.1450e+000 +3.0892e+000 -3.6213e-001 -2.8295e+000 +2.2951e+000 -2.6127e+000 -1.1650e+000 +1.5943e+000 -5.4031e+000 +6.3177e+000
111 +9.199702404e+001 +9.199702404e+001 +4.600270240e+002 +4.600270240e+002 +3.5552e+000 +3.7203e+000 +1.1392e+000 -3.4464e+000 +1.0656e+000 -3.4692e+000 +3.7404e+000 +1.6576e+000 -3.1751e+000 +5.3697e+000
162 +7.824240171e+001 +7.824240171e+001 +4.462724017e+002 +4.462724017e+002 +4.2350e+000 +3.1241e+000 -7.1437e-001 -2.6655e+000 -2.2343e-001 -4.6863e+000 +5.4565e+000 +7.3305e-002 -8.9992e+000 +5.4885e+000
204 +6.782452393e+001 +6.782452393e+001 +4.358545239e+002 +4.358545239e+002 +3.2720e+000 +1.8006e+000 +5.7023e-001 -3.2027e+000 -6.6936e-001 -6.1230e+000 +7.9554e-001 +3.6752e+000 -8.6312e+000 +7.3640e+000
215 +5.347598734e+001 +5.347598734e+001 +4.215059873e+002 +4.215059873e+002 +4.0295e+000 +4.1506e+000 +7.9555e-001 -3.2823e+000 +1.2367e+000 -3.7312e+000 +6.9289e+000 +5.7306e+000 -5.6972e+000 +5.4677e+000
220 +5.018427620e+001 +5.018427620e+001 +4.182142762e+002 +4.182142762e+002 +2.7131e+000 -1.1925e+000 +2.9826e-001 -3.5823e+000 -1.9950e+000 -6.0928e+000 +1.0585e+000 +6.1173e+000 -7.6460e+000 +6.8402e+000
256 +4.250666059e+001 +4.250666059e+001 +4.105366606e+002 +4.105366606e+002 +3.7896e+000 -2.6454e+000 -1.2808e+000 -5.0826e+000 -2.5176e+001 -4.3138e+000 +5.9760e+000 +2.9104e+000 -4.3276e+000 +7.2059e+000
264 +3.538554862e+001 +3.538554862e+001 +4.034155486e+002 +4.034155486e+002 +2.6419e+000 +1.0380e+000 -1.9522e+000 -4.0888e+000 -9.4956e+000 -1.0419e+001 +8.7404e+000 +3.9349e+000 -5.2415e+000 +5.2478e+000
275 +3.047599107e+001 +3.047599107e+001 +3.985059911e+002 +3.985059911e+002 +2.6997e+000 -9.2379e+000 +1.7567e+000 -4.2394e+000 -4.5947e+000 -5.1250e+000 +2.7853e+000 +4.3996e+000 -7.6370e+000 +4.9280e+000
302 +2.948663025e+001 +2.948663025e+001 +3.975166303e+002 +3.975166303e+002 +4.6514e+000 -2.7470e+000 -7.6817e-001 -4.1958e+000 -9.8410e+000 -7.5147e+000 +7.4456e+000 +5.3386e+000 -4.2805e+000 +8.0980e+000
316 +1.972965680e+001 +1.972965680e+001 +3.877596568e+002 +3.877596568e+002 +3.7489e+000 -8.7782e+000 -4.1149e-001 -4.0931e+000 -5.8532e+000 -8.8358e+000 +5.2167e+000 +5.7377e+000 -5.7780e+000 +7.2205e+000
373 +1.862333750e+001 +1.862333750e+001 +3.866533375e+002 +3.866533375e+002 +3.6232e+000 -3.5511e+000 +1.0381e+000 -4.5038e+000 -8.2404e+000 -9.4102e+000 +7.1249e+000 +7.6614e+000 -4.9417e+000 +6.5573e+000
405 +1.844427588e+001 +1.844427588e+001 +3.864742759e+002 +3.864742759e+002 -2.4319e-001 -3.4678e+000 -5.9140e-001 -3.8946e+000 -8.4646e+000 -8.5160e+000 +6.6938e+000 +5.0702e+000 -6.5185e+000 +6.0092e+000
413 +1.626823361e+001 +1.626823361e+001 +3.842982336e+002 +3.842982336e+002 +3.1343e+000 -6.6293e+000 +1.3231e+000 -4.0715e+000 -8.6948e+000 -8.7562e+000 +7.7420e+000 +6.4708e+000 -6.3077e+000 +7.8257e+000
443 +1.592604498e+001 +1.592604498e+001 +3.839560450e+002 +3.839560450e+002 +1.7222e+000 -6.8481e+000 +2.0057e-001 -4.4440e+000 -1.0519e+001 -8.5159e+000 +7.9804e+000 +8.4273e+000 -7.1248e+000 +7.4275e+000
452 +1.395518702e+001 +1.395518702e+001 +3.819851870e+002 +3.819851870e+002 +3.2037e+000 -5.1968e+000 +1.5521e+000 -5.0985e+000 -9.4910e+000 -9.7345e+000 +7.6990e+000 +5.9083e+000 -5.9693e+000 +7.2816e+000
464 +1.367156172e+001 +1.367156172e+001 +3.817015617e+002 +3.817015617e+002 +3.9554e+000 -1.4957e+001 +2.3288e+000 -4.8792e+000 -7.3916e+000 -6.1059e+000 +1.2482e+001 +6.6406e+000 -5.4889e+000 +5.3702e+000
531 +1.286837391e+001 +1.286837391e+001 +3.808983739e+002 +3.808983739e+002 +2.1747e+000 -7.8098e+000 +2.0719e+000 -4.6243e+000 -1.9373e+001 -8.3664e+000 +6.5391e+000 +6.6097e+000 -6.5068e+000 +7.3572e+000
542 +6.501963706e+000 +6.501963706e+000 +3.745319637e+002 +3.745319637e+002 +1.0111e+000 -7.4117e+000 +4.7057e+000 -6.3150e+000 -9.6722e+000 -8.6959e+000 +6.9181e+000 +6.3426e+000 -5.8322e+000 +8.1639e+000
604 +4.680019009e+000 +4.680019009e+000 +3.727100190e+002 +3.727100190e+002 -2.4681e+000 -9.2658e+000 +3.7122e+000 -6.1800e+000 -8.8326e+000 -1.0333e+001 +1.3995e+001 +8.4048e+000 -7.5843e+000 +6.5711e+000
683 +2.500411966e+000 +2.500411966e+000 +3.705304120e+002 +3.705304120e+002 -2.4996e+000 -1.0449e+001 +6.0448e+000 -5.7965e+000 -8.0936e+000 -1.4574e+001 +3.1554e+001 +9.0844e+000 -8.1540e+000 +7.4447e+000
702 +4.612130465e-001 +4.612130465e-001 +3.684912130e+002 +3.684912130e+002 -7.0327e+000 -5.9091e+000 +4.7235e+000 -8.1166e+000 -1.6869e+001 -1.0552e+001 +1.4528e+001 +8.0971e+000 -7.0631e+000 +7.5178e+000
764 +3.960668370e-001 +3.960668370e-001 +3.684260668e+002 +3.684260668e+002 -4.6039e+000 -1.3305e+001 +5.0983e+000 -8.1488e+000 -1.1727e+001 -8.2559e+000 +8.2188e+000 +8.5220e+000 -8.9781e+000 +1.0424e+001
788 +2.897460782e-003 +2.897460782e-003 +3.680328975e+002 +3.680328975e+002 -7.9582e+000 -8.9285e+000 +4.9983e+000 -5.9511e+000 -1.2201e+001 -1.3397e+001 +1.0018e+001 +1.1599e+001 -8.3723e+000 +1.2490e+001
811 +0.000000000e+000 +0.000000000e+000 +3.680300000e+002 +3.680300000e+002 -5.8226e+000 -8.8223e+000 +6.1742e+000 -6.5758e+000 -1.3511e+001 -1.2562e+001 +7.1203e+000 +7.7026e+000 -8.8004e+000 +8.8293e+000
% function evaluation | noise-free fitness - Fopt (1.426000000000e+001) | best noise-free fitness - Fopt | measured fitness | best measured fitness | x1 | x2...
1 +1.629919178e+002 +1.629919178e+002 +1.772519178e+002 +1.772519178e+002 +2.6980e+000 -9.1865e-002 +4.3086e+000 -4.0844e+000 +4.8332e+000 -9.1109e-001 +2.6890e+000 +4.0742e+000 +1.7233e+000 -7.6785e-001
2 +1.595275824e+002 +1.595275824e+002 +1.737875824e+002 +1.737875824e+002 +3.4162e+000 -6.5888e-001 +4.0787e+000 -3.9490e+000 +5.5108e+000 -1.1305e+000 +2.7486e+000 +4.8731e+000 +1.2678e+000 -1.1942e+000
3 +1.502273803e+002 +1.502273803e+002 +1.644873803e+002 +1.644873803e+002 +2.8826e+000 -1.2579e-001 +5.3554e+000 -6.6480e+000 +4.6098e+000 -2.9537e-001 +1.8552e+000 +5.0312e+000 +1.9875e+000 -7.3013e-001
32 +1.359370140e+002 +1.359370140e+002 +1.501970140e+002 +1.501970140e+002 +3.7951e+000 -4.4206e-002 +3.4527e+000 -4.9625e+000 +4.7108e+000 +2.6527e-001 +2.4841e+000 +4.5046e+000 +2.7127e+000 -2.5805e+000
52 +1.341900168e+002 +1.341900168e+002 +1.484500168e+002 +1.484500168e+002 +2.6187e+000 +5.9233e-001 +4.0152e+000 -4.5036e+000 +4.1533e+000 -1.1842e+000 +1.9647e+000 +4.1635e+000 +2.3303e+000 -2.3791e+000
55 +1.306207619e+002 +1.306207619e+002 +1.448807619e+002 +1.448807619e+002 +3.9614e+000 +2.0110e-001 +4.5274e+000 -5.0430e+000 +4.1975e+000 -8.0907e-001 +2.0437e+000 +5.4706e+000 +2.5619e+000 -1.9630e+000
80 +1.232920689e+002 +1.232920689e+002 +1.375520689e+002 +1.375520689e+002 +1.5361e+000 -3.2980e-001 +4.1024e+000 -5.0491e+000 +4.0669e+000 -6.9036e-001 -4.3403e-001 +5.4622e+000 +3.3996e+000 -1.2855e+000
91 +1.228440853e+002 +1.228440853e+002 +1.371040853e+002 +1.371040853e+002 +1.3807e+000 +7.6026e-001 +4.3268e+000 -4.2163e+000 +3.6617e+000 -3.9612e-001 +3.6659e+000 +6.3604e+000 +3.1295e+000 -3.4415e+000
106 +6.233578894e+001 +6.233578894e+001 +7.659578894e+001 +7.659578894e+001 +1.6721e+000 +1.4944e+000 +3.7001e+000 -3.8786e+000 -5.7813e+000 -2.2908e+000 -1.6686e+000 +4.3930e+000 +3.2877e+000 -4.2200e+000
210 +4.308538764e+001 +4.308538764e+001 +5.734538764e+001 +5.734538764e+001 +2.4603e+000 +3.9615e-001 +5.3765e+000 -4.5853e+000 +1.2798e+000 -2.2645e+000 -3.8137e+000 +8.9745e+000 +6.4050e+000 -4.9105e+000
314 +1.328930867e+001 +1.328930867e+001 +2.754930867e+001 +2.754930867e+001 +2.5455e+000 +5.7863e+000 +5.0262e+000 -3.7850e+000 -2.4840e+000 -5.0433e+000 -5.6667e+000 +5.0430e+000 +4.8429e+000 -1.1933e+001
378 +6.308889094e+000 +6.308889094e+000 +2.056888909e+001 +2.056888909e+001 +8.5578e+000 +1.3619e+001 +2.3562e+000 -5.1703e+000 -5.2243e+000 -4.4716e+000 -5.7235e+000 +6.4259e+000 +5.3844e+000 -7.3537e+000
403 +6.103895670e+000 +6.103895670e+000 +2.036389567e+001 +2.036389567e+001 +4.2514e+000 +3.1170e+000 +7.2236e+000 -6.3533e+000 -7.9511e+000 -5.8150e+000 -6.3138e+000 +4.5124e+000 +5.1976e+000 -5.4208e+000
404 +4.376806558e+000 +4.376806558e+000 +1.863680656e+001 +1.863680656e+001 +6.2319e-001 +5.8915e+000 +8.3610e+000 -5.9063e+000 -1.1419e+001 -1.8698e+001 -6.5913e+000 +5.6845e+000 +6.6926e+000 -8.7157e+000
405 +3.893748910e+000 +3.893748910e+000 +1.815374891e+001 +1.815374891e+001 +1.0105e+001 +7.6999e+000 +5.2067e+000 -5.4888e+000 -3.6007e+000 -1.0965e+001 -5.5002e+000 +5.4369e+000 +5.4461e+000 -1.0613e+001
444 +3.752896717e+000 +3.752896717e+000 +1.801289672e+001 +1.801289672e+001 +2.6951e+000 +6.1364e+000 +9.8958e+000 -5.2428e+000 -8.4428e+000 -4.5971e+000 -5.0732e+000 +6.1346e+000 +5.8919e+000 -7.7696e+000
457 +3.187104979e+000 +3.187104979e+000 +1.744710498e+001 +1.744710498e+001 +1.8129e+000 +1.4699e+001 +7.4282e+000 -8.1687e+000 -1.2285e+001 -8.4306e+000 -5.4412e+000 +5.3863e+000 +6.9621e+000 -6.0845e+000
469 +2.512440964e+000 +2.512440964e+000 +1.677244096e+001 +1.677244096e+001 +3.4636e+000 +8.9229e+000 +1.1123e+001 -4.5470e+000 -8.7443e+000 -7.5476e+000 -9.5880e+000 +6.2496e+000 +5.1042e+000 -7.5282e+000
471 +2.212058551e+000 +2.212058551e+000 +1.647205855e+001 +1.647205855e+001 +2.7879e+000 +7.7572e+000 +5.6405e+000 -5.8702e+000 -6.4496e+000 -7.7885e+000 -5.7029e+000 +5.4620e+000 +5.6232e+000 -9.3222e+000
486 +1.023264132e+000 +1.023264132e+000 +1.528326413e+001 +1.528326413e+001 +4.9313e+000 +4.7710e+000 +5.8030e+000 -5.7098e+000 -1.2100e+001 -8.9848e+000 -6.3158e+000 +4.8901e+000 +6.0648e+000 -8.3240e+000
555 +1.751369910e-001 +1.751369910e-001 +1.443513699e+001 +1.443513699e+001 +4.8249e+000 +1.7668e+001 +2.1802e+001 -5.1271e+000 -1.0902e+001 -6.3691e+000 -9.0217e+000 +7.8941e+000 +5.9088e+000 -1.3297e+001
567 +1.615437345e-001 +1.615437345e-001 +1.442154373e+001 +1.442154373e+001 +4.8385e+000 +9.3869e+000 +8.8153e+000 -6.8657e+000 -1.7544e+001 -6.8623e+000 -7.0660e+000 +1.2888e+001 +5.1878e+000 -9.1958e+000
574 +0.000000000e+000 +0.000000000e+000 +1.426000000e+001 +1.426000000e+001 +5.4993e+000 +2.2778e+001 +1.5069e+001 -5.4923e+000 -1.7709e+001 -1.0496e+001 -7.2917e+000 +6.8719e+000 +9.3761e+000 -9.7529e+000
% function evaluation | noise-free fitness - Fopt (6.240000000000e+001) | best noise-free fitness - Fopt | measured fitness | best measured fitness | x1 | x2...
1 +1.059130896e+002 +1.059130896e+002 +1.683130896e+002 +1.683130896e+002 -4.0425e+000 +2.8060e+000 +9.6399e-003 +1.6273e+000 +1.3336e+000 -4.2431e+000 +1.6167e+000 -1.3675e+000 +5.3091e+000 -4.5806e+000
2 +1.000835443e+002 +1.000835443e+002 +1.624835443e+002 +1.624835443e+002 -7.3322e-001 +3.8154e+000 +1.2806e-001 +1.9085e+000 +2.2491e+000 -3.2280e+000 +1.9999e+000 -1.1956e+000 +5.4106e+000 -5.4077e+000
5 +9.348129150e+001 +9.348129150e+001 +1.558812915e+002 +1.558812915e+002 -4.2751e+000 +3.4274e+000 -1.1756e-001 +1.3656e+000 +2.0211e+000 -4.9367e+000 +7.5400e-001 +8.6241e-001 +6.3907e+000 -4.8076e+000
39 +9.045355181e+001 +9.045355181e+001 +1.528535518e+002 +1.528535518e+002 -4.1060e+000 +3.8773e+000 +5.5554e-001 +1.8151e+000 +1.9027e+000 -3.8327e+000 +2.2010e+000 +7.4548e-001 +4.7586e+000 -5.4844e+000
68 +8.728275530e+001 +8.728275530e+001 +1.496827553e+002 +1.496827553e+002 -3.2174e+000 +3.9603e+000 -7.0000e-002 +1.7054e+000 +2.0001e+000 -4.0131e+000 +2.5282e+000 +3.4555e-001 +6.7117e+000 -5.4897e+000
101 +8.478825655e+001 +8.478825655e+001 +1.471882565e+002 +1.471882565e+002 -1.1017e+000 +3.8151e+000 -6.6631e-001 +2.1524e+000 +1.6209e+000 -3.9070e+000 +3.3705e+000 -3.7356e-001 +4.7851e+000 -5.6952e+000
114 +8.055315733e+001 +8.055315733e+001 +1.429531573e+002 +1.429531573e+002 -3.2166e+000 +4.1477e+000 -6.2881e-001 +1.1136e+000 +1.9197e+000 -6.1983e+000 +4.6360e+000 -3.9229e-001 +6.6482e+000 -4.7698e+000
118 +7.605504009e+001 +7.605504009e+001 +1.384550401e+002 +1.384550401e+002 -1.6799e+000 +5.5207e+000 -3.5286e-001 +1.6404e+000 +1.6034e+000 -4.6555e+000 +7.6924e+000 -6.1900e-001 +4.8595e+000 -5.3211e+000
159 +7.541271173e+001 +7.541271173e+001 +1.378127117e+002 +1.378127117e+002 -8.0516e-001 +4.1971e+000 -6.8628e-001 +2.9049e+000 +1.7290e+000 -5.0215e+000 +3.6880e+000 -3.4585e-001 +5.2074e+000 -5.7395e+000
162 +7.353270528e+001 +7.353270528e+001 +1.359327053e+002 +1.359327053e+002 -2.9309e+000 +4.3972e+000 +5.1723e-001 +1.8427e+000 +1.6421e+000 -6.4274e+000 +4.4706e+000 +3.4962e-001 +5.8661e+000 -5.4573e+000
167 +4.402706756e+001 +4.402706756e+001 +1.064270676e+002 +1.064270676e+002 -6.2673e+000 +9.7929e+000 -3.7724e-001 +5.0573e+000 +1.6916e+000 -5.4315e+000 +3.6150e+000 +5.0552e+000 +5.3833e+000 -6.0309e+000
320 +3.286931378e+001 +3.286931378e+001 +9.526931378e+001 +9.526931378e+001 -3.3067e-002 +3.2153e+000 -1.7335e+000 +1.7891e+000 -2.6888e-001 -5.8737e+000 +5.7703e+000 +9.6507e+000 +5.8738e+000 -5.1885e+000
358 +2.792519471e+001 +2.792519471e+001 +9.032519471e+001 +9.032519471e+001 -2.2722e+000 +6.5106e+000 -1.3709e+000 +3.8181e+000 -1.1772e+000 -5.7194e+000 +5.6692e+000 +5.7073e+000 +8.0530e+000 -4.8584e+000
365 +2.644519180e+001 +2.644519180e+001 +8.884519180e+001 +8.884519180e+001 -1.5055e+000 +3.3525e+000 -1.0725e+000 +5.2244e+000 -9.5326e-001 -6.1163e+000 +5.2144e+000 +6.1902e+000 +1.0011e+001 -6.3378e+000
368 +2.270304965e+001 +2.270304965e+001 +8.510304965e+001 +8.510304965e+001 +1.4804e+000 +4.7065e+000 -9.2528e-001 +5.7222e+000 -3.9219e+000 -6.1755e+000 +6.5304e+000 +8.4018e+000 +7.9283e+000 -4.0992e+000
385 +2.103640902e+001 +2.103640902e+001 +8.343640902e+001 +8.343640902e+001 +6.8536e+000 +5.8463e+000 -4.2652e+000 +2.8942e+000 -1.6726e+000 -5.5511e+000 +4.8609e+000 +4.1043e+000 +7.8820e+000 -6.3769e+000
391 +1.959003322e+001 +1.959003322e+001 +8.199003322e+001 +8.199003322e+001 -2.1138e+000 +6.4339e+000 -2.3587e+000 +4.9524e+000 -2.1365e+000 -6.7566e+000 +7.1159e+000 +1.4602e+001 +1.6962e+001 -5.4343e+000
401 +1.715424484e+001 +1.715424484e+001 +7.955424484e+001 +7.955424484e+001 +2.8785e+000 +5.8709e+000 -5.1488e+000 +4.3874e+000 -7.1855e-002 -5.0421e+000 +5.7197e+000 +6.2329e+000 +6.5842e+000 -6.7506e+000
404 +9.412427031e+000 +9.412427031e+000 +7.181242703e+001 +7.181242703e+001 +3.9458e+000 +1.3026e+001 -2.1854e+000 +3.7495e+000 -6.8973e+000 -5.7138e+000 +7.8676e+000 +8.7615e+000 +9.3030e+000 -4.9031e+000
453 +8.657163752e+000 +8.657163752e+000 +7.105716375e+001 +7.105716375e+001 -1.0569e-001 +7.0912e+000 -7.1282e+000 +6.3754e+000 -3.7237e+000 -6.5386e+000 +6.8339e+000 +6.4284e+000 +8.7074e+000 -6.2105e+000
511 +8.205871266e+000 +8.205871266e+000 +7.060587127e+001 +7.060587127e+001 +4.2397e-002 +9.4341e+000 -3.6083e+000 +8.5104e+000 -4.6669e+000 -5.5300e+000 +7.0790e+000 +8.1256e+000 +8.2693e+000 -6.9768e+000
519 +7.313684268e+000 +7.313684268e+000 +6.971368427e+001 +6.971368427e+001 +5.5963e+000 +6.2833e+000 -3.1209e+000 +3.8868e+000 -4.3600e+000 -6.0873e+000 +8.1986e+000 +6.4139e+000 +8.6567e+000 -6.6358e+000
529 +1.881056766e+000 +1.881056766e+000 +6.428105677e+001 +6.428105677e+001 +9.7992e+000 +5.8219e+000 -4.1614e+000 +6.6958e+000 -4.8267e+000 -5.2451e+000 +7.3422e+000 +5.6392e+000 +7.4862e+000 -6.0676e+000
560 +1.313604926e+000 +1.313604926e+000 +6.371360493e+001 +6.371360493e+001 +3.6864e+000 +6.3204e+000 -5.9999e+000 +7.5237e+000 -5.4027e+000 -6.1300e+000 +7.3675e+000 +1.0191e+001 +6.1885e+000 -7.7011e+000
606 +1.851280320e-001 +1.851280320e-001 +6.258512803e+001 +6.258512803e+001 +1.0577e+001 +1.2705e+001 -4.8890e+000 +1.0229e+001 -5.9662e+000 -6.2161e+000 +6.6808e+000 +5.4735e+000 +8.4874e+000 -6.1121e+000
708 +0.000000000e+000 +0.000000000e+000 +6.240000000e+001 +6.240000000e+001 +1.6231e+002 +8.5088e+000 -5.1977e+000 +1.5442e+001 -6.2266e+000 -7.4627e+000 +1.3787e+001 +1.2581e+001 +6.7909e+000 -9.5320e+000
% function evaluation | noise-free fitness - Fopt (1.145900000000e+002) | best noise-free fitness - Fopt | measured fitness | best measured fitness | x1 | x2...
1 +2.404860461e+002 +2.404860461e+002 +3.550760461e+002 +3.550760461e+002 +2.8389e-001 +4.7945e+000 -3.9033e+000 +2.2203e+000 +1.9326e+000 +1.4509e+000 -3.4297e+000 +2.9431e+000 -2.1776e+000 -2.0058e+000
2 +2.366992796e+002 +2.366992796e+002 +3.512892796e+002 +3.512892796e+002 +1.6927e-001 +3.7229e+000 -3.9266e+000 +2.9425e+000 +1.7362e+000 +1.8317e+000 -2.6746e+000 +5.4820e+000 -8.0357e-001 -2.2650e+000
12 +2.270550381e+002 +2.270550381e+002 +3.416450381e+002 +3.416450381e+002 +8.0052e-001 +4.0326e+000 -3.2320e+000 +1.9881e+000 +1.6683e+000 +1.0190e+000 -4.8176e+000 +1.5982e+000 -2.0464e+000 -2.9718e+000
35 +2.139097215e+002 +2.139097215e+002 +3.284997215e+002 +3.284997215e+002 -6.0181e-001 +4.1295e+000 -3.7461e+000 +1.6152e+000 +9.6277e-001 +1.3468e+000 -3.8898e+000 +3.4505e+000 -8.0364e-001 -3.7922e+000
66 +2.020594203e+002 +2.020594203e+002 +3.166494203e+002 +3.166494203e+002 -2.7476e-001 +3.2415e+000 -4.2326e+000 +2.0801e+000 +3.4959e-001 +2.6460e+000 -4.2290e+000 +1.3433e+000 -3.4698e-001 -3.5509e+000
90 +1.982187962e+002 +1.982187962e+002 +3.128087962e+002 +3.128087962e+002 +2.6751e-001 +3.5028e+000 -3.6279e+000 +1.3159e+000 +1.2347e+000 +4.7161e-001 -4.3299e+000 +2.5964e+000 -1.9565e-001 -4.4342e+000
116 +1.938228410e+002 +1.938228410e+002 +3.084128410e+002 +3.084128410e+002 +2.0780e-001 +2.9242e+000 -4.0861e+000 +2.4049e+000 +1.8353e+000 +1.3264e+000 -4.3999e+000 +5.3018e-001 -2.7034e-002 -3.6196e+000
120 +1.813823039e+002 +1.813823039e+002 +2.959723039e+002 +2.959723039e+002 +2.1569e-001 +4.6536e+000 -4.2026e+000 +3.4737e+000 +1.1888e+000 +1.2937e+000 -4.8814e+000 -1.4219e+000 -1.7064e+000 -5.5171e+000
128 +1.773499796e+002 +1.773499796e+002 +2.919399796e+002 +2.919399796e+002 -7.2339e-003 +3.5461e+000 -7.9785e-001 +1.6755e+000 +8.7207e-001 -3.3811e-001 -4.8920e+000 +8.7430e-002 +4.7864e-001 -4.7366e+000
154 +1.615820812e+002 +1.615820812e+002 +2.761720812e+002 +2.761720812e+002 -1.0290e-001 +2.9239e+000 -3.6744e+000 +2.3999e+000 +1.9412e+000 +1.0984e+000 -3.1596e+000 +5.6415e-001 +2.5762e+000 -4.2590e+000
155 +1.466960636e+002 +1.466960636e+002 +2.612860636e+002 +2.612860636e+002 +2.2852e-001 +2.1526e+000 -3.2582e+000 +2.8119e+000 -6.0607e-001 +8.6420e-001 -4.4352e+000 -2.4282e+000 +8.5451e-001 -6.1668e+000
175 +1.304241287e+002 +1.304241287e+002 +2.450141287e+002 +2.450141287e+002 -6.5606e-001 +1.4169e+000 -8.1898e+000 +1.3038e+000 +3.0440e+000 -6.2753e-001 -6.2193e+000 -1.7210e+000 +7.8925e+000 -5.1141e+000
204 +1.029529018e+002 +1.029529018e+002 +2.175429018e+002 +2.175429018e+002 +1.5657e+000 +2.2015e+000 -3.4913e+000 +3.6604e+000 +2.2156e+000 -2.5426e-001 -1.7057e+000 -2.7605e+000 +1.0055e+001 -6.5529e+000
237 +1.021956437e+002 +1.021956437e+002 +2.167856437e+002 +2.167856437e+002 +1.5294e+000 +4.8032e+000 -4.2368e+000 +3.3729e+000 -4.5141e-001 +1.5439e+000 -4.0598e+000 -8.9236e+000 +9.2140e+000 -5.0519e+000
262 +9.920833061e+001 +9.920833061e+001 +2.137983306e+002 +2.137983306e+002 +7.5972e-001 +5.7305e-001 -3.9093e+000 +3.1791e+000 +1.3547e+000 -3.6699e-001 +7.2722e-001 -6.0567e-001 +5.2787e+000 -6.2841e+000
264 +9.686961598e+001 +9.686961598e+001 +2.114596160e+002 +2.114596160e+002 -1.6565e-001 +3.5635e-001 -5.3251e+000 +9.0889e-001 +2.2299e+000 +5.8384e-001 +3.1930e+000 -3.7422e-001 +1.9361e+001 -1.6233e+001
267 +9.078717853e+001 +9.078717853e+001 +2.053771785e+002 +2.053771785e+002 -1.3833e-002 -1.3815e-001 -4.4179e+000 +2.2618e+000 -3.1592e+000 +7.6009e-001 -2.5725e+000 -7.1508e+000 +4.9487e+000 -3.8717e+000
307 +7.660227242e+001 +7.660227242e+001 +1.911922724e+002 +1.911922724e+002 +5.8027e-001 -5.5044e+000 -2.9782e+000 +7.6939e+000 +3.9362e+000 -1.8284e-001 -4.8778e-001 -5.2557e+000 +8.0070e+000 -9.2512e+000
308 +6.096166265e+001 +6.096166265e+001 +1.755516627e+002 +1.755516627e+002 +8.2045e-001 -5.2048e-002 -4.2501e+000 +2.7934e+000 -5.2786e-001 -2.0615e-001 +3.5005e+000 -3.9802e+000 +5.8913e+000 -1.0214e+001
314 +5.992628584e+001 +5.992628584e+001 +1.745162858e+002 +1.745162858e+002 -1.6180e+000 +1.7761e+000 -5.5390e+000 +2.9961e+000 -1.2700e+000 -8.4106e-002 +9.9433e+000 -2.4262e+000 +1.0637e+001 -1.5017e+001
338 +5.270390037e+001 +5.270390037e+001 +1.672939004e+002 +1.672939004e+002 +8.4385e-001 -1.9611e-002 -8.4852e+000 +4.6830e+000 -2.5360e+000 +2.7557e+000 +8.2800e+000 -7.5379e+000 +5.9212e+000 -4.4984e+000
364 +2.345764547e+001 +2.345764547e+001 +1.380476455e+002 +1.380476455e+002 +7.1113e-001 +9.1742e-001 -5.3499e+000 +4.4203e+000 -6.3800e+000 -6.0715e+000 +4.6083e+000 -3.8262e+000 +1.6824e+001 -9.9253e+000
433 +2.304160302e+001 +2.304160302e+001 +1.376316030e+002 +1.376316030e+002 -1.4273e-001 -1.5843e-001 -4.3487e+000 +9.5819e+000 -1.1026e+000 -6.1580e+000 +8.9732e+000 -5.1903e+000 +1.0505e+001 -6.7508e+000
453 +1.253060708e+001 +1.253060708e+001 +1.271206071e+002 +1.271206071e+002 +8.9012e-001 -4.8456e-001 -4.5157e+000 +9.1797e+000 -4.9998e+000 -1.4064e+001 +1.2347e+001 -6.0388e+000 +1.4766e+001 -9.7141e+000
454 +1.027032502e+001 +1.027032502e+001 +1.248603250e+002 +1.248603250e+002 -3.4757e+000 +7.4216e-002 -1.4171e+001 +5.2553e+000 -4.2121e+000 -6.7755e+000 +1.4962e+001 -6.5196e+000 +1.1683e+001 -5.3821e+000
458 +8.883139459e+000 +8.883139459e+000 +1.234731395e+002 +1.234731395e+002 +3.0818e-001 -1.6067e+001 -2.8569e+000 +6.7932e+000 -5.2985e+000 -5.3749e+000 +5.6576e+000 -7.0432e+000 +1.2633e+001 -1.5249e+001
500 +7.253591120e+000 +7.253591120e+000 +1.218435911e+002 +1.218435911e+002 -8.2138e-001 -4.8091e+000 -3.3044e+000 +1.7645e+001 -9.0833e+000 -1.0526e+001 +1.1186e+001 -5.1673e+000 +1.5043e+001 -1.2262e+001
505 +7.172143088e+000 +7.172143088e+000 +1.217621431e+002 +1.217621431e+002 -2.3442e+000 -4.3517e+000 -5.0598e+000 +3.2923e+000 -7.5259e+000 -9.1194e+000 +8.9183e+000 -7.4238e+000 +1.6809e+001 -1.0993e+001
525 +3.529441023e+000 +3.529441023e+000 +1.181194410e+002 +1.181194410e+002 -1.4706e+000 -9.0240e+000 -9.7878e+000 +1.0058e+001 -1.1202e+001 -1.1009e+001 +1.3243e+001 -1.2286e+001 +1.1806e+001 -5.4085e+000
604 +2.779099320e+000 +2.779099320e+000 +1.173690993e+002 +1.173690993e+002 -2.2209e+000 -5.6399e+000 -6.6105e+000 +9.8646e+000 -7.2274e+000 -1.2323e+001 +1.1229e+001 -1.0483e+001 +1.7444e+001 -9.6576e+000
654 +2.477787966e+000 +2.477787966e+000 +1.170677880e+002 +1.170677880e+002 -2.5222e+000 -6.4930e+000 -8.7434e+000 +9.2991e+000 -7.1516e+000 -9.5334e+000 +1.1757e+001 -1.4311e+001 +1.7694e+001 -1.1600e+001
656 +1.806977717e+000 +1.806977717e+000 +1.163969777e+002 +1.163969777e+002 -3.3483e+000 -4.8797e+000 -1.0599e+001 +1.0677e+001 -1.0679e+001 -1.1533e+001 +1.0540e+001 -1.2266e+001 +1.3321e+001 -9.6257e+000
670 +1.710775493e+000 +1.710775493e+000 +1.163007755e+002 +1.163007755e+002 -3.2892e+000 -8.9924e+000 -6.8815e+000 +9.4118e+000 -1.0675e+001 -1.1504e+001 +1.2231e+001 -1.3152e+001 +3.0618e+001 -1.2018e+001
676 +3.929024565e-001 +3.929024565e-001 +1.149829025e+002 +1.149829025e+002 -4.6071e+000 -6.3975e+000 -7.6550e+000 +9.1321e+000 -6.5769e+000 -1.0286e+001 +1.3111e+001 -1.3941e+001 +2.0036e+001 -1.1310e+001
703 +0.000000000e+000 +0.000000000e+000 +1.145900000e+002 +1.145900000e+002 -6.3169e+000 -7.5136e+000 -9.0613e+000 +1.2729e+001 -8.6356e+000 -1.7439e+001 +2.2846e+001 -1.1593e+001 +8.8858e+000 -8.2130e+000
% function evaluation | noise-free fitness - Fopt (-3.698300000000e+002) | best noise-free fitness - Fopt | measured fitness | best measured fitness | x1 | x2...
1 +2.861465092e+002 +2.861465092e+002 -8.368349080e+001 -8.368349080e+001 -1.2831e+000 +4.8894e+000 -3.3900e+000 +2.2725e+000 -2.4768e+000 -5.6403e+000 -1.1404e+000 +4.4067e+000 +1.2027e+000 -4.2350e+000
4 +2.767852255e+002 +2.767852255e+002 -9.304477446e+001 -9.304477446e+001 -2.6957e+000 +2.6969e+000 -3.4075e+000 +9.7858e-001 -2.7631e+000 -3.9299e+000 -1.0760e+000 +3.9529e+000 -2.6551e-001 -4.7950e+000
5 +2.715032196e+002 +2.715032196e+002 -9.832678040e+001 -9.832678040e+001 +8.7002e-001 +5.0337e+000 -3.3214e+000 +2.2134e+000 -2.9754e+000 -4.7613e+000 -3.3607e-001 +3.7050e+000 -3.6186e-001 -3.9813e+000
7 +2.647824416e+002 +2.647824416e+002 -1.050475584e+002 -1.050475584e+002 -1.8942e+000 +2.7331e+000 -1.6159e+000 +5.5073e+000 -3.3854e+000 -5.4534e+000 -4.7769e+000 +4.7896e+000 -1.1326e+000 -5.2536e+000
12 +2.606823031e+002 +2.606823031e+002 -1.091476969e+002 -1.091476969e+002 -7.7040e-001 +5.0339e+000 -2.9361e+000 +1.3487e+000 -2.9671e+000 -5.1076e+000 -1.7193e+000 +4.5402e+000 -3.0240e+000 -4.8931e+000
14 +2.509569070e+002 +2.509569070e+002 -1.188730930e+002 -1.188730930e+002 -9.9228e-001 +5.7613e+000 -2.8575e+000 +2.4389e+000 -1.0697e+000 -4.4116e+000 -7.9308e-001 +3.5824e+000 -7.2479e-001 -3.3067e+000
45 +2.211826535e+002 +2.211826535e+002 -1.486473465e+002 -1.486473465e+002 -7.9008e-001 +4.9635e+000 -2.5626e+000 +2.4827e+000 -2.8125e+000 -4.3380e+000 -1.7429e+000 +3.1860e+000 -5.5129e-001 -3.5017e-001
85 +2.041367455e+002 +2.041367455e+002 -1.656932545e+002 -1.656932545e+002 -1.9134e+000 +4.2577e+000 -3.3576e+000 +7.3729e+000 -1.9784e+000 -4.7754e+000 -2.5157e+000 -3.5309e-001 -2.2333e+000 -3.1993e+000
110 +1.884253380e+002 +1.884253380e+002 -1.814046620e+002 -1.814046620e+002 -6.1114e-001 +4.6269e+000 -1.7624e+000 +3.4225e+000 +3.0849e+000 -4.2888e+000 -5.4247e+000 +2.0630e+000 -2.1121e+000 -2.1342e+000
114 +1.736652853e+002 +1.736652853e+002 -1.961647147e+002 -1.961647147e+002 -1.4441e+000 +5.7624e+000 -3.0102e+000 +2.5922e+000 +3.7652e-002 -4.4000e+000 -6.2464e+000 -1.1227e+000 -1.2970e+000 -1.2097e+000
159 +1.399268541e+002 +1.399268541e+002 -2.299031459e+002 -2.299031459e+002 -3.8501e+000 +7.3928e+000 -3.0989e+000 +2.6332e+000 -6.0121e-001 -3.8736e+000 -2.6791e+000 -3.7365e-001 -3.7661e+000 +1.5030e+000
183 +1.139486436e+002 +1.139486436e+002 -2.558813564e+002 -2.558813564e+002 -1.3214e+000 +5.0272e+000 -2.1834e+000 +8.5289e-001 -4.1563e+000 -3.2857e+000 -5.4830e+000 +2.2903e-001 -3.7040e+000 +9.7042e+000
210 +1.106959994e+002 +1.106959994e+002 -2.591340006e+002 -2.591340006e+002 -2.9631e+000 +5.6868e+000 +5.6129e-001 +2.4914e+000 -3.9317e+000 -3.6576e+000 -4.1809e+000 -6.3876e+000 -8.1709e+000 +1.5791e+000
212 +1.089137046e+002 +1.089137046e+002 -2.609162954e+002 -2.609162954e+002 -2.4466e+000 +5.4200e+000 -3.8254e+000 +2.9166e+000 +6.9244e+000 -3.7333e+000 -9.0391e+000 -1.1567e+000 -5.2792e+000 +4.5135e-001
215 +1.015486206e+002 +1.015486206e+002 -2.682813794e+002 -2.682813794e+002 -5.4812e+000 +6.7007e+000 -2.2624e+000 +4.0726e+000 -3.5854e+000 -4.1230e+000 -6.0429e+000 -2.8482e+000 -3.8556e+000 +3.3452e+000
249 +9.919277269e+001 +9.919277269e+001 -2.706372273e+002 -2.706372273e+002 -1.4982e+000 +6.6955e+000 -2.7615e+000 +8.3439e+000 -3.2585e+000 -1.7890e+000 -6.4580e+000 -1.9256e-001 -4.3918e+000 +3.8950e+000
254 +6.975798702e+001 +6.975798702e+001 -3.000720130e+002 -3.000720130e+002 -4.1907e+000 +5.5439e+000 -4.9405e+000 +9.2743e+000 -3.2198e+000 -2.2547e+000 -5.3076e+000 -1.6796e+000 -6.1971e+000 +9.1655e+000
264 +6.666648149e+001 +6.666648149e+001 -3.031635185e+002 -3.031635185e+002 -2.3066e+000 +5.2059e+000 -3.8744e+000 +8.4266e+000 +2.2006e-001 -3.4956e+000 -6.7777e+000 -1.9535e+000 -7.0836e+000 +1.5648e+001
268 +6.087194145e+001 +6.087194145e+001 -3.089580585e+002 -3.089580585e+002 -1.2696e+000 +5.3284e+000 -1.1473e+001 +5.5216e+000 +2.9820e+000 -4.1679e+000 -3.2947e+000 -3.2213e+000 -1.1802e+001 +5.6616e+000
309 +5.436051831e+001 +5.436051831e+001 -3.154694817e+002 -3.154694817e+002 -2.3603e+000 +7.0901e+000 -7.7075e+000 +5.7379e+000 +1.7983e+000 -3.1902e+000 -6.4710e+000 -2.7684e+000 -6.0269e+000 +8.6199e+000
317 +4.583055611e+001 +4.583055611e+001 -3.239994439e+002 -3.239994439e+002 -2.0314e+000 +7.8395e+000 -6.9844e+000 +1.0760e+001 +1.0404e+001 -3.3399e+000 -9.9740e+000 -2.8498e+000 -5.6891e+000 +1.3003e+001
363 +2.789747567e+001 +2.789747567e+001 -3.419325243e+002 -3.419325243e+002 -3.4464e+000 +8.2315e+000 -1.6648e+001 +8.4851e+000 +6.6200e+000 -1.6758e+000 -4.9776e+000 -4.6249e+000 -6.8956e+000 +8.0869e+000
547 +2.542686521e+001 +2.542686521e+001 -3.444031348e+002 -3.444031348e+002 -5.1709e+000 +1.0375e+001 -3.8972e+000 +8.8958e+000 +7.5100e+000 -1.5633e+000 -7.5241e+000 -9.1500e+000 -8.3486e+000 +1.1565e+001
617 +2.360427405e+001 +2.360427405e+001 -3.462257260e+002 -3.462257260e+002 -4.7092e+000 +8.3425e+000 -1.3937e+001 +1.0532e+001 +9.4482e+000 -1.4871e+000 -6.5446e+000 -1.3069e+001 -1.0310e+001 +2.0921e+001
618 +2.309307891e+001 +2.309307891e+001 -3.467369211e+002 -3.467369211e+002 -2.6068e+000 +5.6601e+000 -1.2568e+001 +1.2148e+001 +1.1035e+001 -7.5985e-001 -8.7060e+000 -9.3839e+000 -7.0556e+000 +1.1214e+001
628 +2.285271738e+001 +2.285271738e+001 -3.469772826e+002 -3.469772826e+002 -2.8901e+000 +7.8121e+000 -1.2822e+001 +6.6965e+000 +1.2897e+001 -7.7181e-001 -6.9983e+000 -7.6071e+000 -8.2564e+000 +1.2781e+001
654 +1.609486543e+001 +1.609486543e+001 -3.537351346e+002 -3.537351346e+002 -1.3532e+000 +7.3101e+000 -1.3665e+001 +1.2786e+001 +1.8341e+001 +1.5362e+000 -1.6406e+001 -8.2092e+000 -7.0895e+000 +1.4463e+001
723 +1.339963688e+001 +1.339963688e+001 -3.564303631e+002 -3.564303631e+002 -3.4771e+000 +9.3654e+000 -2.0693e+001 +1.1881e+001 +7.8284e+000 +1.6952e+000 -1.0499e+001 -1.1154e+001 -5.8858e+000 +6.0672e+000
761 +1.221395917e+001 +1.221395917e+001 -3.576160408e+002 -3.576160408e+002 -3.7138e+000 +1.0553e+001 -2.6810e+001 +1.5823e+001 +1.3266e+001 +1.9593e+000 -1.4474e+001 -1.9307e+001 -1.2690e+001 +1.4704e+001
766 +1.057259843e+001 +1.057259843e+001 -3.592574016e+002 -3.592574016e+002 -2.8617e+000 +6.9735e+000 -1.8868e+001 +1.6073e+001 +8.5208e+000 +2.6531e+000 -1.9031e+001 -1.3697e+001 -9.8630e+000 +1.7450e+001
784 +7.024793874e+000 +7.024793874e+000 -3.628052061e+002 -3.628052061e+002 -2.9155e+000 +6.2368e+000 -2.0384e+000 +2.3742e+001 +1.4899e+001 +6.0452e+000 -2.6572e+001 -1.2605e+001 -1.3490e+001 +1.2218e+001
802 +1.786531670e+000 +1.786531670e+000 -3.680434683e+002 -3.680434683e+002 -3.3758e+000 +1.2277e+001 -1.4099e+001 +1.5632e+001 +5.2462e+001 +4.9548e+000 -1.2050e+001 -8.1107e+000 -5.4031e+000 +1.3586e+001
846 +1.515608798e+000 +1.515608798e+000 -3.683143912e+002 -3.683143912e+002 -4.0840e+000 +8.2647e+000 -1.4993e+001 +3.0184e+001 +5.3623e+000 +4.8331e+000 -3.1917e+001 -2.3117e+001 -2.2255e+001 +2.9221e+001
855 +1.016839427e+000 +1.016839427e+000 -3.688131606e+002 -3.688131606e+002 -3.9832e+000 +1.1631e+001 -1.6872e+001 +1.5301e+001 +3.1615e+001 +7.0229e+000 -1.4520e+001 -1.2809e+001 -1.5549e+001 +1.9846e+001
907 +4.218109927e-001 +4.218109927e-001 -3.694081890e+002 -3.694081890e+002 -4.5782e+000 +1.2040e+001 -6.3222e+000 +2.4947e+001 +7.8698e+000 +9.3276e+000 -1.4797e+001 -9.9328e+000 -8.1243e+000 +2.5786e+001
930 +0.000000000e+000 +0.000000000e+000 -3.698300000e+002 -3.698300000e+002 -5.6402e+000 +1.2063e+001 -1.1569e+001 +2.8668e+001 +1.4661e+001 +5.5152e+000 -1.6507e+001 -1.2814e+001 -8.3175e+000 +2.1633e+001
% function evaluation | noise-free fitness - Fopt (1.531800000000e+002) | best noise-free fitness - Fopt | measured fitness | best measured fitness | x1 | x2...
1 +3.089994781e+002 +3.089994781e+002 +4.621794781e+002 +4.621794781e+002 +1.4368e+000 +5.0125e+000 -1.7258e-001 +5.1904e+000 +3.8375e+000 -1.9520e+000 -3.9742e+000 -3.2890e+000 +2.9255e+000 -1.0212e+000
17 +2.994736822e+002 +2.994736822e+002 +4.526536822e+002 +4.526536822e+002 +1.3049e+000 +4.6305e+000 +4.1368e-001 +4.8202e+000 +3.7759e+000 -4.1044e+000 -3.0987e+000 -3.5986e+000 +2.5878e+000 +1.8736e-001
37 +2.879788404e+002 +2.879788404e+002 +4.411588404e+002 +4.411588404e+002 +1.9538e+000 +5.2066e+000 +2.1888e-001 +5.7480e+000 +3.0646e+000 -3.1774e+000 -3.4470e+000 -3.1180e+000 +1.7817e+000 +2.3209e-001
46 +2.800304835e+002 +2.800304835e+002 +4.332104835e+002 +4.332104835e+002 +1.5278e+000 +4.9120e+000 +3.0291e-001 +4.8248e+000 +2.8052e+000 -3.6297e+000 -2.5309e+000 -3.5738e+000 +2.5826e+000 +1.4052e+000
56 +2.242653418e+002 +2.242653418e+002 +3.774453418e+002 +3.774453418e+002 +5.8352e-001 +3.5530e+000 +1.8277e+000 +4.9153e+000 +2.9769e+000 -1.6557e+000 -3.0577e+000 -1.0349e-001 -2.4865e+000 +7.5210e-001
123 +1.973515825e+002 +1.973515825e+002 +3.505315825e+002 +3.505315825e+002 +2.8671e+000 +1.5584e+000 -6.6405e+000 +3.9034e+000 +4.2541e+000 -2.0339e+000 -3.4803e+000 -2.0009e+000 -5.7483e+000 +1.4793e+000
155 +1.867836205e+002 +1.867836205e+002 +3.399636205e+002 +3.399636205e+002 -5.3463e+000 +2.7626e+000 -1.3518e+000 +8.1041e+000 -2.8943e+000 -3.5233e+000 -2.7584e+000 -1.7391e+000 -2.5212e+000 +5.7554e+000
216 +1.508725640e+002 +1.508725640e+002 +3.040525640e+002 +3.040525640e+002 +1.1567e+000 +4.0932e+000 -1.4558e+000 +3.0164e+000 +2.2797e+000 -7.5119e-001 -1.9954e+000 +4.6996e-001 -6.6873e+000 +3.8449e+000
252 +1.325076060e+002 +1.325076060e+002 +2.856876060e+002 +2.856876060e+002 +5.2495e+000 +1.9042e+000 -2.2700e-001 +5.8782e+000 +4.1909e+000 -4.1864e+000 -2.2397e+000 +1.3391e+001 -6.3480e+000 +6.7217e+000
309 +1.068263124e+002 +1.068263124e+002 +2.600063124e+002 +2.600063124e+002 +1.8687e+000 -2.3464e-001 -1.2089e+000 +8.1003e-001 +1.4499e+000 -2.3382e+000 -2.3696e+000 +4.9711e+000 -7.5893e+000 +8.0166e+000
339 +1.000179437e+002 +1.000179437e+002 +2.531979437e+002 +2.531979437e+002 +1.8189e+000 -2.4077e+000 -2.3267e+000 +3.0058e+000 -9.1777e+000 -2.9503e-002 -2.0153e+000 +1.4729e+000 -6.4516e+000 +5.6124e+000
347 +8.361828788e+001 +8.361828788e+001 +2.367982879e+002 +2.367982879e+002 +4.7650e+000 -1.4128e+001 -1.7286e+000 -5.6562e-001 +3.8602e-001 +2.9450e+000 -2.0299e+000 +2.7696e+000 -6.3093e+000 +7.0123e+000
377 +7.514347013e+001 +7.514347013e+001 +2.283234701e+002 +2.283234701e+002 +1.7838e+000 +2.2573e+000 -1.2483e+000 -3.5702e+000 -6.9296e-001 +2.4168e+000 -1.8829e+000 +9.6677e+000 -9.0592e+000 +1.1433e+001
401 +6.079680539e+001 +6.079680539e+001 +2.139768054e+002 +2.139768054e+002 +1.6051e+000 -1.3853e+001 -2.6450e+000 -2.0712e-001 -2.4506e-001 -1.0053e+000 +5.9534e+000 +3.6097e+000 -8.8226e+000 +7.1628e+000
457 +5.071925919e+001 +5.071925919e+001 +2.038992592e+002 +2.038992592e+002 +7.3406e+000 +4.9624e+000 -2.6900e+000 +2.1827e+000 -5.3231e+000 +9.0755e-001 +4.1777e+000 +8.9587e+000 -8.0940e+000 +5.8222e+000
517 +3.828132987e+001 +3.828132987e+001 +1.914613299e+002 +1.914613299e+002 +4.7919e+000 -8.5262e+000 -5.5227e+000 +4.1125e+000 -6.7752e+000 +7.6141e-001 +4.3088e+000 +5.3227e+000 -9.9939e+000 +5.2439e+000
530 +3.158320413e+001 +3.158320413e+001 +1.847632041e+002 +1.847632041e+002 +2.5683e+000 -1.6779e+000 -2.9197e+000 -9.8405e+000 -5.0162e+000 -1.8863e-001 +4.4089e+000 +1.3021e+001 -1.4776e+001 +7.3394e+000
551 +3.078878500e+001 +3.078878500e+001 +1.839687850e+002 +1.839687850e+002 +5.3173e+000 -6.5266e+000 -6.5570e+000 +2.5736e+000 -7.6890e+000 +9.7308e-001 +6.2156e+000 +9.0996e+000 -1.2691e+001 +1.5135e+001
559 +2.310104270e+001 +2.310104270e+001 +1.762810427e+002 +1.762810427e+002 +2.0485e-001 -3.1426e+000 -4.1736e+000 -1.1858e+001 -1.3074e+001 +3.1945e+000 +3.2679e+000 +2.5430e+001 -1.1291e+001 +2.0484e+001
602 +1.186665080e+001 +1.186665080e+001 +1.650466508e+002 +1.650466508e+002 +5.6340e+000 -1.1927e+001 -4.5910e+000 +2.0148e-002 -5.4921e+000 +4.8974e+000 +5.3792e+000 +6.4082e+000 -1.5511e+001 +1.0956e+001
671 +1.159807872e+001 +1.159807872e+001 +1.647780787e+002 +1.647780787e+002 +5.1681e+000 -1.0484e+001 -3.9667e+000 -2.4500e+000 -5.9016e+000 +3.7811e+000 +7.3278e+000 +1.4181e+001 -1.2513e+001 +1.0891e+001
702 +5.459854543e+000 +5.459854543e+000 +1.586398545e+002 +1.586398545e+002 +5.6389e+000 -2.8331e+001 -5.9114e+000 -4.9082e+000 -8.8195e+000 +3.5358e+000 +9.3592e+000 +1.3449e+001 -3.1602e+001 +1.2043e+001
735 +4.269622603e+000 +4.269622603e+000 +1.574496226e+002 +1.574496226e+002 +6.1026e+000 -1.4815e+001 -3.9347e+000 -3.8431e+000 -6.5832e+000 +5.8697e+000 +9.3983e+000 +1.5627e+001 -1.2216e+001 +7.8452e+000
737 +3.612121982e+000 +3.612121982e+000 +1.567921220e+002 +1.567921220e+002 +5.5940e+000 -1.7667e+001 -3.1609e+000 -1.0705e+001 -5.6091e+000 +4.8485e+000 +6.4365e+000 +1.4081e+001 -1.8733e+001 +1.5755e+001
753 +1.323351292e+000 +1.323351292e+000 +1.545033513e+002 +1.545033513e+002 +8.2871e+000 -2.0000e+001 -5.4414e+000 -4.3858e+000 -5.3003e+000 +6.4087e+000 +6.0176e+000 +1.4877e+001 -1.9823e+001 +1.1667e+001
759 +0.000000000e+000 +0.000000000e+000 +1.531800000e+002 +1.531800000e+002 +1.5390e+001 -2.8926e+001 -5.2045e+000 -5.7580e+000 -1.2800e+001 +8.1578e+000 +5.1978e+000 +1.8192e+001 -1.7533e+001 +1.6424e+001
% function evaluation | noise-free fitness - Fopt (-7.088000000000e+002) | best noise-free fitness - Fopt | measured fitness | best measured fitness | x1 | x2...
1 +2.136297441e+002 +2.136297441e+002 -4.951702559e+002 -4.951702559e+002 +3.4150e+000 -4.4288e+000 +2.1559e+000 -3.8736e+000 -3.2091e+000 -6.5528e+000 -8.8282e-002 +2.7853e+000 -3.4546e+000 -1.6001e+000
4 +2.088927199e+002 +2.088927199e+002 -4.999072801e+002 -4.999072801e+002 +4.9709e+000 -4.7248e+000 +2.3479e+000 -3.8771e+000 -2.9599e+000 -4.0976e+000 +3.3123e-001 +2.7206e+000 -2.9263e+000 -1.3838e+000
12 +1.987677374e+002 +1.987677374e+002 -5.100322626e+002 -5.100322626e+002 +4.5110e+000 -4.0787e+000 +1.8037e+000 -3.8419e+000 -3.0667e+000 -3.5559e+000 +5.9552e-001 +2.8518e+000 -3.8274e+000 -1.6102e+000
53 +1.700241797e+002 +1.700241797e+002 -5.387758203e+002 -5.387758203e+002 +4.2134e+000 -5.4100e+000 +1.4062e+000 -4.4159e+000 -4.2605e+000 -2.1554e+000 +1.1667e+000 +3.0144e+000 -2.7773e+000 -6.1672e+000
102 +1.673136200e+002 +1.673136200e+002 -5.414863800e+002 -5.414863800e+002 +3.6041e+000 -3.0249e+000 +4.9819e+000 -3.7235e+000 -3.5279e+000 -4.3251e+000 +1.6271e+000 +1.6021e+000 -4.8981e+000 -2.5931e+000
106 +1.657220123e+002 +1.657220123e+002 -5.430779877e+002 -5.430779877e+002 +3.9368e+000 -4.1703e+000 +2.1724e+000 -3.8676e+000 -2.3672e+000 -3.1766e+000 +3.2741e-001 +2.4372e+000 -6.5118e+000 -3.4266e+000
109 +1.449004816e+002 +1.449004816e+002 -5.638995184e+002 -5.638995184e+002 +1.0154e+000 -4.6138e+000 +1.6038e+000 +8.6128e-001 -2.1575e+000 -4.0034e+000 +2.1071e+000 +3.1371e+000 -6.3242e+000 -4.0677e+000
162 +1.338630560e+002 +1.338630560e+002 -5.749369440e+002 -5.749369440e+002 +2.3969e+000 -3.0960e+000 +2.9962e+000 -3.6806e+000 -1.7202e+000 -2.2455e+000 +3.5012e+000 +9.7514e-001 -3.1340e+000 -6.2239e+000
174 +1.153741022e+002 +1.153741022e+002 -5.934258978e+002 -5.934258978e+002 +3.2602e+000 -4.1806e+000 +2.2247e+000 -3.8370e+000 +6.0360e-001 +9.8003e-001 +2.5713e+000 +2.4120e+000 -6.2445e+000 -7.7878e+000
228 +1.126524757e+002 +1.126524757e+002 -5.961475243e+002 -5.961475243e+002 +3.6931e+000 -3.5819e+000 +4.2875e+000 +5.7520e-001 -1.6245e+000 -2.4307e+000 +4.2154e+000 +1.4667e+000 -4.5014e+000 -5.1759e+000
252 +1.107715919e+002 +1.107715919e+002 -5.980284081e+002 -5.980284081e+002 +4.8292e+000 -4.4988e+000 +4.2101e+000 -4.6207e+000 -9.7946e-001 -2.3477e-001 +3.2904e+000 +8.1561e-001 -5.3745e+000 -8.4263e+000
258 +1.028536308e+002 +1.028536308e+002 -6.059463692e+002 -6.059463692e+002 +3.4444e+000 -2.3327e+000 +3.8910e+000 -4.0086e+000 +4.1215e-001 +4.2624e+000 +2.7542e+000 +2.8750e-001 -3.4285e+000 -7.5075e+000
260 +9.982036369e+001 +9.982036369e+001 -6.089796363e+002 -6.089796363e+002 +4.7976e+000 -4.7526e+000 +3.3882e+000 -4.8030e+000 +2.6942e+000 +2.9635e+000 +5.7873e+000 +3.7008e+000 -7.0247e+000 -6.5378e+000
273 +9.402052427e+001 +9.402052427e+001 -6.147794757e+002 -6.147794757e+002 +6.0249e+000 -3.1250e+000 +1.4892e+000 +1.0359e+000 +6.2968e-002 -1.1997e-001 +7.0764e+000 -5.0958e-001 -4.0804e+000 -6.1373e+000
295 +5.851186948e+001 +5.851186948e+001 -6.502881305e+002 -6.502881305e+002 +4.3223e+000 -6.7915e+000 +4.9074e+000 -8.0577e-001 -6.2439e-001 -8.0909e-001 +6.3960e+000 -5.9777e+000 -9.2593e+000 -9.6886e+000
304 +5.556349855e+001 +5.556349855e+001 -6.532365014e+002 -6.532365014e+002 +4.3954e+000 -8.0869e+000 +5.3349e+000 +2.1365e+000 +3.8675e+000 +5.5926e+000 +4.9430e+000 +1.1024e+000 -7.1899e+000 -8.9077e+000
321 +5.003211562e+001 +5.003211562e+001 -6.587678844e+002 -6.587678844e+002 -1.4575e+000 -1.0355e+001 +4.9326e+000 -5.4083e+000 +3.1404e+000 +1.0510e+001 +3.9060e+000 -2.7146e+000 -5.0141e+000 -1.1031e+001
344 +4.343923688e+001 +4.343923688e+001 -6.653607631e+002 -6.653607631e+002 +6.0061e+000 -6.1971e+000 +2.7084e+000 -2.4159e+000 +3.7433e+000 +3.0630e+000 +4.5313e+000 -6.0684e+000 -6.3305e+000 -5.5580e+000
357 +4.243056300e+001 +4.243056300e+001 -6.663694370e+002 -6.663694370e+002 -7.3795e-001 -4.8404e+000 +3.6874e-001 -3.5004e+000 +1.9289e+000 +6.5816e+000 +4.2722e+000 -1.7491e+001 -8.9094e+000 -6.8239e+000
383 +3.294058005e+001 +3.294058005e+001 -6.758594200e+002 -6.758594200e+002 +2.3301e+000 -8.4626e-001 +7.6742e+000 +2.8914e+000 +6.5462e+000 +1.7508e+001 +3.7648e+000 -3.3369e+000 -8.9502e+000 -1.6087e+001
395 +2.500729555e+001 +2.500729555e+001 -6.837927045e+002 -6.837927045e+002 +5.2814e+000 -7.3723e+000 +5.4071e+000 +6.7043e-001 +4.4161e+000 +8.4320e+000 +5.6326e+000 -4.3706e+000 -8.4193e+000 -5.0353e+000
408 +2.304755520e+001 +2.304755520e+001 -6.857524448e+002 -6.857524448e+002 +8.8501e-001 -6.6990e+000 +5.0183e+000 +8.8074e-001 +2.0215e+000 +8.6299e+000 +5.6662e+000 -1.0673e+001 -9.9983e+000 -9.7179e+000
412 +1.216743274e+001 +1.216743274e+001 -6.966325673e+002 -6.966325673e+002 +4.0071e-001 -5.8384e+000 +4.5557e+000 +2.2032e+000 +7.0350e+000 +3.2618e+001 +5.3650e+000 -8.2484e+000 -8.1448e+000 -1.1633e+001
481 +1.171063081e+001 +1.171063081e+001 -6.970893692e+002 -6.970893692e+002 +3.5229e+000 -6.1214e+000 +3.9985e+000 +4.2958e+000 +8.0866e+000 +1.3876e+001 +5.6135e+000 -7.6585e+000 -8.4258e+000 -9.2319e+000
505 +6.391469250e+000 +6.391469250e+000 -7.024085307e+002 -7.024085307e+002 +1.3915e+000 -5.0958e+000 +1.0009e+001 +5.2291e+000 +6.1584e+000 +6.4445e+000 +6.4088e+000 -1.2029e+001 -9.5212e+000 -9.0195e+000
514 +4.624387600e+000 +4.624387600e+000 -7.041756124e+002 -7.041756124e+002 -4.0964e+000 -9.5768e+000 +3.4236e+000 +4.4935e+000 +1.3763e+001 +3.8437e+001 +7.1344e+000 -1.0420e+001 -9.7889e+000 -1.1438e+001
554 +3.370314915e-001 +3.370314915e-001 -7.084629685e+002 -7.084629685e+002 -4.6630e+000 -6.3944e+000 +9.4698e+000 +1.0817e+001 +1.0594e+001 +3.6479e+001 +1.1489e+001 -1.3119e+001 -1.2341e+001 -7.2262e+000
702 +0.000000000e+000 +0.000000000e+000 -7.088000000e+002 -7.088000000e+002 -1.0427e+001 -1.5233e+001 +8.9835e+000 +1.1628e+001 +1.0915e+001 +4.0316e+001 +1.1048e+001 -3.9600e+001 -1.3527e+001 -1.4178e+001
% function evaluation | noise-free fitness - Fopt (8.793000000000e+001) | best noise-free fitness - Fopt | measured fitness | best measured fitness | x1 | x2...
1 +1.217082124e+002 +1.217082124e+002 +2.096382124e+002 +2.096382124e+002 -2.2296e+000 +6.6978e-001 -4.0755e+000 +9.5336e-001 -4.8321e-001 -3.0135e+000 +2.8538e+000 -4.8150e+000 -9.6930e-002 +4.4464e+000
2 +1.184170739e+002 +1.184170739e+002 +2.063470739e+002 +2.063470739e+002 -1.9688e+000 +1.9376e-001 -3.2800e+000 +2.3645e+000 +1.5985e+000 -3.2852e+000 +2.0732e+000 -5.9776e+000 +6.6581e-001 +5.0824e+000
5 +1.153375621e+002 +1.153375621e+002 +2.032675621e+002 +2.032675621e+002 -1.2082e+000 +1.3025e+000 -3.4338e+000 +2.1900e+000 +1.2417e+000 -2.8891e+000 +2.5636e+000 -4.2270e+000 -1.1602e-001 +4.6880e+000
10 +1.054455246e+002 +1.054455246e+002 +1.933755246e+002 +1.933755246e+002 -1.7245e+000 +1.4923e+000 -3.6179e+000 +2.7547e+000 +1.5909e+000 -3.1684e+000 +4.0519e+000 -2.9121e+000 -9.6764e-001 +4.9933e+000
17 +1.008490426e+002 +1.008490426e+002 +1.887790426e+002 +1.887790426e+002 +1.1375e-001 +2.4831e-001 -5.6941e+000 +1.9611e+000 +9.4650e-001 -2.7142e+000 +2.3677e+000 -5.1067e+000 -8.5955e-001 +6.9068e+000
21 +9.864199152e+001 +9.864199152e+001 +1.865719915e+002 +1.865719915e+002 -1.5268e+000 +1.0559e+000 -2.8899e+000 +3.2752e+000 +8.8209e-001 -2.6650e+000 +5.0484e+000 -5.0668e+000 -4.3441e-001 +4.4569e+000
58 +9.525770094e+001 +9.525770094e+001 +1.831877009e+002 +1.831877009e+002 -1.8621e+000 -2.0470e-001 -5.9938e+000 +2.1950e+000 +1.6840e+000 -1.9839e+000 +3.6618e+000 -4.9381e+000 -6.5649e-001 +4.8908e+000
61 +5.965299152e+001 +5.965299152e+001 +1.475829915e+002 +1.475829915e+002 -1.2614e+000 +3.3313e+000 -2.6043e+000 +1.8451e+000 +2.3903e+000 -2.5111e+000 +3.7031e+000 -8.3255e+000 -8.3502e+000 +4.9832e+000
120 +5.615599684e+001 +5.615599684e+001 +1.440859968e+002 +1.440859968e+002 -2.2443e+000 -3.7986e-001 -4.7652e+000 +3.0423e+000 +1.7443e+000 -2.0422e+000 +4.6521e+000 -5.4709e+000 -5.8127e+000 +4.8628e+000
122 +4.610646552e+001 +4.610646552e+001 +1.340364655e+002 +1.340364655e+002 -1.8884e+000 -6.1566e-002 -4.7904e+000 +3.1403e+000 +4.2448e+000 -2.2967e+000 +1.0793e+001 -6.2825e+000 -6.7846e+000 +5.5678e+000
208 +4.430875494e+001 +4.430875494e+001 +1.322387549e+002 +1.322387549e+002 -1.2717e+000 +4.3992e-001 -6.8948e+000 +2.6571e+000 -1.6350e+000 +6.3659e+000 +3.1391e+000 -7.1578e+000 -2.6444e+001 +6.8232e+000
222 +4.119998346e+001 +4.119998346e+001 +1.291299835e+002 +1.291299835e+002 -1.7398e+000 +8.4435e-002 -7.2844e+000 +3.3413e+000 +5.3883e+000 -1.8278e+000 +5.8990e+000 -5.7866e+000 -6.8029e+000 +5.7134e+000
269 +3.853776339e+001 +3.853776339e+001 +1.264677634e+002 +1.264677634e+002 -1.0807e+000 +1.2390e+000 -4.9070e+000 +3.8198e+000 +8.3853e+000 -1.6470e+000 +4.9187e+000 -5.3553e+000 -6.8518e+000 +4.9364e+000
271 +3.751408931e+001 +3.751408931e+001 +1.254440893e+002 +1.254440893e+002 +1.7447e-001 -1.0266e-001 -8.3380e+000 +3.4399e+000 +5.6565e+000 -1.3267e+000 +5.5081e+000 -6.6070e+000 -1.3054e+001 +5.6705e+000
278 +3.532014678e+001 +3.532014678e+001 +1.232501468e+002 +1.232501468e+002 -1.9463e+000 +1.0898e+000 -3.9426e+000 +5.1260e+000 +3.2795e+000 +3.3302e-001 +7.8840e+000 -5.3759e+000 -5.3403e+000 +6.0227e+000
304 +3.295601181e+001 +3.295601181e+001 +1.208860118e+002 +1.208860118e+002 +2.1809e-001 +1.5626e+000 -6.5872e+000 +4.0952e+000 +6.8131e+000 -1.0618e+000 +6.2779e+000 -5.4969e+000 -7.7744e+000 +7.1615e+000
314 +1.823555874e+001 +1.823555874e+001 +1.061655587e+002 +1.061655587e+002 -1.1707e+000 +1.3040e+000 -6.3307e+000 +3.2986e+000 +4.5426e+000 +4.3453e+000 +7.0791e+000 -7.7128e+000 -1.0136e+001 +8.9231e+000
353 +1.687803028e+001 +1.687803028e+001 +1.048080303e+002 +1.048080303e+002 -2.3014e+000 +3.6560e+000 -7.0328e+000 +3.8639e+000 +5.9523e+000 +4.2838e+000 +6.3041e+000 -4.5297e+000 -9.6296e+000 +5.7460e+000
390 +1.359061180e+001 +1.359061180e+001 +1.015206118e+002 +1.015206118e+002 -7.2303e-001 +2.3136e+000 -6.9797e+000 +3.2503e+000 +8.4793e+000 +4.8251e+000 +9.6394e+000 -5.1689e+000 -9.4507e+000 +6.9714e+000
420 +9.457498524e+000 +9.457498524e+000 +9.738749852e+001 +9.738749852e+001 +8.2088e-001 +4.7757e+000 -5.6666e+000 +4.3629e+000 +1.1843e+001 +6.9931e+000 +4.4539e+000 -1.3433e+001 -1.0940e+001 +4.8919e+000
456 +6.187199998e+000 +6.187199998e+000 +9.411720000e+001 +9.411720000e+001 +3.7229e-002 +7.5665e+000 -6.4838e+000 +4.4317e+000 +8.9322e+000 +6.5987e+000 +9.5527e+000 -7.3991e+000 -7.1207e+000 +7.5484e+000
458 +5.977940589e+000 +5.977940589e+000 +9.390794059e+001 +9.390794059e+001 +3.2992e-001 +4.3600e+000 -5.9254e+000 +4.7766e+000 +7.7487e+000 +8.2823e+000 +9.8249e+000 -5.8398e+000 -1.0539e+001 +6.5551e+000
508 +5.755841815e+000 +5.755841815e+000 +9.368584181e+001 +9.368584181e+001 +1.4612e-001 +5.5603e+000 -6.4530e+000 +4.5813e+000 +7.4795e+000 +5.7994e+000 +1.0854e+001 -6.7753e+000 -8.0513e+000 +8.2759e+000
511 +4.875247167e+000 +4.875247167e+000 +9.280524717e+001 +9.280524717e+001 +1.7877e+000 +3.7124e+000 -7.0440e+000 +8.5830e+000 +7.2638e+000 +7.4083e+000 +7.6694e+000 -7.8542e+000 -1.1111e+001 +7.0956e+000
548 +3.717968568e+000 +3.717968568e+000 +9.164796857e+001 +9.164796857e+001 +5.0200e+000 +2.6475e+000 -5.5082e+000 +5.5113e+000 +8.0927e+000 +1.0068e+001 +5.1266e+000 -1.2492e+001 -1.3793e+001 +4.9320e+000
554 +2.911533837e+000 +2.911533837e+000 +9.084153384e+001 +9.084153384e+001 +3.5717e+000 +4.2508e+000 -7.3226e+000 +4.7607e+000 +6.8122e+000 +1.0643e+001 +5.7808e+000 -6.8914e+000 -1.2395e+001 +7.8269e+000
575 +3.104721016e-001 +3.104721016e-001 +8.824047210e+001 +8.824047210e+001 +6.7539e+000 +4.7596e+000 -7.7285e+000 +5.1624e+000 +6.6969e+000 +1.5689e+001 +8.6242e+000 -6.1854e+000 -1.5871e+001 +6.7083e+000
626 +0.000000000e+000 +0.000000000e+000 +8.793000000e+001 +8.793000000e+001 +7.7375e+000 +5.9130e+000 -1.1092e+001 +5.0340e+000 +1.5671e+001 +1.0320e+001 +1.1326e+001 -9.8019e+000 -2.0689e+001 +8.7534e+000
% function evaluation | noise-free fitness - Fopt (3.370000000000e+001) | best noise-free fitness - Fopt | measured fitness | best measured fitness | x1 | x2...
1 +2.077627090e+002 +2.077627090e+002 +2.414627090e+002 +2.414627090e+002 +9.0560e-001 +4.9836e+000 -7.2841e-001 +6.3136e-001 +4.6472e+000 +1.6098e+000 +2.3149e+000 -3.8818e+000 +7.3651e-002 +3.0210e+000
2 +1.926461024e+002 +1.926461024e+002 +2.263461024e+002 +2.263461024e+002 +7.4911e-001 +4.4845e+000 -8.0081e-001 +3.7293e-001 +3.1209e+000 +9.5613e-001 +2.8950e+000 -4.0167e+000 +3.5075e-001 +5.2342e+000
3 +1.735844397e+002 +1.735844397e+002 +2.072844397e+002 +2.072844397e+002 -1.8002e-001 +4.8592e+000 -1.4129e+000 +1.4199e-001 +1.9137e+000 +1.4308e+000 +2.7203e+000 -2.6706e+000 -2.6566e-001 +4.8407e+000
15 +1.654066908e+002 +1.654066908e+002 +1.991066908e+002 +1.991066908e+002 +9.1326e-001 +4.7668e+000 -2.7757e-002 +9.1780e-001 +2.9228e+000 +1.7259e+000 +2.3087e+000 -3.5335e+000 -2.5141e+000 +4.6038e+000
39 +1.496547752e+002 +1.496547752e+002 +1.833547752e+002 +1.833547752e+002 -7.9261e-002 +4.7106e+000 -8.8754e-001 +1.5280e-001 +3.0172e+000 +2.3175e+000 +1.7185e+000 -3.4139e+000 -3.2585e+000 +5.0279e+000
93 +1.448494747e+002 +1.448494747e+002 +1.785494747e+002 +1.785494747e+002 +6.8057e-001 +4.9442e+000 -4.0818e-001 +3.1913e+000 +2.0301e+000 +2.0249e+000 +1.7382e+000 -2.1571e+000 -2.0159e+000 +5.1803e+000
98 +1.427320901e+002 +1.427320901e+002 +1.764320901e+002 +1.764320901e+002 -4.2302e-001 +4.3721e+000 -9.5108e-001 -4.0111e+000 +1.9832e+000 +3.2340e+000 +1.4542e+000 -4.1735e+000 -4.9422e+000 +5.6499e+000
101 +1.299832793e+002 +1.299832793e+002 +1.636832793e+002 +1.636832793e+002 +1.1422e+000 +4.4113e+000 -6.6705e-001 +1.9524e+000 -4.6585e-001 +1.6898e+000 +9.1420e-001 -5.3403e-001 -1.8812e+000 +6.5056e+000
118 +1.259513385e+002 +1.259513385e+002 +1.596513385e+002 +1.596513385e+002 -1.9979e+000 +5.6764e+000 -1.6286e+000 +2.0743e+000 +3.8197e+000 +2.6138e+000 -2.2079e+000 -2.0469e+000 -2.7580e+000 +4.4659e+000
131 +1.101448180e+002 +1.101448180e+002 +1.438448180e+002 +1.438448180e+002 +1.3042e-001 +6.7253e-001 -2.5638e+000 +8.0250e-001 -2.8234e+000 +2.0829e+000 -1.7187e-001 -4.6931e-001 -3.1169e+000 +5.6234e+000
137 +1.014737792e+002 +1.014737792e+002 +1.351737792e+002 +1.351737792e+002 -5.4466e-001 +3.4144e+000 -9.7958e-001 -2.8971e+000 +2.5408e+000 +3.7553e+000 -3.5173e+000 +2.2223e+000 -2.7165e+000 +4.5420e+000
157 +9.830471826e+001 +9.830471826e+001 +1.320047183e+002 +1.320047183e+002 -1.0060e+000 +4.1030e+000 -9.9971e+000 +3.1822e+000 -4.8715e-001 -1.1677e+000 -2.0595e-001 +5.9478e+000 -8.3331e-001 +6.0157e+000
179 +8.550387085e+001 +8.550387085e+001 +1.192038708e+002 +1.192038708e+002 +1.4978e+000 +3.9497e+000 -1.3011e+000 +7.8514e-001 +1.6543e+000 +1.8810e+000 -1.1087e+000 +2.9629e+000 -5.7156e+000 +4.7600e+000
211 +7.054779779e+001 +7.054779779e+001 +1.042477978e+002 +1.042477978e+002 +8.6520e-001 +5.2960e+000 -2.3571e+000 +2.8253e+000 +3.3825e-001 +1.3133e+000 -2.2031e+000 +3.7578e+000 -4.0886e+000 +5.4253e+000
256 +4.200093506e+001 +4.200093506e+001 +7.570093506e+001 +7.570093506e+001 +1.3054e-001 +6.4299e+000 -2.9782e+000 +4.2994e+000 +1.9065e+000 +4.4837e+000 -1.0693e+001 +3.3492e+000 -4.8684e+000 +6.5397e+000
303 +3.442351642e+001 +3.442351642e+001 +6.812351642e+001 +6.812351642e+001 -1.5078e+000 +6.4602e+000 -6.8272e-001 +2.9621e+000 -2.5150e+000 +1.5428e+000 -7.1739e+000 +1.6366e+001 -6.6000e+000 +9.4845e+000
354 +2.619098982e+001 +2.619098982e+001 +5.989098982e+001 +5.989098982e+001 -4.1229e+000 +6.3445e+000 -2.0126e+000 +2.3699e+000 -2.0226e+000 +3.2248e+000 -6.0461e+000 +6.7268e+000 -5.4845e+000 +8.0630e+000
362 +2.028763454e+001 +2.028763454e+001 +5.398763454e+001 +5.398763454e+001 +7.1623e-001 +5.1603e+000 -2.8697e+000 +3.0761e+000 -3.9522e+000 +3.8988e+000 -8.2429e+000 +8.7451e+000 -8.1610e+000 +6.7081e+000
403 +1.480733795e+001 +1.480733795e+001 +4.850733795e+001 +4.850733795e+001 -1.0978e+000 +5.5460e+000 -1.9792e+000 +1.3238e+001 -6.7891e+000 +3.3677e+000 -7.9134e+000 +1.5161e+001 -7.8289e+000 +1.2082e+001
409 +1.287854776e+001 +1.287854776e+001 +4.657854776e+001 +4.657854776e+001 -4.7590e+000 +8.3604e+000 -2.4332e+000 +1.6788e+001 -2.8031e+000 +4.3759e+000 -7.6478e+000 +5.9333e+000 -6.4278e+000 +9.2483e+000
413 +9.254163307e+000 +9.254163307e+000 +4.295416331e+001 +4.295416331e+001 -1.4567e+001 +1.2066e+001 -3.5924e+000 +7.3822e+000 -2.8964e+000 +6.1808e+000 -7.0380e+000 +4.8244e+000 -6.2534e+000 +6.8549e+000
446 +4.121213122e+000 +4.121213122e+000 +3.782121312e+001 +3.782121312e+001 -5.4372e+000 +7.3312e+000 -2.5294e+000 +6.5368e+000 -7.0427e+000 +5.4694e+000 -1.1754e+001 +1.3523e+001 -9.0351e+000 +1.0030e+001
472 +2.934068087e+000 +2.934068087e+000 +3.663406809e+001 +3.663406809e+001 -4.7237e+000 +5.9067e+000 -4.4009e+000 +9.8126e+000 -4.4040e+000 +5.6535e+000 -1.1714e+001 +1.2261e+001 -1.0378e+001 +1.2850e+001
531 +1.620020495e+000 +1.620020495e+000 +3.532002049e+001 +3.532002049e+001 -6.6212e+000 +7.6150e+000 -4.0288e+000 +1.1423e+001 -5.7148e+000 +5.3631e+000 -9.0863e+000 +5.9683e+000 -1.0359e+001 +9.5072e+000
577 +0.000000000e+000 +0.000000000e+000 +3.370000000e+001 +3.370000000e+001 -1.3578e+001 +1.0534e+001 -1.0500e+001 +2.1223e+001 -7.2320e+000 +7.6097e+000 -1.8885e+001 +1.8391e+001 -2.0018e+001 +9.0651e+000
% function evaluation | noise-free fitness - Fopt (-1.618300000000e+002) | best noise-free fitness - Fopt | measured fitness | best measured fitness | x1 | x2...
1 +2.682928382e+002 +2.682928382e+002 +1.064628382e+002 +1.064628382e+002 -5.8844e+000 +5.9428e+000 +8.1196e-001 +2.4849e+000 -1.1529e+000 -4.3212e+000 -1.7876e+000 +3.7924e+000 -2.7340e-001 -3.7636e+000
6 +2.612119963e+002 +2.612119963e+002 +9.938199629e+001 +9.938199629e+001 -5.2158e+000 +5.2029e+000 +7.9402e-001 +2.7743e+000 -1.7772e+000 -4.6268e+000 -1.7023e+000 +2.5043e+000 -1.0912e+000 -4.0785e+000
8 +2.485471213e+002 +2.485471213e+002 +8.671712129e+001 +8.671712129e+001 -3.5625e+000 +6.8067e+000 +1.4071e+000 +1.8941e+000 -1.6118e+000 -3.8924e+000 -2.0701e+000 +1.2876e+000 +2.3736e-001 -2.9371e+000
12 +2.316644188e+002 +2.316644188e+002 +6.983441883e+001 +6.983441883e+001 -4.0654e+000 +4.6407e+000 +4.5240e-001 +1.7348e+000 -1.8090e+000 -3.9189e+000 -1.3267e+000 +4.8617e-001 -4.6010e-001 -2.0572e+000
58 +2.264011928e+002 +2.264011928e+002 +6.457119275e+001 +6.457119275e+001 -4.5227e+000 +6.2472e+000 -1.5213e-001 +1.9554e+000 -2.3206e+000 -3.9088e+000 -2.4631e+000 +2.5516e-001 -1.0710e+000 -2.6766e+000
75 +2.221280923e+002 +2.221280923e+002 +6.029809232e+001 +6.029809232e+001 -3.6106e+000 +4.5368e+000 -1.8194e+000 +5.4252e+000 -2.6958e+000 -1.4973e+000 -2.5762e+000 +9.3743e-001 -1.7038e+000 -2.5244e+000
76 +2.130311522e+002 +2.130311522e+002 +5.120115218e+001 +5.120115218e+001 -4.5901e+000 +5.2554e+000 +6.1949e-001 +2.3340e+000 -2.0243e+000 -3.3603e+000 -2.1577e+000 +1.2603e-001 -1.4660e+000 -1.6571e+000
102 +2.071963449e+002 +2.071963449e+002 +4.536634490e+001 +4.536634490e+001 -3.7154e+000 +4.8405e+000 -1.1235e+000 +3.0092e+000 -1.2526e+000 -3.3074e+000 -3.2487e+000 -1.1029e-001 -2.9131e+000 -3.1131e+000
122 +1.983581662e+002 +1.983581662e+002 +3.652816618e+001 +3.652816618e+001 -3.9187e+000 +5.3309e+000 -6.9876e-001 +1.9334e+000 -9.2595e-001 -1.2823e+000 -3.8270e+000 +1.3175e-001 -2.7520e+000 -3.2483e+000
152 +1.802624597e+002 +1.802624597e+002 +1.843245973e+001 +1.843245973e+001 -3.3755e+000 +5.3200e+000 -4.1044e-001 +3.7473e+000 +7.1058e-001 -3.3234e+000 -3.6719e+000 -6.6357e-001 -4.4642e-001 +7.1292e-001
156 +1.731286877e+002 +1.731286877e+002 +1.129868772e+001 +1.129868772e+001 -5.1335e+000 +3.6464e+000 +1.0601e+000 +8.2934e-001 -1.5521e+000 -1.5556e+000 -5.6819e+000 +1.2251e+000 -2.2337e+000 +1.8157e-001
179 +1.642973301e+002 +1.642973301e+002 +2.467330060e+000 +2.467330060e+000 -4.4115e+000 +3.2655e+000 -1.8162e-001 +8.1224e+000 -9.3386e-001 -4.4106e-001 -3.3228e+000 +1.8144e-001 -6.0135e+000 -2.4744e-002
200 +1.556857855e+002 +1.556857855e+002 -6.144214462e+000 -6.144214462e+000 -5.9176e+000 +4.7293e+000 -1.0904e+000 +2.3286e+000 -2.8552e+000 -2.1249e+000 -2.2011e+000 -3.2419e-001 -2.8354e+000 +2.2219e+000
203 +1.431068379e+002 +1.431068379e+002 -1.872316206e+001 -1.872316206e+001 +4.5990e+000 +6.7903e+000 -2.9931e-001 +3.5566e+000 -1.6539e+000 -1.6841e+000 -4.2685e+000 -4.0693e+000 -6.1933e+000 -5.7208e-001
205 +1.319953560e+002 +1.319953560e+002 -2.983464396e+001 -2.983464396e+001 -5.3331e+000 +5.3059e+000 +3.6155e-001 +2.3411e+000 -8.2106e-001 -2.5838e+000 -4.0220e+000 +4.3164e-001 -5.1847e+000 +2.3318e+000
215 +1.316351813e+002 +1.316351813e+002 -3.019481874e+001 -3.019481874e+001 -3.7836e+000 +3.9127e+000 +5.3020e-001 +3.0044e+000 -1.0756e+000 -3.8770e+000 -3.7728e+000 +3.0148e-001 -1.1031e+001 +3.3741e+000
219 +1.238563490e+002 +1.238563490e+002 -3.797365100e+001 -3.797365100e+001 -3.4734e+000 +4.7903e+000 +2.1723e-001 +2.2599e+000 +3.8358e-001 -1.2736e+000 -3.9552e+000 -1.1583e-001 -2.9589e+000 +3.7609e+000
231 +1.191471216e+002 +1.191471216e+002 -4.268287836e+001 -4.268287836e+001 -4.6020e+000 +4.4039e+000 -1.3300e+000 +3.3785e+000 +1.5136e+000 -2.7992e+000 -4.0654e+000 +2.0069e+000 -3.7429e+000 +5.5457e+000
251 +1.010451454e+002 +1.010451454e+002 -6.078485465e+001 -6.078485465e+001 -5.9079e+000 +3.4268e+000 -5.8871e-001 +3.9610e+000 -8.3583e-001 +2.1184e-001 -1.1281e+001 -3.5804e+000 -1.0088e+001 +1.9608e+000
274 +9.723210802e+001 +9.723210802e+001 -6.459789198e+001 -6.459789198e+001 -2.9628e+000 +3.1876e+000 -2.1153e+000 +6.9074e+000 +9.0606e-001 +2.1123e+000 -3.2699e+000 -1.6039e-001 -1.3591e+001 +4.6424e+000
286 +9.294360285e+001 +9.294360285e+001 -6.888639715e+001 -6.888639715e+001 -2.8519e+000 +4.3099e+000 -4.9524e+000 +1.4608e+000 -1.6148e-001 -9.9794e-001 -3.7480e+000 -6.2605e-001 -4.2243e+000 +4.8051e+000
289 +5.702443572e+001 +5.702443572e+001 -1.048055643e+002 -1.048055643e+002 +4.9943e+000 +4.8918e+000 -2.0166e+000 +2.9917e+000 -1.7450e+000 +1.0064e+001 -6.1261e+000 -4.5651e+000 -6.8727e+000 +4.6679e+000
332 +5.292552514e+001 +5.292552514e+001 -1.089044749e+002 -1.089044749e+002 -8.1809e-001 +4.4256e+000 +7.6595e-001 +1.5025e+000 +2.1487e-001 +2.4603e+000 -8.2399e+000 -1.2404e+001 -6.4921e+000 +4.8068e+000
351 +5.162038933e+001 +5.162038933e+001 -1.102096107e+002 -1.102096107e+002 -3.6568e+000 +4.0859e+000 -2.8887e-001 +2.9770e+000 +7.3543e-001 +1.7638e+000 -6.3923e+000 -5.4904e+000 -9.1496e+000 +4.9445e+000
354 +4.467750411e+001 +4.467750411e+001 -1.171524959e+002 -1.171524959e+002 -4.2347e+000 +2.3920e+000 -7.6145e-001 +3.7740e+000 +1.8077e+000 +3.4174e+000 -5.6299e+000 -7.3425e+000 -7.8172e+000 +6.5883e+000
358 +3.605948456e+001 +3.605948456e+001 -1.257705154e+002 -1.257705154e+002 -3.5819e+000 +5.2401e+000 -2.7806e-001 +2.1926e+000 +4.1281e+000 +2.5395e+000 -8.1035e+000 -8.9522e+000 -1.4890e+001 +4.3964e+001
393 +2.293248687e+001 +2.293248687e+001 -1.388975131e+002 -1.388975131e+002 -5.0978e+000 +5.3500e+000 -2.1056e+000 -8.3462e-001 +4.2980e+000 +3.1720e+000 -7.9783e+000 -7.9743e+000 -4.9215e+000 +9.9218e+000
409 +2.107382323e+001 +2.107382323e+001 -1.407561768e+002 -1.407561768e+002 -5.3355e+000 +4.2126e+000 -2.3991e+000 +2.1781e+000 +4.9088e+000 +5.3160e+000 -6.1702e+000 -6.4152e+000 -2.1452e+001 +1.7429e+001
427 +1.502025140e+001 +1.502025140e+001 -1.468097486e+002 -1.468097486e+002 -4.4557e+000 +4.4309e+000 -3.9378e+000 +1.0372e-001 +4.8506e+000 +1.4676e+001 -4.8798e+000 -8.8508e+000 -3.9028e+001 +1.0019e+001
532 +1.392710385e+001 +1.392710385e+001 -1.479028962e+002 -1.479028962e+002 -4.9906e+000 +4.6689e+000 -2.4816e+000 -6.8838e-001 +8.3851e+000 +1.0494e+001 -8.1499e+000 -8.3148e+000 -1.6404e+001 +1.1765e+001
563 +1.073476326e+001 +1.073476326e+001 -1.510952367e+002 -1.510952367e+002 -5.0149e+000 +4.8248e+000 -3.0739e+000 -1.6138e+000 +1.9923e+001 +7.4251e+000 -5.4497e+000 -1.3887e+001 -1.7710e+001 +1.1976e+001
620 +9.038565487e+000 +9.038565487e+000 -1.527914345e+002 -1.527914345e+002 -4.7979e+000 +4.0434e+000 -8.9268e+000 -1.4719e+000 +7.2260e+000 +6.3116e+000 -1.7801e+001 -1.2613e+001 -2.6143e+001 +2.4800e+001
655 +8.559958536e+000 +8.559958536e+000 -1.532700415e+002 -1.532700415e+002 -5.3079e+000 +3.3380e+000 -5.7289e+000 -2.0232e+000 +1.3994e+001 +8.1891e+000 -8.2981e+000 -1.1625e+001 -1.6441e+001 +1.3823e+001
666 +4.677214607e+000 +4.677214607e+000 -1.571527854e+002 -1.571527854e+002 -3.5969e+000 +4.4459e+000 -4.7441e+000 -4.0107e+000 +1.0225e+001 +1.3264e+001 -6.4576e+000 -1.3934e+001 -2.5330e+001 +5.3595e+001
678 +4.014474145e+000 +4.014474145e+000 -1.578155259e+002 -1.578155259e+002 -4.3382e+000 +4.0184e+000 -3.7542e+000 -4.9968e+000 +2.7226e+001 +1.6581e+001 -1.3831e+001 -1.2115e+001 -2.6447e+001 +5.0461e+000
709 +2.976935685e+000 +2.976935685e+000 -1.588530643e+002 -1.588530643e+002 -4.8405e+000 +5.9912e+000 -6.0553e+000 -3.6923e+000 +1.8752e+001 +8.0731e+000 -1.4899e+001 -1.1917e+001 -2.2892e+001 +3.6610e+001
716 +1.081033102e+000 +1.081033102e+000 -1.607489669e+002 -1.607489669e+002 -6.5428e+000 +5.0816e+000 -5.4993e+000 -4.4982e+000 +8.4793e+000 +9.8256e+000 -9.8169e+000 -1.5956e+001 -2.4655e+001 +2.9376e+001
748 +7.776579149e-001 +7.776579149e-001 -1.610523421e+002 -1.610523421e+002 -6.1465e+000 +4.3979e+000 -7.3464e+000 -8.9815e+000 +1.6709e+001 +9.0826e+000 -2.1026e+001 -2.7976e+001 -7.9180e+000 +3.7392e+001
760 +4.846320445e-001 +4.846320445e-001 -1.613453680e+002 -1.613453680e+002 -4.5154e+000 +9.1648e+000 -5.1262e+000 -7.6589e+000 +1.8251e+001 +1.0396e+001 -2.0330e+001 -1.6527e+001 -2.0806e+001 +5.1792e+001
788 +1.157152011e-001 +1.157152011e-001 -1.617142848e+002 -1.617142848e+002 -5.3561e+000 +5.7084e+000 -5.5424e+000 -4.9463e+000 +2.2017e+001 +1.7786e+001 -2.1959e+001 -1.6517e+001 -1.5409e+001 +4.6023e+001
801 +0.000000000e+000 +0.000000000e+000 -1.618300000e+002 -1.618300000e+002 -7.4945e+000 +1.0852e+001 -7.5502e+000 -8.9861e+000 +3.0793e+001 +2.3710e+001 -8.1057e+000 -1.7470e+001 -2.8476e+001 +4.2362e+001
