% function evaluation | noise-free fitness - Fopt (4.078000000000e+001) | best noise-free fitness - Fopt | measured fitness | best measured fitness | x1 | x2...
1 +1.018172184e+002 +1.018172184e+002 +1.425972184e+002 +1.425972184e+002 -8.4068e+000 +3.2788e+000 +2.7223e+000 +6.3178e+000 -6.8674e+000
2 +6.448219822e+001 +6.448219822e+001 +1.052621982e+002 +1.052621982e+002 -3.8018e-001 +4.8454e+000 -4.3342e+000 +4.6760e+000 -4.5539e+000
8 +6.212755198e+001 +6.212755198e+001 +1.029075520e+002 +1.029075520e+002 -3.5054e+000 +4.0620e+000 -9.6948e-001 +3.9487e+000 -4.9253e+000
13 +5.730233224e+001 +5.730233224e+001 +9.808233224e+001 +9.808233224e+001 -7.2075e-001 +4.2023e+000 -2.8436e+000 +3.1202e+000 -4.1905e+000
17 +2.682300414e+001 +2.682300414e+001 +6.760300414e+001 +6.760300414e+001 -2.1549e+000 +1.6508e+000 +1.4423e-001 +5.3772e+000 -2.5774e+000
27 +2.414880056e+001 +2.414880056e+001 +6.492880056e+001 +6.492880056e+001 +1.0666e+000 +2.4666e+000 -2.4690e-001 +4.2249e+000 -2.4832e+000
38 +1.650779548e+001 +1.650779548e+001 +5.728779548e+001 +5.728779548e+001 +2.3192e+000 +3.1866e+000 -3.7420e+000 +4.7884e+000 -4.6310e+000
106 +1.155075652e+001 +1.155075652e+001 +5.233075652e+001 +5.233075652e+001 -1.7277e-001 +3.2677e+000 +2.1700e+000 -9.6871e-001 +7.5014e-002
178 +8.427514234e+000 +8.427514234e+000 +4.920751423e+001 +4.920751423e+001 -1.4691e+000 +2.3008e+000 +5.6611e-001 -2.2355e+000 -2.6314e-001
238 +7.620886600e+000 +7.620886600e+000 +4.840088660e+001 +4.840088660e+001 -9.5471e-001 +2.3712e+000 +5.5000e-001 -1.3363e+000 +1.0854e-001
245 +3.903136277e+000 +3.903136277e+000 +4.468313628e+001 +4.468313628e+001 -1.3822e+000 +1.7540e+000 +1.9493e-001 -9.1543e-001 +7.0423e-003
276 +2.584125899e+000 +2.584125899e+000 +4.336412590e+001 +4.336412590e+001 -2.1614e+000 +1.6345e+000 +3.4748e-002 -1.0509e+000 +4.9270e-001
304 +1.951242192e+000 +1.951242192e+000 +4.273124219e+001 +4.273124219e+001 -1.6408e+000 +1.2537e+000 +3.5678e-001 -1.1231e+000 +2.2066e-001
364 +1.909586289e+000 +1.909586289e+000 +4.268958629e+001 +4.268958629e+001 -1.4447e+000 +8.9148e-001 +3.8227e-001 -1.5772e+000 +5.4420e-001
365 +1.850770553e+000 +1.850770553e+000 +4.263077055e+001 +4.263077055e+001 -1.5859e+000 +1.3403e+000 +2.6615e-001 -1.5276e+000 +2.0836e-001
369 +1.596885784e+000 +1.596885784e+000 +4.237688578e+001 +4.237688578e+001 -1.6813e+000 +1.1435e+000 +2.7755e-001 -1.4287e+000 +4.3792e-001
374 +1.468463230e+000 +1.468463230e+000 +4.224846323e+001 +4.224846323e+001 -1.6322e+000 +1.1577e+000 +3.9409e-001 -1.5859e+000 +4.0803e-001
457 +1.419228775e+000 +1.419228775e+000 +4.219922878e+001 +4.219922878e+001 -1.6708e+000 +1.3181e+000 +3.4136e-001 -1.5320e+000 +5.7845e-001
480 +1.403062109e+000 +1.403062109e+000 +4.218306211e+001 +4.218306211e+001 -1.7479e+000 +1.3510e+000 +3.6592e-001 -1.5645e+000 +5.3352e-001
517 +1.374775499e+000 +1.374775499e+000 +4.215477550e+001 +4.215477550e+001 -1.6797e+000 +1.2368e+000 +3.8424e-001 -1.6013e+000 +5.0328e-001
528 +1.325232898e+000 +1.325232898e+000 +4.210523290e+001 +4.210523290e+001 -1.6963e+000 +1.2782e+000 +4.3178e-001 -1.5529e+000 +4.5547e-001
557 +1.314054115e+000 +1.314054115e+000 +4.209405412e+001 +4.209405412e+001 -1.7380e+000 +1.2739e+000 +4.1763e-001 -1.5566e+000 +5.0892e-001
592 +1.281252624e+000 +1.281252624e+000 +4.206125262e+001 +4.206125262e+001 -1.7629e+000 +1.2611e+000 +4.5451e-001 -1.5317e+000 +5.2972e-001
650 +1.256294797e+000 +1.256294797e+000 +4.203629480e+001 +4.203629480e+001 -1.7349e+000 +1.2347e+000 +5.0282e-001 -1.5258e+000 +5.6982e-001
% function evaluation | noise-free fitness - Fopt (-1.600000000000e+000) | best noise-free fitness - Fopt | measured fitness | best measured fitness | x1 | x2...
1 +8.623589404e+001 +8.623589404e+001 +8.463589404e+001 +8.463589404e+001 +6.4147e+000 -2.2636e+000 -5.8168e-001 +3.6447e-001 -5.5871e+000
2 +8.500572635e+001 +8.500572635e+001 +8.340572635e+001 +8.340572635e+001 +4.5610e+000 -6.0105e+000 +1.2741e+000 -3.1280e+000 -3.3681e+000
4 +7.330157477e+001 +7.330157477e+001 +7.170157477e+001 +7.170157477e+001 +5.8770e+000 -2.3140e+000 -2.3272e+000 -1.4365e-001 +1.0729e-001
5 +7.185923595e+001 +7.185923595e+001 +7.025923595e+001 +7.025923595e+001 +3.0569e+000 -2.1544e+000 -1.6423e+000 -6.3556e-001 -7.3216e+000
6 +3.037719809e+001 +3.037719809e+001 +2.877719809e+001 +2.877719809e+001 +4.7185e+000 -3.0375e+000 -2.5987e+000 -1.5937e+000 -1.4169e+000
62 +2.781724074e+001 +2.781724074e+001 +2.621724074e+001 +2.621724074e+001 +4.9794e+000 -1.2721e+000 -1.7977e+000 +2.5307e+000 +2.6909e+000
83 +1.470637164e+001 +1.470637164e+001 +1.310637164e+001 +1.310637164e+001 -1.3647e+000 -1.3167e+000 -1.7130e+000 -1.7666e-001 -1.8550e-001
138 +1.171007873e+001 +1.171007873e+001 +1.011007873e+001 +1.011007873e+001 +4.2167e+000 -2.0795e+000 -1.7346e+000 +2.6620e+000 +3.1804e+000
327 +1.143136215e+001 +1.143136215e+001 +9.831362149e+000 +9.831362149e+000 +4.2396e+000 -2.1175e+000 -1.6451e+000 +1.7758e+000 +2.6209e+000
332 +1.111922053e+001 +1.111922053e+001 +9.519220533e+000 +9.519220533e+000 +4.3616e+000 -2.1519e+000 -1.8075e+000 +2.0682e+000 +2.6053e+000
353 +1.083496137e+001 +1.083496137e+001 +9.234961370e+000 +9.234961370e+000 +4.2994e+000 -2.3549e+000 -1.4189e+000 +2.2675e+000 +2.6857e+000
360 +1.051495651e+001 +1.051495651e+001 +8.914956514e+000 +8.914956514e+000 +4.3555e+000 -2.4302e+000 -1.9769e+000 +1.7871e+000 +2.5488e+000
378 +1.020277661e+001 +1.020277661e+001 +8.602776610e+000 +8.602776610e+000 +4.2912e+000 -2.3665e+000 -1.7318e+000 +1.7713e+000 +2.6459e+000
395 +9.891637970e+000 +9.891637970e+000 +8.291637970e+000 +8.291637970e+000 +4.3553e+000 -2.2759e+000 -1.6035e+000 +1.8553e+000 +2.8525e+000
409 +9.542992832e+000 +9.542992832e+000 +7.942992832e+000 +7.942992832e+000 +4.4396e+000 -2.3840e+000 -1.5720e+000 +2.0019e+000 +3.0248e+000
487 +9.230876655e+000 +9.230876655e+000 +7.630876655e+000 +7.630876655e+000 +4.4847e+000 -2.4655e+000 -1.8040e+000 +2.1481e+000 +2.9402e+000
682 +9.118678814e+000 +9.118678814e+000 +7.518678814e+000 +7.518678814e+000 +4.6168e+000 -2.3876e+000 -1.9099e+000 +2.1609e+000 +3.0267e+000
% function evaluation | noise-free fitness - Fopt (-3.708400000000e+002) | best noise-free fitness - Fopt | measured fitness | best measured fitness | x1 | x2...
1 +5.757100538e+001 +5.757100538e+001 -3.132689946e+002 -3.132689946e+002 +2.2016e+000 +8.8724e-001 +9.9840e-001 +4.9377e+000 +2.9044e+000
9 +4.432331316e+001 +4.432331316e+001 -3.265166868e+002 -3.265166868e+002 +3.0294e+000 +1.9957e-001 +2.7460e+000 +5.5438e+000 +2.7282e+000
18 +4.043748073e+001 +4.043748073e+001 -3.304025193e+002 -3.304025193e+002 +6.4802e-001 -3.3544e+000 +3.8288e+000 +4.2934e+000 +4.3607e+000
43 +2.904514069e+001 +2.904514069e+001 -3.417948593e+002 -3.417948593e+002 +4.0321e+000 -1.1335e-001 +3.6998e+000 +4.0650e+000 +3.1978e+000
54 +1.269027223e+001 +1.269027223e+001 -3.581497278e+002 -3.581497278e+002 +1.3670e+000 -1.3534e+000 +2.1833e+000 +4.3839e+000 +3.3890e+000
76 +1.111640754e+001 +1.111640754e+001 -3.597235925e+002 -3.597235925e+002 +2.0080e+000 -1.0072e+000 +2.5311e+000 +3.6422e+000 +3.2938e+000
92 +9.605141845e+000 +9.605141845e+000 -3.612348582e+002 -3.612348582e+002 +1.9082e+000 -1.1245e+000 +2.1521e+000 +4.3371e+000 +3.3881e+000
98 +8.561904352e+000 +8.561904352e+000 -3.622780956e+002 -3.622780956e+002 +2.4517e+000 -1.1519e+000 +2.4801e+000 +4.2644e+000 +3.3625e+000
135 +5.958245380e+000 +5.958245380e+000 -3.648817546e+002 -3.648817546e+002 +2.6523e+000 -6.2476e-001 +2.4780e+000 +4.4760e+000 +4.2517e+000
160 +5.673880324e+000 +5.673880324e+000 -3.651661197e+002 -3.651661197e+002 +2.2920e+000 -8.1352e-001 +2.6403e+000 +4.2906e+000 +3.9245e+000
180 +5.380749163e+000 +5.380749163e+000 -3.654592508e+002 -3.654592508e+002 +2.5873e+000 -7.9660e-001 +2.7648e+000 +4.3276e+000 +4.0964e+000
208 +5.271019237e+000 +5.271019237e+000 -3.655689808e+002 -3.655689808e+002 +2.3869e+000 -8.1089e-001 +2.6388e+000 +4.4665e+000 +4.0934e+000
212 +4.872416668e+000 +4.872416668e+000 -3.659675833e+002 -3.659675833e+002 +2.1257e+000 -8.5387e-001 +2.3900e+000 +4.3459e+000 +4.2095e+000
256 +4.507598111e+000 +4.507598111e+000 -3.663324019e+002 -3.663324019e+002 +2.1774e+000 -9.4383e-001 +2.5871e+000 +4.1312e+000 +4.3354e+000
258 +4.400444099e+000 +4.400444099e+000 -3.664395559e+002 -3.664395559e+002 +2.5421e+000 -9.1784e-001 +2.4655e+000 +4.2599e+000 +4.3057e+000
285 +4.159424359e+000 +4.159424359e+000 -3.666805756e+002 -3.666805756e+002 +2.3384e+000 -9.9286e-001 +2.6220e+000 +4.3540e+000 +4.2672e+000
363 +4.013263107e+000 +4.013263107e+000 -3.668267369e+002 -3.668267369e+002 +2.3337e+000 -1.0433e+000 +2.5994e+000 +4.2820e+000 +4.2599e+000
378 +3.966630540e+000 +3.966630540e+000 -3.668733695e+002 -3.668733695e+002 +2.2872e+000 -1.0771e+000 +2.5710e+000 +4.2274e+000 +4.2691e+000
391 +3.821283311e+000 +3.821283311e+000 -3.670187167e+002 -3.670187167e+002 +2.4561e+000 -1.2225e+000 +2.5228e+000 +4.2796e+000 +4.2697e+000
422 +3.783305871e+000 +3.783305871e+000 -3.670566941e+002 -3.670566941e+002 +2.3255e+000 -1.2682e+000 +2.5645e+000 +4.2431e+000 +4.2628e+000
460 +3.706797242e+000 +3.706797242e+000 -3.671332028e+002 -3.671332028e+002 +2.3373e+000 -1.3465e+000 +2.5207e+000 +4.2773e+000 +4.2767e+000
% function evaluation | noise-free fitness - Fopt (-3.256000000000e+001) | best noise-free fitness - Fopt | measured fitness | best measured fitness | x1 | x2...
1 +5.046112218e+001 +5.046112218e+001 +1.790112218e+001 +1.790112218e+001 -3.9424e+000 +3.6023e+000 +4.5404e+000 +4.3845e+000 -5.1781e+000
18 +3.033212831e+001 +3.033212831e+001 -2.227871692e+000 -2.227871692e+000 -2.4103e+000 +4.7271e+000 -3.1093e-001 +5.4166e+000 -1.6500e+000
142 +2.194573019e+001 +2.194573019e+001 -1.061426981e+001 -1.061426981e+001 -1.3106e+000 +3.2139e+000 -4.5789e+000 -3.2982e+000 -3.8539e+000
188 +2.947748373e+000 +2.947748373e+000 -2.961225163e+001 -2.961225163e+001 +2.9758e+000 +4.4486e+000 -1.4056e+000 +2.9601e+000 -2.9813e+000
481 +2.042199371e+000 +2.042199371e+000 -3.051780063e+001 -3.051780063e+001 +3.2875e-001 +1.7088e+000 -1.8077e+000 +1.9697e+000 -3.8924e+000
485 +1.942586920e+000 +1.942586920e+000 -3.061741308e+001 -3.061741308e+001 +8.7136e-001 +1.8287e+000 -1.7426e+000 +2.2296e+000 -4.1301e+000
533 +1.752118955e+000 +1.752118955e+000 -3.080788104e+001 -3.080788104e+001 +5.4479e-001 +1.8052e+000 -1.5621e+000 +2.2873e+000 -3.7596e+000
574 +1.673163205e+000 +1.673163205e+000 -3.088683679e+001 -3.088683679e+001 +7.6667e-001 +1.8074e+000 -1.7233e+000 +2.1803e+000 -3.5172e+000
582 +1.318989519e+000 +1.318989519e+000 -3.124101048e+001 -3.124101048e+001 +5.6567e-001 +1.7060e+000 -1.4676e+000 +2.1114e+000 -3.5162e+000
647 +1.276882237e+000 +1.276882237e+000 -3.128311776e+001 -3.128311776e+001 +6.2291e-001 +1.6560e+000 -1.5260e+000 +2.1300e+000 -3.4385e+000
701 +1.255521794e+000 +1.255521794e+000 -3.130447821e+001 -3.130447821e+001 +6.5821e-001 +1.6578e+000 -1.5002e+000 +2.0783e+000 -3.4828e+000
% function evaluation | noise-free fitness - Fopt (5.154000000000e+002) | best noise-free fitness - Fopt | measured fitness | best measured fitness | x1 | x2...
1 +8.113965539e+001 +8.113965539e+001 +5.965396554e+002 +5.965396554e+002 +3.9685e+000 -3.3325e+000 -1.2102e+000 +3.9503e+000 +4.7557e+000
4 +6.842527742e+001 +6.842527742e+001 +5.838252774e+002 +5.838252774e+002 +4.1515e+000 -4.4967e+000 -6.1567e-001 +4.1036e+000 +1.8718e+000
5 +2.287265918e+001 +2.287265918e+001 +5.382726592e+002 +5.382726592e+002 +5.1886e+000 -2.1157e+000 -6.4029e-001 -3.0446e-001 +2.8939e+000
42 +8.604945652e+000 +8.604945652e+000 +5.240049457e+002 +5.240049457e+002 +4.1831e+000 -3.4691e+000 -2.5482e+000 -1.4851e-001 +2.0578e+000
81 +8.111124651e+000 +8.111124651e+000 +5.235111247e+002 +5.235111247e+002 +3.5643e+000 -3.6425e+000 -1.8963e+000 +9.6761e-001 +2.2239e+000
88 +6.841532608e+000 +6.841532608e+000 +5.222415326e+002 +5.222415326e+002 +4.3969e+000 -3.5720e+000 -1.9680e+000 +4.6484e-001 +2.1509e+000
119 +5.718826248e+000 +5.718826248e+000 +5.211188262e+002 +5.211188262e+002 +4.1317e+000 -2.9523e+000 -1.8779e+000 +6.2838e-001 +2.5195e+000
126 +3.922290696e+000 +3.922290696e+000 +5.193222907e+002 +5.193222907e+002 +3.7532e+000 -3.2983e+000 -2.4750e+000 +4.4192e-001 +2.0640e+000
141 +3.861736838e+000 +3.861736838e+000 +5.192617368e+002 +5.192617368e+002 +3.5416e+000 -3.9866e+000 -2.8691e+000 +6.8495e-001 +2.2594e+000
170 +2.511476683e+000 +2.511476683e+000 +5.179114767e+002 +5.179114767e+002 +3.8235e+000 -3.6130e+000 -2.4988e+000 +5.3780e-001 +1.9386e+000
260 +2.423047507e+000 +2.423047507e+000 +5.178230475e+002 +5.178230475e+002 +3.7790e+000 -3.4237e+000 -2.3531e+000 +4.2351e-001 +2.3492e+000
304 +2.310083468e+000 +2.310083468e+000 +5.177100835e+002 +5.177100835e+002 +3.6704e+000 -3.4978e+000 -2.3615e+000 +7.0071e-001 +1.9907e+000
547 +2.286357496e+000 +2.286357496e+000 +5.176863575e+002 +5.176863575e+002 +3.5883e+000 -3.6186e+000 -2.3408e+000 +5.7264e-001 +1.9989e+000
% function evaluation | noise-free fitness - Fopt (-1.000000000000e+003) | best noise-free fitness - Fopt | measured fitness | best measured fitness | x1 | x2...
1 +2.333400961e+002 +2.333400961e+002 -7.666599039e+002 -7.666599039e+002 -1.1720e+000 +1.0115e+000 -1.8922e+000 +1.7117e+001 +4.5853e-001
2 +9.935302986e+001 +9.935302986e+001 -9.006469701e+002 -9.006469701e+002 -3.1240e+000 +4.6011e+000 +2.5617e-002 -7.8605e+000 +7.3808e+000
3 +6.858453621e+001 +6.858453621e+001 -9.314154638e+002 -9.314154638e+002 -5.0759e+000 +5.6522e+000 +3.0373e+000 -3.4875e+000 +5.0651e+000
4 +4.875441402e+001 +4.875441402e+001 -9.512455860e+002 -9.512455860e+002 -4.3638e+000 +3.9776e+000 +2.9461e+000 -3.5776e+000 +2.9629e+000
22 +3.097079756e+001 +3.097079756e+001 -9.690292024e+002 -9.690292024e+002 -2.2911e+000 +3.2495e+000 +6.4117e-001 -4.1381e+000 +2.4349e+000
92 +2.562281796e+001 +2.562281796e+001 -9.743771820e+002 -9.743771820e+002 -1.8330e+000 +4.4139e+000 +2.9587e+000 -2.4408e+000 +2.4679e+000
94 +2.009377739e+001 +2.009377739e+001 -9.799062226e+002 -9.799062226e+002 -2.7972e+000 +3.6250e+000 +1.8872e+000 -1.9782e+000 +3.5336e+000
101 +3.439581413e+000 +3.439581413e+000 -9.965604186e+002 -9.965604186e+002 -2.1599e+000 +3.2991e+000 +1.6043e+000 -2.7861e+000 +2.3634e+000
127 +2.205554394e+000 +2.205554394e+000 -9.977944456e+002 -9.977944456e+002 -1.2922e+000 +4.4948e+000 +1.9139e+000 -2.2069e+000 +2.6008e+000
143 +2.159713128e+000 +2.159713128e+000 -9.978402869e+002 -9.978402869e+002 -2.2268e+000 +3.4604e+000 +1.5003e+000 -2.2434e+000 +2.5224e+000
148 +2.136909268e+000 +2.136909268e+000 -9.978630907e+002 -9.978630907e+002 -2.0805e+000 +3.6874e+000 +1.4277e+000 -1.1843e+000 +2.9938e+000
263 +2.057285416e+000 +2.057285416e+000 -9.979427146e+002 -9.979427146e+002 -2.2207e+000 +3.5796e+000 +1.1016e+000 -2.7142e+000 +2.4108e+000
265 +2.001169151e+000 +2.001169151e+000 -9.979988308e+002 -9.979988308e+002 -2.2632e+000 +3.6502e+000 +1.3182e+000 -2.4185e+000 +2.6616e+000
353 +1.945637420e+000 +1.945637420e+000 -9.980543626e+002 -9.980543626e+002 -1.9949e+000 +3.9548e+000 +1.1637e+000 -2.9174e+000 +2.4001e+000
444 +1.750004214e+000 +1.750004214e+000 -9.982499958e+002 -9.982499958e+002 -1.9860e+000 +3.8823e+000 +1.3820e+000 -2.1706e+000 +2.6828e+000
566 +1.717409407e+000 +1.717409407e+000 -9.982825906e+002 -9.982825906e+002 -1.9829e+000 +3.9590e+000 +1.3691e+000 -2.3875e+000 +2.6113e+000
592 +1.676589344e+000 +1.676589344e+000 -9.983234107e+002 -9.983234107e+002 -1.9633e+000 +3.8939e+000 +1.4367e+000 -2.3543e+000 +2.6054e+000
717 +1.645114464e+000 +1.645114464e+000 -9.983548855e+002 -9.983548855e+002 -1.8909e+000 +3.9806e+000 +1.4008e+000 -2.3780e+000 +2.6097e+000
729 +1.619636443e+000 +1.619636443e+000 -9.983803636e+002 -9.983803636e+002 -1.9240e+000 +3.9659e+000 +1.4547e+000 -2.3305e+000 +2.6406e+000
801 +1.579745051e+000 +1.579745051e+000 -9.984202549e+002 -9.984202549e+002 -1.8937e+000 +3.9650e+000 +1.4743e+000 -2.3140e+000 +2.6500e+000
886 +1.548055310e+000 +1.548055310e+000 -9.984519447e+002 -9.984519447e+002 -1.8481e+000 +3.9395e+000 +1.4895e+000 -2.3198e+000 +2.6374e+000
953 +1.497044563e+000 +1.497044563e+000 -9.985029554e+002 -9.985029554e+002 -1.8169e+000 +3.9538e+000 +1.5247e+000 -2.2840e+000 +2.6411e+000
1013 +1.442103068e+000 +1.442103068e+000 -9.985578969e+002 -9.985578969e+002 -1.7560e+000 +3.9928e+000 +1.5737e+000 -2.3433e+000 +2.6411e+000
1176 +1.412432276e+000 +1.412432276e+000 -9.985875677e+002 -9.985875677e+002 -1.7226e+000 +4.0204e+000 +1.5779e+000 -2.2796e+000 +2.6475e+000
1237 +1.370367058e+000 +1.370367058e+000 -9.986296329e+002 -9.986296329e+002 -1.6588e+000 +4.0718e+000 +1.6155e+000 -2.2959e+000 +2.6489e+000
1303 +1.338738969e+000 +1.338738969e+000 -9.986612610e+002 -9.986612610e+002 -1.6054e+000 +4.0879e+000 +1.6485e+000 -2.2860e+000 +2.6502e+000
1355 +1.308984002e+000 +1.308984002e+000 -9.986910160e+002 -9.986910160e+002 -1.5727e+000 +4.0627e+000 +1.6862e+000 -2.2958e+000 +2.6513e+000
1494 +1.282101791e+000 +1.282101791e+000 -9.987178982e+002 -9.987178982e+002 -1.5147e+000 +4.0731e+000 +1.7426e+000 -2.3111e+000 +2.6525e+000
2461 +1.258792760e+000 +1.258792760e+000 -9.987412072e+002 -9.987412072e+002 -1.4244e+000 +4.1150e+000 +1.7874e+000 -2.3295e+000 +2.6541e+000
% function evaluation | noise-free fitness - Fopt (9.190000000000e+001) | best noise-free fitness - Fopt | measured fitness | best measured fitness | x1 | x2...
1 +7.345820747e+001 +7.345820747e+001 +1.653582075e+002 +1.653582075e+002 +6.1769e+000 +4.3830e+000 +3.6207e+000 +3.9516e+000 -3.8414e+000
2 +6.836573199e+001 +6.836573199e+001 +1.602657320e+002 +1.602657320e+002 +2.6657e-001 +4.8811e+000 +9.3083e-001 +1.4567e+000 +5.8221e+000
15 +6.515091588e+001 +6.515091588e+001 +1.570509159e+002 +1.570509159e+002 -6.0231e+000 +1.4078e+000 -4.1044e+000 +7.2659e-001 +6.0042e+000
22 +2.127818613e+001 +2.127818613e+001 +1.131781861e+002 +1.131781861e+002 -1.4016e+000 +1.3429e+000 +3.7217e+000 +3.8513e+000 +6.0165e+000
118 +5.079073372e+000 +5.079073372e+000 +9.697907337e+001 +9.697907337e+001 -3.3780e-001 -4.1091e-002 -1.9858e+000 -1.3202e+000 +1.5906e+000
673 +4.711320208e+000 +4.711320208e+000 +9.661132021e+001 +9.661132021e+001 +3.5751e+000 -9.2571e-001 -9.9412e-001 +3.7123e+000 +3.1759e-001
679 +4.633181093e+000 +4.633181093e+000 +9.653318109e+001 +9.653318109e+001 +4.0015e+000 -7.0916e-001 -1.0394e+000 +3.7016e+000 +2.8721e-001
702 +4.112871798e+000 +4.112871798e+000 +9.601287180e+001 +9.601287180e+001 +3.5873e+000 -8.4860e-001 -7.6017e-001 +3.8083e+000 +7.0005e-001
725 +4.064688663e+000 +4.064688663e+000 +9.596468866e+001 +9.596468866e+001 +3.8518e+000 -8.0696e-001 -8.6004e-001 +3.5784e+000 +5.1440e-001
734 +3.699088762e+000 +3.699088762e+000 +9.559908876e+001 +9.559908876e+001 +3.8623e+000 -9.0127e-001 -8.0034e-001 +3.9165e+000 +4.4955e-001
787 +3.627058254e+000 +3.627058254e+000 +9.552705825e+001 +9.552705825e+001 +3.7337e+000 -8.5370e-001 -8.8385e-001 +3.9914e+000 +4.2846e-001
793 +3.354009310e+000 +3.354009310e+000 +9.525400931e+001 +9.525400931e+001 +3.9905e+000 -7.6140e-001 -8.7521e-001 +3.9491e+000 +4.3230e-001
798 +3.240156206e+000 +3.240156206e+000 +9.514015621e+001 +9.514015621e+001 +3.9302e+000 -7.7496e-001 -8.5296e-001 +3.9692e+000 +5.7537e-001
842 +3.049333806e+000 +3.049333806e+000 +9.494933381e+001 +9.494933381e+001 +3.8946e+000 -7.5187e-001 -7.7539e-001 +4.0736e+000 +6.0498e-001
844 +2.909236409e+000 +2.909236409e+000 +9.480923641e+001 +9.480923641e+001 +3.8895e+000 -7.5595e-001 -6.3830e-001 +4.0650e+000 +6.0668e-001
928 +2.844779232e+000 +2.844779232e+000 +9.474477923e+001 +9.474477923e+001 +3.9232e+000 -6.2068e-001 -6.8186e-001 +4.0507e+000 +5.2285e-001
940 +2.808751922e+000 +2.808751922e+000 +9.470875192e+001 +9.470875192e+001 +4.0240e+000 -6.3489e-001 -7.2367e-001 +3.9402e+000 +6.0507e-001
977 +2.706173015e+000 +2.706173015e+000 +9.460617302e+001 +9.460617302e+001 +4.0677e+000 -6.4598e-001 -6.6095e-001 +4.0734e+000 +6.2927e-001
1003 +2.660922383e+000 +2.660922383e+000 +9.456092238e+001 +9.456092238e+001 +4.0065e+000 -5.8333e-001 -6.4029e-001 +4.0586e+000 +6.0849e-001
1008 +2.577514367e+000 +2.577514367e+000 +9.447751437e+001 +9.447751437e+001 +4.1152e+000 -5.5237e-001 -5.9236e-001 +4.0891e+000 +6.5388e-001
1082 +2.551606260e+000 +2.551606260e+000 +9.445160626e+001 +9.445160626e+001 +4.1444e+000 -5.2189e-001 -5.7712e-001 +4.0734e+000 +6.6561e-001
1204 +2.496886997e+000 +2.496886997e+000 +9.439688700e+001 +9.439688700e+001 +4.2192e+000 -4.2867e-001 -5.4152e-001 +4.1006e+000 +6.8890e-001
% function evaluation | noise-free fitness - Fopt (-7.597000000000e+001) | best noise-free fitness - Fopt | measured fitness | best measured fitness | x1 | x2...
1 +6.424106535e+001 +6.424106535e+001 -1.172893465e+001 -1.172893465e+001 +2.6718e+000 -4.3859e+000 -1.6110e+000 -2.4499e-001 +9.7048e-001
3 +1.312955574e+001 +1.312955574e+001 -6.284044426e+001 -6.284044426e+001 +1.6617e+000 -2.5212e+000 -1.0189e+000 -1.9319e+000 +3.5390e+000
300 +9.704336200e+000 +9.704336200e+000 -6.626566380e+001 -6.626566380e+001 +3.3688e+000 -3.1720e+000 +5.5910e-001 +2.7917e-001 +8.9305e-001
679 +7.641036068e+000 +7.641036068e+000 -6.832896393e+001 -6.832896393e+001 -7.4036e-001 -2.9696e+000 +2.1632e+000 -6.0538e+000 +1.8470e+000
939 +3.075856134e+000 +3.075856134e+000 -7.289414387e+001 -7.289414387e+001 +1.7995e+000 -1.1100e+000 -1.5546e+000 -2.2226e+000 +1.7788e+000
1126 +1.909232348e+000 +1.909232348e+000 -7.406076765e+001 -7.406076765e+001 +2.9619e+000 -2.4469e+000 -3.6216e-001 -1.2909e-001 +1.1258e+000
1270 +1.206163931e+000 +1.206163931e+000 -7.476383607e+001 -7.476383607e+001 +2.6498e+000 -1.9105e+000 -8.3415e-001 -1.2505e+000 +9.4527e-001
1314 +6.895680256e-001 +6.895680256e-001 -7.528043197e+001 -7.528043197e+001 +2.8081e+000 -2.4643e+000 -4.6246e-001 -9.4315e-001 +1.0725e+000
1345 +6.226985141e-001 +6.226985141e-001 -7.534730149e+001 -7.534730149e+001 +3.0132e+000 -2.6931e+000 -5.9329e-001 -6.6115e-001 +1.0144e+000
1347 +5.342032152e-001 +5.342032152e-001 -7.543579678e+001 -7.543579678e+001 +2.6100e+000 -2.4934e+000 -6.1727e-001 -9.3007e-001 +1.1306e+000
1352 +5.187039933e-001 +5.187039933e-001 -7.545129601e+001 -7.545129601e+001 +2.8708e+000 -2.4284e+000 -6.7132e-001 -9.2390e-001 +1.0186e+000
1361 +4.974664332e-001 +4.974664332e-001 -7.547253357e+001 -7.547253357e+001 +2.9717e+000 -2.5116e+000 -7.5820e-001 -9.3651e-001 +1.0442e+000
1377 +4.737347041e-001 +4.737347041e-001 -7.549626530e+001 -7.549626530e+001 +2.8854e+000 -2.4174e+000 -6.9500e-001 -1.2736e+000 +1.1196e+000
1389 +4.061854853e-001 +4.061854853e-001 -7.556381451e+001 -7.556381451e+001 +3.0074e+000 -2.6645e+000 -7.3936e-001 -1.4859e+000 +1.1299e+000
1405 +3.807524180e-001 +3.807524180e-001 -7.558924758e+001 -7.558924758e+001 +2.9382e+000 -2.6422e+000 -7.5636e-001 -1.0462e+000 +1.1244e+000
1415 +1.228277981e-001 +1.228277981e-001 -7.584717220e+001 -7.584717220e+001 +2.8779e+000 -2.5047e+000 -7.2868e-001 -9.4350e-001 +1.4883e+000
1463 +1.156734385e-001 +1.156734385e-001 -7.585432656e+001 -7.585432656e+001 +2.8883e+000 -2.7772e+000 -5.3948e-001 -1.0138e+000 +1.3743e+000
1467 +9.651049913e-002 +9.651049913e-002 -7.587348950e+001 -7.587348950e+001 +2.8265e+000 -2.5160e+000 -8.0988e-001 -1.2642e+000 +1.3686e+000
1494 +3.994409022e-002 +3.994409022e-002 -7.593005591e+001 -7.593005591e+001 +2.9177e+000 -2.8454e+000 -7.8136e-001 -1.3761e+000 +1.4838e+000
1527 +3.204518050e-002 +3.204518050e-002 -7.593795482e+001 -7.593795482e+001 +2.8605e+000 -2.6602e+000 -8.1480e-001 -1.2709e+000 +1.7409e+000
1570 +2.901136360e-002 +2.901136360e-002 -7.594098864e+001 -7.594098864e+001 +2.8374e+000 -2.6927e+000 -7.2459e-001 -1.1889e+000 +1.8179e+000
1573 +1.712438704e-002 +1.712438704e-002 -7.595287561e+001 -7.595287561e+001 +2.7874e+000 -2.7178e+000 -7.9050e-001 -1.3247e+000 +1.6336e+000
1589 +1.544441055e-002 +1.544441055e-002 -7.595455559e+001 -7.595455559e+001 +2.7895e+000 -2.6667e+000 -7.8554e-001 -1.3989e+000 +1.8001e+000
1595 +1.303884155e-002 +1.303884155e-002 -7.595696116e+001 -7.595696116e+001 +2.7830e+000 -2.9909e+000 -6.2829e-001 -1.1583e+000 +1.8380e+000
1622 +1.090962637e-002 +1.090962637e-002 -7.595909037e+001 -7.595909037e+001 +2.8096e+000 -2.7551e+000 -7.8027e-001 -1.4799e+000 +1.6905e+000
1685 +6.363931168e-003 +6.363931168e-003 -7.596363607e+001 -7.596363607e+001 +2.8136e+000 -2.8009e+000 -7.1219e-001 -1.4131e+000 +1.8128e+000
1716 +6.264597150e-003 +6.264597150e-003 -7.596373540e+001 -7.596373540e+001 +2.8182e+000 -2.8925e+000 -5.5585e-001 -1.3210e+000 +1.7897e+000
1739 +5.027818703e-003 +5.027818703e-003 -7.596497218e+001 -7.596497218e+001 +2.7889e+000 -2.8523e+000 -6.9915e-001 -1.3185e+000 +1.7584e+000
1769 +4.773040152e-003 +4.773040152e-003 -7.596522696e+001 -7.596522696e+001 +2.7513e+000 -2.8310e+000 -6.7291e-001 -1.3227e+000 +1.7616e+000
1780 +3.785083216e-003 +3.785083216e-003 -7.596621492e+001 -7.596621492e+001 +2.7592e+000 -2.8623e+000 -6.1538e-001 -1.3314e+000 +1.8295e+000
1802 +3.640845104e-003 +3.640845104e-003 -7.596635915e+001 -7.596635915e+001 +2.7845e+000 -2.8864e+000 -6.4835e-001 -1.3159e+000 +1.8053e+000
1843 +3.612432894e-003 +3.612432894e-003 -7.596638757e+001 -7.596638757e+001 +2.7479e+000 -2.8614e+000 -6.4956e-001 -1.3774e+000 +1.8266e+000
1896 +3.477408849e-003 +3.477408849e-003 -7.596652259e+001 -7.596652259e+001 +2.7629e+000 -2.8731e+000 -6.5345e-001 -1.3827e+000 +1.8152e+000
1898 +3.234341662e-003 +3.234341662e-003 -7.596676566e+001 -7.596676566e+001 +2.7537e+000 -2.8911e+000 -6.4293e-001 -1.4933e+000 +1.7769e+000
1910 +3.154004622e-003 +3.154004622e-003 -7.596684600e+001 -7.596684600e+001 +2.7598e+000 -2.8820e+000 -6.5494e-001 -1.4079e+000 +1.8080e+000
1926 +3.009055400e-003 +3.009055400e-003 -7.596699094e+001 -7.596699094e+001 +2.7512e+000 -2.8806e+000 -6.8048e-001 -1.4675e+000 +1.8255e+000
1937 +2.524019889e-003 +2.524019889e-003 -7.596747598e+001 -7.596747598e+001 +2.7466e+000 -2.9259e+000 -6.7363e-001 -1.4456e+000 +1.8154e+000
1959 +2.282044137e-003 +2.282044137e-003 -7.596771796e+001 -7.596771796e+001 +2.7642e+000 -2.9022e+000 -6.8134e-001 -1.5155e+000 +1.8301e+000
1966 +1.645682924e-003 +1.645682924e-003 -7.596835432e+001 -7.596835432e+001 +2.7470e+000 -2.9585e+000 -6.6757e-001 -1.5054e+000 +1.8012e+000
2020 +1.420604004e-003 +1.420604004e-003 -7.596857940e+001 -7.596857940e+001 +2.7750e+000 -2.9279e+000 -6.4321e-001 -1.4844e+000 +1.8174e+000
2028 +1.351953111e-003 +1.351953111e-003 -7.596864805e+001 -7.596864805e+001 +2.7610e+000 -2.9350e+000 -6.3344e-001 -1.4906e+000 +1.8191e+000
2066 +1.299697719e-003 +1.299697719e-003 -7.596870030e+001 -7.596870030e+001 +2.7646e+000 -2.9317e+000 -6.5459e-001 -1.4940e+000 +1.8297e+000
2068 +1.026931862e-003 +1.026931862e-003 -7.596897307e+001 -7.596897307e+001 +2.7620e+000 -2.9623e+000 -6.5376e-001 -1.5238e+000 +1.8192e+000
2110 +9.348748921e-004 +9.348748921e-004 -7.596906513e+001 -7.596906513e+001 +2.7623e+000 -2.9705e+000 -6.3443e-001 -1.5057e+000 +1.8334e+000
2137 +9.271914114e-004 +9.271914114e-004 -7.596907281e+001 -7.596907281e+001 +2.7622e+000 -2.9738e+000 -6.4386e-001 -1.5038e+000 +1.8427e+000
2153 +9.032506748e-004 +9.032506748e-004 -7.596909675e+001 -7.596909675e+001 +2.7656e+000 -2.9833e+000 -6.4046e-001 -1.4893e+000 +1.8396e+000
2176 +8.838561253e-004 +8.838561253e-004 -7.596911614e+001 -7.596911614e+001 +2.7697e+000 -3.0060e+000 -6.4896e-001 -1.5136e+000 +1.8379e+000
2178 +8.376973823e-004 +8.376973823e-004 -7.596916230e+001 -7.596916230e+001 +2.7787e+000 -2.9994e+000 -6.3530e-001 -1.4900e+000 +1.8509e+000
2187 +8.029842019e-004 +8.029842019e-004 -7.596919702e+001 -7.596919702e+001 +2.7669e+000 -3.0191e+000 -6.3362e-001 -1.4996e+000 +1.8684e+000
2204 +7.784663822e-004 +7.784663822e-004 -7.596922153e+001 -7.596922153e+001 +2.8285e+000 -3.1272e+000 -6.3990e-001 -1.5070e+000 +1.8503e+000
2230 +7.423565276e-004 +7.423565276e-004 -7.596925764e+001 -7.596925764e+001 +2.7871e+000 -3.0266e+000 -6.4166e-001 -1.5171e+000 +1.8407e+000
2233 +6.968059814e-004 +6.968059814e-004 -7.596930319e+001 -7.596930319e+001 +2.7787e+000 -3.0258e+000 -6.3226e-001 -1.5071e+000 +1.8676e+000
2259 +6.876527170e-004 +6.876527170e-004 -7.596931235e+001 -7.596931235e+001 +2.7843e+000 -3.0377e+000 -6.3897e-001 -1.5411e+000 +1.8490e+000
2260 +4.211540834e-004 +4.211540834e-004 -7.596957885e+001 -7.596957885e+001 +2.8275e+000 -3.0772e+000 -6.2653e-001 -1.4935e+000 +1.8542e+000
2322 +4.120449871e-004 +4.120449871e-004 -7.596958796e+001 -7.596958796e+001 +2.8211e+000 -3.0739e+000 -6.2227e-001 -1.5245e+000 +1.8747e+000
2327 +3.784838972e-004 +3.784838972e-004 -7.596962152e+001 -7.596962152e+001 +2.8093e+000 -3.0624e+000 -6.2285e-001 -1.5187e+000 +1.8545e+000
2332 +3.627259492e-004 +3.627259492e-004 -7.596963727e+001 -7.596963727e+001 +2.8069e+000 -3.0690e+000 -6.2384e-001 -1.5113e+000 +1.8455e+000
2343 +3.236990020e-004 +3.236990020e-004 -7.596967630e+001 -7.596967630e+001 +2.8117e+000 -3.0870e+000 -6.1831e-001 -1.4913e+000 +1.8393e+000
2364 +3.052416512e-004 +3.052416512e-004 -7.596969476e+001 -7.596969476e+001 +2.7964e+000 -3.0832e+000 -6.1554e-001 -1.5229e+000 +1.8468e+000
2368 +2.411297640e-004 +2.411297640e-004 -7.596975887e+001 -7.596975887e+001 +2.8006e+000 -3.0872e+000 -6.0234e-001 -1.5036e+000 +1.8552e+000
2423 +2.375990411e-004 +2.375990411e-004 -7.596976240e+001 -7.596976240e+001 +2.8016e+000 -3.1029e+000 -6.0664e-001 -1.5286e+000 +1.8627e+000
2433 +2.271289517e-004 +2.271289517e-004 -7.596977287e+001 -7.596977287e+001 +2.8020e+000 -3.0940e+000 -6.0053e-001 -1.5098e+000 +1.8755e+000
2474 +1.952944346e-004 +1.952944346e-004 -7.596980471e+001 -7.596980471e+001 +2.8049e+000 -3.1233e+000 -5.9427e-001 -1.5045e+000 +1.8519e+000
2490 +1.929899277e-004 +1.929899277e-004 -7.596980701e+001 -7.596980701e+001 +2.8014e+000 -3.1048e+000 -5.8734e-001 -1.5043e+000 +1.8906e+000
2503 +1.865100944e-004 +1.865100944e-004 -7.596981349e+001 -7.596981349e+001 +2.8081e+000 -3.1021e+000 -5.8694e-001 -1.5074e+000 +1.8652e+000
2535 +1.861894504e-004 +1.861894504e-004 -7.596981381e+001 -7.596981381e+001 +2.8111e+000 -3.1087e+000 -5.9130e-001 -1.5172e+000 +1.8614e+000
2554 +1.411392602e-004 +1.411392602e-004 -7.596985886e+001 -7.596985886e+001 +2.8073e+000 -3.1233e+000 -5.8409e-001 -1.5129e+000 +1.8811e+000
2576 +1.313202977e-004 +1.313202977e-004 -7.596986868e+001 -7.596986868e+001 +2.8169e+000 -3.1328e+000 -5.8450e-001 -1.5080e+000 +1.8580e+000
2577 +1.250217654e-004 +1.250217654e-004 -7.596987498e+001 -7.596987498e+001 +2.8080e+000 -3.1216e+000 -5.7150e-001 -1.5041e+000 +1.8757e+000
2601 +1.224449942e-004 +1.224449942e-004 -7.596987756e+001 -7.596987756e+001 +2.8130e+000 -3.1386e+000 -5.7805e-001 -1.4999e+000 +1.9026e+000
2611 +9.925576892e-005 +9.925576892e-005 -7.596990074e+001 -7.596990074e+001 +2.7999e+000 -3.1347e+000 -5.6420e-001 -1.4874e+000 +1.8824e+000
2681 +6.530699932e-005 +6.530699932e-005 -7.596993469e+001 -7.596993469e+001 +2.8114e+000 -3.1640e+000 -5.5298e-001 -1.4965e+000 +1.8629e+000
2741 +6.167299530e-005 +6.167299530e-005 -7.596993833e+001 -7.596993833e+001 +2.8216e+000 -3.1590e+000 -5.5616e-001 -1.4895e+000 +1.8904e+000
2781 +4.685310442e-005 +4.685310442e-005 -7.596995315e+001 -7.596995315e+001 +2.8169e+000 -3.1661e+000 -5.3880e-001 -1.4899e+000 +1.8826e+000
2818 +3.878807041e-005 +3.878807041e-005 -7.596996121e+001 -7.596996121e+001 +2.8139e+000 -3.1805e+000 -5.4023e-001 -1.4911e+000 +1.8662e+000
2852 +3.327584413e-005 +3.327584413e-005 -7.596996672e+001 -7.596996672e+001 +2.8169e+000 -3.1750e+000 -5.4525e-001 -1.4801e+000 +1.8822e+000
2854 +3.184580541e-005 +3.184580541e-005 -7.596996815e+001 -7.596996815e+001 +2.8108e+000 -3.1844e+000 -5.4190e-001 -1.4780e+000 +1.9035e+000
2860 +2.920060632e-005 +2.920060632e-005 -7.596997080e+001 -7.596997080e+001 +2.8133e+000 -3.1882e+000 -5.3682e-001 -1.4894e+000 +1.8768e+000
2877 +2.618687411e-005 +2.618687411e-005 -7.596997381e+001 -7.596997381e+001 +2.8145e+000 -3.2209e+000 -5.3202e-001 -1.4829e+000 +1.8824e+000
2934 +2.562389429e-005 +2.562389429e-005 -7.596997438e+001 -7.596997438e+001 +2.8154e+000 -3.1956e+000 -5.2410e-001 -1.4851e+000 +1.8865e+000
2940 +2.356147510e-005 +2.356147510e-005 -7.596997644e+001 -7.596997644e+001 +2.8207e+000 -3.2109e+000 -5.3206e-001 -1.4763e+000 +1.8785e+000
2957 +2.200483652e-005 +2.200483652e-005 -7.596997800e+001 -7.596997800e+001 +2.8204e+000 -3.1982e+000 -5.2637e-001 -1.4745e+000 +1.8913e+000
2989 +1.914067627e-005 +1.914067627e-005 -7.596998086e+001 -7.596998086e+001 +2.8213e+000 -3.2126e+000 -5.2863e-001 -1.4769e+000 +1.8818e+000
2992 +1.426570785e-005 +1.426570785e-005 -7.596998573e+001 -7.596998573e+001 +2.8225e+000 -3.2104e+000 -5.2685e-001 -1.4756e+000 +1.8975e+000
3069 +1.373957286e-005 +1.373957286e-005 -7.596998626e+001 -7.596998626e+001 +2.8291e+000 -3.2086e+000 -5.2365e-001 -1.4762e+000 +1.8919e+000
3094 +1.202821697e-005 +1.202821697e-005 -7.596998797e+001 -7.596998797e+001 +2.8266e+000 -3.2114e+000 -5.2131e-001 -1.4764e+000 +1.8870e+000
3120 +6.858693695e-006 +6.858693695e-006 -7.596999314e+001 -7.596999314e+001 +2.8288e+000 -3.2264e+000 -5.1957e-001 -1.4758e+000 +1.8920e+000
3221 +6.415871837e-006 +6.415871837e-006 -7.596999358e+001 -7.596999358e+001 +2.8296e+000 -3.2339e+000 -5.1516e-001 -1.4739e+000 +1.8986e+000
3244 +6.030107372e-006 +6.030107372e-006 -7.596999397e+001 -7.596999397e+001 +2.8283e+000 -3.2413e+000 -5.1178e-001 -1.4700e+000 +1.8952e+000
3307 +5.608733105e-006 +5.608733105e-006 -7.596999439e+001 -7.596999439e+001 +2.8268e+000 -3.2432e+000 -5.1092e-001 -1.4760e+000 +1.9002e+000
3312 +4.066117484e-006 +4.066117484e-006 -7.596999593e+001 -7.596999593e+001 +2.8303e+000 -3.2557e+000 -5.1018e-001 -1.4819e+000 +1.8988e+000
3329 +3.826078370e-006 +3.826078370e-006 -7.596999617e+001 -7.596999617e+001 +2.8305e+000 -3.2514e+000 -5.0914e-001 -1.4761e+000 +1.8975e+000
3354 +3.143659725e-006 +3.143659725e-006 -7.596999686e+001 -7.596999686e+001 +2.8306e+000 -3.2506e+000 -5.0383e-001 -1.4810e+000 +1.8983e+000
3364 +2.953080838e-006 +2.953080838e-006 -7.596999705e+001 -7.596999705e+001 +2.8309e+000 -3.2494e+000 -5.0366e-001 -1.4744e+000 +1.8971e+000
3365 +2.536189555e-006 +2.536189555e-006 -7.596999746e+001 -7.596999746e+001 +2.8306e+000 -3.2503e+000 -5.0328e-001 -1.4757e+000 +1.9058e+000
3375 +1.917186623e-006 +1.917186623e-006 -7.596999808e+001 -7.596999808e+001 +2.8338e+000 -3.2599e+000 -5.0202e-001 -1.4732e+000 +1.8951e+000
3401 +1.895486250e-006 +1.895486250e-006 -7.596999810e+001 -7.596999810e+001 +2.8328e+000 -3.2597e+000 -5.0245e-001 -1.4788e+000 +1.8983e+000
3407 +1.597311439e-006 +1.597311439e-006 -7.596999840e+001 -7.596999840e+001 +2.8318e+000 -3.2625e+000 -4.9400e-001 -1.4727e+000 +1.9085e+000
3420 +1.401466392e-006 +1.401466392e-006 -7.596999860e+001 -7.596999860e+001 +2.8387e+000 -3.2832e+000 -4.9806e-001 -1.4722e+000 +1.9038e+000
3476 +1.373667573e-006 +1.373667573e-006 -7.596999863e+001 -7.596999863e+001 +2.8351e+000 -3.2701e+000 -4.9803e-001 -1.4735e+000 +1.9037e+000
3491 +1.334340624e-006 +1.334340624e-006 -7.596999867e+001 -7.596999867e+001 +2.8324e+000 -3.2724e+000 -4.9506e-001 -1.4744e+000 +1.9058e+000
3502 +8.984154647e-007 +8.984154647e-007 -7.596999910e+001 -7.596999910e+001 +2.8467e+000 -3.2776e+000 -4.8875e-001 -1.4742e+000 +1.8992e+000
3525 +4.372509324e-007 +4.372509324e-007 -7.596999956e+001 -7.596999956e+001 +2.8576e+000 -3.3057e+000 -4.8749e-001 -1.4740e+000 +1.9100e+000
3533 +2.705560718e-007 +2.705560718e-007 -7.596999973e+001 -7.596999973e+001 +2.8406e+000 -3.2891e+000 -4.8226e-001 -1.4736e+000 +1.9104e+000
3548 +2.602584033e-007 +2.602584033e-007 -7.596999974e+001 -7.596999974e+001 +2.8474e+000 -3.2982e+000 -4.7472e-001 -1.4733e+000 +1.9120e+000
3551 +2.297877018e-007 +2.297877018e-007 -7.596999977e+001 -7.596999977e+001 +2.8430e+000 -3.2907e+000 -4.8569e-001 -1.4734e+000 +1.9075e+000
3563 +2.110571700e-007 +2.110571700e-007 -7.596999979e+001 -7.596999979e+001 +2.8434e+000 -3.2918e+000 -4.8525e-001 -1.4733e+000 +1.9077e+000
3582 +1.842879840e-007 +1.842879840e-007 -7.596999982e+001 -7.596999982e+001 +2.8443e+000 -3.2988e+000 -4.8461e-001 -1.4745e+000 +1.9078e+000
3611 +1.263352232e-007 +1.263352232e-007 -7.596999987e+001 -7.596999987e+001 +2.8453e+000 -3.2977e+000 -4.8154e-001 -1.4727e+000 +1.9166e+000
3629 +1.235397917e-007 +1.235397917e-007 -7.596999988e+001 -7.596999988e+001 +2.8446e+000 -3.3065e+000 -4.7841e-001 -1.4700e+000 +1.9067e+000
3639 +1.084679724e-007 +1.084679724e-007 -7.596999989e+001 -7.596999989e+001 +2.8437e+000 -3.2996e+000 -4.8105e-001 -1.4738e+000 +1.9123e+000
3668 +1.043907361e-007 +1.043907361e-007 -7.596999990e+001 -7.596999990e+001 +2.8440e+000 -3.3028e+000 -4.7768e-001 -1.4742e+000 +1.9104e+000
3683 +4.728897807e-008 +4.728897807e-008 -7.596999995e+001 -7.596999995e+001 +2.8450e+000 -3.3115e+000 -4.7603e-001 -1.4730e+000 +1.9137e+000
3731 +4.255629449e-008 +4.255629449e-008 -7.596999996e+001 -7.596999996e+001 +2.8449e+000 -3.3088e+000 -4.7693e-001 -1.4685e+000 +1.9203e+000
3774 +2.189963766e-008 +2.189963766e-008 -7.596999998e+001 -7.596999998e+001 +2.8447e+000 -3.3112e+000 -4.7469e-001 -1.4679e+000 +1.9169e+000
3801 +1.990331100e-008 +1.990331100e-008 -7.596999998e+001 -7.596999998e+001 +2.8480e+000 -3.3098e+000 -4.7441e-001 -1.4689e+000 +1.9136e+000
3816 +1.522232651e-008 +1.522232651e-008 -7.596999998e+001 -7.596999998e+001 +2.8471e+000 -3.3101e+000 -4.7545e-001 -1.4616e+000 +1.9167e+000
3830 +1.274365502e-008 +1.274365502e-008 -7.596999999e+001 -7.596999999e+001 +2.8472e+000 -3.3095e+000 -4.7445e-001 -1.4657e+000 +1.9170e+000
3836 +1.235456182e-008 +1.235456182e-008 -7.596999999e+001 -7.596999999e+001 +2.8477e+000 -3.3097e+000 -4.7495e-001 -1.4636e+000 +1.9152e+000
3853 +1.215911993e-008 +1.215911993e-008 -7.596999999e+001 -7.596999999e+001 +2.8475e+000 -3.3114e+000 -4.7499e-001 -1.4658e+000 +1.9166e+000
3861 +1.190539933e-008 +1.190539933e-008 -7.596999999e+001 -7.596999999e+001 +2.8479e+000 -3.3110e+000 -4.7142e-001 -1.4596e+000 +1.9122e+000
3901 +1.061518162e-008 +1.061518162e-008 -7.596999999e+001 -7.596999999e+001 +2.8479e+000 -3.3133e+000 -4.7313e-001 -1.4615e+000 +1.9154e+000
3926 +7.195964713e-009 +7.195964713e-009 -7.596999999e+001 -7.596999999e+001 +2.8492e+000 -3.3238e+000 -4.7087e-001 -1.4682e+000 +1.9216e+000
% function evaluation | noise-free fitness - Fopt (-1.699000000000e+001) | best noise-free fitness - Fopt | measured fitness | best measured fitness | x1 | x2...
1 +8.097896832e+001 +8.097896832e+001 +6.398896832e+001 +6.398896832e+001 -1.4214e-001 -4.7819e+000 -5.5229e+000 -5.5486e+000 -2.7956e+000
4 +5.457227312e+001 +5.457227312e+001 +3.758227312e+001 +3.758227312e+001 -4.9654e+000 -2.1714e+000 -3.4650e+000 -7.0094e-001 -6.0214e+000
5 +2.116194741e+001 +2.116194741e+001 +4.171947413e+000 +4.171947413e+000 -3.7640e+000 -3.2162e+000 -2.1788e+000 -1.1136e+000 -4.2438e+000
45 +1.674555705e+001 +1.674555705e+001 -2.444429476e-001 -2.444429476e-001 -3.1990e+000 -3.5320e+000 -3.3443e+000 -1.7545e+000 -4.3542e+000
69 +1.436115842e+001 +1.436115842e+001 -2.628841576e+000 -2.628841576e+000 -3.9048e+000 -3.8056e+000 -3.0452e+000 -1.7014e+000 -3.8733e+000
89 +1.408427540e+001 +1.408427540e+001 -2.905724598e+000 -2.905724598e+000 -4.6550e+000 -4.6024e+000 -2.2078e+000 -7.2382e-001 -5.2027e+000
101 +1.051113153e+001 +1.051113153e+001 -6.478868473e+000 -6.478868473e+000 -3.4218e+000 -4.1583e+000 -2.5843e+000 -1.3876e+000 -5.1149e+000
238 +8.627481119e+000 +8.627481119e+000 -8.362518881e+000 -8.362518881e+000 -3.1288e+000 -4.4148e+000 -2.9393e+000 -3.5598e-001 -4.8210e+000
248 +8.319805415e+000 +8.319805415e+000 -8.670194585e+000 -8.670194585e+000 -3.3604e+000 -4.3564e+000 -3.2277e+000 -6.7405e-001 -4.3370e+000
255 +8.035278183e+000 +8.035278183e+000 -8.954721817e+000 -8.954721817e+000 -3.5872e+000 -4.5946e+000 -2.6056e+000 -4.0901e-001 -4.6283e+000
277 +7.784329159e+000 +7.784329159e+000 -9.205670841e+000 -9.205670841e+000 -3.8757e+000 -4.6885e+000 -2.6431e+000 -7.2992e-001 -4.7215e+000
287 +7.564733266e+000 +7.564733266e+000 -9.425266734e+000 -9.425266734e+000 -3.3805e+000 -4.5351e+000 -2.9039e+000 -8.2211e-001 -4.9329e+000
430 +7.380572619e+000 +7.380572619e+000 -9.609427381e+000 -9.609427381e+000 -3.6143e+000 -4.6331e+000 -2.9036e+000 -7.6813e-001 -4.6501e+000
% function evaluation | noise-free fitness - Fopt (2.740000000000e+000) | best noise-free fitness - Fopt | measured fitness | best measured fitness | x1 | x2...
1 +8.940653346e+001 +8.940653346e+001 +9.214653346e+001 +9.214653346e+001 +5.5553e+000 +6.9053e+000 +1.7211e+000 +3.8919e+000 -4.2607e+000
2 +5.316345982e+001 +5.316345982e+001 +5.590345982e+001 +5.590345982e+001 -9.2408e-001 -5.0002e+000 +3.0116e-001 -1.7867e-001 -2.0719e+000
3 +2.292309316e+001 +2.292309316e+001 +2.566309316e+001 +2.566309316e+001 +3.1329e+000 -4.6862e+000 +1.2766e+000 -2.4548e+000 -2.3325e+000
47 +1.558426562e+001 +1.558426562e+001 +1.832426562e+001 +1.832426562e+001 -1.0484e+000 -2.3435e+000 +2.4997e-001 -4.4026e-001 -2.5069e+000
93 +8.987419793e+000 +8.987419793e+000 +1.172741979e+001 +1.172741979e+001 -8.7479e-001 -1.4702e+000 -2.0290e-001 -1.5487e+000 -7.6666e-001
106 +7.137452209e+000 +7.137452209e+000 +9.877452209e+000 +9.877452209e+000 +2.4703e+000 -2.4119e+000 +3.1158e+000 -1.4924e+000 -1.4000e+000
156 +5.188603281e+000 +5.188603281e+000 +7.928603281e+000 +7.928603281e+000 +1.0213e+000 -2.0944e+000 +2.4765e+000 -1.7891e+000 -9.6742e-001
190 +1.649925143e+000 +1.649925143e+000 +4.389925143e+000 +4.389925143e+000 +1.2647e+000 -1.8653e+000 +1.9271e+000 -1.3796e+000 -2.3179e-001
355 +1.281343245e+000 +1.281343245e+000 +4.021343245e+000 +4.021343245e+000 +2.2669e+000 -2.2758e+000 +1.8931e+000 -1.0434e+000 +9.5842e-002
428 +1.241636032e+000 +1.241636032e+000 +3.981636032e+000 +3.981636032e+000 +1.9667e+000 -2.2384e+000 +1.7560e+000 -1.0966e+000 -5.4643e-002
440 +1.127987147e+000 +1.127987147e+000 +3.867987147e+000 +3.867987147e+000 +2.1183e+000 -2.3236e+000 +1.7688e+000 -1.1376e+000 -6.7639e-002
441 +9.669345297e-001 +9.669345297e-001 +3.706934530e+000 +3.706934530e+000 +2.1164e+000 -2.2975e+000 +1.9667e+000 -1.0512e+000 +2.2367e-002
452 +9.431759923e-001 +9.431759923e-001 +3.683175992e+000 +3.683175992e+000 +2.1110e+000 -2.2929e+000 +1.8214e+000 -1.0568e+000 -1.1772e-001
458 +7.363528803e-001 +7.363528803e-001 +3.476352880e+000 +3.476352880e+000 +2.0522e+000 -2.2688e+000 +2.0205e+000 -1.0618e+000 -1.6566e-001
459 +5.433178800e-001 +5.433178800e-001 +3.283317880e+000 +3.283317880e+000 +2.1515e+000 -2.1492e+000 +2.0313e+000 -1.1690e+000 -1.2653e-001
485 +4.935054836e-001 +4.935054836e-001 +3.233505484e+000 +3.233505484e+000 +2.3143e+000 -2.2786e+000 +2.0921e+000 -1.3107e+000 -1.6082e-001
513 +4.606896946e-001 +4.606896946e-001 +3.200689695e+000 +3.200689695e+000 +2.1003e+000 -2.2356e+000 +2.2909e+000 -1.2941e+000 -8.4445e-002
528 +3.802823306e-001 +3.802823306e-001 +3.120282331e+000 +3.120282331e+000 +2.2046e+000 -2.1910e+000 +2.2078e+000 -1.4267e+000 -1.6304e-001
546 +3.426641083e-001 +3.426641083e-001 +3.082664108e+000 +3.082664108e+000 +2.2729e+000 -2.2204e+000 +2.3723e+000 -1.3089e+000 -1.9209e-001
555 +2.962071539e-001 +2.962071539e-001 +3.036207154e+000 +3.036207154e+000 +2.1861e+000 -2.4253e+000 +2.3879e+000 -1.4302e+000 -1.7801e-001
564 +2.901454681e-001 +2.901454681e-001 +3.030145468e+000 +3.030145468e+000 +2.1696e+000 -2.1122e+000 +2.2689e+000 -1.4697e+000 -1.6520e-001
580 +1.704139847e-001 +1.704139847e-001 +2.910413985e+000 +2.910413985e+000 +2.2487e+000 -2.1563e+000 +2.3805e+000 -1.5102e+000 -2.2344e-001
604 +1.174938979e-001 +1.174938979e-001 +2.857493898e+000 +2.857493898e+000 +2.1814e+000 -2.2269e+000 +2.5243e+000 -1.5838e+000 -2.0759e-001
611 +4.764480721e-002 +4.764480721e-002 +2.787644807e+000 +2.787644807e+000 +2.0476e+000 -2.1647e+000 +2.7953e+000 -1.7497e+000 -2.7910e-001
753 +4.577984599e-002 +4.577984599e-002 +2.785779846e+000 +2.785779846e+000 +2.1305e+000 -2.0510e+000 +2.7425e+000 -1.7650e+000 -2.0918e-001
760 +2.291588367e-002 +2.291588367e-002 +2.762915884e+000 +2.762915884e+000 +2.1456e+000 -2.1901e+000 +2.9030e+000 -1.8355e+000 -2.3075e-001
817 +1.973130900e-002 +1.973130900e-002 +2.759731309e+000 +2.759731309e+000 +2.1384e+000 -2.1679e+000 +2.9024e+000 -1.8464e+000 -2.0701e-001
821 +1.274643183e-002 +1.274643183e-002 +2.752746432e+000 +2.752746432e+000 +2.1622e+000 -2.1915e+000 +3.0565e+000 -1.9632e+000 -1.9696e-001
934 +1.179137005e-002 +1.179137005e-002 +2.751791370e+000 +2.751791370e+000 +2.1181e+000 -2.1698e+000 +3.0132e+000 -2.0052e+000 -1.9776e-001
952 +1.166298130e-002 +1.166298130e-002 +2.751662981e+000 +2.751662981e+000 +2.1280e+000 -2.1382e+000 +3.0152e+000 -1.9526e+000 -2.1440e-001
981 +1.038410044e-002 +1.038410044e-002 +2.750384100e+000 +2.750384100e+000 +2.1047e+000 -2.1370e+000 +3.0054e+000 -1.9724e+000 -2.0660e-001
990 +1.012955074e-002 +1.012955074e-002 +2.750129551e+000 +2.750129551e+000 +2.0681e+000 -2.1517e+000 +3.0308e+000 -1.9713e+000 -1.5620e-001
1011 +8.154957645e-003 +8.154957645e-003 +2.748154958e+000 +2.748154958e+000 +2.0716e+000 -2.1062e+000 +3.0446e+000 -1.9781e+000 -1.7905e-001
1043 +8.034692988e-003 +8.034692988e-003 +2.748034693e+000 +2.748034693e+000 +2.1081e+000 -2.0576e+000 +3.0694e+000 -1.9891e+000 -2.4614e-001
1054 +6.125429551e-003 +6.125429551e-003 +2.746125430e+000 +2.746125430e+000 +2.0598e+000 -2.0777e+000 +3.0135e+000 -2.0070e+000 -2.0034e-001
1077 +5.538558697e-003 +5.538558697e-003 +2.745538559e+000 +2.745538559e+000 +2.0568e+000 -2.0846e+000 +3.0357e+000 -2.0026e+000 -2.0267e-001
1082 +4.491957280e-003 +4.491957280e-003 +2.744491957e+000 +2.744491957e+000 +2.0607e+000 -2.0836e+000 +3.0406e+000 -2.0364e+000 -2.0510e-001
1104 +3.700884688e-003 +3.700884688e-003 +2.743700885e+000 +2.743700885e+000 +2.0256e+000 -2.0813e+000 +3.0860e+000 -2.0456e+000 -2.0495e-001
1189 +3.521062186e-003 +3.521062186e-003 +2.743521062e+000 +2.743521062e+000 +2.0305e+000 -2.0322e+000 +3.1221e+000 -2.0806e+000 -1.9954e-001
1196 +3.364657774e-003 +3.364657774e-003 +2.743364658e+000 +2.743364658e+000 +2.0193e+000 -2.0746e+000 +3.1391e+000 -2.0805e+000 -2.1518e-001
1213 +6.931463357e-004 +6.931463357e-004 +2.740693146e+000 +2.740693146e+000 +2.0207e+000 -2.0537e+000 +3.3148e+000 -2.2426e+000 -2.0530e-001
1356 +5.765826149e-004 +5.765826149e-004 +2.740576583e+000 +2.740576583e+000 +1.9766e+000 -2.0373e+000 +3.2590e+000 -2.2110e+000 -1.9591e-001
1391 +4.657169956e-004 +4.657169956e-004 +2.740465717e+000 +2.740465717e+000 +1.9561e+000 -2.0562e+000 +3.2730e+000 -2.2275e+000 -2.0386e-001
1425 +4.298922025e-004 +4.298922025e-004 +2.740429892e+000 +2.740429892e+000 +1.9595e+000 -2.0540e+000 +3.2707e+000 -2.2481e+000 -2.0133e-001
1437 +3.710593779e-004 +3.710593779e-004 +2.740371059e+000 +2.740371059e+000 +1.9577e+000 -2.0281e+000 +3.2740e+000 -2.2279e+000 -1.7669e-001
1453 +2.748933294e-004 +2.748933294e-004 +2.740274893e+000 +2.740274893e+000 +1.9785e+000 -2.0051e+000 +3.3145e+000 -2.2736e+000 -1.9188e-001
1479 +2.647049459e-004 +2.647049459e-004 +2.740264705e+000 +2.740264705e+000 +1.9549e+000 -2.0424e+000 +3.2940e+000 -2.2528e+000 -1.7032e-001
1481 +2.550534777e-004 +2.550534777e-004 +2.740255053e+000 +2.740255053e+000 +1.9533e+000 -2.0323e+000 +3.2837e+000 -2.2527e+000 -1.8656e-001
1506 +2.426779536e-004 +2.426779536e-004 +2.740242678e+000 +2.740242678e+000 +1.9437e+000 -2.0154e+000 +3.2835e+000 -2.2493e+000 -1.9026e-001
1507 +2.263484016e-004 +2.263484016e-004 +2.740226348e+000 +2.740226348e+000 +1.9435e+000 -2.0168e+000 +3.2858e+000 -2.2776e+000 -1.8928e-001
1546 +1.830316637e-004 +1.830316637e-004 +2.740183032e+000 +2.740183032e+000 +1.8707e+000 -2.0031e+000 +3.3379e+000 -2.2793e+000 -1.9804e-001
1573 +1.699600384e-004 +1.699600384e-004 +2.740169960e+000 +2.740169960e+000 +1.8730e+000 -2.0145e+000 +3.2879e+000 -2.2715e+000 -2.0982e-001
1581 +1.272782469e-004 +1.272782469e-004 +2.740127278e+000 +2.740127278e+000 +1.8989e+000 -2.0190e+000 +3.3022e+000 -2.2786e+000 -1.9825e-001
1638 +1.022001979e-004 +1.022001979e-004 +2.740102200e+000 +2.740102200e+000 +1.9052e+000 -2.0007e+000 +3.3164e+000 -2.2856e+000 -1.9167e-001
1646 +5.813556539e-005 +5.813556539e-005 +2.740058136e+000 +2.740058136e+000 +1.8647e+000 -2.0008e+000 +3.3050e+000 -2.3153e+000 -1.5983e-001
1800 +5.523225025e-005 +5.523225025e-005 +2.740055232e+000 +2.740055232e+000 +1.8586e+000 -1.9973e+000 +3.3080e+000 -2.3008e+000 -1.8588e-001
1804 +4.811374204e-005 +4.811374204e-005 +2.740048114e+000 +2.740048114e+000 +1.8583e+000 -1.9997e+000 +3.3084e+000 -2.3045e+000 -1.7982e-001
1844 +4.466010926e-005 +4.466010926e-005 +2.740044660e+000 +2.740044660e+000 +1.8523e+000 -2.0085e+000 +3.3163e+000 -2.3068e+000 -1.7698e-001
1880 +3.665435099e-005 +3.665435099e-005 +2.740036654e+000 +2.740036654e+000 +1.8606e+000 -1.9820e+000 +3.3146e+000 -2.3171e+000 -1.7931e-001
1898 +2.930094416e-005 +2.930094416e-005 +2.740029301e+000 +2.740029301e+000 +1.8405e+000 -1.9959e+000 +3.3189e+000 -2.3161e+000 -1.7484e-001
1953 +2.819544278e-005 +2.819544278e-005 +2.740028195e+000 +2.740028195e+000 +1.8408e+000 -1.9835e+000 +3.3148e+000 -2.3221e+000 -1.7597e-001
2027 +2.764236084e-005 +2.764236084e-005 +2.740027642e+000 +2.740027642e+000 +1.8235e+000 -1.9812e+000 +3.3147e+000 -2.3409e+000 -1.7994e-001
2028 +2.722250513e-005 +2.722250513e-005 +2.740027223e+000 +2.740027223e+000 +1.8395e+000 -1.9806e+000 +3.3161e+000 -2.3277e+000 -1.7604e-001
2043 +2.665928147e-005 +2.665928147e-005 +2.740026659e+000 +2.740026659e+000 +1.8266e+000 -1.9894e+000 +3.3151e+000 -2.3256e+000 -1.7192e-001
2103 +2.621060318e-005 +2.621060318e-005 +2.740026211e+000 +2.740026211e+000 +1.8200e+000 -1.9865e+000 +3.3153e+000 -2.3304e+000 -1.7665e-001
2151 +2.497245597e-005 +2.497245597e-005 +2.740024972e+000 +2.740024972e+000 +1.8129e+000 -1.9803e+000 +3.3155e+000 -2.3359e+000 -1.7218e-001
2223 +2.436060063e-005 +2.436060063e-005 +2.740024361e+000 +2.740024361e+000 +1.7992e+000 -1.9796e+000 +3.3160e+000 -2.3412e+000 -1.7093e-001
2303 +2.398721672e-005 +2.398721672e-005 +2.740023987e+000 +2.740023987e+000 +1.8003e+000 -1.9770e+000 +3.3160e+000 -2.3404e+000 -1.6889e-001
2349 +2.324686895e-005 +2.324686895e-005 +2.740023247e+000 +2.740023247e+000 +1.7971e+000 -1.9716e+000 +3.3173e+000 -2.3430e+000 -1.6543e-001
2379 +2.273959379e-005 +2.273959379e-005 +2.740022740e+000 +2.740022740e+000 +1.7887e+000 -1.9825e+000 +3.3202e+000 -2.3434e+000 -1.6411e-001
2394 +2.164106213e-005 +2.164106213e-005 +2.740021641e+000 +2.740021641e+000 +1.7964e+000 -1.9793e+000 +3.3203e+000 -2.3415e+000 -1.6706e-001
2406 +2.079925169e-005 +2.079925169e-005 +2.740020799e+000 +2.740020799e+000 +1.8030e+000 -1.9810e+000 +3.3210e+000 -2.3427e+000 -1.6798e-001
2433 +1.999923532e-005 +1.999923532e-005 +2.740019999e+000 +2.740019999e+000 +1.7987e+000 -1.9744e+000 +3.3215e+000 -2.3430e+000 -1.6893e-001
2462 +1.776658095e-005 +1.776658095e-005 +2.740017767e+000 +2.740017767e+000 +1.7997e+000 -1.9769e+000 +3.3258e+000 -2.3413e+000 -1.6916e-001
2502 +1.375341216e-005 +1.375341216e-005 +2.740013753e+000 +2.740013753e+000 +1.8018e+000 -1.9868e+000 +3.3380e+000 -2.3425e+000 -1.6991e-001
2557 +1.315680007e-005 +1.315680007e-005 +2.740013157e+000 +2.740013157e+000 +1.8007e+000 -1.9786e+000 +3.3358e+000 -2.3424e+000 -1.6891e-001
2582 +1.271032605e-005 +1.271032605e-005 +2.740012710e+000 +2.740012710e+000 +1.8029e+000 -1.9777e+000 +3.3344e+000 -2.3429e+000 -1.7369e-001
2599 +1.229579276e-005 +1.229579276e-005 +2.740012296e+000 +2.740012296e+000 +1.8025e+000 -1.9840e+000 +3.3406e+000 -2.3428e+000 -1.6931e-001
2602 +1.179503562e-005 +1.179503562e-005 +2.740011795e+000 +2.740011795e+000 +1.8058e+000 -1.9758e+000 +3.3400e+000 -2.3426e+000 -1.7496e-001
2608 +1.142008777e-005 +1.142008777e-005 +2.740011420e+000 +2.740011420e+000 +1.8031e+000 -1.9806e+000 +3.3394e+000 -2.3438e+000 -1.6480e-001
2631 +1.121539044e-005 +1.121539044e-005 +2.740011215e+000 +2.740011215e+000 +1.8065e+000 -1.9772e+000 +3.3427e+000 -2.3429e+000 -1.7430e-001
2639 +9.816734262e-006 +9.816734262e-006 +2.740009817e+000 +2.740009817e+000 +1.8199e+000 -1.9809e+000 +3.3423e+000 -2.3432e+000 -1.6779e-001
2687 +9.313803998e-006 +9.313803998e-006 +2.740009314e+000 +2.740009314e+000 +1.8180e+000 -1.9830e+000 +3.3415e+000 -2.3436e+000 -1.7094e-001
2726 +8.961026161e-006 +8.961026161e-006 +2.740008961e+000 +2.740008961e+000 +1.8138e+000 -1.9772e+000 +3.3448e+000 -2.3444e+000 -1.7326e-001
2738 +8.844699079e-006 +8.844699079e-006 +2.740008845e+000 +2.740008845e+000 +1.8150e+000 -1.9773e+000 +3.3440e+000 -2.3447e+000 -1.7067e-001
2754 +8.672469845e-006 +8.672469845e-006 +2.740008672e+000 +2.740008672e+000 +1.8144e+000 -1.9838e+000 +3.3451e+000 -2.3446e+000 -1.7226e-001
2765 +8.193981138e-006 +8.193981138e-006 +2.740008194e+000 +2.740008194e+000 +1.8196e+000 -1.9814e+000 +3.3439e+000 -2.3454e+000 -1.7225e-001
2812 +7.897037333e-006 +7.897037333e-006 +2.740007897e+000 +2.740007897e+000 +1.8183e+000 -1.9781e+000 +3.3540e+000 -2.3466e+000 -1.7464e-001
2815 +7.554647090e-006 +7.554647090e-006 +2.740007555e+000 +2.740007555e+000 +1.8168e+000 -1.9819e+000 +3.3446e+000 -2.3472e+000 -1.7059e-001
2819 +7.055192982e-006 +7.055192982e-006 +2.740007055e+000 +2.740007055e+000 +1.8334e+000 -1.9799e+000 +3.3536e+000 -2.3506e+000 -1.7189e-001
2844 +6.703757427e-006 +6.703757427e-006 +2.740006704e+000 +2.740006704e+000 +1.8216e+000 -1.9846e+000 +3.3494e+000 -2.3542e+000 -1.7282e-001
2911 +6.571123409e-006 +6.571123409e-006 +2.740006571e+000 +2.740006571e+000 +1.8145e+000 -1.9823e+000 +3.3489e+000 -2.3617e+000 -1.7137e-001
2937 +6.426050813e-006 +6.426050813e-006 +2.740006426e+000 +2.740006426e+000 +1.8070e+000 -1.9783e+000 +3.3515e+000 -2.3572e+000 -1.7226e-001
2980 +6.241714537e-006 +6.241714537e-006 +2.740006242e+000 +2.740006242e+000 +1.8093e+000 -1.9753e+000 +3.3500e+000 -2.3628e+000 -1.6931e-001
2985 +5.994542615e-006 +5.994542615e-006 +2.740005995e+000 +2.740005995e+000 +1.8039e+000 -1.9772e+000 +3.3512e+000 -2.3631e+000 -1.7093e-001
3012 +5.883642234e-006 +5.883642234e-006 +2.740005884e+000 +2.740005884e+000 +1.7945e+000 -1.9745e+000 +3.3513e+000 -2.3641e+000 -1.7151e-001
3042 +5.359930281e-006 +5.359930281e-006 +2.740005360e+000 +2.740005360e+000 +1.8013e+000 -1.9747e+000 +3.3520e+000 -2.3663e+000 -1.6769e-001
3106 +4.969971667e-006 +4.969971667e-006 +2.740004970e+000 +2.740004970e+000 +1.7941e+000 -1.9733e+000 +3.3537e+000 -2.3668e+000 -1.7153e-001
3110 +4.089177999e-006 +4.089177999e-006 +2.740004089e+000 +2.740004089e+000 +1.8054e+000 -1.9815e+000 +3.3613e+000 -2.3680e+000 -1.7293e-001
3178 +3.736355880e-006 +3.736355880e-006 +2.740003736e+000 +2.740003736e+000 +1.7892e+000 -1.9717e+000 +3.3551e+000 -2.3719e+000 -1.6481e-001
3221 +3.691400731e-006 +3.691400731e-006 +2.740003691e+000 +2.740003691e+000 +1.7943e+000 -1.9710e+000 +3.3555e+000 -2.3719e+000 -1.6419e-001
3234 +2.897711145e-006 +2.897711145e-006 +2.740002898e+000 +2.740002898e+000 +1.7909e+000 -1.9718e+000 +3.3588e+000 -2.3731e+000 -1.6169e-001
3236 +2.806525728e-006 +2.806525728e-006 +2.740002807e+000 +2.740002807e+000 +1.7890e+000 -1.9727e+000 +3.3581e+000 -2.3774e+000 -1.6223e-001
3261 +2.709714290e-006 +2.709714290e-006 +2.740002710e+000 +2.740002710e+000 +1.7913e+000 -1.9707e+000 +3.3586e+000 -2.3741e+000 -1.6308e-001
3288 +2.596831169e-006 +2.596831169e-006 +2.740002597e+000 +2.740002597e+000 +1.7927e+000 -1.9682e+000 +3.3586e+000 -2.3749e+000 -1.6597e-001
3301 +2.109990420e-006 +2.109990420e-006 +2.740002110e+000 +2.740002110e+000 +1.7885e+000 -1.9690e+000 +3.3608e+000 -2.3766e+000 -1.6558e-001
3305 +2.046410079e-006 +2.046410079e-006 +2.740002046e+000 +2.740002046e+000 +1.7970e+000 -1.9718e+000 +3.3648e+000 -2.3735e+000 -1.6331e-001
3346 +1.997900942e-006 +1.997900942e-006 +2.740001998e+000 +2.740001998e+000 +1.7895e+000 -1.9699e+000 +3.3630e+000 -2.3748e+000 -1.6872e-001
3353 +1.832257253e-006 +1.832257253e-006 +2.740001832e+000 +2.740001832e+000 +1.7918e+000 -1.9698e+000 +3.3641e+000 -2.3761e+000 -1.6618e-001
3398 +1.563453364e-006 +1.563453364e-006 +2.740001563e+000 +2.740001563e+000 +1.7918e+000 -1.9699e+000 +3.3823e+000 -2.3803e+000 -1.6682e-001
3448 +1.430922234e-006 +1.430922234e-006 +2.740001431e+000 +2.740001431e+000 +1.7935e+000 -1.9702e+000 +3.3742e+000 -2.3803e+000 -1.6817e-001
3464 +1.353676915e-006 +1.353676915e-006 +2.740001354e+000 +2.740001354e+000 +1.7952e+000 -1.9682e+000 +3.3755e+000 -2.3812e+000 -1.6789e-001
3472 +1.250458455e-006 +1.250458455e-006 +2.740001250e+000 +2.740001250e+000 +1.7936e+000 -1.9733e+000 +3.3769e+000 -2.3822e+000 -1.6847e-001
3482 +1.142061244e-006 +1.142061244e-006 +2.740001142e+000 +2.740001142e+000 +1.7922e+000 -1.9738e+000 +3.3783e+000 -2.3840e+000 -1.7002e-001
3494 +1.013638390e-006 +1.013638390e-006 +2.740001014e+000 +2.740001014e+000 +1.7934e+000 -1.9782e+000 +3.3928e+000 -2.3878e+000 -1.6781e-001
3511 +8.576040114e-007 +8.576040114e-007 +2.740000858e+000 +2.740000858e+000 +1.7944e+000 -1.9740e+000 +3.3816e+000 -2.3852e+000 -1.6742e-001
3516 +7.998099005e-007 +7.998099005e-007 +2.740000800e+000 +2.740000800e+000 +1.7960e+000 -1.9681e+000 +3.3851e+000 -2.3854e+000 -1.6911e-001
3517 +7.409541998e-007 +7.409541998e-007 +2.740000741e+000 +2.740000741e+000 +1.7949e+000 -1.9743e+000 +3.3827e+000 -2.3868e+000 -1.6805e-001
3528 +6.680218996e-007 +6.680218996e-007 +2.740000668e+000 +2.740000668e+000 +1.7985e+000 -1.9700e+000 +3.3844e+000 -2.3865e+000 -1.6838e-001
3553 +6.581381231e-007 +6.581381231e-007 +2.740000658e+000 +2.740000658e+000 +1.7926e+000 -1.9708e+000 +3.3872e+000 -2.3873e+000 -1.6825e-001
3554 +5.522423989e-007 +5.522423989e-007 +2.740000552e+000 +2.740000552e+000 +1.8000e+000 -1.9713e+000 +3.3874e+000 -2.3885e+000 -1.6836e-001
3586 +4.709675685e-007 +4.709675685e-007 +2.740000471e+000 +2.740000471e+000 +1.7931e+000 -1.9720e+000 +3.3861e+000 -2.3951e+000 -1.6910e-001
3602 +4.616974718e-007 +4.616974718e-007 +2.740000462e+000 +2.740000462e+000 +1.7967e+000 -1.9710e+000 +3.3871e+000 -2.3942e+000 -1.7054e-001
3603 +4.343690612e-007 +4.343690612e-007 +2.740000434e+000 +2.740000434e+000 +1.7971e+000 -1.9641e+000 +3.3875e+000 -2.3939e+000 -1.6912e-001
3604 +2.945909432e-007 +2.945909432e-007 +2.740000295e+000 +2.740000295e+000 +1.7977e+000 -1.9718e+000 +3.3942e+000 -2.3970e+000 -1.6894e-001
3668 +2.506017713e-007 +2.506017713e-007 +2.740000251e+000 +2.740000251e+000 +1.7923e+000 -1.9662e+000 +3.3917e+000 -2.3969e+000 -1.6943e-001
3699 +2.356180202e-007 +2.356180202e-007 +2.740000236e+000 +2.740000236e+000 +1.7923e+000 -1.9652e+000 +3.3955e+000 -2.3971e+000 -1.7096e-001
3721 +2.228932194e-007 +2.228932194e-007 +2.740000223e+000 +2.740000223e+000 +1.7929e+000 -1.9672e+000 +3.3933e+000 -2.3980e+000 -1.6984e-001
3729 +2.106655166e-007 +2.106655166e-007 +2.740000211e+000 +2.740000211e+000 +1.7910e+000 -1.9698e+000 +3.3939e+000 -2.4003e+000 -1.6858e-001
3741 +1.581017339e-007 +1.581017339e-007 +2.740000158e+000 +2.740000158e+000 +1.7932e+000 -1.9670e+000 +3.3980e+000 -2.4019e+000 -1.6964e-001
3807 +1.396608158e-007 +1.396608158e-007 +2.740000140e+000 +2.740000140e+000 +1.7873e+000 -1.9678e+000 +3.4016e+000 -2.4025e+000 -1.6883e-001
3826 +1.209463032e-007 +1.209463032e-007 +2.740000121e+000 +2.740000121e+000 +1.7883e+000 -1.9686e+000 +3.3997e+000 -2.4040e+000 -1.6858e-001
3854 +1.102917189e-007 +1.102917189e-007 +2.740000110e+000 +2.740000110e+000 +1.7897e+000 -1.9681e+000 +3.3999e+000 -2.4040e+000 -1.6763e-001
3869 +1.024573479e-007 +1.024573479e-007 +2.740000102e+000 +2.740000102e+000 +1.7891e+000 -1.9679e+000 +3.4004e+000 -2.4049e+000 -1.6900e-001
3892 +8.410105501e-008 +8.410105501e-008 +2.740000084e+000 +2.740000084e+000 +1.7895e+000 -1.9652e+000 +3.4002e+000 -2.4083e+000 -1.6689e-001
3895 +7.353682641e-008 +7.353682641e-008 +2.740000074e+000 +2.740000074e+000 +1.7877e+000 -1.9674e+000 +3.4012e+000 -2.4069e+000 -1.6846e-001
3904 +7.020245318e-008 +7.020245318e-008 +2.740000070e+000 +2.740000070e+000 +1.7819e+000 -1.9652e+000 +3.4003e+000 -2.4058e+000 -1.6811e-001
3918 +6.645092299e-008 +6.645092299e-008 +2.740000066e+000 +2.740000066e+000 +1.7880e+000 -1.9651e+000 +3.4053e+000 -2.4060e+000 -1.6707e-001
3924 +5.461694075e-008 +5.461694075e-008 +2.740000055e+000 +2.740000055e+000 +1.7880e+000 -1.9665e+000 +3.4032e+000 -2.4082e+000 -1.6877e-001
3960 +4.980104817e-008 +4.980104817e-008 +2.740000050e+000 +2.740000050e+000 +1.7823e+000 -1.9652e+000 +3.4027e+000 -2.4079e+000 -1.6738e-001
3963 +4.761102934e-008 +4.761102934e-008 +2.740000048e+000 +2.740000048e+000 +1.7847e+000 -1.9648e+000 +3.4031e+000 -2.4100e+000 -1.6813e-001
3971 +4.539636134e-008 +4.539636134e-008 +2.740000045e+000 +2.740000045e+000 +1.7878e+000 -1.9649e+000 +3.4126e+000 -2.4119e+000 -1.7109e-001
3986 +4.104035067e-008 +4.104035067e-008 +2.740000041e+000 +2.740000041e+000 +1.7813e+000 -1.9647e+000 +3.4050e+000 -2.4118e+000 -1.6864e-001
3998 +4.041834156e-008 +4.041834156e-008 +2.740000040e+000 +2.740000040e+000 +1.7845e+000 -1.9657e+000 +3.4060e+000 -2.4106e+000 -1.6635e-001
4022 +2.462158832e-008 +2.462158832e-008 +2.740000025e+000 +2.740000025e+000 +1.7848e+000 -1.9652e+000 +3.4085e+000 -2.4144e+000 -1.6771e-001
4045 +2.028801660e-008 +2.028801660e-008 +2.740000020e+000 +2.740000020e+000 +1.7833e+000 -1.9633e+000 +3.4077e+000 -2.4122e+000 -1.6710e-001
4056 +1.616527623e-008 +1.616527623e-008 +2.740000016e+000 +2.740000016e+000 +1.7820e+000 -1.9623e+000 +3.4067e+000 -2.4138e+000 -1.6610e-001
4115 +1.524461535e-008 +1.524461535e-008 +2.740000015e+000 +2.740000015e+000 +1.7807e+000 -1.9609e+000 +3.4066e+000 -2.4141e+000 -1.6812e-001
4128 +1.295514185e-008 +1.295514185e-008 +2.740000013e+000 +2.740000013e+000 +1.7830e+000 -1.9621e+000 +3.4091e+000 -2.4138e+000 -1.6797e-001
4135 +1.282537099e-008 +1.282537099e-008 +2.740000013e+000 +2.740000013e+000 +1.7821e+000 -1.9616e+000 +3.4078e+000 -2.4149e+000 -1.6659e-001
4173 +1.213482159e-008 +1.213482159e-008 +2.740000012e+000 +2.740000012e+000 +1.7807e+000 -1.9604e+000 +3.4079e+000 -2.4153e+000 -1.6755e-001
4206 +1.163027097e-008 +1.163027097e-008 +2.740000012e+000 +2.740000012e+000 +1.7792e+000 -1.9621e+000 +3.4097e+000 -2.4156e+000 -1.6781e-001
4237 +1.105070746e-008 +1.105070746e-008 +2.740000011e+000 +2.740000011e+000 +1.7812e+000 -1.9616e+000 +3.4100e+000 -2.4165e+000 -1.6698e-001
4261 +1.071105649e-008 +1.071105649e-008 +2.740000011e+000 +2.740000011e+000 +1.7816e+000 -1.9605e+000 +3.4107e+000 -2.4165e+000 -1.6741e-001
4281 +1.013430539e-008 +1.013430539e-008 +2.740000010e+000 +2.740000010e+000 +1.7814e+000 -1.9614e+000 +3.4108e+000 -2.4169e+000 -1.6760e-001
4293 +8.349921643e-009 +8.349921643e-009 +2.740000008e+000 +2.740000008e+000 +1.7821e+000 -1.9620e+000 +3.4146e+000 -2.4173e+000 -1.6809e-001
% function evaluation | noise-free fitness - Fopt (-3.564000000000e+001) | best noise-free fitness - Fopt | measured fitness | best measured fitness | x1 | x2...
1 +7.331326199e+001 +7.331326199e+001 +3.767326199e+001 +3.767326199e+001 -7.3907e-001 +2.4918e+000 +3.3171e+000 -4.2854e-001 +5.1221e+000
2 +6.991313929e+001 +6.991313929e+001 +3.427313929e+001 +3.427313929e+001 +1.6967e-001 -6.0396e-001 +2.4912e+000 +1.0495e+000 +2.7438e+000
6 +2.847900460e+001 +2.847900460e+001 -7.160995403e+000 -7.160995403e+000 +1.2422e+000 -3.4273e+000 +1.6173e+000 +6.9082e-001 -4.9810e-001
44 +2.809926234e+001 +2.809926234e+001 -7.540737661e+000 -7.540737661e+000 +5.5786e+000 +5.0331e+000 +5.2133e-001 +9.2971e-001 -3.1159e+000
52 +2.345709482e+001 +2.345709482e+001 -1.218290518e+001 -1.218290518e+001 +3.1801e+000 +3.0094e+000 +6.2489e-001 +2.6393e+000 -3.0259e-001
133 +2.177600331e+001 +2.177600331e+001 -1.386399669e+001 -1.386399669e+001 -8.3862e-001 -4.8503e-001 -2.8680e+000 +2.3577e+000 +1.6842e-001
173 +2.017760582e+001 +2.017760582e+001 -1.546239418e+001 -1.546239418e+001 +2.9903e+000 -3.5499e+000 -6.1127e-001 +3.2445e+000 -2.8155e-002
177 +1.601527450e+001 +1.601527450e+001 -1.962472550e+001 -1.962472550e+001 +1.8640e+000 -4.2851e+000 +1.3878e+000 +2.2063e+000 -4.7117e-001
268 +9.255972168e+000 +9.255972168e+000 -2.638402783e+001 -2.638402783e+001 -1.0216e-001 -1.4003e+000 -1.7610e+000 +1.1035e+000 -8.0377e-001
332 +8.475103936e+000 +8.475103936e+000 -2.716489606e+001 -2.716489606e+001 +2.2007e-001 -8.2232e-001 -1.9017e+000 +1.1648e+000 -5.1335e-001
360 +7.385500450e+000 +7.385500450e+000 -2.825449955e+001 -2.825449955e+001 +2.2303e-001 -1.0242e+000 -1.9939e+000 +6.8639e-001 -2.6424e-001
413 +7.079355567e+000 +7.079355567e+000 -2.856064443e+001 -2.856064443e+001 -9.6606e-002 -1.1046e+000 -2.3842e+000 +2.0547e-001 -1.0238e-003
440 +6.400248037e+000 +6.400248037e+000 -2.923975196e+001 -2.923975196e+001 -2.1853e-001 -8.8683e-001 -2.3989e+000 +4.1705e-001 -1.1381e-001
457 +4.927708816e+000 +4.927708816e+000 -3.071229118e+001 -3.071229118e+001 +1.6660e-002 -1.2275e+000 -2.3430e+000 +5.1746e-003 -4.1635e-001
500 +4.053146668e+000 +4.053146668e+000 -3.158685333e+001 -3.158685333e+001 -1.8213e-001 -1.0386e+000 -2.2720e+000 +9.7264e-002 -7.8644e-001
559 +3.035201940e+000 +3.035201940e+000 -3.260479806e+001 -3.260479806e+001 -1.1937e-001 -8.5664e-001 -2.5617e+000 +2.0169e-001 -8.5817e-001
653 +3.003537194e+000 +3.003537194e+000 -3.263646281e+001 -3.263646281e+001 -1.8614e-001 -1.1020e+000 -2.4886e+000 +1.0830e-001 -9.5782e-001
654 +2.839789983e+000 +2.839789983e+000 -3.280021002e+001 -3.280021002e+001 -1.1113e-001 -1.0853e+000 -2.6052e+000 +2.5239e-001 -8.8626e-001
692 +2.802353104e+000 +2.802353104e+000 -3.283764690e+001 -3.283764690e+001 -1.7045e-001 -1.0469e+000 -2.6102e+000 +1.5465e-001 -8.9520e-001
% function evaluation | noise-free fitness - Fopt (-4.590900000000e+002) | best noise-free fitness - Fopt | measured fitness | best measured fitness | x1 | x2...
1 +1.359231921e+002 +1.359231921e+002 -3.231668079e+002 -3.231668079e+002 +4.2188e+000 +8.7866e+000 -1.1260e+000 -1.0829e+001 +6.1487e+000
2 +7.675900570e+001 +7.675900570e+001 -3.823309943e+002 -3.823309943e+002 +3.0523e+000 +1.2441e+000 -5.5184e+000 -1.5331e-001 +3.7294e+000
7 +7.070222383e+001 +7.070222383e+001 -3.883877762e+002 -3.883877762e+002 +4.7009e+000 +2.7670e+000 -4.4044e+000 +2.3643e+000 +2.8626e+000
12 +6.720892505e+001 +6.720892505e+001 -3.918810750e+002 -3.918810750e+002 +5.4076e+000 +4.0407e+000 -5.0092e+000 +4.3899e+000 +1.7485e+000
13 +6.290509548e+001 +6.290509548e+001 -3.961849045e+002 -3.961849045e+002 +4.4842e+000 +2.1573e+000 -2.2281e+000 +2.0582e+000 +3.4795e+000
34 +6.093209135e+001 +6.093209135e+001 -3.981579086e+002 -3.981579086e+002 +3.9650e+000 +5.0057e+000 -1.9349e+000 +3.8147e+000 +3.9086e+000
47 +5.711899468e+001 +5.711899468e+001 -4.019710053e+002 -4.019710053e+002 +4.8554e+000 +3.2010e+000 -2.2203e+000 +3.2954e+000 +2.1078e+000
60 +4.912592039e+001 +4.912592039e+001 -4.099640796e+002 -4.099640796e+002 +3.5355e+000 +4.0042e+000 -8.9610e-001 +3.5853e+000 +2.9887e+000
64 +4.268521708e+001 +4.268521708e+001 -4.164047829e+002 -4.164047829e+002 +2.8367e+000 +4.0820e+000 -1.4156e+000 +2.4656e+000 +1.7499e+000
108 +2.188256225e+001 +2.188256225e+001 -4.372074377e+002 -4.372074377e+002 +4.7367e-001 +4.8862e+000 -1.5211e+000 +1.8453e+000 +3.2825e+000
159 +2.040438753e+001 +2.040438753e+001 -4.386856125e+002 -4.386856125e+002 +2.6949e-001 -2.7079e-001 -3.6885e-001 +4.2947e+000 +3.3783e+000
184 +1.206536994e+001 +1.206536994e+001 -4.470246301e+002 -4.470246301e+002 +2.6338e-001 +4.3113e+000 -1.5694e+000 +2.5392e+000 +6.2585e-001
477 +1.162790766e+001 +1.162790766e+001 -4.474620923e+002 -4.474620923e+002 +1.1425e+000 +9.2235e-001 -1.6801e+000 +5.2589e+000 +4.0568e+000
484 +9.841603341e+000 +9.841603341e+000 -4.492483967e+002 -4.492483967e+002 +1.2457e+000 +5.3271e-001 -2.0682e+000 +4.1214e+000 +3.4192e+000
526 +9.036124475e+000 +9.036124475e+000 -4.500538755e+002 -4.500538755e+002 +2.0178e-001 +3.9696e-001 -2.0126e+000 +4.8967e+000 +2.3049e+000
541 +6.901274357e+000 +6.901274357e+000 -4.521887256e+002 -4.521887256e+002 +4.4629e-001 +4.1744e-001 -1.9659e+000 +4.8750e+000 +2.8178e+000
543 +6.655875331e+000 +6.655875331e+000 -4.524341247e+002 -4.524341247e+002 +5.3873e-001 +4.1935e-001 -2.1595e+000 +4.2167e+000 +2.9410e+000
577 +4.008489966e+000 +4.008489966e+000 -4.550815100e+002 -4.550815100e+002 +2.4121e-001 +3.4516e-001 -1.8196e+000 +4.7506e+000 +3.0935e+000
581 +2.833520504e+000 +2.833520504e+000 -4.562564795e+002 -4.562564795e+002 +2.3742e-001 +5.5803e-001 -1.8831e+000 +4.3065e+000 +3.5246e+000
596 +2.676653443e+000 +2.676653443e+000 -4.564133466e+002 -4.564133466e+002 +1.6882e-001 +1.4456e-001 -1.8084e+000 +4.6445e+000 +3.6072e+000
634 +2.598176652e+000 +2.598176652e+000 -4.564918233e+002 -4.564918233e+002 +4.8262e-001 +2.4304e-001 -1.7666e+000 +4.5078e+000 +3.6223e+000
637 +2.418056600e+000 +2.418056600e+000 -4.566719434e+002 -4.566719434e+002 +1.8006e-001 +3.1819e-001 -1.8068e+000 +4.4168e+000 +3.6628e+000
691 +2.164019434e+000 +2.164019434e+000 -4.569259806e+002 -4.569259806e+002 +2.9511e-001 +1.5048e-001 -2.0703e+000 +4.4718e+000 +3.8028e+000
1099 +2.137683431e+000 +2.137683431e+000 -4.569523166e+002 -4.569523166e+002 +2.1153e-001 +2.2424e-001 -2.1042e+000 +4.4653e+000 +3.8381e+000
% function evaluation | noise-free fitness - Fopt (6.085000000000e+001) | best noise-free fitness - Fopt | measured fitness | best measured fitness | x1 | x2...
1 +7.315995812e+001 +7.315995812e+001 +1.340099581e+002 +1.340099581e+002 -7.4659e+000 -2.6621e+000 +6.1115e+000 -6.3089e-001 -1.0943e+000
6 +7.156193515e+001 +7.156193515e+001 +1.324119351e+002 +1.324119351e+002 +1.6381e+000 +4.2610e-001 +1.5645e+000 +2.3060e+000 -2.2888e+000
8 +6.718852759e+001 +6.718852759e+001 +1.280385276e+002 +1.280385276e+002 +4.2008e+000 -2.1512e+000 +3.7203e+000 +2.2819e+000 -1.5101e+000
9 +1.245408760e+001 +1.245408760e+001 +7.330408760e+001 +7.330408760e+001 -1.1877e-001 -8.6124e-002 +2.6486e+000 +2.1603e+000 -1.4488e-001
130 +1.149646817e+001 +1.149646817e+001 +7.234646817e+001 +7.234646817e+001 -8.4589e-001 +2.1354e-001 +2.9591e+000 +1.3746e+000 +1.5608e+000
157 +1.056281351e+001 +1.056281351e+001 +7.141281351e+001 +7.141281351e+001 -1.6769e+000 -4.2089e-001 +5.3579e-001 -1.2632e+000 +4.8610e+000
252 +9.060779550e+000 +9.060779550e+000 +6.991077955e+001 +6.991077955e+001 -6.7457e-001 +1.0400e+000 +2.0972e+000 +1.2717e+000 +1.1998e+000
253 +8.101902521e+000 +8.101902521e+000 +6.895190252e+001 +6.895190252e+001 -4.8364e-001 +8.6870e-002 +2.3465e+000 +2.2230e+000 +6.2849e-001
401 +7.897531035e+000 +7.897531035e+000 +6.874753103e+001 +6.874753103e+001 -7.2276e-001 +8.5824e-001 +1.6561e+000 +2.0485e+000 +1.1797e+000
420 +7.271139634e+000 +7.271139634e+000 +6.812113963e+001 +6.812113963e+001 -3.6796e-001 +8.1761e-001 +2.1794e+000 +2.3396e+000 +6.8665e-001
478 +6.898296480e+000 +6.898296480e+000 +6.774829648e+001 +6.774829648e+001 -1.0177e+000 +8.3230e-001 +2.1231e+000 +1.8828e+000 +9.5921e-001
507 +6.403813531e+000 +6.403813531e+000 +6.725381353e+001 +6.725381353e+001 -7.7254e-001 +5.9699e-001 +2.1659e+000 +2.0190e+000 +7.2846e-001
729 +6.308247923e+000 +6.308247923e+000 +6.715824792e+001 +6.715824792e+001 -8.6821e-001 +7.4503e-001 +2.0095e+000 +2.1283e+000 +5.5448e-001
% function evaluation | noise-free fitness - Fopt (-1.435000000000e+002) | best noise-free fitness - Fopt | measured fitness | best measured fitness | x1 | x2...
1 +6.690963354e+001 +6.690963354e+001 -7.659036646e+001 -7.659036646e+001 -1.1642e+000 +1.8601e+000 -1.0162e-001 -3.3657e+000 +3.7122e+000
9 +5.224545195e+001 +5.224545195e+001 -9.125454805e+001 -9.125454805e+001 -1.1362e+000 +1.3168e+000 +6.2679e+000 -8.4203e-001 +4.4984e+000
31 +4.404692422e+001 +4.404692422e+001 -9.945307578e+001 -9.945307578e+001 +5.3780e-001 -1.9923e-001 +2.9035e+000 -1.2821e+000 +4.3765e+000
32 +3.159043244e+001 +3.159043244e+001 -1.119095676e+002 -1.119095676e+002 +1.5020e+000 -3.7999e-001 +4.3643e+000 -3.1289e+000 +4.7177e+000
58 +2.444626400e+001 +2.444626400e+001 -1.190537360e+002 -1.190537360e+002 +1.8701e+000 +1.9652e+000 +5.0803e-001 +2.9755e-001 +2.9455e+000
122 +1.207755508e+001 +1.207755508e+001 -1.314224449e+002 -1.314224449e+002 +1.9251e+000 -1.0700e+000 -2.0172e+000 +3.8319e+000 +3.3329e+000
208 +1.116127157e+001 +1.116127157e+001 -1.323387284e+002 -1.323387284e+002 +7.7242e-001 +3.1223e-001 -2.1141e+000 +3.3897e+000 +3.5814e+000
364 +7.817911343e+000 +7.817911343e+000 -1.356820887e+002 -1.356820887e+002 +2.1549e-002 +9.2024e-001 -2.6583e+000 +3.6656e-001 +1.3585e-001
550 +7.719205820e+000 +7.719205820e+000 -1.357807942e+002 -1.357807942e+002 -6.0838e-001 +2.2272e+000 -2.2731e+000 +7.4892e-001 -7.4232e-001
650 +7.480591464e+000 +7.480591464e+000 -1.360194085e+002 -1.360194085e+002 +3.0471e-001 +1.1183e+000 -3.1780e+000 +9.5974e-001 -2.3410e-001
756 +5.640812955e+000 +5.640812955e+000 -1.378591870e+002 -1.378591870e+002 -1.6362e-001 +1.8319e+000 -2.6463e+000 +2.7024e-001 -1.0224e+000
876 +5.209622283e+000 +5.209622283e+000 -1.382903777e+002 -1.382903777e+002 -6.4990e-001 +1.6771e+000 -2.4830e+000 +5.8802e-001 -1.0918e+000
886 +5.057420076e+000 +5.057420076e+000 -1.384425799e+002 -1.384425799e+002 -7.0415e-001 +1.7324e+000 -2.7421e+000 +5.3552e-001 -1.0063e+000
912 +2.912866422e+000 +2.912866422e+000 -1.405871336e+002 -1.405871336e+002 -5.7139e-001 +1.7666e+000 -2.6423e+000 -4.5439e-003 -1.5051e+000
957 +2.639247489e+000 +2.639247489e+000 -1.408607525e+002 -1.408607525e+002 -7.7711e-001 +1.8475e+000 -2.6416e+000 +2.8041e-001 -1.1523e+000
973 +2.006654723e+000 +2.006654723e+000 -1.414933453e+002 -1.414933453e+002 -8.9087e-001 +1.8617e+000 -2.7332e+000 +5.8867e-002 -1.0488e+000
1037 +1.764816498e+000 +1.764816498e+000 -1.417351835e+002 -1.417351835e+002 -5.6810e-001 +1.7389e+000 -3.1651e+000 -4.7586e-001 -1.4245e+000
1042 +1.106064399e+000 +1.106064399e+000 -1.423939356e+002 -1.423939356e+002 -9.9204e-001 +2.1840e+000 -2.4698e+000 -2.8735e-001 -9.5533e-001
1048 +4.860204078e-001 +4.860204078e-001 -1.430139796e+002 -1.430139796e+002 -1.5510e+000 +1.9317e+000 -2.6148e+000 -5.9468e-001 -9.2595e-001
1107 +4.541858191e-001 +4.541858191e-001 -1.430458142e+002 -1.430458142e+002 -9.8244e-001 +1.8306e+000 -2.7186e+000 -7.7768e-001 -1.1148e+000
1125 +4.402075238e-001 +4.402075238e-001 -1.430597925e+002 -1.430597925e+002 -1.1426e+000 +1.8498e+000 -2.8333e+000 -6.7568e-001 -9.6618e-001
1126 +4.164991647e-001 +4.164991647e-001 -1.430835008e+002 -1.430835008e+002 -1.0209e+000 +1.8240e+000 -2.7763e+000 -7.6521e-001 -1.1361e+000
1129 +2.689210165e-001 +2.689210165e-001 -1.432310790e+002 -1.432310790e+002 -1.1583e+000 +1.8208e+000 -2.6851e+000 -8.0310e-001 -1.1276e+000
1179 +1.696247305e-001 +1.696247305e-001 -1.433303753e+002 -1.433303753e+002 -1.1266e+000 +1.8877e+000 -2.8403e+000 -9.7676e-001 -1.0825e+000
1182 +1.650538992e-001 +1.650538992e-001 -1.433349461e+002 -1.433349461e+002 -1.1035e+000 +1.9926e+000 -2.7308e+000 -9.7533e-001 -1.0349e+000
1206 +9.611378749e-002 +9.611378749e-002 -1.434038862e+002 -1.434038862e+002 -1.6830e+000 +1.8945e+000 -2.6110e+000 -1.0613e+000 -9.0815e-001
1226 +7.240276468e-002 +7.240276468e-002 -1.434275972e+002 -1.434275972e+002 -1.4613e+000 +1.9475e+000 -2.6261e+000 -1.0809e+000 -1.0668e+000
1234 +6.057682221e-002 +6.057682221e-002 -1.434394232e+002 -1.434394232e+002 -1.6094e+000 +1.9701e+000 -2.4173e+000 -9.7132e-001 -9.8162e-001
1272 +4.205595905e-002 +4.205595905e-002 -1.434579440e+002 -1.434579440e+002 -1.5602e+000 +1.9346e+000 -2.6245e+000 -1.2031e+000 -9.2759e-001
1296 +3.869451123e-002 +3.869451123e-002 -1.434613055e+002 -1.434613055e+002 -1.5861e+000 +1.9096e+000 -2.6206e+000 -1.2592e+000 -9.7335e-001
1335 +3.713015102e-002 +3.713015102e-002 -1.434628698e+002 -1.434628698e+002 -1.6208e+000 +1.9115e+000 -2.6061e+000 -1.4663e+000 -9.7446e-001
1359 +2.865374018e-002 +2.865374018e-002 -1.434713463e+002 -1.434713463e+002 -1.6826e+000 +1.9277e+000 -2.5704e+000 -1.2893e+000 -1.0060e+000
1363 +2.391134031e-002 +2.391134031e-002 -1.434760887e+002 -1.434760887e+002 -1.5650e+000 +2.0541e+000 -2.6235e+000 -1.2907e+000 -8.4158e-001
1372 +2.277435786e-002 +2.277435786e-002 -1.434772256e+002 -1.434772256e+002 -1.6268e+000 +1.9450e+000 -2.4447e+000 -1.2458e+000 -9.9872e-001
1381 +1.636759332e-002 +1.636759332e-002 -1.434836324e+002 -1.434836324e+002 -1.5946e+000 +2.0634e+000 -2.5753e+000 -1.2560e+000 -9.3515e-001
1385 +1.540386485e-002 +1.540386485e-002 -1.434845961e+002 -1.434845961e+002 -1.7646e+000 +2.0953e+000 -2.5021e+000 -1.3341e+000 -9.6712e-001
1415 +1.501225374e-002 +1.501225374e-002 -1.434849877e+002 -1.434849877e+002 -1.6775e+000 +2.1834e+000 -2.5085e+000 -1.2442e+000 -8.7263e-001
1443 +1.370926222e-002 +1.370926222e-002 -1.434862907e+002 -1.434862907e+002 -1.6290e+000 +2.1286e+000 -2.3638e+000 -1.2927e+000 -9.1560e-001
1457 +1.279326887e-002 +1.279326887e-002 -1.434872067e+002 -1.434872067e+002 -1.6508e+000 +2.1385e+000 -2.4642e+000 -1.2432e+000 -8.7950e-001
1490 +5.114783631e-003 +5.114783631e-003 -1.434948852e+002 -1.434948852e+002 -1.7175e+000 +2.0943e+000 -2.4372e+000 -1.3148e+000 -8.7572e-001
1570 +4.558045259e-003 +4.558045259e-003 -1.434954420e+002 -1.434954420e+002 -1.7314e+000 +2.1752e+000 -2.4763e+000 -1.3458e+000 -8.0236e-001
1579 +4.014130715e-003 +4.014130715e-003 -1.434959859e+002 -1.434959859e+002 -1.8674e+000 +2.0900e+000 -2.4397e+000 -1.4399e+000 -9.1340e-001
1606 +3.709278805e-003 +3.709278805e-003 -1.434962907e+002 -1.434962907e+002 -1.7672e+000 +2.2661e+000 -2.3359e+000 -1.3864e+000 -7.8491e-001
1635 +3.481843876e-003 +3.481843876e-003 -1.434965182e+002 -1.434965182e+002 -1.7845e+000 +2.1889e+000 -2.2948e+000 -1.3805e+000 -8.5729e-001
1667 +3.430911802e-003 +3.430911802e-003 -1.434965691e+002 -1.434965691e+002 -1.7821e+000 +2.2185e+000 -2.3830e+000 -1.3725e+000 -7.9855e-001
1699 +1.043611805e-003 +1.043611805e-003 -1.434989564e+002 -1.434989564e+002 -1.8575e+000 +2.1871e+000 -2.2880e+000 -1.3792e+000 -7.7665e-001
1801 +9.113432072e-004 +9.113432072e-004 -1.434990887e+002 -1.434990887e+002 -1.8430e+000 +2.1927e+000 -2.2913e+000 -1.4316e+000 -8.1052e-001
1834 +8.909056989e-004 +8.909056989e-004 -1.434991091e+002 -1.434991091e+002 -1.8792e+000 +2.1509e+000 -2.3492e+000 -1.4535e+000 -7.9879e-001
1852 +5.960600683e-004 +5.960600683e-004 -1.434994039e+002 -1.434994039e+002 -1.8979e+000 +2.1939e+000 -2.2848e+000 -1.4848e+000 -7.6326e-001
1992 +5.374471183e-004 +5.374471183e-004 -1.434994626e+002 -1.434994626e+002 -1.8853e+000 +2.1784e+000 -2.2751e+000 -1.4539e+000 -8.1640e-001
2011 +3.317517748e-004 +3.317517748e-004 -1.434996682e+002 -1.434996682e+002 -1.9075e+000 +2.1710e+000 -2.3079e+000 -1.4907e+000 -8.0771e-001
2060 +3.146196354e-004 +3.146196354e-004 -1.434996854e+002 -1.434996854e+002 -1.9090e+000 +2.1754e+000 -2.2998e+000 -1.4822e+000 -8.0600e-001
2079 +3.026032206e-004 +3.026032206e-004 -1.434996974e+002 -1.434996974e+002 -1.9234e+000 +2.1735e+000 -2.2892e+000 -1.4650e+000 -8.0337e-001
2082 +2.823756226e-004 +2.823756226e-004 -1.434997176e+002 -1.434997176e+002 -1.9132e+000 +2.1718e+000 -2.2555e+000 -1.4672e+000 -8.0657e-001
2086 +2.808797186e-004 +2.808797186e-004 -1.434997191e+002 -1.434997191e+002 -1.9342e+000 +2.1682e+000 -2.2850e+000 -1.4672e+000 -8.0359e-001
2087 +2.440767173e-004 +2.440767173e-004 -1.434997559e+002 -1.434997559e+002 -1.9301e+000 +2.1780e+000 -2.2426e+000 -1.4555e+000 -7.9135e-001
2115 +1.787268365e-004 +1.787268365e-004 -1.434998213e+002 -1.434998213e+002 -1.9444e+000 +2.1720e+000 -2.2534e+000 -1.4904e+000 -7.9860e-001
2166 +1.506723498e-004 +1.506723498e-004 -1.434998493e+002 -1.434998493e+002 -1.9666e+000 +2.1708e+000 -2.2645e+000 -1.5065e+000 -8.0539e-001
2180 +1.285149312e-004 +1.285149312e-004 -1.434998715e+002 -1.434998715e+002 -1.9574e+000 +2.1775e+000 -2.2562e+000 -1.5234e+000 -8.0597e-001
2182 +1.202848091e-004 +1.202848091e-004 -1.434998797e+002 -1.434998797e+002 -1.9981e+000 +2.1733e+000 -2.2471e+000 -1.5048e+000 -7.9941e-001
2205 +1.145544897e-004 +1.145544897e-004 -1.434998854e+002 -1.434998854e+002 -1.9766e+000 +2.1717e+000 -2.2588e+000 -1.5284e+000 -8.0737e-001
2213 +1.075382740e-004 +1.075382740e-004 -1.434998925e+002 -1.434998925e+002 -1.9669e+000 +2.1855e+000 -2.2412e+000 -1.5064e+000 -8.0214e-001
2228 +1.061577454e-004 +1.061577454e-004 -1.434998938e+002 -1.434998938e+002 -1.9703e+000 +2.1751e+000 -2.1932e+000 -1.4926e+000 -8.0201e-001
2230 +9.199948187e-005 +9.199948187e-005 -1.434999080e+002 -1.434999080e+002 -1.9760e+000 +2.1889e+000 -2.2359e+000 -1.5184e+000 -8.0363e-001
2242 +7.332273327e-005 +7.332273327e-005 -1.434999267e+002 -1.434999267e+002 -1.9916e+000 +2.1870e+000 -2.2464e+000 -1.5425e+000 -7.9903e-001
2263 +5.418310050e-005 +5.418310050e-005 -1.434999458e+002 -1.434999458e+002 -2.0481e+000 +2.1884e+000 -2.2016e+000 -1.5452e+000 -8.0260e-001
2269 +4.696302551e-005 +4.696302551e-005 -1.434999530e+002 -1.434999530e+002 -2.0000e+000 +2.1927e+000 -2.2126e+000 -1.5576e+000 -8.0039e-001
2298 +4.438134499e-005 +4.438134499e-005 -1.434999556e+002 -1.434999556e+002 -2.0102e+000 +2.1713e+000 -2.1954e+000 -1.5211e+000 -8.0174e-001
2312 +4.230472399e-005 +4.230472399e-005 -1.434999577e+002 -1.434999577e+002 -2.0027e+000 +2.1771e+000 -2.1978e+000 -1.5256e+000 -7.9965e-001
2338 +3.025386914e-005 +3.025386914e-005 -1.434999697e+002 -1.434999697e+002 -2.0153e+000 +2.1893e+000 -2.1734e+000 -1.5319e+000 -7.9900e-001
2365 +2.724689656e-005 +2.724689656e-005 -1.434999728e+002 -1.434999728e+002 -2.0214e+000 +2.1827e+000 -2.1863e+000 -1.5416e+000 -7.9819e-001
2372 +2.586361211e-005 +2.586361211e-005 -1.434999741e+002 -1.434999741e+002 -2.0479e+000 +2.1880e+000 -2.1915e+000 -1.5910e+000 -7.9572e-001
2376 +2.135053674e-005 +2.135053674e-005 -1.434999786e+002 -1.434999786e+002 -2.0573e+000 +2.1901e+000 -2.1563e+000 -1.5716e+000 -7.9861e-001
2385 +1.822734612e-005 +1.822734612e-005 -1.434999818e+002 -1.434999818e+002 -2.0804e+000 +2.1844e+000 -2.0862e+000 -1.5523e+000 -7.8602e-001
2408 +7.893059632e-006 +7.893059632e-006 -1.434999921e+002 -1.434999921e+002 -2.0795e+000 +2.1969e+000 -2.1392e+000 -1.5581e+000 -7.8935e-001
2430 +7.396443920e-006 +7.396443920e-006 -1.434999926e+002 -1.434999926e+002 -2.0649e+000 +2.2123e+000 -2.1681e+000 -1.5795e+000 -7.8300e-001
2454 +7.070206237e-006 +7.070206237e-006 -1.434999929e+002 -1.434999929e+002 -2.0638e+000 +2.1962e+000 -2.1693e+000 -1.5648e+000 -7.5453e-001
2477 +6.531001446e-006 +6.531001446e-006 -1.434999935e+002 -1.434999935e+002 -2.0607e+000 +2.2065e+000 -2.1690e+000 -1.5831e+000 -7.8024e-001
2508 +5.508721273e-006 +5.508721273e-006 -1.434999945e+002 -1.434999945e+002 -2.0551e+000 +2.1971e+000 -2.1630e+000 -1.5571e+000 -7.6661e-001
2528 +5.213298806e-006 +5.213298806e-006 -1.434999948e+002 -1.434999948e+002 -2.0692e+000 +2.2084e+000 -2.1609e+000 -1.5623e+000 -7.7606e-001
2540 +5.088794182e-006 +5.088794182e-006 -1.434999949e+002 -1.434999949e+002 -2.0650e+000 +2.1957e+000 -2.1624e+000 -1.5707e+000 -7.7760e-001
2559 +4.578893936e-006 +4.578893936e-006 -1.434999954e+002 -1.434999954e+002 -2.0582e+000 +2.1993e+000 -2.1622e+000 -1.5477e+000 -7.6723e-001
2562 +3.082658395e-006 +3.082658395e-006 -1.434999969e+002 -1.434999969e+002 -2.0711e+000 +2.2136e+000 -2.1564e+000 -1.5764e+000 -7.7409e-001
2577 +1.849251788e-006 +1.849251788e-006 -1.434999982e+002 -1.434999982e+002 -2.0692e+000 +2.2018e+000 -2.1577e+000 -1.5694e+000 -7.6937e-001
2651 +1.710724490e-006 +1.710724490e-006 -1.434999983e+002 -1.434999983e+002 -2.0660e+000 +2.2079e+000 -2.1548e+000 -1.5545e+000 -7.6024e-001
2670 +1.439023919e-006 +1.439023919e-006 -1.434999986e+002 -1.434999986e+002 -2.0735e+000 +2.2019e+000 -2.1422e+000 -1.5596e+000 -7.6686e-001
2759 +1.257482808e-006 +1.257482808e-006 -1.434999987e+002 -1.434999987e+002 -2.0843e+000 +2.2025e+000 -2.1427e+000 -1.5771e+000 -7.5963e-001
2801 +9.634997866e-007 +9.634997866e-007 -1.434999990e+002 -1.434999990e+002 -2.0816e+000 +2.2051e+000 -2.1356e+000 -1.5585e+000 -7.6722e-001
2802 +9.315658929e-007 +9.315658929e-007 -1.434999991e+002 -1.434999991e+002 -2.0772e+000 +2.2043e+000 -2.1387e+000 -1.5612e+000 -7.6508e-001
2819 +6.840050446e-007 +6.840050446e-007 -1.434999993e+002 -1.434999993e+002 -2.0798e+000 +2.2044e+000 -2.1294e+000 -1.5620e+000 -7.6169e-001
2827 +6.275662656e-007 +6.275662656e-007 -1.434999994e+002 -1.434999994e+002 -2.0783e+000 +2.2067e+000 -2.1332e+000 -1.5638e+000 -7.6218e-001
2859 +5.679738138e-007 +5.679738138e-007 -1.434999994e+002 -1.434999994e+002 -2.0832e+000 +2.2060e+000 -2.1352e+000 -1.5636e+000 -7.6462e-001
2893 +2.687935421e-007 +2.687935421e-007 -1.434999997e+002 -1.434999997e+002 -2.0973e+000 +2.2082e+000 -2.1316e+000 -1.5809e+000 -7.5804e-001
3003 +1.984109588e-007 +1.984109588e-007 -1.434999998e+002 -1.434999998e+002 -2.0907e+000 +2.2110e+000 -2.1280e+000 -1.5673e+000 -7.5892e-001
3038 +1.942918288e-007 +1.942918288e-007 -1.434999998e+002 -1.434999998e+002 -2.0925e+000 +2.2084e+000 -2.1210e+000 -1.5696e+000 -7.5855e-001
3053 +1.475078477e-007 +1.475078477e-007 -1.434999999e+002 -1.434999999e+002 -2.0945e+000 +2.2101e+000 -2.1168e+000 -1.5692e+000 -7.5762e-001
3078 +1.265303240e-007 +1.265303240e-007 -1.434999999e+002 -1.434999999e+002 -2.1047e+000 +2.2118e+000 -2.1215e+000 -1.5682e+000 -7.5345e-001
3087 +9.904672993e-008 +9.904672993e-008 -1.434999999e+002 -1.434999999e+002 -2.0965e+000 +2.2118e+000 -2.1170e+000 -1.5696e+000 -7.5852e-001
3101 +6.254256846e-008 +6.254256846e-008 -1.434999999e+002 -1.434999999e+002 -2.0990e+000 +2.2123e+000 -2.1197e+000 -1.5700e+000 -7.5660e-001
3126 +4.736227766e-008 +4.736227766e-008 -1.435000000e+002 -1.435000000e+002 -2.0983e+000 +2.2155e+000 -2.1152e+000 -1.5706e+000 -7.5274e-001
3141 +3.399910042e-008 +3.399910042e-008 -1.435000000e+002 -1.435000000e+002 -2.1100e+000 +2.2126e+000 -2.1017e+000 -1.5734e+000 -7.5597e-001
3198 +1.801279836e-008 +1.801279836e-008 -1.435000000e+002 -1.435000000e+002 -2.1076e+000 +2.2140e+000 -2.1111e+000 -1.5716e+000 -7.5395e-001
3249 +1.367152436e-008 +1.367152436e-008 -1.435000000e+002 -1.435000000e+002 -2.1047e+000 +2.2152e+000 -2.1113e+000 -1.5725e+000 -7.5222e-001
3251 +1.196286803e-008 +1.196286803e-008 -1.435000000e+002 -1.435000000e+002 -2.1059e+000 +2.2156e+000 -2.1095e+000 -1.5717e+000 -7.5226e-001
3282 +1.174538511e-008 +1.174538511e-008 -1.435000000e+002 -1.435000000e+002 -2.1061e+000 +2.2163e+000 -2.1105e+000 -1.5725e+000 -7.5094e-001
3307 +9.317886907e-009 +9.317886907e-009 -1.435000000e+002 -1.435000000e+002 -2.1093e+000 +2.2173e+000 -2.1101e+000 -1.5728e+000 -7.4920e-001
4985 +0.000000000e+000 +0.000000000e+000 -1.435000000e+002 -1.435000000e+002 -2.1204e+000 +2.2220e+000 -2.0983e+000 -1.5805e+000 -7.4633e-001
% function evaluation | noise-free fitness - Fopt (9.465100000000e+002) | best noise-free fitness - Fopt | measured fitness | best measured fitness | x1 | x2...
1 +1.475992292e+002 +1.475992292e+002 +1.094109229e+003 +1.094109229e+003 +1.1562e+000 -7.3160e+000 -2.5413e+000 +1.2499e+001 -1.8267e+000
2 +5.931505206e+001 +5.931505206e+001 +1.005825052e+003 +1.005825052e+003 +2.0301e+000 +3.4663e+000 -4.5999e+000 -5.8858e-002 -5.1538e+000
3 +2.195684283e+001 +2.195684283e+001 +9.684668428e+002 +9.684668428e+002 +2.1559e+000 +1.7381e+000 +1.1572e-001 +2.7171e+000 -1.6019e+000
39 +1.900731188e+001 +1.900731188e+001 +9.655173119e+002 +9.655173119e+002 +2.1237e+000 +3.2199e+000 -3.4593e-001 +1.7452e+000 -2.5336e+000
261 +1.582496424e+001 +1.582496424e+001 +9.623349642e+002 +9.623349642e+002 +4.2987e-001 +1.6109e+000 -7.7223e-001 -2.0435e+000 -3.3466e+000
290 +9.610968863e+000 +9.610968863e+000 +9.561209689e+002 +9.561209689e+002 -1.3584e+000 +1.6162e+000 -8.2759e-001 -3.1898e+000 -1.8348e+000
343 +8.789956284e+000 +8.789956284e+000 +9.552999563e+002 +9.552999563e+002 -1.6954e+000 +2.4520e+000 -7.0877e-001 -2.7620e+000 -1.1374e+000
347 +8.401598592e+000 +8.401598592e+000 +9.549115986e+002 +9.549115986e+002 -1.7747e+000 +2.0024e+000 -6.9575e-001 -2.8686e+000 -1.8408e+000
407 +8.054816552e+000 +8.054816552e+000 +9.545648166e+002 +9.545648166e+002 -2.1173e+000 +2.3633e+000 -7.7842e-001 -3.2593e+000 -1.8203e+000
441 +2.683814833e+000 +2.683814833e+000 +9.491938148e+002 +9.491938148e+002 +3.6189e-001 +8.6893e-002 -2.0327e+000 -3.1241e+000 -2.0573e+000
