% function evaluation | noise-free fitness - Fopt (4.078000000000e+001) | best noise-free fitness - Fopt | measured fitness | best measured fitness | x1 | x2...
1 +1.107374721e+002 +1.107374721e+002 +1.515174721e+002 +1.515174721e+002
3 +1.081289188e+002 +1.081289188e+002 +1.489089188e+002 +1.489089188e+002
11 +9.967337127e+001 +9.967337127e+001 +1.404533713e+002 +1.404533713e+002
14 +9.768712986e+001 +9.768712986e+001 +1.384671299e+002 +1.384671299e+002
30 +9.135685937e+001 +9.135685937e+001 +1.321368594e+002 +1.321368594e+002
52 +8.685515877e+001 +8.685515877e+001 +1.276351588e+002 +1.276351588e+002
687 +8.470905471e+001 +8.470905471e+001 +1.254890547e+002 +1.254890547e+002
1010 +8.242308265e+001 +8.242308265e+001 +1.232030827e+002 +1.232030827e+002
1216 +8.006615437e+001 +8.006615437e+001 +1.208461544e+002 +1.208461544e+002
1470 +7.918774798e+001 +7.918774798e+001 +1.199677480e+002 +1.199677480e+002
1872 +7.698262317e+001 +7.698262317e+001 +1.177626232e+002 +1.177626232e+002
2538 +7.497719586e+001 +7.497719586e+001 +1.157571959e+002 +1.157571959e+002
2649 +6.996425743e+001 +6.996425743e+001 +1.107442574e+002 +1.107442574e+002
3293 +6.715163948e+001 +6.715163948e+001 +1.079316395e+002 +1.079316395e+002
3484 +6.540906109e+001 +6.540906109e+001 +1.061890611e+002 +1.061890611e+002
3687 +6.294417472e+001 +6.294417472e+001 +1.037241747e+002 +1.037241747e+002
3719 +5.744403594e+001 +5.744403594e+001 +9.822403594e+001 +9.822403594e+001
3809 +5.162247941e+001 +5.162247941e+001 +9.240247941e+001 +9.240247941e+001
4142 +4.975955764e+001 +4.975955764e+001 +9.053955764e+001 +9.053955764e+001
4253 +4.787040335e+001 +4.787040335e+001 +8.865040335e+001 +8.865040335e+001
4289 +4.711288420e+001 +4.711288420e+001 +8.789288420e+001 +8.789288420e+001
4314 +4.523385519e+001 +4.523385519e+001 +8.601385519e+001 +8.601385519e+001
4324 +4.361093849e+001 +4.361093849e+001 +8.439093849e+001 +8.439093849e+001
4332 +3.916321360e+001 +3.916321360e+001 +7.994321360e+001 +7.994321360e+001
4346 +3.782018937e+001 +3.782018937e+001 +7.860018937e+001 +7.860018937e+001
4347 +3.168770784e+001 +3.168770784e+001 +7.246770784e+001 +7.246770784e+001
4409 +2.941354514e+001 +2.941354514e+001 +7.019354514e+001 +7.019354514e+001
4597 +2.765663285e+001 +2.765663285e+001 +6.843663285e+001 +6.843663285e+001
4818 +2.740613146e+001 +2.740613146e+001 +6.818613146e+001 +6.818613146e+001
4836 +2.371440048e+001 +2.371440048e+001 +6.449440048e+001 +6.449440048e+001
4994 +2.222426376e+001 +2.222426376e+001 +6.300426376e+001 +6.300426376e+001
4995 +2.134908499e+001 +2.134908499e+001 +6.212908499e+001 +6.212908499e+001
5066 +2.065755516e+001 +2.065755516e+001 +6.143755516e+001 +6.143755516e+001
5067 +1.671503338e+001 +1.671503338e+001 +5.749503338e+001 +5.749503338e+001
5224 +1.647703265e+001 +1.647703265e+001 +5.725703265e+001 +5.725703265e+001
5379 +1.604416071e+001 +1.604416071e+001 +5.682416071e+001 +5.682416071e+001
5400 +1.263795005e+001 +1.263795005e+001 +5.341795005e+001 +5.341795005e+001
5521 +1.205554243e+001 +1.205554243e+001 +5.283554243e+001 +5.283554243e+001
5574 +1.148806038e+001 +1.148806038e+001 +5.226806038e+001 +5.226806038e+001
5608 +9.090506250e+000 +9.090506250e+000 +4.987050625e+001 +4.987050625e+001
5672 +7.803147526e+000 +7.803147526e+000 +4.858314753e+001 +4.858314753e+001
6071 +7.652325672e+000 +7.652325672e+000 +4.843232567e+001 +4.843232567e+001
6235 +7.080301280e+000 +7.080301280e+000 +4.786030128e+001 +4.786030128e+001
6400 +7.062656005e+000 +7.062656005e+000 +4.784265600e+001 +4.784265600e+001
6416 +6.765525250e+000 +6.765525250e+000 +4.754552525e+001 +4.754552525e+001
6421 +6.406144725e+000 +6.406144725e+000 +4.718614472e+001 +4.718614472e+001
6467 +3.061435389e+000 +3.061435389e+000 +4.384143539e+001 +4.384143539e+001
7383 +2.786596482e+000 +2.786596482e+000 +4.356659648e+001 +4.356659648e+001
7446 +2.543728927e+000 +2.543728927e+000 +4.332372893e+001 +4.332372893e+001
7606 +2.349470549e+000 +2.349470549e+000 +4.312947055e+001 +4.312947055e+001
7771 +2.309085905e+000 +2.309085905e+000 +4.308908590e+001 +4.308908590e+001
7802 +2.217104236e+000 +2.217104236e+000 +4.299710424e+001 +4.299710424e+001
7847 +2.155631610e+000 +2.155631610e+000 +4.293563161e+001 +4.293563161e+001
8009 +2.039846687e+000 +2.039846687e+000 +4.281984669e+001 +4.281984669e+001
8602 +1.991371330e+000 +1.991371330e+000 +4.277137133e+001 +4.277137133e+001
8842 +1.894457120e+000 +1.894457120e+000 +4.267445712e+001 +4.267445712e+001
9228 +1.859496773e+000 +1.859496773e+000 +4.263949677e+001 +4.263949677e+001
9277 +1.784818514e+000 +1.784818514e+000 +4.256481851e+001 +4.256481851e+001
9514 +1.748411079e+000 +1.748411079e+000 +4.252841108e+001 +4.252841108e+001
9639 +1.661445285e+000 +1.661445285e+000 +4.244144528e+001 +4.244144528e+001
9970 +1.658989970e+000 +1.658989970e+000 +4.243898997e+001 +4.243898997e+001
10066 +1.565896860e+000 +1.565896860e+000 +4.234589686e+001 +4.234589686e+001
10456 +1.506756830e+000 +1.506756830e+000 +4.228675683e+001 +4.228675683e+001
10899 +1.467536940e+000 +1.467536940e+000 +4.224753694e+001 +4.224753694e+001
11010 +1.419106814e+000 +1.419106814e+000 +4.219910681e+001 +4.219910681e+001
11194 +1.411248340e+000 +1.411248340e+000 +4.219124834e+001 +4.219124834e+001
11325 +1.368399121e+000 +1.368399121e+000 +4.214839912e+001 +4.214839912e+001
11868 +1.345461956e+000 +1.345461956e+000 +4.212546196e+001 +4.212546196e+001
12535 +1.300574059e+000 +1.300574059e+000 +4.208057406e+001 +4.208057406e+001
12907 +1.287918988e+000 +1.287918988e+000 +4.206791899e+001 +4.206791899e+001
14605 +1.255296080e+000 +1.255296080e+000 +4.203529608e+001 +4.203529608e+001
% function evaluation | noise-free fitness - Fopt (-1.600000000000e+000) | best noise-free fitness - Fopt | measured fitness | best measured fitness | x1 | x2...
1 +1.119791955e+002 +1.119791955e+002 +1.103791955e+002 +1.103791955e+002
2 +9.274929327e+001 +9.274929327e+001 +9.114929327e+001 +9.114929327e+001
24 +8.793517159e+001 +8.793517159e+001 +8.633517159e+001 +8.633517159e+001
216 +8.677252515e+001 +8.677252515e+001 +8.517252515e+001 +8.517252515e+001
883 +8.485465727e+001 +8.485465727e+001 +8.325465727e+001 +8.325465727e+001
1288 +8.103030424e+001 +8.103030424e+001 +7.943030424e+001 +7.943030424e+001
2759 +7.829051816e+001 +7.829051816e+001 +7.669051816e+001 +7.669051816e+001
2870 +7.699934488e+001 +7.699934488e+001 +7.539934488e+001 +7.539934488e+001
3218 +7.482658839e+001 +7.482658839e+001 +7.322658839e+001 +7.322658839e+001
3337 +7.305348866e+001 +7.305348866e+001 +7.145348866e+001 +7.145348866e+001
3410 +7.146785271e+001 +7.146785271e+001 +6.986785271e+001 +6.986785271e+001
3639 +6.921886757e+001 +6.921886757e+001 +6.761886757e+001 +6.761886757e+001
3838 +6.918110550e+001 +6.918110550e+001 +6.758110550e+001 +6.758110550e+001
3899 +6.639679226e+001 +6.639679226e+001 +6.479679226e+001 +6.479679226e+001
3945 +6.598252373e+001 +6.598252373e+001 +6.438252373e+001 +6.438252373e+001
4028 +6.289570298e+001 +6.289570298e+001 +6.129570298e+001 +6.129570298e+001
4059 +6.109595350e+001 +6.109595350e+001 +5.949595350e+001 +5.949595350e+001
4251 +5.876625698e+001 +5.876625698e+001 +5.716625698e+001 +5.716625698e+001
4409 +5.651309754e+001 +5.651309754e+001 +5.491309754e+001 +5.491309754e+001
4425 +5.537043308e+001 +5.537043308e+001 +5.377043308e+001 +5.377043308e+001
4464 +5.472967630e+001 +5.472967630e+001 +5.312967630e+001 +5.312967630e+001
4612 +4.930446431e+001 +4.930446431e+001 +4.770446431e+001 +4.770446431e+001
4643 +4.378414423e+001 +4.378414423e+001 +4.218414423e+001 +4.218414423e+001
5002 +4.266138433e+001 +4.266138433e+001 +4.106138433e+001 +4.106138433e+001
5044 +3.912670447e+001 +3.912670447e+001 +3.752670447e+001 +3.752670447e+001
5049 +2.970745898e+001 +2.970745898e+001 +2.810745898e+001 +2.810745898e+001
5097 +2.875342987e+001 +2.875342987e+001 +2.715342987e+001 +2.715342987e+001
5428 +2.685444487e+001 +2.685444487e+001 +2.525444487e+001 +2.525444487e+001
5618 +2.478043991e+001 +2.478043991e+001 +2.318043991e+001 +2.318043991e+001
5805 +2.246507007e+001 +2.246507007e+001 +2.086507007e+001 +2.086507007e+001
6087 +2.209234310e+001 +2.209234310e+001 +2.049234310e+001 +2.049234310e+001
6188 +2.157152493e+001 +2.157152493e+001 +1.997152493e+001 +1.997152493e+001
6200 +2.129708580e+001 +2.129708580e+001 +1.969708580e+001 +1.969708580e+001
6224 +1.874487837e+001 +1.874487837e+001 +1.714487837e+001 +1.714487837e+001
6762 +1.849844098e+001 +1.849844098e+001 +1.689844098e+001 +1.689844098e+001
6880 +1.755544569e+001 +1.755544569e+001 +1.595544569e+001 +1.595544569e+001
6922 +1.681755440e+001 +1.681755440e+001 +1.521755440e+001 +1.521755440e+001
7077 +1.630303522e+001 +1.630303522e+001 +1.470303522e+001 +1.470303522e+001
7101 +1.515334584e+001 +1.515334584e+001 +1.355334584e+001 +1.355334584e+001
7691 +1.458767188e+001 +1.458767188e+001 +1.298767188e+001 +1.298767188e+001
7814 +1.406220590e+001 +1.406220590e+001 +1.246220590e+001 +1.246220590e+001
7987 +1.367667168e+001 +1.367667168e+001 +1.207667168e+001 +1.207667168e+001
8051 +1.311339561e+001 +1.311339561e+001 +1.151339561e+001 +1.151339561e+001
8224 +1.257567484e+001 +1.257567484e+001 +1.097567484e+001 +1.097567484e+001
8626 +1.159265784e+001 +1.159265784e+001 +9.992657839e+000 +9.992657839e+000
9420 +1.135064770e+001 +1.135064770e+001 +9.750647703e+000 +9.750647703e+000
9754 +1.121097928e+001 +1.121097928e+001 +9.610979276e+000 +9.610979276e+000
10389 +1.093005411e+001 +1.093005411e+001 +9.330054112e+000 +9.330054112e+000
10954 +1.068635549e+001 +1.068635549e+001 +9.086355494e+000 +9.086355494e+000
14018 +1.046675398e+001 +1.046675398e+001 +8.866753978e+000 +8.866753978e+000
% function evaluation | noise-free fitness - Fopt (-3.708400000000e+002) | best noise-free fitness - Fopt | measured fitness | best measured fitness | x1 | x2...
1 +1.203137694e+002 +1.203137694e+002 -2.505262306e+002 -2.505262306e+002
3 +1.020150799e+002 +1.020150799e+002 -2.688249201e+002 -2.688249201e+002
30 +9.103104306e+001 +9.103104306e+001 -2.798089569e+002 -2.798089569e+002
157 +8.664899907e+001 +8.664899907e+001 -2.841910009e+002 -2.841910009e+002
811 +8.497132236e+001 +8.497132236e+001 -2.858686776e+002 -2.858686776e+002
1490 +8.316565157e+001 +8.316565157e+001 -2.876743484e+002 -2.876743484e+002
2870 +8.076144143e+001 +8.076144143e+001 -2.900785586e+002 -2.900785586e+002
3442 +7.824622090e+001 +7.824622090e+001 -2.925937791e+002 -2.925937791e+002
3610 +7.409771863e+001 +7.409771863e+001 -2.967422814e+002 -2.967422814e+002
4482 +7.005038146e+001 +7.005038146e+001 -3.007896185e+002 -3.007896185e+002
4604 +6.652655044e+001 +6.652655044e+001 -3.043134496e+002 -3.043134496e+002
5019 +6.464392395e+001 +6.464392395e+001 -3.061960760e+002 -3.061960760e+002
5032 +6.056309309e+001 +6.056309309e+001 -3.102769069e+002 -3.102769069e+002
5204 +5.525140968e+001 +5.525140968e+001 -3.155885903e+002 -3.155885903e+002
5348 +5.487174891e+001 +5.487174891e+001 -3.159682511e+002 -3.159682511e+002
5423 +4.569990616e+001 +4.569990616e+001 -3.251400938e+002 -3.251400938e+002
5647 +4.396284761e+001 +4.396284761e+001 -3.268771524e+002 -3.268771524e+002
5742 +3.578168057e+001 +3.578168057e+001 -3.350583194e+002 -3.350583194e+002
6055 +3.127076351e+001 +3.127076351e+001 -3.395692365e+002 -3.395692365e+002
6071 +3.073657338e+001 +3.073657338e+001 -3.401034266e+002 -3.401034266e+002
6175 +2.586102834e+001 +2.586102834e+001 -3.449789717e+002 -3.449789717e+002
6309 +2.541054108e+001 +2.541054108e+001 -3.454294589e+002 -3.454294589e+002
6403 +2.458951045e+001 +2.458951045e+001 -3.462504895e+002 -3.462504895e+002
6432 +2.284606327e+001 +2.284606327e+001 -3.479939367e+002 -3.479939367e+002
6822 +2.124467489e+001 +2.124467489e+001 -3.495953251e+002 -3.495953251e+002
6926 +1.990676781e+001 +1.990676781e+001 -3.509332322e+002 -3.509332322e+002
7026 +1.898502711e+001 +1.898502711e+001 -3.518549729e+002 -3.518549729e+002
7083 +1.631487055e+001 +1.631487055e+001 -3.545251294e+002 -3.545251294e+002
7243 +1.589125008e+001 +1.589125008e+001 -3.549487499e+002 -3.549487499e+002
7297 +1.501491156e+001 +1.501491156e+001 -3.558250884e+002 -3.558250884e+002
7341 +1.430846706e+001 +1.430846706e+001 -3.565315329e+002 -3.565315329e+002
7421 +1.367073701e+001 +1.367073701e+001 -3.571692630e+002 -3.571692630e+002
7430 +1.251876392e+001 +1.251876392e+001 -3.583212361e+002 -3.583212361e+002
7668 +1.178127106e+001 +1.178127106e+001 -3.590587289e+002 -3.590587289e+002
7784 +1.125234658e+001 +1.125234658e+001 -3.595876534e+002 -3.595876534e+002
7849 +9.934163397e+000 +9.934163397e+000 -3.609058366e+002 -3.609058366e+002
7852 +9.522895691e+000 +9.522895691e+000 -3.613171043e+002 -3.613171043e+002
8145 +8.084202479e+000 +8.084202479e+000 -3.627557975e+002 -3.627557975e+002
9039 +7.819182812e+000 +7.819182812e+000 -3.630208172e+002 -3.630208172e+002
9246 +7.677932132e+000 +7.677932132e+000 -3.631620679e+002 -3.631620679e+002
9300 +7.248283519e+000 +7.248283519e+000 -3.635917165e+002 -3.635917165e+002
9586 +7.187581447e+000 +7.187581447e+000 -3.636524186e+002 -3.636524186e+002
9812 +6.990855273e+000 +6.990855273e+000 -3.638491447e+002 -3.638491447e+002
10128 +6.877788903e+000 +6.877788903e+000 -3.639622111e+002 -3.639622111e+002
10129 +6.759964417e+000 +6.759964417e+000 -3.640800356e+002 -3.640800356e+002
10258 +6.578004240e+000 +6.578004240e+000 -3.642619958e+002 -3.642619958e+002
10392 +6.254051512e+000 +6.254051512e+000 -3.645859485e+002 -3.645859485e+002
10594 +6.161120389e+000 +6.161120389e+000 -3.646788796e+002 -3.646788796e+002
10773 +5.906476855e+000 +5.906476855e+000 -3.649335231e+002 -3.649335231e+002
10915 +5.860513360e+000 +5.860513360e+000 -3.649794866e+002 -3.649794866e+002
11012 +5.684503838e+000 +5.684503838e+000 -3.651554962e+002 -3.651554962e+002
11033 +5.394525203e+000 +5.394525203e+000 -3.654454748e+002 -3.654454748e+002
11292 +5.337244293e+000 +5.337244293e+000 -3.655027557e+002 -3.655027557e+002
11327 +5.237027624e+000 +5.237027624e+000 -3.656029724e+002 -3.656029724e+002
11888 +5.114920237e+000 +5.114920237e+000 -3.657250798e+002 -3.657250798e+002
12606 +5.002974480e+000 +5.002974480e+000 -3.658370255e+002 -3.658370255e+002
13277 +4.889274890e+000 +4.889274890e+000 -3.659507251e+002 -3.659507251e+002
14439 +4.777383482e+000 +4.777383482e+000 -3.660626165e+002 -3.660626165e+002
% function evaluation | noise-free fitness - Fopt (-3.256000000000e+001) | best noise-free fitness - Fopt | measured fitness | best measured fitness | x1 | x2...
1 +2.210790428e+002 +2.210790428e+002 +1.885190428e+002 +1.885190428e+002
2 +1.378218123e+002 +1.378218123e+002 +1.052618123e+002 +1.052618123e+002
4 +1.029431426e+002 +1.029431426e+002 +7.038314263e+001 +7.038314263e+001
5 +1.018972744e+002 +1.018972744e+002 +6.933727439e+001 +6.933727439e+001
27 +9.765676556e+001 +9.765676556e+001 +6.509676556e+001 +6.509676556e+001
45 +9.086533812e+001 +9.086533812e+001 +5.830533812e+001 +5.830533812e+001
58 +8.846064178e+001 +8.846064178e+001 +5.590064178e+001 +5.590064178e+001
202 +8.658349139e+001 +8.658349139e+001 +5.402349139e+001 +5.402349139e+001
640 +8.422426017e+001 +8.422426017e+001 +5.166426017e+001 +5.166426017e+001
684 +8.272655496e+001 +8.272655496e+001 +5.016655496e+001 +5.016655496e+001
2009 +8.037718400e+001 +8.037718400e+001 +4.781718400e+001 +4.781718400e+001
2314 +7.903964735e+001 +7.903964735e+001 +4.647964735e+001 +4.647964735e+001
2730 +7.500199560e+001 +7.500199560e+001 +4.244199560e+001 +4.244199560e+001
2895 +7.349072594e+001 +7.349072594e+001 +4.093072594e+001 +4.093072594e+001
3032 +6.824276881e+001 +6.824276881e+001 +3.568276881e+001 +3.568276881e+001
3408 +6.749747448e+001 +6.749747448e+001 +3.493747448e+001 +3.493747448e+001
3429 +6.512242784e+001 +6.512242784e+001 +3.256242784e+001 +3.256242784e+001
3626 +6.244647877e+001 +6.244647877e+001 +2.988647877e+001 +2.988647877e+001
3708 +6.118594784e+001 +6.118594784e+001 +2.862594784e+001 +2.862594784e+001
3782 +5.565121420e+001 +5.565121420e+001 +2.309121420e+001 +2.309121420e+001
3803 +5.102964395e+001 +5.102964395e+001 +1.846964395e+001 +1.846964395e+001
4016 +4.604722693e+001 +4.604722693e+001 +1.348722693e+001 +1.348722693e+001
4165 +4.048920769e+001 +4.048920769e+001 +7.929207687e+000 +7.929207687e+000
4212 +3.418953689e+001 +3.418953689e+001 +1.629536888e+000 +1.629536888e+000
4439 +3.380810417e+001 +3.380810417e+001 +1.248104167e+000 +1.248104167e+000
4530 +3.209182008e+001 +3.209182008e+001 -4.681799203e-001 -4.681799203e-001
4803 +3.081762454e+001 +3.081762454e+001 -1.742375463e+000 -1.742375463e+000
4855 +2.592002374e+001 +2.592002374e+001 -6.639976257e+000 -6.639976257e+000
4958 +2.418967892e+001 +2.418967892e+001 -8.370321082e+000 -8.370321082e+000
5066 +2.160160534e+001 +2.160160534e+001 -1.095839466e+001 -1.095839466e+001
5229 +2.134698372e+001 +2.134698372e+001 -1.121301628e+001 -1.121301628e+001
5478 +1.867111191e+001 +1.867111191e+001 -1.388888809e+001 -1.388888809e+001
5641 +1.604273665e+001 +1.604273665e+001 -1.651726335e+001 -1.651726335e+001
5806 +1.143758833e+001 +1.143758833e+001 -2.112241167e+001 -2.112241167e+001
6336 +1.097815096e+001 +1.097815096e+001 -2.158184904e+001 -2.158184904e+001
6450 +1.070261232e+001 +1.070261232e+001 -2.185738768e+001 -2.185738768e+001
6647 +1.028553656e+001 +1.028553656e+001 -2.227446344e+001 -2.227446344e+001
6843 +1.003884435e+001 +1.003884435e+001 -2.252115565e+001 -2.252115565e+001
6886 +9.850873265e+000 +9.850873265e+000 -2.270912674e+001 -2.270912674e+001
7221 +8.480378564e+000 +8.480378564e+000 -2.407962144e+001 -2.407962144e+001
7242 +8.281150779e+000 +8.281150779e+000 -2.427884922e+001 -2.427884922e+001
7531 +7.662538063e+000 +7.662538063e+000 -2.489746194e+001 -2.489746194e+001
8328 +7.579883181e+000 +7.579883181e+000 -2.498011682e+001 -2.498011682e+001
8408 +7.225232769e+000 +7.225232769e+000 -2.533476723e+001 -2.533476723e+001
8650 +7.076988055e+000 +7.076988055e+000 -2.548301195e+001 -2.548301195e+001
9006 +6.894946721e+000 +6.894946721e+000 -2.566505328e+001 -2.566505328e+001
9120 +6.758444345e+000 +6.758444345e+000 -2.580155565e+001 -2.580155565e+001
9420 +6.531770007e+000 +6.531770007e+000 -2.602822999e+001 -2.602822999e+001
9499 +6.208634168e+000 +6.208634168e+000 -2.635136583e+001 -2.635136583e+001
9826 +6.145059932e+000 +6.145059932e+000 -2.641494007e+001 -2.641494007e+001
9859 +6.021149814e+000 +6.021149814e+000 -2.653885019e+001 -2.653885019e+001
9861 +5.746094408e+000 +5.746094408e+000 -2.681390559e+001 -2.681390559e+001
10048 +5.356009298e+000 +5.356009298e+000 -2.720399070e+001 -2.720399070e+001
10777 +5.174413160e+000 +5.174413160e+000 -2.738558684e+001 -2.738558684e+001
10856 +5.034565800e+000 +5.034565800e+000 -2.752543420e+001 -2.752543420e+001
10921 +4.948255912e+000 +4.948255912e+000 -2.761174409e+001 -2.761174409e+001
11113 +4.895211125e+000 +4.895211125e+000 -2.766478887e+001 -2.766478887e+001
11203 +4.634726650e+000 +4.634726650e+000 -2.792527335e+001 -2.792527335e+001
11420 +4.484335788e+000 +4.484335788e+000 -2.807566421e+001 -2.807566421e+001
12006 +4.458192104e+000 +4.458192104e+000 -2.810180790e+001 -2.810180790e+001
12272 +4.337806258e+000 +4.337806258e+000 -2.822219374e+001 -2.822219374e+001
12447 +4.253168377e+000 +4.253168377e+000 -2.830683162e+001 -2.830683162e+001
12831 +4.156312210e+000 +4.156312210e+000 -2.840368779e+001 -2.840368779e+001
12866 +4.036689074e+000 +4.036689074e+000 -2.852331093e+001 -2.852331093e+001
13441 +3.964290918e+000 +3.964290918e+000 -2.859570908e+001 -2.859570908e+001
14062 +3.882830281e+000 +3.882830281e+000 -2.867716972e+001 -2.867716972e+001
15204 +3.800642453e+000 +3.800642453e+000 -2.875935755e+001 -2.875935755e+001
16928 +3.713091027e+000 +3.713091027e+000 -2.884690897e+001 -2.884690897e+001
% function evaluation | noise-free fitness - Fopt (5.154000000000e+002) | best noise-free fitness - Fopt | measured fitness | best measured fitness | x1 | x2...
1 +2.679421904e+002 +2.679421904e+002 +7.833421904e+002 +7.833421904e+002
2 +1.451884176e+002 +1.451884176e+002 +6.605884176e+002 +6.605884176e+002
4 +1.266094291e+002 +1.266094291e+002 +6.420094291e+002 +6.420094291e+002
6 +1.192122400e+002 +1.192122400e+002 +6.346122400e+002 +6.346122400e+002
9 +1.041416840e+002 +1.041416840e+002 +6.195416840e+002 +6.195416840e+002
41 +9.285888162e+001 +9.285888162e+001 +6.082588816e+002 +6.082588816e+002
88 +8.800576986e+001 +8.800576986e+001 +6.034057699e+002 +6.034057699e+002
178 +8.700442575e+001 +8.700442575e+001 +6.024044257e+002 +6.024044257e+002
956 +8.418979298e+001 +8.418979298e+001 +5.995897930e+002 +5.995897930e+002
1859 +8.253898349e+001 +8.253898349e+001 +5.979389835e+002 +5.979389835e+002
2121 +7.970204997e+001 +7.970204997e+001 +5.951020500e+002 +5.951020500e+002
3313 +7.582896174e+001 +7.582896174e+001 +5.912289617e+002 +5.912289617e+002
4408 +7.153500172e+001 +7.153500172e+001 +5.869350017e+002 +5.869350017e+002
4686 +7.008769132e+001 +7.008769132e+001 +5.854876913e+002 +5.854876913e+002
4847 +6.766050559e+001 +6.766050559e+001 +5.830605056e+002 +5.830605056e+002
4881 +6.746261384e+001 +6.746261384e+001 +5.828626138e+002 +5.828626138e+002
5028 +6.485419520e+001 +6.485419520e+001 +5.802541952e+002 +5.802541952e+002
5126 +6.420510964e+001 +6.420510964e+001 +5.796051096e+002 +5.796051096e+002
5168 +6.150291855e+001 +6.150291855e+001 +5.769029186e+002 +5.769029186e+002
5219 +5.695489130e+001 +5.695489130e+001 +5.723548913e+002 +5.723548913e+002
5436 +5.194057706e+001 +5.194057706e+001 +5.673405771e+002 +5.673405771e+002
5613 +3.414534148e+001 +3.414534148e+001 +5.495453415e+002 +5.495453415e+002
5998 +3.313091831e+001 +3.313091831e+001 +5.485309183e+002 +5.485309183e+002
6154 +2.746344371e+001 +2.746344371e+001 +5.428634437e+002 +5.428634437e+002
6343 +2.137914215e+001 +2.137914215e+001 +5.367791422e+002 +5.367791422e+002
6833 +1.892728315e+001 +1.892728315e+001 +5.343272831e+002 +5.343272831e+002
7032 +1.631100725e+001 +1.631100725e+001 +5.317110072e+002 +5.317110072e+002
7136 +1.592198548e+001 +1.592198548e+001 +5.313219855e+002 +5.313219855e+002
7243 +1.505696917e+001 +1.505696917e+001 +5.304569692e+002 +5.304569692e+002
7312 +1.367317083e+001 +1.367317083e+001 +5.290731708e+002 +5.290731708e+002
7485 +1.194829363e+001 +1.194829363e+001 +5.273482936e+002 +5.273482936e+002
7611 +1.154611790e+001 +1.154611790e+001 +5.269461179e+002 +5.269461179e+002
7711 +1.116346466e+001 +1.116346466e+001 +5.265634647e+002 +5.265634647e+002
7881 +1.005838876e+001 +1.005838876e+001 +5.254583888e+002 +5.254583888e+002
8003 +9.049040828e+000 +9.049040828e+000 +5.244490408e+002 +5.244490408e+002
8346 +8.739590271e+000 +8.739590271e+000 +5.241395903e+002 +5.241395903e+002
8420 +8.380816309e+000 +8.380816309e+000 +5.237808163e+002 +5.237808163e+002
8452 +8.165223262e+000 +8.165223262e+000 +5.235652233e+002 +5.235652233e+002
8726 +8.050018894e+000 +8.050018894e+000 +5.234500189e+002 +5.234500189e+002
8813 +7.307335994e+000 +7.307335994e+000 +5.227073360e+002 +5.227073360e+002
8972 +7.236582929e+000 +7.236582929e+000 +5.226365829e+002 +5.226365829e+002
9325 +6.984969716e+000 +6.984969716e+000 +5.223849697e+002 +5.223849697e+002
9369 +6.574141523e+000 +6.574141523e+000 +5.219741415e+002 +5.219741415e+002
9372 +6.301848488e+000 +6.301848488e+000 +5.217018485e+002 +5.217018485e+002
9500 +6.029928412e+000 +6.029928412e+000 +5.214299284e+002 +5.214299284e+002
9820 +5.971230353e+000 +5.971230353e+000 +5.213712304e+002 +5.213712304e+002
9832 +5.750139935e+000 +5.750139935e+000 +5.211501399e+002 +5.211501399e+002
10256 +5.393628527e+000 +5.393628527e+000 +5.207936285e+002 +5.207936285e+002
10289 +5.271231850e+000 +5.271231850e+000 +5.206712318e+002 +5.206712318e+002
10446 +4.991265976e+000 +4.991265976e+000 +5.203912660e+002 +5.203912660e+002
10596 +4.860503583e+000 +4.860503583e+000 +5.202605036e+002 +5.202605036e+002
10610 +4.769309098e+000 +4.769309098e+000 +5.201693091e+002 +5.201693091e+002
10622 +4.215928112e+000 +4.215928112e+000 +5.196159281e+002 +5.196159281e+002
11038 +4.113323690e+000 +4.113323690e+000 +5.195133237e+002 +5.195133237e+002
11261 +4.062352888e+000 +4.062352888e+000 +5.194623529e+002 +5.194623529e+002
11402 +3.742805733e+000 +3.742805733e+000 +5.191428057e+002 +5.191428057e+002
11477 +3.574948699e+000 +3.574948699e+000 +5.189749487e+002 +5.189749487e+002
11713 +3.464938268e+000 +3.464938268e+000 +5.188649383e+002 +5.188649383e+002
12081 +3.366238663e+000 +3.366238663e+000 +5.187662387e+002 +5.187662387e+002
12274 +3.302766230e+000 +3.302766230e+000 +5.187027662e+002 +5.187027662e+002
12630 +3.234560508e+000 +3.234560508e+000 +5.186345605e+002 +5.186345605e+002
12658 +3.123362510e+000 +3.123362510e+000 +5.185233625e+002 +5.185233625e+002
13205 +3.072115941e+000 +3.072115941e+000 +5.184721159e+002 +5.184721159e+002
13401 +2.994575318e+000 +2.994575318e+000 +5.183945753e+002 +5.183945753e+002
13846 +2.950792919e+000 +2.950792919e+000 +5.183507929e+002 +5.183507929e+002
14806 +2.880736848e+000 +2.880736848e+000 +5.182807368e+002 +5.182807368e+002
16644 +2.817148637e+000 +2.817148637e+000 +5.182171486e+002 +5.182171486e+002
% function evaluation | noise-free fitness - Fopt (-1.000000000000e+003) | best noise-free fitness - Fopt | measured fitness | best measured fitness | x1 | x2...
1 +1.140673606e+002 +1.140673606e+002 -8.859326394e+002 -8.859326394e+002
2 +9.916816687e+001 +9.916816687e+001 -9.008318331e+002 -9.008318331e+002
32 +9.291208206e+001 +9.291208206e+001 -9.070879179e+002 -9.070879179e+002
123 +9.010542447e+001 +9.010542447e+001 -9.098945755e+002 -9.098945755e+002
130 +8.864962496e+001 +8.864962496e+001 -9.113503750e+002 -9.113503750e+002
239 +8.634737378e+001 +8.634737378e+001 -9.136526262e+002 -9.136526262e+002
653 +8.471698209e+001 +8.471698209e+001 -9.152830179e+002 -9.152830179e+002
1634 +8.213771324e+001 +8.213771324e+001 -9.178622868e+002 -9.178622868e+002
1942 +7.962774556e+001 +7.962774556e+001 -9.203722544e+002 -9.203722544e+002
3269 +7.840051365e+001 +7.840051365e+001 -9.215994863e+002 -9.215994863e+002
3633 +7.734497542e+001 +7.734497542e+001 -9.226550246e+002 -9.226550246e+002
3859 +7.373321173e+001 +7.373321173e+001 -9.262667883e+002 -9.262667883e+002
3866 +7.179931928e+001 +7.179931928e+001 -9.282006807e+002 -9.282006807e+002
3977 +7.069707798e+001 +7.069707798e+001 -9.293029220e+002 -9.293029220e+002
4192 +6.832381507e+001 +6.832381507e+001 -9.316761849e+002 -9.316761849e+002
4414 +6.666778961e+001 +6.666778961e+001 -9.333322104e+002 -9.333322104e+002
4609 +6.554232735e+001 +6.554232735e+001 -9.344576726e+002 -9.344576726e+002
4709 +6.348714451e+001 +6.348714451e+001 -9.365128555e+002 -9.365128555e+002
4821 +6.048091133e+001 +6.048091133e+001 -9.395190887e+002 -9.395190887e+002
4858 +5.976379881e+001 +5.976379881e+001 -9.402362012e+002 -9.402362012e+002
4977 +5.803732900e+001 +5.803732900e+001 -9.419626710e+002 -9.419626710e+002
5205 +4.578574180e+001 +4.578574180e+001 -9.542142582e+002 -9.542142582e+002
5615 +4.032941730e+001 +4.032941730e+001 -9.596705827e+002 -9.596705827e+002
6001 +3.818151673e+001 +3.818151673e+001 -9.618184833e+002 -9.618184833e+002
6214 +3.471014449e+001 +3.471014449e+001 -9.652898555e+002 -9.652898555e+002
6299 +3.421024993e+001 +3.421024993e+001 -9.657897501e+002 -9.657897501e+002
6585 +3.309959915e+001 +3.309959915e+001 -9.669004008e+002 -9.669004008e+002
6804 +3.117321620e+001 +3.117321620e+001 -9.688267838e+002 -9.688267838e+002
6968 +3.008474994e+001 +3.008474994e+001 -9.699152501e+002 -9.699152501e+002
7211 +2.926829585e+001 +2.926829585e+001 -9.707317041e+002 -9.707317041e+002
7386 +2.830286186e+001 +2.830286186e+001 -9.716971381e+002 -9.716971381e+002
7443 +2.782559588e+001 +2.782559588e+001 -9.721744041e+002 -9.721744041e+002
7720 +2.715410440e+001 +2.715410440e+001 -9.728458956e+002 -9.728458956e+002
7914 +2.668453885e+001 +2.668453885e+001 -9.733154612e+002 -9.733154612e+002
7959 +2.547689333e+001 +2.547689333e+001 -9.745231067e+002 -9.745231067e+002
8465 +2.498541862e+001 +2.498541862e+001 -9.750145814e+002 -9.750145814e+002
9156 +2.452866738e+001 +2.452866738e+001 -9.754713326e+002 -9.754713326e+002
9374 +2.391108873e+001 +2.391108873e+001 -9.760889113e+002 -9.760889113e+002
11378 +2.341993650e+001 +2.341993650e+001 -9.765800635e+002 -9.765800635e+002
% function evaluation | noise-free fitness - Fopt (9.190000000000e+001) | best noise-free fitness - Fopt | measured fitness | best measured fitness | x1 | x2...
1 +1.615064392e+002 +1.615064392e+002 +2.534064392e+002 +2.534064392e+002
2 +1.223837383e+002 +1.223837383e+002 +2.142837383e+002 +2.142837383e+002
4 +1.072138676e+002 +1.072138676e+002 +1.991138676e+002 +1.991138676e+002
5 +9.592875665e+001 +9.592875665e+001 +1.878287566e+002 +1.878287566e+002
7 +8.837785309e+001 +8.837785309e+001 +1.802778531e+002 +1.802778531e+002
78 +8.516476670e+001 +8.516476670e+001 +1.770647667e+002 +1.770647667e+002
268 +8.326684767e+001 +8.326684767e+001 +1.751668477e+002 +1.751668477e+002
457 +8.262745700e+001 +8.262745700e+001 +1.745274570e+002 +1.745274570e+002
865 +8.116988967e+001 +8.116988967e+001 +1.730698897e+002 +1.730698897e+002
866 +7.902056637e+001 +7.902056637e+001 +1.709205664e+002 +1.709205664e+002
1180 +7.552890137e+001 +7.552890137e+001 +1.674289014e+002 +1.674289014e+002
1890 +7.330747667e+001 +7.330747667e+001 +1.652074767e+002 +1.652074767e+002
1997 +7.075834352e+001 +7.075834352e+001 +1.626583435e+002 +1.626583435e+002
2036 +6.514375070e+001 +6.514375070e+001 +1.570437507e+002 +1.570437507e+002
2476 +5.425456421e+001 +5.425456421e+001 +1.461545642e+002 +1.461545642e+002
2903 +5.235640175e+001 +5.235640175e+001 +1.442564018e+002 +1.442564018e+002
2934 +4.978329790e+001 +4.978329790e+001 +1.416832979e+002 +1.416832979e+002
3012 +4.241277125e+001 +4.241277125e+001 +1.343127713e+002 +1.343127713e+002
3260 +4.120926644e+001 +4.120926644e+001 +1.331092664e+002 +1.331092664e+002
3273 +3.746435230e+001 +3.746435230e+001 +1.293643523e+002 +1.293643523e+002
3315 +2.933837386e+001 +2.933837386e+001 +1.212383739e+002 +1.212383739e+002
3468 +2.711434583e+001 +2.711434583e+001 +1.190143458e+002 +1.190143458e+002
3632 +2.309007022e+001 +2.309007022e+001 +1.149900702e+002 +1.149900702e+002
3869 +1.987217059e+001 +1.987217059e+001 +1.117721706e+002 +1.117721706e+002
4205 +1.801726388e+001 +1.801726388e+001 +1.099172639e+002 +1.099172639e+002
4402 +1.650344611e+001 +1.650344611e+001 +1.084034461e+002 +1.084034461e+002
4522 +1.457422052e+001 +1.457422052e+001 +1.064742205e+002 +1.064742205e+002
4575 +1.155746742e+001 +1.155746742e+001 +1.034574674e+002 +1.034574674e+002
4650 +1.086966096e+001 +1.086966096e+001 +1.027696610e+002 +1.027696610e+002
4813 +1.052063006e+001 +1.052063006e+001 +1.024206301e+002 +1.024206301e+002
4989 +8.542088748e+000 +8.542088748e+000 +1.004420887e+002 +1.004420887e+002
5084 +7.964038655e+000 +7.964038655e+000 +9.986403866e+001 +9.986403866e+001
5359 +7.878613019e+000 +7.878613019e+000 +9.977861302e+001 +9.977861302e+001
5453 +7.633238097e+000 +7.633238097e+000 +9.953323810e+001 +9.953323810e+001
5546 +7.396585339e+000 +7.396585339e+000 +9.929658534e+001 +9.929658534e+001
5772 +6.488296970e+000 +6.488296970e+000 +9.838829697e+001 +9.838829697e+001
6071 +6.081136054e+000 +6.081136054e+000 +9.798113605e+001 +9.798113605e+001
6173 +5.978339662e+000 +5.978339662e+000 +9.787833966e+001 +9.787833966e+001
6184 +5.658434329e+000 +5.658434329e+000 +9.755843433e+001 +9.755843433e+001
6215 +5.077946217e+000 +5.077946217e+000 +9.697794622e+001 +9.697794622e+001
6579 +4.205667471e+000 +4.205667471e+000 +9.610566747e+001 +9.610566747e+001
7024 +4.112807413e+000 +4.112807413e+000 +9.601280741e+001 +9.601280741e+001
7060 +3.971386701e+000 +3.971386701e+000 +9.587138670e+001 +9.587138670e+001
7094 +3.810502083e+000 +3.810502083e+000 +9.571050208e+001 +9.571050208e+001
7307 +3.515320671e+000 +3.515320671e+000 +9.541532067e+001 +9.541532067e+001
7447 +3.256310148e+000 +3.256310148e+000 +9.515631015e+001 +9.515631015e+001
7641 +2.881687671e+000 +2.881687671e+000 +9.478168767e+001 +9.478168767e+001
8249 +2.817379578e+000 +2.817379578e+000 +9.471737958e+001 +9.471737958e+001
8361 +2.702106109e+000 +2.702106109e+000 +9.460210611e+001 +9.460210611e+001
8747 +2.641570041e+000 +2.641570041e+000 +9.454157004e+001 +9.454157004e+001
8957 +2.506505771e+000 +2.506505771e+000 +9.440650577e+001 +9.440650577e+001
9805 +2.435521067e+000 +2.435521067e+000 +9.433552107e+001 +9.433552107e+001
10446 +2.351206377e+000 +2.351206377e+000 +9.425120638e+001 +9.425120638e+001
10864 +2.338004659e+000 +2.338004659e+000 +9.423800466e+001 +9.423800466e+001
12250 +2.288740316e+000 +2.288740316e+000 +9.418874032e+001 +9.418874032e+001
% function evaluation | noise-free fitness - Fopt (-7.597000000000e+001) | best noise-free fitness - Fopt | measured fitness | best measured fitness | x1 | x2...
1 +1.491425880e+002 +1.491425880e+002 +7.317258798e+001 +7.317258798e+001
2 +1.089384359e+002 +1.089384359e+002 +3.296843590e+001 +3.296843590e+001
3 +1.052582101e+002 +1.052582101e+002 +2.928821015e+001 +2.928821015e+001
38 +9.859280252e+001 +9.859280252e+001 +2.262280252e+001 +2.262280252e+001
42 +9.654723854e+001 +9.654723854e+001 +2.057723854e+001 +2.057723854e+001
54 +9.455034029e+001 +9.455034029e+001 +1.858034029e+001 +1.858034029e+001
79 +8.905495037e+001 +8.905495037e+001 +1.308495037e+001 +1.308495037e+001
95 +8.704676789e+001 +8.704676789e+001 +1.107676789e+001 +1.107676789e+001
1069 +8.389802829e+001 +8.389802829e+001 +7.928028288e+000 +7.928028288e+000
1851 +8.312672238e+001 +8.312672238e+001 +7.156722381e+000 +7.156722381e+000
2846 +8.007475400e+001 +8.007475400e+001 +4.104753998e+000 +4.104753998e+000
2898 +7.774480498e+001 +7.774480498e+001 +1.774804979e+000 +1.774804979e+000
3208 +7.700465175e+001 +7.700465175e+001 +1.034651746e+000 +1.034651746e+000
3253 +7.577654121e+001 +7.577654121e+001 -1.934587928e-001 -1.934587928e-001
3351 +7.407498553e+001 +7.407498553e+001 -1.895014473e+000 -1.895014473e+000
3547 +7.233312976e+001 +7.233312976e+001 -3.636870241e+000 -3.636870241e+000
3832 +6.771523240e+001 +6.771523240e+001 -8.254767601e+000 -8.254767601e+000
3891 +6.708813921e+001 +6.708813921e+001 -8.881860795e+000 -8.881860795e+000
4071 +6.214024898e+001 +6.214024898e+001 -1.382975102e+001 -1.382975102e+001
4201 +5.928441286e+001 +5.928441286e+001 -1.668558714e+001 -1.668558714e+001
4241 +5.855087534e+001 +5.855087534e+001 -1.741912466e+001 -1.741912466e+001
4303 +5.745256738e+001 +5.745256738e+001 -1.851743262e+001 -1.851743262e+001
4465 +5.473105054e+001 +5.473105054e+001 -2.123894946e+001 -2.123894946e+001
4623 +4.710244616e+001 +4.710244616e+001 -2.886755384e+001 -2.886755384e+001
4684 +3.979075582e+001 +3.979075582e+001 -3.617924418e+001 -3.617924418e+001
4837 +3.596591972e+001 +3.596591972e+001 -4.000408028e+001 -4.000408028e+001
4880 +3.380948519e+001 +3.380948519e+001 -4.216051481e+001 -4.216051481e+001
4968 +3.310727731e+001 +3.310727731e+001 -4.286272269e+001 -4.286272269e+001
5012 +2.934127271e+001 +2.934127271e+001 -4.662872729e+001 -4.662872729e+001
5016 +2.311292898e+001 +2.311292898e+001 -5.285707102e+001 -5.285707102e+001
5432 +2.235840692e+001 +2.235840692e+001 -5.361159308e+001 -5.361159308e+001
5452 +1.794825526e+001 +1.794825526e+001 -5.802174474e+001 -5.802174474e+001
5797 +1.341984552e+001 +1.341984552e+001 -6.255015448e+001 -6.255015448e+001
6001 +1.155645665e+001 +1.155645665e+001 -6.441354335e+001 -6.441354335e+001
6088 +1.077268287e+001 +1.077268287e+001 -6.519731713e+001 -6.519731713e+001
6340 +1.048876530e+001 +1.048876530e+001 -6.548123470e+001 -6.548123470e+001
6482 +1.017766502e+001 +1.017766502e+001 -6.579233498e+001 -6.579233498e+001
6503 +9.020245913e+000 +9.020245913e+000 -6.694975409e+001 -6.694975409e+001
6618 +8.403657110e+000 +8.403657110e+000 -6.756634289e+001 -6.756634289e+001
6669 +7.913575343e+000 +7.913575343e+000 -6.805642466e+001 -6.805642466e+001
6865 +7.757884410e+000 +7.757884410e+000 -6.821211559e+001 -6.821211559e+001
7063 +7.553203922e+000 +7.553203922e+000 -6.841679608e+001 -6.841679608e+001
7088 +7.000760684e+000 +7.000760684e+000 -6.896923932e+001 -6.896923932e+001
7100 +5.123368021e+000 +5.123368021e+000 -7.084663198e+001 -7.084663198e+001
7187 +4.676098397e+000 +4.676098397e+000 -7.129390160e+001 -7.129390160e+001
7645 +3.733280164e+000 +3.733280164e+000 -7.223671984e+001 -7.223671984e+001
8094 +3.419532034e+000 +3.419532034e+000 -7.255046797e+001 -7.255046797e+001
8223 +3.036449200e+000 +3.036449200e+000 -7.293355080e+001 -7.293355080e+001
8287 +2.853444762e+000 +2.853444762e+000 -7.311655524e+001 -7.311655524e+001
8603 +2.772202487e+000 +2.772202487e+000 -7.319779751e+001 -7.319779751e+001
8729 +2.699532778e+000 +2.699532778e+000 -7.327046722e+001 -7.327046722e+001
8750 +2.651623140e+000 +2.651623140e+000 -7.331837686e+001 -7.331837686e+001
8801 +2.438601156e+000 +2.438601156e+000 -7.353139884e+001 -7.353139884e+001
8852 +2.372403006e+000 +2.372403006e+000 -7.359759699e+001 -7.359759699e+001
9060 +2.292020583e+000 +2.292020583e+000 -7.367797942e+001 -7.367797942e+001
9171 +2.286078814e+000 +2.286078814e+000 -7.368392119e+001 -7.368392119e+001
9281 +2.226609564e+000 +2.226609564e+000 -7.374339044e+001 -7.374339044e+001
9497 +2.123263064e+000 +2.123263064e+000 -7.384673694e+001 -7.384673694e+001
9542 +2.086793775e+000 +2.086793775e+000 -7.388320623e+001 -7.388320623e+001
10188 +2.024376808e+000 +2.024376808e+000 -7.394562319e+001 -7.394562319e+001
10616 +1.988109756e+000 +1.988109756e+000 -7.398189024e+001 -7.398189024e+001
11003 +1.948859280e+000 +1.948859280e+000 -7.402114072e+001 -7.402114072e+001
11058 +1.900732512e+000 +1.900732512e+000 -7.406926749e+001 -7.406926749e+001
11363 +1.813056742e+000 +1.813056742e+000 -7.415694326e+001 -7.415694326e+001
11860 +1.746264467e+000 +1.746264467e+000 -7.422373553e+001 -7.422373553e+001
11949 +1.721978967e+000 +1.721978967e+000 -7.424802103e+001 -7.424802103e+001
12159 +1.674003261e+000 +1.674003261e+000 -7.429599674e+001 -7.429599674e+001
12484 +1.655541761e+000 +1.655541761e+000 -7.431445824e+001 -7.431445824e+001
12653 +1.604387526e+000 +1.604387526e+000 -7.436561247e+001 -7.436561247e+001
13043 +1.541938885e+000 +1.541938885e+000 -7.442806111e+001 -7.442806111e+001
13809 +1.511250503e+000 +1.511250503e+000 -7.445874950e+001 -7.445874950e+001
14021 +1.471583493e+000 +1.471583493e+000 -7.449841651e+001 -7.449841651e+001
14083 +1.435391958e+000 +1.435391958e+000 -7.453460804e+001 -7.453460804e+001
14470 +1.388879726e+000 +1.388879726e+000 -7.458112027e+001 -7.458112027e+001
14851 +1.368342047e+000 +1.368342047e+000 -7.460165795e+001 -7.460165795e+001
15310 +1.337730158e+000 +1.337730158e+000 -7.463226984e+001 -7.463226984e+001
15761 +1.314212027e+000 +1.314212027e+000 -7.465578797e+001 -7.465578797e+001
16852 +1.287813448e+000 +1.287813448e+000 -7.468218655e+001 -7.468218655e+001
19365 +1.256250716e+000 +1.256250716e+000 -7.471374928e+001 -7.471374928e+001
% function evaluation | noise-free fitness - Fopt (-1.699000000000e+001) | best noise-free fitness - Fopt | measured fitness | best measured fitness | x1 | x2...
1 +1.268787823e+002 +1.268787823e+002 +1.098887823e+002 +1.098887823e+002
4 +8.805889607e+001 +8.805889607e+001 +7.106889607e+001 +7.106889607e+001
44 +8.623692917e+001 +8.623692917e+001 +6.924692917e+001 +6.924692917e+001
810 +8.395947009e+001 +8.395947009e+001 +6.696947009e+001 +6.696947009e+001
856 +8.177342592e+001 +8.177342592e+001 +6.478342592e+001 +6.478342592e+001
2306 +8.054108758e+001 +8.054108758e+001 +6.355108758e+001 +6.355108758e+001
2956 +7.848275532e+001 +7.848275532e+001 +6.149275532e+001 +6.149275532e+001
3002 +7.304429423e+001 +7.304429423e+001 +5.605429423e+001 +5.605429423e+001
3951 +7.143764816e+001 +7.143764816e+001 +5.444764816e+001 +5.444764816e+001
4009 +6.965807959e+001 +6.965807959e+001 +5.266807959e+001 +5.266807959e+001
4365 +6.818765385e+001 +6.818765385e+001 +5.119765385e+001 +5.119765385e+001
4412 +6.397973341e+001 +6.397973341e+001 +4.698973341e+001 +4.698973341e+001
4638 +6.157920604e+001 +6.157920604e+001 +4.458920604e+001 +4.458920604e+001
4688 +5.305912957e+001 +5.305912957e+001 +3.606912957e+001 +3.606912957e+001
5229 +5.076716634e+001 +5.076716634e+001 +3.377716634e+001 +3.377716634e+001
5277 +4.935760865e+001 +4.935760865e+001 +3.236760865e+001 +3.236760865e+001
5357 +4.856165492e+001 +4.856165492e+001 +3.157165492e+001 +3.157165492e+001
5403 +3.936535957e+001 +3.936535957e+001 +2.237535957e+001 +2.237535957e+001
5562 +2.981672272e+001 +2.981672272e+001 +1.282672272e+001 +1.282672272e+001
5985 +2.875065872e+001 +2.875065872e+001 +1.176065872e+001 +1.176065872e+001
6019 +2.364804921e+001 +2.364804921e+001 +6.658049212e+000 +6.658049212e+000
6254 +2.146892175e+001 +2.146892175e+001 +4.478921750e+000 +4.478921750e+000
6270 +2.037971718e+001 +2.037971718e+001 +3.389717178e+000 +3.389717178e+000
6422 +1.516783705e+001 +1.516783705e+001 -1.822162949e+000 -1.822162949e+000
6505 +1.255029506e+001 +1.255029506e+001 -4.439704935e+000 -4.439704935e+000
6985 +1.138354128e+001 +1.138354128e+001 -5.606458722e+000 -5.606458722e+000
7039 +1.113291927e+001 +1.113291927e+001 -5.857080729e+000 -5.857080729e+000
7315 +9.131112123e+000 +9.131112123e+000 -7.858887877e+000 -7.858887877e+000
7332 +8.982150071e+000 +8.982150071e+000 -8.007849929e+000 -8.007849929e+000
7354 +8.348422216e+000 +8.348422216e+000 -8.641577784e+000 -8.641577784e+000
7404 +8.144301036e+000 +8.144301036e+000 -8.845698964e+000 -8.845698964e+000
7618 +7.932566044e+000 +7.932566044e+000 -9.057433956e+000 -9.057433956e+000
8026 +6.501386260e+000 +6.501386260e+000 -1.048861374e+001 -1.048861374e+001
8252 +6.331714698e+000 +6.331714698e+000 -1.065828530e+001 -1.065828530e+001
8253 +5.583366809e+000 +5.583366809e+000 -1.140663319e+001 -1.140663319e+001
8401 +4.685097779e+000 +4.685097779e+000 -1.230490222e+001 -1.230490222e+001
8631 +3.856073627e+000 +3.856073627e+000 -1.313392637e+001 -1.313392637e+001
8813 +3.568658829e+000 +3.568658829e+000 -1.342134117e+001 -1.342134117e+001
9026 +2.868081068e+000 +2.868081068e+000 -1.412191893e+001 -1.412191893e+001
9105 +2.714697196e+000 +2.714697196e+000 -1.427530280e+001 -1.427530280e+001
9107 +2.672359326e+000 +2.672359326e+000 -1.431764067e+001 -1.431764067e+001
9459 +2.298365385e+000 +2.298365385e+000 -1.469163462e+001 -1.469163462e+001
9760 +2.213448802e+000 +2.213448802e+000 -1.477655120e+001 -1.477655120e+001
9805 +2.089378239e+000 +2.089378239e+000 -1.490062176e+001 -1.490062176e+001
9950 +2.031480218e+000 +2.031480218e+000 -1.495851978e+001 -1.495851978e+001
10771 +1.978041219e+000 +1.978041219e+000 -1.501195878e+001 -1.501195878e+001
11224 +1.935845722e+000 +1.935845722e+000 -1.505415428e+001 -1.505415428e+001
11718 +1.895238122e+000 +1.895238122e+000 -1.509476188e+001 -1.509476188e+001
12057 +1.827800157e+000 +1.827800157e+000 -1.516219984e+001 -1.516219984e+001
12097 +1.814003798e+000 +1.814003798e+000 -1.517599620e+001 -1.517599620e+001
12473 +1.777684742e+000 +1.777684742e+000 -1.521231526e+001 -1.521231526e+001
12849 +1.723973243e+000 +1.723973243e+000 -1.526602676e+001 -1.526602676e+001
13209 +1.687490018e+000 +1.687490018e+000 -1.530250998e+001 -1.530250998e+001
13670 +1.649325819e+000 +1.649325819e+000 -1.534067418e+001 -1.534067418e+001
14094 +1.613603196e+000 +1.613603196e+000 -1.537639680e+001 -1.537639680e+001
15601 +1.582358057e+000 +1.582358057e+000 -1.540764194e+001 -1.540764194e+001
% function evaluation | noise-free fitness - Fopt (2.740000000000e+000) | best noise-free fitness - Fopt | measured fitness | best measured fitness | x1 | x2...
1 +1.147423827e+002 +1.147423827e+002 +1.174823827e+002 +1.174823827e+002
2 +1.023414068e+002 +1.023414068e+002 +1.050814068e+002 +1.050814068e+002
3 +9.391173623e+001 +9.391173623e+001 +9.665173623e+001 +9.665173623e+001
6 +8.808141279e+001 +8.808141279e+001 +9.082141279e+001 +9.082141279e+001
324 +8.682416377e+001 +8.682416377e+001 +8.956416377e+001 +8.956416377e+001
899 +8.471283399e+001 +8.471283399e+001 +8.745283399e+001 +8.745283399e+001
1911 +8.244263728e+001 +8.244263728e+001 +8.518263728e+001 +8.518263728e+001
2157 +8.100888323e+001 +8.100888323e+001 +8.374888323e+001 +8.374888323e+001
2618 +7.891854030e+001 +7.891854030e+001 +8.165854030e+001 +8.165854030e+001
2629 +7.755092906e+001 +7.755092906e+001 +8.029092906e+001 +8.029092906e+001
3237 +7.376612495e+001 +7.376612495e+001 +7.650612495e+001 +7.650612495e+001
3469 +7.126971354e+001 +7.126971354e+001 +7.400971354e+001 +7.400971354e+001
3509 +6.995563816e+001 +6.995563816e+001 +7.269563816e+001 +7.269563816e+001
3638 +6.263526105e+001 +6.263526105e+001 +6.537526105e+001 +6.537526105e+001
3821 +6.117153770e+001 +6.117153770e+001 +6.391153770e+001 +6.391153770e+001
3969 +5.741399874e+001 +5.741399874e+001 +6.015399874e+001 +6.015399874e+001
4017 +4.858654574e+001 +4.858654574e+001 +5.132654574e+001 +5.132654574e+001
4073 +4.484775528e+001 +4.484775528e+001 +4.758775528e+001 +4.758775528e+001
4433 +3.583865229e+001 +3.583865229e+001 +3.857865229e+001 +3.857865229e+001
4456 +3.510981569e+001 +3.510981569e+001 +3.784981569e+001 +3.784981569e+001
4631 +3.029316474e+001 +3.029316474e+001 +3.303316474e+001 +3.303316474e+001
4776 +2.962414798e+001 +2.962414798e+001 +3.236414798e+001 +3.236414798e+001
4954 +2.894192095e+001 +2.894192095e+001 +3.168192095e+001 +3.168192095e+001
5097 +2.806858094e+001 +2.806858094e+001 +3.080858094e+001 +3.080858094e+001
5113 +2.421695125e+001 +2.421695125e+001 +2.695695125e+001 +2.695695125e+001
5145 +2.362882505e+001 +2.362882505e+001 +2.636882505e+001 +2.636882505e+001
5214 +1.664203106e+001 +1.664203106e+001 +1.938203106e+001 +1.938203106e+001
5500 +1.287960217e+001 +1.287960217e+001 +1.561960217e+001 +1.561960217e+001
5817 +9.743202943e+000 +9.743202943e+000 +1.248320294e+001 +1.248320294e+001
6455 +9.494288337e+000 +9.494288337e+000 +1.223428834e+001 +1.223428834e+001
6547 +8.860444595e+000 +8.860444595e+000 +1.160044460e+001 +1.160044460e+001
6626 +8.450771656e+000 +8.450771656e+000 +1.119077166e+001 +1.119077166e+001
6643 +7.795247590e+000 +7.795247590e+000 +1.053524759e+001 +1.053524759e+001
6715 +7.371195372e+000 +7.371195372e+000 +1.011119537e+001 +1.011119537e+001
6843 +7.063483393e+000 +7.063483393e+000 +9.803483393e+000 +9.803483393e+000
6935 +5.474396934e+000 +5.474396934e+000 +8.214396934e+000 +8.214396934e+000
7249 +4.672820307e+000 +4.672820307e+000 +7.412820307e+000 +7.412820307e+000
7314 +3.782658966e+000 +3.782658966e+000 +6.522658966e+000 +6.522658966e+000
7319 +3.349814370e+000 +3.349814370e+000 +6.089814370e+000 +6.089814370e+000
7563 +2.850720243e+000 +2.850720243e+000 +5.590720243e+000 +5.590720243e+000
7636 +2.428267144e+000 +2.428267144e+000 +5.168267144e+000 +5.168267144e+000
7687 +2.254932147e+000 +2.254932147e+000 +4.994932147e+000 +4.994932147e+000
7966 +2.114462683e+000 +2.114462683e+000 +4.854462683e+000 +4.854462683e+000
8273 +2.048460490e+000 +2.048460490e+000 +4.788460490e+000 +4.788460490e+000
8343 +1.965078987e+000 +1.965078987e+000 +4.705078987e+000 +4.705078987e+000
8443 +1.442680189e+000 +1.442680189e+000 +4.182680189e+000 +4.182680189e+000
8616 +1.347435227e+000 +1.347435227e+000 +4.087435227e+000 +4.087435227e+000
8673 +8.261974815e-001 +8.261974815e-001 +3.566197482e+000 +3.566197482e+000
9148 +6.413433807e-001 +6.413433807e-001 +3.381343381e+000 +3.381343381e+000
9376 +5.720802804e-001 +5.720802804e-001 +3.312080280e+000 +3.312080280e+000
9651 +4.990800334e-001 +4.990800334e-001 +3.239080033e+000 +3.239080033e+000
10407 +4.805500916e-001 +4.805500916e-001 +3.220550092e+000 +3.220550092e+000
10411 +4.546443121e-001 +4.546443121e-001 +3.194644312e+000 +3.194644312e+000
10608 +3.288022467e-001 +3.288022467e-001 +3.068802247e+000 +3.068802247e+000
10872 +2.922687545e-001 +2.922687545e-001 +3.032268754e+000 +3.032268754e+000
10916 +2.801537687e-001 +2.801537687e-001 +3.020153769e+000 +3.020153769e+000
10923 +2.206180551e-001 +2.206180551e-001 +2.960618055e+000 +2.960618055e+000
10991 +2.172951006e-001 +2.172951006e-001 +2.957295101e+000 +2.957295101e+000
11032 +1.918889856e-001 +1.918889856e-001 +2.931888986e+000 +2.931888986e+000
11247 +1.823527137e-001 +1.823527137e-001 +2.922352714e+000 +2.922352714e+000
11299 +1.707866440e-001 +1.707866440e-001 +2.910786644e+000 +2.910786644e+000
11567 +1.389148782e-001 +1.389148782e-001 +2.878914878e+000 +2.878914878e+000
11799 +1.278649086e-001 +1.278649086e-001 +2.867864909e+000 +2.867864909e+000
12105 +1.111037702e-001 +1.111037702e-001 +2.851103770e+000 +2.851103770e+000
12295 +1.070508930e-001 +1.070508930e-001 +2.847050893e+000 +2.847050893e+000
12586 +1.033736416e-001 +1.033736416e-001 +2.843373642e+000 +2.843373642e+000
12623 +9.543507544e-002 +9.543507544e-002 +2.835435075e+000 +2.835435075e+000
12824 +9.305233021e-002 +9.305233021e-002 +2.833052330e+000 +2.833052330e+000
12911 +7.651006782e-002 +7.651006782e-002 +2.816510068e+000 +2.816510068e+000
13006 +7.541326545e-002 +7.541326545e-002 +2.815413265e+000 +2.815413265e+000
13059 +6.722957854e-002 +6.722957854e-002 +2.807229579e+000 +2.807229579e+000
13193 +5.747291400e-002 +5.747291400e-002 +2.797472914e+000 +2.797472914e+000
13741 +5.441754529e-002 +5.441754529e-002 +2.794417545e+000 +2.794417545e+000
13787 +4.869491356e-002 +4.869491356e-002 +2.788694914e+000 +2.788694914e+000
13898 +4.503334240e-002 +4.503334240e-002 +2.785033342e+000 +2.785033342e+000
14063 +4.389410300e-002 +4.389410300e-002 +2.783894103e+000 +2.783894103e+000
14181 +3.926509925e-002 +3.926509925e-002 +2.779265099e+000 +2.779265099e+000
14275 +3.870853455e-002 +3.870853455e-002 +2.778708535e+000 +2.778708535e+000
14474 +3.070797564e-002 +3.070797564e-002 +2.770707976e+000 +2.770707976e+000
14893 +2.946925857e-002 +2.946925857e-002 +2.769469259e+000 +2.769469259e+000
14990 +2.777743959e-002 +2.777743959e-002 +2.767777440e+000 +2.767777440e+000
15036 +2.259549524e-002 +2.259549524e-002 +2.762595495e+000 +2.762595495e+000
15282 +2.162800434e-002 +2.162800434e-002 +2.761628004e+000 +2.761628004e+000
15500 +1.967928802e-002 +1.967928802e-002 +2.759679288e+000 +2.759679288e+000
15655 +1.825130186e-002 +1.825130186e-002 +2.758251302e+000 +2.758251302e+000
15662 +1.728706914e-002 +1.728706914e-002 +2.757287069e+000 +2.757287069e+000
15685 +1.653912386e-002 +1.653912386e-002 +2.756539124e+000 +2.756539124e+000
15980 +1.587234132e-002 +1.587234132e-002 +2.755872341e+000 +2.755872341e+000
16020 +1.572160639e-002 +1.572160639e-002 +2.755721606e+000 +2.755721606e+000
16294 +1.462139270e-002 +1.462139270e-002 +2.754621393e+000 +2.754621393e+000
16489 +1.441096511e-002 +1.441096511e-002 +2.754410965e+000 +2.754410965e+000
16513 +1.382322177e-002 +1.382322177e-002 +2.753823222e+000 +2.753823222e+000
16516 +1.338289605e-002 +1.338289605e-002 +2.753382896e+000 +2.753382896e+000
16907 +1.216776166e-002 +1.216776166e-002 +2.752167762e+000 +2.752167762e+000
17027 +1.140218435e-002 +1.140218435e-002 +2.751402184e+000 +2.751402184e+000
17179 +1.057083475e-002 +1.057083475e-002 +2.750570835e+000 +2.750570835e+000
17372 +1.017080139e-002 +1.017080139e-002 +2.750170801e+000 +2.750170801e+000
17471 +9.941388432e-003 +9.941388432e-003 +2.749941388e+000 +2.749941388e+000
17500 +9.532232824e-003 +9.532232824e-003 +2.749532233e+000 +2.749532233e+000
17636 +9.270803228e-003 +9.270803228e-003 +2.749270803e+000 +2.749270803e+000
17651 +8.855327091e-003 +8.855327091e-003 +2.748855327e+000 +2.748855327e+000
17733 +7.908745232e-003 +7.908745232e-003 +2.747908745e+000 +2.747908745e+000
17815 +6.821293307e-003 +6.821293307e-003 +2.746821293e+000 +2.746821293e+000
17941 +6.226110150e-003 +6.226110150e-003 +2.746226110e+000 +2.746226110e+000
18207 +5.200616798e-003 +5.200616798e-003 +2.745200617e+000 +2.745200617e+000
18427 +4.768961914e-003 +4.768961914e-003 +2.744768962e+000 +2.744768962e+000
18609 +4.398724317e-003 +4.398724317e-003 +2.744398724e+000 +2.744398724e+000
18715 +4.350849008e-003 +4.350849008e-003 +2.744350849e+000 +2.744350849e+000
18735 +4.236639400e-003 +4.236639400e-003 +2.744236639e+000 +2.744236639e+000
19051 +4.162518194e-003 +4.162518194e-003 +2.744162518e+000 +2.744162518e+000
19055 +3.961225203e-003 +3.961225203e-003 +2.743961225e+000 +2.743961225e+000
19231 +3.877130422e-003 +3.877130422e-003 +2.743877130e+000 +2.743877130e+000
19247 +3.724448614e-003 +3.724448614e-003 +2.743724449e+000 +2.743724449e+000
19411 +3.656406104e-003 +3.656406104e-003 +2.743656406e+000 +2.743656406e+000
19798 +3.608123127e-003 +3.608123127e-003 +2.743608123e+000 +2.743608123e+000
20218 +3.400528804e-003 +3.400528804e-003 +2.743400529e+000 +2.743400529e+000
20571 +3.139235435e-003 +3.139235435e-003 +2.743139235e+000 +2.743139235e+000
20851 +2.920716333e-003 +2.920716333e-003 +2.742920716e+000 +2.742920716e+000
20857 +2.612104185e-003 +2.612104185e-003 +2.742612104e+000 +2.742612104e+000
21214 +2.480446615e-003 +2.480446615e-003 +2.742480447e+000 +2.742480447e+000
21463 +2.350118839e-003 +2.350118839e-003 +2.742350119e+000 +2.742350119e+000
21522 +2.310744343e-003 +2.310744343e-003 +2.742310744e+000 +2.742310744e+000
21578 +2.054287509e-003 +2.054287509e-003 +2.742054288e+000 +2.742054288e+000
21618 +2.023846295e-003 +2.023846295e-003 +2.742023846e+000 +2.742023846e+000
21803 +1.773787761e-003 +1.773787761e-003 +2.741773788e+000 +2.741773788e+000
21828 +1.706352334e-003 +1.706352334e-003 +2.741706352e+000 +2.741706352e+000
21949 +1.676262656e-003 +1.676262656e-003 +2.741676263e+000 +2.741676263e+000
21969 +1.623967872e-003 +1.623967872e-003 +2.741623968e+000 +2.741623968e+000
22024 +1.510426658e-003 +1.510426658e-003 +2.741510427e+000 +2.741510427e+000
22117 +1.458605309e-003 +1.458605309e-003 +2.741458605e+000 +2.741458605e+000
22404 +1.357250834e-003 +1.357250834e-003 +2.741357251e+000 +2.741357251e+000
22423 +1.220977047e-003 +1.220977047e-003 +2.741220977e+000 +2.741220977e+000
22618 +1.172810031e-003 +1.172810031e-003 +2.741172810e+000 +2.741172810e+000
22819 +1.140126510e-003 +1.140126510e-003 +2.741140127e+000 +2.741140127e+000
22871 +1.102738045e-003 +1.102738045e-003 +2.741102738e+000 +2.741102738e+000
23100 +1.082643808e-003 +1.082643808e-003 +2.741082644e+000 +2.741082644e+000
23106 +1.038330396e-003 +1.038330396e-003 +2.741038330e+000 +2.741038330e+000
23223 +1.021869994e-003 +1.021869994e-003 +2.741021870e+000 +2.741021870e+000
23304 +9.800280520e-004 +9.800280520e-004 +2.740980028e+000 +2.740980028e+000
23444 +9.763503204e-004 +9.763503204e-004 +2.740976350e+000 +2.740976350e+000
23516 +9.535959620e-004 +9.535959620e-004 +2.740953596e+000 +2.740953596e+000
23804 +9.170146225e-004 +9.170146225e-004 +2.740917015e+000 +2.740917015e+000
24151 +9.078783355e-004 +9.078783355e-004 +2.740907878e+000 +2.740907878e+000
24300 +8.795006688e-004 +8.795006688e-004 +2.740879501e+000 +2.740879501e+000
24616 +8.684055330e-004 +8.684055330e-004 +2.740868406e+000 +2.740868406e+000
24684 +8.452704449e-004 +8.452704449e-004 +2.740845270e+000 +2.740845270e+000
24994 +8.256690720e-004 +8.256690720e-004 +2.740825669e+000 +2.740825669e+000
25197 +8.014716639e-004 +8.014716639e-004 +2.740801472e+000 +2.740801472e+000
25202 +7.576873655e-004 +7.576873655e-004 +2.740757687e+000 +2.740757687e+000
25483 +6.898373594e-004 +6.898373594e-004 +2.740689837e+000 +2.740689837e+000
25595 +6.686853507e-004 +6.686853507e-004 +2.740668685e+000 +2.740668685e+000
25640 +6.192514208e-004 +6.192514208e-004 +2.740619251e+000 +2.740619251e+000
25848 +5.919073660e-004 +5.919073660e-004 +2.740591907e+000 +2.740591907e+000
26063 +5.876103254e-004 +5.876103254e-004 +2.740587610e+000 +2.740587610e+000
26225 +5.589533321e-004 +5.589533321e-004 +2.740558953e+000 +2.740558953e+000
26262 +5.467776165e-004 +5.467776165e-004 +2.740546778e+000 +2.740546778e+000
26369 +5.197183588e-004 +5.197183588e-004 +2.740519718e+000 +2.740519718e+000
26411 +4.994779197e-004 +4.994779197e-004 +2.740499478e+000 +2.740499478e+000
26642 +4.736557961e-004 +4.736557961e-004 +2.740473656e+000 +2.740473656e+000
26665 +4.541220082e-004 +4.541220082e-004 +2.740454122e+000 +2.740454122e+000
26674 +4.461659501e-004 +4.461659501e-004 +2.740446166e+000 +2.740446166e+000
26753 +3.880557892e-004 +3.880557892e-004 +2.740388056e+000 +2.740388056e+000
27036 +3.532111133e-004 +3.532111133e-004 +2.740353211e+000 +2.740353211e+000
27236 +3.212345191e-004 +3.212345191e-004 +2.740321235e+000 +2.740321235e+000
27635 +3.045218865e-004 +3.045218865e-004 +2.740304522e+000 +2.740304522e+000
27995 +2.950896440e-004 +2.950896440e-004 +2.740295090e+000 +2.740295090e+000
28220 +2.796330978e-004 +2.796330978e-004 +2.740279633e+000 +2.740279633e+000
28407 +2.701189134e-004 +2.701189134e-004 +2.740270119e+000 +2.740270119e+000
28475 +2.690237006e-004 +2.690237006e-004 +2.740269024e+000 +2.740269024e+000
28607 +2.519661772e-004 +2.519661772e-004 +2.740251966e+000 +2.740251966e+000
28944 +2.507649932e-004 +2.507649932e-004 +2.740250765e+000 +2.740250765e+000
29019 +2.347489766e-004 +2.347489766e-004 +2.740234749e+000 +2.740234749e+000
29275 +2.337572285e-004 +2.337572285e-004 +2.740233757e+000 +2.740233757e+000
29486 +2.288880018e-004 +2.288880018e-004 +2.740228888e+000 +2.740228888e+000
29619 +2.234382506e-004 +2.234382506e-004 +2.740223438e+000 +2.740223438e+000
29802 +2.125092368e-004 +2.125092368e-004 +2.740212509e+000 +2.740212509e+000
29963 +2.080396136e-004 +2.080396136e-004 +2.740208040e+000 +2.740208040e+000
30057 +2.022378634e-004 +2.022378634e-004 +2.740202238e+000 +2.740202238e+000
30213 +1.837810854e-004 +1.837810854e-004 +2.740183781e+000 +2.740183781e+000
30603 +1.782868175e-004 +1.782868175e-004 +2.740178287e+000 +2.740178287e+000
30642 +1.767407831e-004 +1.767407831e-004 +2.740176741e+000 +2.740176741e+000
30796 +1.698819425e-004 +1.698819425e-004 +2.740169882e+000 +2.740169882e+000
30906 +1.649813521e-004 +1.649813521e-004 +2.740164981e+000 +2.740164981e+000
31008 +1.612011983e-004 +1.612011983e-004 +2.740161201e+000 +2.740161201e+000
31119 +1.501748641e-004 +1.501748641e-004 +2.740150175e+000 +2.740150175e+000
31411 +1.424539369e-004 +1.424539369e-004 +2.740142454e+000 +2.740142454e+000
31720 +1.373004302e-004 +1.373004302e-004 +2.740137300e+000 +2.740137300e+000
31780 +1.332758947e-004 +1.332758947e-004 +2.740133276e+000 +2.740133276e+000
31865 +1.294730758e-004 +1.294730758e-004 +2.740129473e+000 +2.740129473e+000
32017 +1.265842671e-004 +1.265842671e-004 +2.740126584e+000 +2.740126584e+000
32087 +1.240403409e-004 +1.240403409e-004 +2.740124040e+000 +2.740124040e+000
32105 +1.209253924e-004 +1.209253924e-004 +2.740120925e+000 +2.740120925e+000
32183 +1.170277331e-004 +1.170277331e-004 +2.740117028e+000 +2.740117028e+000
32416 +1.074784104e-004 +1.074784104e-004 +2.740107478e+000 +2.740107478e+000
32738 +1.065128638e-004 +1.065128638e-004 +2.740106513e+000 +2.740106513e+000
32937 +1.046964886e-004 +1.046964886e-004 +2.740104696e+000 +2.740104696e+000
32946 +9.952881625e-005 +9.952881625e-005 +2.740099529e+000 +2.740099529e+000
33264 +9.715175715e-005 +9.715175715e-005 +2.740097152e+000 +2.740097152e+000
33280 +9.492731268e-005 +9.492731268e-005 +2.740094927e+000 +2.740094927e+000
33406 +9.194821951e-005 +9.194821951e-005 +2.740091948e+000 +2.740091948e+000
33677 +8.703747535e-005 +8.703747535e-005 +2.740087037e+000 +2.740087037e+000
33801 +8.499394798e-005 +8.499394798e-005 +2.740084994e+000 +2.740084994e+000
34018 +8.298085180e-005 +8.298085180e-005 +2.740082981e+000 +2.740082981e+000
34071 +7.961243946e-005 +7.961243946e-005 +2.740079612e+000 +2.740079612e+000
34202 +7.840402173e-005 +7.840402173e-005 +2.740078404e+000 +2.740078404e+000
34281 +7.688272079e-005 +7.688272079e-005 +2.740076883e+000 +2.740076883e+000
34322 +7.582827152e-005 +7.582827152e-005 +2.740075828e+000 +2.740075828e+000
34436 +7.317562941e-005 +7.317562941e-005 +2.740073176e+000 +2.740073176e+000
34503 +7.237950374e-005 +7.237950374e-005 +2.740072380e+000 +2.740072380e+000
34593 +6.857380045e-005 +6.857380045e-005 +2.740068574e+000 +2.740068574e+000
34741 +6.662905905e-005 +6.662905905e-005 +2.740066629e+000 +2.740066629e+000
34825 +6.547946844e-005 +6.547946844e-005 +2.740065479e+000 +2.740065479e+000
34876 +6.401454039e-005 +6.401454039e-005 +2.740064015e+000 +2.740064015e+000
35044 +6.169738133e-005 +6.169738133e-005 +2.740061697e+000 +2.740061697e+000
35090 +6.091936895e-005 +6.091936895e-005 +2.740060919e+000 +2.740060919e+000
35132 +5.957342970e-005 +5.957342970e-005 +2.740059573e+000 +2.740059573e+000
35212 +5.709731823e-005 +5.709731823e-005 +2.740057097e+000 +2.740057097e+000
35322 +5.512844749e-005 +5.512844749e-005 +2.740055128e+000 +2.740055128e+000
35404 +5.027024826e-005 +5.027024826e-005 +2.740050270e+000 +2.740050270e+000
35412 +4.927295644e-005 +4.927295644e-005 +2.740049273e+000 +2.740049273e+000
35699 +4.837450377e-005 +4.837450377e-005 +2.740048375e+000 +2.740048375e+000
35701 +4.426589009e-005 +4.426589009e-005 +2.740044266e+000 +2.740044266e+000
35776 +4.325265703e-005 +4.325265703e-005 +2.740043253e+000 +2.740043253e+000
35811 +4.191327286e-005 +4.191327286e-005 +2.740041913e+000 +2.740041913e+000
36058 +3.893988544e-005 +3.893988544e-005 +2.740038940e+000 +2.740038940e+000
36209 +3.826247795e-005 +3.826247795e-005 +2.740038262e+000 +2.740038262e+000
36378 +3.733176437e-005 +3.733176437e-005 +2.740037332e+000 +2.740037332e+000
36442 +3.702298040e-005 +3.702298040e-005 +2.740037023e+000 +2.740037023e+000
36444 +3.428040602e-005 +3.428040602e-005 +2.740034280e+000 +2.740034280e+000
36617 +3.260782159e-005 +3.260782159e-005 +2.740032608e+000 +2.740032608e+000
36840 +3.039062832e-005 +3.039062832e-005 +2.740030391e+000 +2.740030391e+000
37023 +2.992926004e-005 +2.992926004e-005 +2.740029929e+000 +2.740029929e+000
37060 +2.921228631e-005 +2.921228631e-005 +2.740029212e+000 +2.740029212e+000
37397 +2.863656681e-005 +2.863656681e-005 +2.740028637e+000 +2.740028637e+000
37505 +2.758243155e-005 +2.758243155e-005 +2.740027582e+000 +2.740027582e+000
37511 +2.752922209e-005 +2.752922209e-005 +2.740027529e+000 +2.740027529e+000
37607 +2.688878516e-005 +2.688878516e-005 +2.740026889e+000 +2.740026889e+000
38001 +2.597497496e-005 +2.597497496e-005 +2.740025975e+000 +2.740025975e+000
38012 +2.549675678e-005 +2.549675678e-005 +2.740025497e+000 +2.740025497e+000
38203 +2.482869868e-005 +2.482869868e-005 +2.740024829e+000 +2.740024829e+000
38507 +2.309543657e-005 +2.309543657e-005 +2.740023095e+000 +2.740023095e+000
38818 +2.279647905e-005 +2.279647905e-005 +2.740022796e+000 +2.740022796e+000
39067 +2.206020872e-005 +2.206020872e-005 +2.740022060e+000 +2.740022060e+000
39081 +2.159178443e-005 +2.159178443e-005 +2.740021592e+000 +2.740021592e+000
39179 +2.109597992e-005 +2.109597992e-005 +2.740021096e+000 +2.740021096e+000
39199 +1.966135135e-005 +1.966135135e-005 +2.740019661e+000 +2.740019661e+000
39377 +1.906906237e-005 +1.906906237e-005 +2.740019069e+000 +2.740019069e+000
39414 +1.825860969e-005 +1.825860969e-005 +2.740018259e+000 +2.740018259e+000
39420 +1.784108531e-005 +1.784108531e-005 +2.740017841e+000 +2.740017841e+000
39652 +1.777879469e-005 +1.777879469e-005 +2.740017779e+000 +2.740017779e+000
39805 +1.734709816e-005 +1.734709816e-005 +2.740017347e+000 +2.740017347e+000
39819 +1.497329749e-005 +1.497329749e-005 +2.740014973e+000 +2.740014973e+000
% function evaluation | noise-free fitness - Fopt (-3.564000000000e+001) | best noise-free fitness - Fopt | measured fitness | best measured fitness | x1 | x2...
1 +1.252665453e+002 +1.252665453e+002 +8.962654529e+001 +8.962654529e+001
2 +9.365479793e+001 +9.365479793e+001 +5.801479793e+001 +5.801479793e+001
3 +9.184740405e+001 +9.184740405e+001 +5.620740405e+001 +5.620740405e+001
8 +8.618647827e+001 +8.618647827e+001 +5.054647827e+001 +5.054647827e+001
803 +8.492128025e+001 +8.492128025e+001 +4.928128025e+001 +4.928128025e+001
2072 +8.297029176e+001 +8.297029176e+001 +4.733029176e+001 +4.733029176e+001
2530 +8.032111368e+001 +8.032111368e+001 +4.468111368e+001 +4.468111368e+001
3073 +7.910964400e+001 +7.910964400e+001 +4.346964400e+001 +4.346964400e+001
3457 +7.754163762e+001 +7.754163762e+001 +4.190163762e+001 +4.190163762e+001
4117 +7.536051206e+001 +7.536051206e+001 +3.972051206e+001 +3.972051206e+001
4135 +7.395246848e+001 +7.395246848e+001 +3.831246848e+001 +3.831246848e+001
4445 +6.819050589e+001 +6.819050589e+001 +3.255050589e+001 +3.255050589e+001
4816 +6.549182393e+001 +6.549182393e+001 +2.985182393e+001 +2.985182393e+001
5179 +6.435771592e+001 +6.435771592e+001 +2.871771592e+001 +2.871771592e+001
5227 +6.284444680e+001 +6.284444680e+001 +2.720444680e+001 +2.720444680e+001
5282 +6.032901710e+001 +6.032901710e+001 +2.468901710e+001 +2.468901710e+001
5392 +6.008151734e+001 +6.008151734e+001 +2.444151734e+001 +2.444151734e+001
5432 +5.487714908e+001 +5.487714908e+001 +1.923714908e+001 +1.923714908e+001
5694 +5.351667677e+001 +5.351667677e+001 +1.787667677e+001 +1.787667677e+001
5712 +5.111801254e+001 +5.111801254e+001 +1.547801254e+001 +1.547801254e+001
5888 +5.007182778e+001 +5.007182778e+001 +1.443182778e+001 +1.443182778e+001
6038 +4.615164119e+001 +4.615164119e+001 +1.051164119e+001 +1.051164119e+001
6324 +4.403398514e+001 +4.403398514e+001 +8.393985137e+000 +8.393985137e+000
6326 +4.203640876e+001 +4.203640876e+001 +6.396408763e+000 +6.396408763e+000
6547 +3.712793898e+001 +3.712793898e+001 +1.487938980e+000 +1.487938980e+000
6628 +3.187906082e+001 +3.187906082e+001 -3.760939176e+000 -3.760939176e+000
6855 +2.954354056e+001 +2.954354056e+001 -6.096459441e+000 -6.096459441e+000
7138 +2.809850803e+001 +2.809850803e+001 -7.541491967e+000 -7.541491967e+000
7358 +2.553741757e+001 +2.553741757e+001 -1.010258243e+001 -1.010258243e+001
7685 +2.358990008e+001 +2.358990008e+001 -1.205009992e+001 -1.205009992e+001
8251 +2.299239100e+001 +2.299239100e+001 -1.264760900e+001 -1.264760900e+001
8324 +2.234858363e+001 +2.234858363e+001 -1.329141637e+001 -1.329141637e+001
8780 +2.154538515e+001 +2.154538515e+001 -1.409461485e+001 -1.409461485e+001
9004 +2.065773588e+001 +2.065773588e+001 -1.498226412e+001 -1.498226412e+001
9089 +1.982366147e+001 +1.982366147e+001 -1.581633853e+001 -1.581633853e+001
9408 +1.833734843e+001 +1.833734843e+001 -1.730265157e+001 -1.730265157e+001
9820 +1.770877327e+001 +1.770877327e+001 -1.793122673e+001 -1.793122673e+001
10307 +1.733499093e+001 +1.733499093e+001 -1.830500907e+001 -1.830500907e+001
10312 +1.688721080e+001 +1.688721080e+001 -1.875278920e+001 -1.875278920e+001
10727 +1.653080053e+001 +1.653080053e+001 -1.910919947e+001 -1.910919947e+001
10948 +1.612212796e+001 +1.612212796e+001 -1.951787204e+001 -1.951787204e+001
11416 +1.584805627e+001 +1.584805627e+001 -1.979194373e+001 -1.979194373e+001
11651 +1.547537544e+001 +1.547537544e+001 -2.016462456e+001 -2.016462456e+001
11736 +1.505159987e+001 +1.505159987e+001 -2.058840013e+001 -2.058840013e+001
12620 +1.478592017e+001 +1.478592017e+001 -2.085407983e+001 -2.085407983e+001
13422 +1.439811254e+001 +1.439811254e+001 -2.124188746e+001 -2.124188746e+001
14523 +1.411065812e+001 +1.411065812e+001 -2.152934188e+001 -2.152934188e+001
16389 +1.379934045e+001 +1.379934045e+001 -2.184065955e+001 -2.184065955e+001
% function evaluation | noise-free fitness - Fopt (-4.590900000000e+002) | best noise-free fitness - Fopt | measured fitness | best measured fitness | x1 | x2...
1 +1.278093867e+002 +1.278093867e+002 -3.312806133e+002 -3.312806133e+002
2 +9.626693619e+001 +9.626693619e+001 -3.628230638e+002 -3.628230638e+002
42 +9.061888309e+001 +9.061888309e+001 -3.684711169e+002 -3.684711169e+002
61 +8.804021346e+001 +8.804021346e+001 -3.710497865e+002 -3.710497865e+002
219 +8.699309417e+001 +8.699309417e+001 -3.720969058e+002 -3.720969058e+002
926 +8.457877454e+001 +8.457877454e+001 -3.745112255e+002 -3.745112255e+002
1578 +8.312520944e+001 +8.312520944e+001 -3.759647906e+002 -3.759647906e+002
2036 +8.100781018e+001 +8.100781018e+001 -3.780821898e+002 -3.780821898e+002
2195 +7.643897179e+001 +7.643897179e+001 -3.826510282e+002 -3.826510282e+002
2574 +7.106212143e+001 +7.106212143e+001 -3.880278786e+002 -3.880278786e+002
3549 +7.015611721e+001 +7.015611721e+001 -3.889338828e+002 -3.889338828e+002
3663 +6.759294173e+001 +6.759294173e+001 -3.914970583e+002 -3.914970583e+002
3818 +6.595136247e+001 +6.595136247e+001 -3.931386375e+002 -3.931386375e+002
4004 +6.432139459e+001 +6.432139459e+001 -3.947686054e+002 -3.947686054e+002
4024 +6.273411176e+001 +6.273411176e+001 -3.963558882e+002 -3.963558882e+002
4210 +6.117115642e+001 +6.117115642e+001 -3.979188436e+002 -3.979188436e+002
4232 +5.793912661e+001 +5.793912661e+001 -4.011508734e+002 -4.011508734e+002
4484 +5.484152396e+001 +5.484152396e+001 -4.042484760e+002 -4.042484760e+002
4648 +5.030759551e+001 +5.030759551e+001 -4.087824045e+002 -4.087824045e+002
4804 +4.463391077e+001 +4.463391077e+001 -4.144560892e+002 -4.144560892e+002
4895 +4.012656396e+001 +4.012656396e+001 -4.189634360e+002 -4.189634360e+002
5157 +3.771117446e+001 +3.771117446e+001 -4.213788255e+002 -4.213788255e+002
5448 +3.332124975e+001 +3.332124975e+001 -4.257687502e+002 -4.257687502e+002
5612 +3.230290473e+001 +3.230290473e+001 -4.267870953e+002 -4.267870953e+002
5833 +2.996470019e+001 +2.996470019e+001 -4.291252998e+002 -4.291252998e+002
6042 +2.828631654e+001 +2.828631654e+001 -4.308036835e+002 -4.308036835e+002
6075 +2.756210722e+001 +2.756210722e+001 -4.315278928e+002 -4.315278928e+002
6077 +2.593005069e+001 +2.593005069e+001 -4.331599493e+002 -4.331599493e+002
6448 +2.477937167e+001 +2.477937167e+001 -4.343106283e+002 -4.343106283e+002
6947 +2.445358429e+001 +2.445358429e+001 -4.346364157e+002 -4.346364157e+002
7031 +2.305778669e+001 +2.305778669e+001 -4.360322133e+002 -4.360322133e+002
7318 +2.264152313e+001 +2.264152313e+001 -4.364484769e+002 -4.364484769e+002
7471 +2.196763593e+001 +2.196763593e+001 -4.371223641e+002 -4.371223641e+002
7513 +2.129830708e+001 +2.129830708e+001 -4.377916929e+002 -4.377916929e+002
8128 +2.068031506e+001 +2.068031506e+001 -4.384096849e+002 -4.384096849e+002
8305 +2.038289354e+001 +2.038289354e+001 -4.387071065e+002 -4.387071065e+002
8779 +1.965426764e+001 +1.965426764e+001 -4.394357324e+002 -4.394357324e+002
9304 +1.932688251e+001 +1.932688251e+001 -4.397631175e+002 -4.397631175e+002
10462 +1.894952979e+001 +1.894952979e+001 -4.401404702e+002 -4.401404702e+002
12219 +1.861935311e+001 +1.861935311e+001 -4.404706469e+002 -4.404706469e+002
% function evaluation | noise-free fitness - Fopt (6.085000000000e+001) | best noise-free fitness - Fopt | measured fitness | best measured fitness | x1 | x2...
1 +2.193869496e+002 +2.193869496e+002 +2.802369496e+002 +2.802369496e+002
2 +9.516129925e+001 +9.516129925e+001 +1.560112992e+002 +1.560112992e+002
51 +8.851656652e+001 +8.851656652e+001 +1.493665665e+002 +1.493665665e+002
97 +8.655622067e+001 +8.655622067e+001 +1.474062207e+002 +1.474062207e+002
860 +8.434218455e+001 +8.434218455e+001 +1.451921845e+002 +1.451921845e+002
1403 +8.050051906e+001 +8.050051906e+001 +1.413505191e+002 +1.413505191e+002
1808 +7.847204156e+001 +7.847204156e+001 +1.393220416e+002 +1.393220416e+002
2232 +7.686674455e+001 +7.686674455e+001 +1.377167445e+002 +1.377167445e+002
2431 +7.537863351e+001 +7.537863351e+001 +1.362286335e+002 +1.362286335e+002
2549 +7.250597100e+001 +7.250597100e+001 +1.333559710e+002 +1.333559710e+002
2733 +7.181017867e+001 +7.181017867e+001 +1.326601787e+002 +1.326601787e+002
2937 +6.671561667e+001 +6.671561667e+001 +1.275656167e+002 +1.275656167e+002
3210 +6.428547706e+001 +6.428547706e+001 +1.251354771e+002 +1.251354771e+002
3344 +6.105922897e+001 +6.105922897e+001 +1.219092290e+002 +1.219092290e+002
3372 +5.820832483e+001 +5.820832483e+001 +1.190583248e+002 +1.190583248e+002
3428 +5.732988512e+001 +5.732988512e+001 +1.181798851e+002 +1.181798851e+002
3749 +5.570996899e+001 +5.570996899e+001 +1.165599690e+002 +1.165599690e+002
3802 +4.633107210e+001 +4.633107210e+001 +1.071810721e+002 +1.071810721e+002
3973 +4.021659479e+001 +4.021659479e+001 +1.010665948e+002 +1.010665948e+002
4202 +3.844485840e+001 +3.844485840e+001 +9.929485840e+001 +9.929485840e+001
4349 +3.102544445e+001 +3.102544445e+001 +9.187544445e+001 +9.187544445e+001
4700 +2.699021969e+001 +2.699021969e+001 +8.784021969e+001 +8.784021969e+001
5085 +2.630320785e+001 +2.630320785e+001 +8.715320785e+001 +8.715320785e+001
5161 +2.613036550e+001 +2.613036550e+001 +8.698036550e+001 +8.698036550e+001
5227 +2.418721243e+001 +2.418721243e+001 +8.503721243e+001 +8.503721243e+001
5256 +2.370829161e+001 +2.370829161e+001 +8.455829161e+001 +8.455829161e+001
5316 +2.145611957e+001 +2.145611957e+001 +8.230611957e+001 +8.230611957e+001
5620 +2.080554819e+001 +2.080554819e+001 +8.165554819e+001 +8.165554819e+001
5779 +2.037111490e+001 +2.037111490e+001 +8.122111490e+001 +8.122111490e+001
5814 +1.960919644e+001 +1.960919644e+001 +8.045919644e+001 +8.045919644e+001
5927 +1.878248549e+001 +1.878248549e+001 +7.963248549e+001 +7.963248549e+001
6048 +1.855654909e+001 +1.855654909e+001 +7.940654909e+001 +7.940654909e+001
6177 +1.676666006e+001 +1.676666006e+001 +7.761666006e+001 +7.761666006e+001
6211 +1.495272785e+001 +1.495272785e+001 +7.580272785e+001 +7.580272785e+001
6337 +1.329364427e+001 +1.329364427e+001 +7.414364427e+001 +7.414364427e+001
6590 +1.155034848e+001 +1.155034848e+001 +7.240034848e+001 +7.240034848e+001
6970 +1.123854844e+001 +1.123854844e+001 +7.208854844e+001 +7.208854844e+001
7041 +1.047327304e+001 +1.047327304e+001 +7.132327304e+001 +7.132327304e+001
7161 +9.921082105e+000 +9.921082105e+000 +7.077108211e+001 +7.077108211e+001
7317 +9.669496912e+000 +9.669496912e+000 +7.051949691e+001 +7.051949691e+001
7469 +9.004224816e+000 +9.004224816e+000 +6.985422482e+001 +6.985422482e+001
7502 +8.781132318e+000 +8.781132318e+000 +6.963113232e+001 +6.963113232e+001
8114 +8.564272277e+000 +8.564272277e+000 +6.941427228e+001 +6.941427228e+001
8146 +8.256983736e+000 +8.256983736e+000 +6.910698374e+001 +6.910698374e+001
8802 +8.121770641e+000 +8.121770641e+000 +6.897177064e+001 +6.897177064e+001
8899 +7.873229432e+000 +7.873229432e+000 +6.872322943e+001 +6.872322943e+001
9263 +7.695200693e+000 +7.695200693e+000 +6.854520069e+001 +6.854520069e+001
9284 +7.579967079e+000 +7.579967079e+000 +6.842996708e+001 +6.842996708e+001
9634 +7.364809716e+000 +7.364809716e+000 +6.821480972e+001 +6.821480972e+001
9953 +7.146460693e+000 +7.146460693e+000 +6.799646069e+001 +6.799646069e+001
10436 +7.076257563e+000 +7.076257563e+000 +6.792625756e+001 +6.792625756e+001
10698 +6.820402923e+000 +6.820402923e+000 +6.767040292e+001 +6.767040292e+001
11277 +6.675113389e+000 +6.675113389e+000 +6.752511339e+001 +6.752511339e+001
11323 +6.568622821e+000 +6.568622821e+000 +6.741862282e+001 +6.741862282e+001
12403 +6.451888676e+000 +6.451888676e+000 +6.730188868e+001 +6.730188868e+001
13034 +6.256594545e+000 +6.256594545e+000 +6.710659455e+001 +6.710659455e+001
13848 +6.155519120e+000 +6.155519120e+000 +6.700551912e+001 +6.700551912e+001
14652 +6.007591055e+000 +6.007591055e+000 +6.685759106e+001 +6.685759106e+001
16808 +5.885985171e+000 +5.885985171e+000 +6.673598517e+001 +6.673598517e+001
% function evaluation | noise-free fitness - Fopt (-1.435000000000e+002) | best noise-free fitness - Fopt | measured fitness | best measured fitness | x1 | x2...
1 +1.970150734e+002 +1.970150734e+002 +5.351507336e+001 +5.351507336e+001
3 +1.071040173e+002 +1.071040173e+002 -3.639598273e+001 -3.639598273e+001
8 +8.903872907e+001 +8.903872907e+001 -5.446127093e+001 -5.446127093e+001
292 +8.684948105e+001 +8.684948105e+001 -5.665051895e+001 -5.665051895e+001
1012 +8.426893902e+001 +8.426893902e+001 -5.923106098e+001 -5.923106098e+001
1776 +8.239367063e+001 +8.239367063e+001 -6.110632937e+001 -6.110632937e+001
2036 +8.093766318e+001 +8.093766318e+001 -6.256233682e+001 -6.256233682e+001
2707 +7.655528764e+001 +7.655528764e+001 -6.694471236e+001 -6.694471236e+001
3805 +7.380235132e+001 +7.380235132e+001 -6.969764868e+001 -6.969764868e+001
4032 +7.063761912e+001 +7.063761912e+001 -7.286238088e+001 -7.286238088e+001
4322 +6.647466124e+001 +6.647466124e+001 -7.702533876e+001 -7.702533876e+001
4346 +5.715841171e+001 +5.715841171e+001 -8.634158829e+001 -8.634158829e+001
4464 +5.303742104e+001 +5.303742104e+001 -9.046257896e+001 -9.046257896e+001
5052 +5.229040135e+001 +5.229040135e+001 -9.120959865e+001 -9.120959865e+001
5067 +4.278682284e+001 +4.278682284e+001 -1.007131772e+002 -1.007131772e+002
5068 +4.143241855e+001 +4.143241855e+001 -1.020675815e+002 -1.020675815e+002
5080 +3.601869287e+001 +3.601869287e+001 -1.074813071e+002 -1.074813071e+002
5579 +3.208316139e+001 +3.208316139e+001 -1.114168386e+002 -1.114168386e+002
5641 +3.123823631e+001 +3.123823631e+001 -1.122617637e+002 -1.122617637e+002
5718 +2.882466445e+001 +2.882466445e+001 -1.146753355e+002 -1.146753355e+002
5721 +2.724665115e+001 +2.724665115e+001 -1.162533488e+002 -1.162533488e+002
6024 +2.376536185e+001 +2.376536185e+001 -1.197346381e+002 -1.197346381e+002
6149 +2.309652582e+001 +2.309652582e+001 -1.204034742e+002 -1.204034742e+002
6214 +1.894874633e+001 +1.894874633e+001 -1.245512537e+002 -1.245512537e+002
6411 +1.561276383e+001 +1.561276383e+001 -1.278872362e+002 -1.278872362e+002
6439 +1.460409141e+001 +1.460409141e+001 -1.288959086e+002 -1.288959086e+002
6647 +1.210368999e+001 +1.210368999e+001 -1.313963100e+002 -1.313963100e+002
6695 +1.120151388e+001 +1.120151388e+001 -1.322984861e+002 -1.322984861e+002
6822 +9.001951655e+000 +9.001951655e+000 -1.344980483e+002 -1.344980483e+002
6923 +7.769691147e+000 +7.769691147e+000 -1.357303089e+002 -1.357303089e+002
7430 +6.524746011e+000 +6.524746011e+000 -1.369752540e+002 -1.369752540e+002
7760 +5.831833672e+000 +5.831833672e+000 -1.376681663e+002 -1.376681663e+002
8037 +3.661309920e+000 +3.661309920e+000 -1.398386901e+002 -1.398386901e+002
8830 +3.183271428e+000 +3.183271428e+000 -1.403167286e+002 -1.403167286e+002
9029 +2.896167979e+000 +2.896167979e+000 -1.406038320e+002 -1.406038320e+002
9037 +2.871835001e+000 +2.871835001e+000 -1.406281650e+002 -1.406281650e+002
9228 +2.714352574e+000 +2.714352574e+000 -1.407856474e+002 -1.407856474e+002
9336 +2.687675820e+000 +2.687675820e+000 -1.408123242e+002 -1.408123242e+002
9443 +2.574826942e+000 +2.574826942e+000 -1.409251731e+002 -1.409251731e+002
9495 +2.498962013e+000 +2.498962013e+000 -1.410010380e+002 -1.410010380e+002
9598 +2.366590695e+000 +2.366590695e+000 -1.411334093e+002 -1.411334093e+002
9767 +2.265798379e+000 +2.265798379e+000 -1.412342016e+002 -1.412342016e+002
9997 +2.192376871e+000 +2.192376871e+000 -1.413076231e+002 -1.413076231e+002
10049 +2.100177662e+000 +2.100177662e+000 -1.413998223e+002 -1.413998223e+002
10420 +2.061040430e+000 +2.061040430e+000 -1.414389596e+002 -1.414389596e+002
11455 +2.040180670e+000 +2.040180670e+000 -1.414598193e+002 -1.414598193e+002
12635 +1.987035171e+000 +1.987035171e+000 -1.415129648e+002 -1.415129648e+002
15220 +1.949680047e+000 +1.949680047e+000 -1.415503200e+002 -1.415503200e+002
% function evaluation | noise-free fitness - Fopt (9.465100000000e+002) | best noise-free fitness - Fopt | measured fitness | best measured fitness | x1 | x2...
1 +1.214982541e+002 +1.214982541e+002 +1.068008254e+003 +1.068008254e+003
10 +9.507757604e+001 +9.507757604e+001 +1.041587576e+003 +1.041587576e+003
13 +9.038013960e+001 +9.038013960e+001 +1.036890140e+003 +1.036890140e+003
69 +8.844863133e+001 +8.844863133e+001 +1.034958631e+003 +1.034958631e+003
476 +8.602357307e+001 +8.602357307e+001 +1.032533573e+003 +1.032533573e+003
1376 +8.463667250e+001 +8.463667250e+001 +1.031146673e+003 +1.031146673e+003
1435 +8.294082407e+001 +8.294082407e+001 +1.029450824e+003 +1.029450824e+003
2683 +8.124981061e+001 +8.124981061e+001 +1.027759811e+003 +1.027759811e+003
2696 +7.875136969e+001 +7.875136969e+001 +1.025261370e+003 +1.025261370e+003
3155 +7.662243392e+001 +7.662243392e+001 +1.023132434e+003 +1.023132434e+003
3236 +7.552561713e+001 +7.552561713e+001 +1.022035617e+003 +1.022035617e+003
3491 +7.332751981e+001 +7.332751981e+001 +1.019837520e+003 +1.019837520e+003
3506 +6.982717829e+001 +6.982717829e+001 +1.016337178e+003 +1.016337178e+003
3646 +6.678925675e+001 +6.678925675e+001 +1.013299257e+003 +1.013299257e+003
3901 +6.436261169e+001 +6.436261169e+001 +1.010872612e+003 +1.010872612e+003
4123 +6.121191381e+001 +6.121191381e+001 +1.007721914e+003 +1.007721914e+003
4310 +5.570802888e+001 +5.570802888e+001 +1.002218029e+003 +1.002218029e+003
4488 +3.438383876e+001 +3.438383876e+001 +9.808938388e+002 +9.808938388e+002
5156 +3.088852979e+001 +3.088852979e+001 +9.773985298e+002 +9.773985298e+002
5453 +3.013831459e+001 +3.013831459e+001 +9.766483146e+002 +9.766483146e+002
5470 +2.817005533e+001 +2.817005533e+001 +9.746800553e+002 +9.746800553e+002
5570 +2.669190483e+001 +2.669190483e+001 +9.732019048e+002 +9.732019048e+002
5613 +2.506716335e+001 +2.506716335e+001 +9.715771634e+002 +9.715771634e+002
5672 +2.425121315e+001 +2.425121315e+001 +9.707612131e+002 +9.707612131e+002
5727 +2.316490395e+001 +2.316490395e+001 +9.696749039e+002 +9.696749039e+002
5732 +1.485792559e+001 +1.485792559e+001 +9.613679256e+002 +9.613679256e+002
6306 +1.413223769e+001 +1.413223769e+001 +9.606422377e+002 +9.606422377e+002
6308 +1.357971336e+001 +1.357971336e+001 +9.600897134e+002 +9.600897134e+002
6402 +1.337715672e+001 +1.337715672e+001 +9.598871567e+002 +9.598871567e+002
6429 +1.027342348e+001 +1.027342348e+001 +9.567834235e+002 +9.567834235e+002
7015 +9.525546626e+000 +9.525546626e+000 +9.560355466e+002 +9.560355466e+002
7230 +8.569454985e+000 +8.569454985e+000 +9.550794550e+002 +9.550794550e+002
7330 +8.108399535e+000 +8.108399535e+000 +9.546183995e+002 +9.546183995e+002
7673 +7.803428505e+000 +7.803428505e+000 +9.543134285e+002 +9.543134285e+002
7900 +7.479971303e+000 +7.479971303e+000 +9.539899713e+002 +9.539899713e+002
8005 +7.091913076e+000 +7.091913076e+000 +9.536019131e+002 +9.536019131e+002
8482 +6.318905846e+000 +6.318905846e+000 +9.528289058e+002 +9.528289058e+002
9002 +6.177732836e+000 +6.177732836e+000 +9.526877328e+002 +9.526877328e+002
9005 +6.051084956e+000 +6.051084956e+000 +9.525610850e+002 +9.525610850e+002
9034 +5.549037943e+000 +5.549037943e+000 +9.520590379e+002 +9.520590379e+002
9201 +5.112542047e+000 +5.112542047e+000 +9.516225420e+002 +9.516225420e+002
9408 +4.884652280e+000 +4.884652280e+000 +9.513946523e+002 +9.513946523e+002
9415 +4.503195929e+000 +4.503195929e+000 +9.510131959e+002 +9.510131959e+002
9523 +4.421119613e+000 +4.421119613e+000 +9.509311196e+002 +9.509311196e+002
9624 +4.307578257e+000 +4.307578257e+000 +9.508175783e+002 +9.508175783e+002
9787 +4.136438958e+000 +4.136438958e+000 +9.506464390e+002 +9.506464390e+002
9835 +3.095651089e+000 +3.095651089e+000 +9.496056511e+002 +9.496056511e+002
10230 +2.947520370e+000 +2.947520370e+000 +9.494575204e+002 +9.494575204e+002
10656 +2.850922677e+000 +2.850922677e+000 +9.493609227e+002 +9.493609227e+002
10733 +2.708177239e+000 +2.708177239e+000 +9.492181772e+002 +9.492181772e+002
10826 +2.656961982e+000 +2.656961982e+000 +9.491669620e+002 +9.491669620e+002
10877 +2.622190157e+000 +2.622190157e+000 +9.491321902e+002 +9.491321902e+002
10919 +2.547912168e+000 +2.547912168e+000 +9.490579122e+002 +9.490579122e+002
11009 +2.287577166e+000 +2.287577166e+000 +9.487975772e+002 +9.487975772e+002
11741 +2.212825056e+000 +2.212825056e+000 +9.487228251e+002 +9.487228251e+002
11899 +2.163515248e+000 +2.163515248e+000 +9.486735152e+002 +9.486735152e+002
12179 +2.137361973e+000 +2.137361973e+000 +9.486473620e+002 +9.486473620e+002
12829 +2.087109564e+000 +2.087109564e+000 +9.485971096e+002 +9.485971096e+002
13486 +2.041065860e+000 +2.041065860e+000 +9.485510659e+002 +9.485510659e+002
15310 +1.994758342e+000 +1.994758342e+000 +9.485047583e+002 +9.485047583e+002
20718 +1.949026871e+000 +1.949026871e+000 +9.484590269e+002 +9.484590269e+002
