% function evaluation | noise-free fitness - Fopt (7.135000000000e+001) | best noise-free fitness - Fopt | measured fitness | best measured fitness | x1 | x2...
1 +5.377105495e+001 +5.377105495e+001 +1.251210550e+002 +1.251210550e+002 +1.2295e+000 +2.5772e+000 +3.2342e+000
2 +3.859332506e+001 +3.859332506e+001 +1.099433251e+002 +1.099433251e+002 +1.2868e+000 +2.4322e+000 +2.9239e+000
9 +2.723584803e+001 +2.723584803e+001 +9.858584803e+001 +9.858584803e+001 +4.8074e-001 +2.9458e+000 +2.7567e+000
10 +2.593038394e+001 +2.593038394e+001 +9.728038394e+001 +9.728038394e+001 +9.9117e-001 +2.1673e+000 +2.5816e+000
12 +2.200618834e+001 +2.200618834e+001 +9.335618834e+001 +9.335618834e+001 +2.7963e+000 +2.5001e+000 +2.9220e+000
15 +1.273158383e+001 +1.273158383e+001 +8.408158383e+001 +8.408158383e+001 -1.3941e+000 +2.0690e+000 +3.7249e+000
169 +1.100841884e+001 +1.100841884e+001 +8.235841884e+001 +8.235841884e+001 -1.9170e+000 +2.1111e+000 +5.3557e+000
275 +4.823249884e+000 +4.823249884e+000 +7.617324988e+001 +7.617324988e+001 +2.6145e+000 -2.4628e-001 +4.4405e+000
364 +4.744631608e+000 +4.744631608e+000 +7.609463161e+001 +7.609463161e+001 +1.5033e+000 +9.2328e-001 +4.5332e+000
616 +3.846885980e+000 +3.846885980e+000 +7.519688598e+001 +7.519688598e+001 -4.7882e+000 -1.3339e+000 -1.7896e-001
969 +3.497547265e+000 +3.497547265e+000 +7.484754727e+001 +7.484754727e+001 -4.9387e+000 -1.0668e+000 +5.4895e-002
984 +3.399625191e+000 +3.399625191e+000 +7.474962519e+001 +7.474962519e+001 -4.9495e+000 -1.0627e+000 +3.0612e-002
987 +3.332295694e+000 +3.332295694e+000 +7.468229569e+001 +7.468229569e+001 -4.9445e+000 -1.0633e+000 +4.6161e-002
1003 +3.155178039e+000 +3.155178039e+000 +7.450517804e+001 +7.450517804e+001 -4.9464e+000 -1.0645e+000 +4.3024e-002
1011 +3.025069038e+000 +3.025069038e+000 +7.437506904e+001 +7.437506904e+001 -4.9488e+000 -1.0643e+000 +3.6363e-002
1019 +2.895805871e+000 +2.895805871e+000 +7.424580587e+001 +7.424580587e+001 -4.9463e+000 -1.0629e+000 +4.6426e-002
1116 +2.879442714e+000 +2.879442714e+000 +7.422944271e+001 +7.422944271e+001 -4.9469e+000 -1.0676e+000 +3.4763e-002
1122 +2.758830805e+000 +2.758830805e+000 +7.410883081e+001 +7.410883081e+001 -4.9470e+000 -1.0667e+000 +3.4537e-002
1125 +2.716874045e+000 +2.716874045e+000 +7.406687405e+001 +7.406687405e+001 -4.9469e+000 -1.0668e+000 +3.4966e-002
1163 +2.666751305e+000 +2.666751305e+000 +7.401675130e+001 +7.401675130e+001 -4.9468e+000 -1.0673e+000 +3.4462e-002
1186 +2.628934740e+000 +2.628934740e+000 +7.397893474e+001 +7.397893474e+001 -4.9467e+000 -1.0673e+000 +3.4534e-002
% function evaluation | noise-free fitness - Fopt (-3.552200000000e+002) | best noise-free fitness - Fopt | measured fitness | best measured fitness | x1 | x2...
1 +1.212928414e+001 +1.212928414e+001 -3.430907159e+002 -3.430907159e+002 +1.0293e+000 -5.0686e+000 -7.5180e-001
35 +1.099892388e+001 +1.099892388e+001 -3.442210761e+002 -3.442210761e+002 +6.5293e-002 -6.7894e+000 -9.5676e-001
112 +9.363331704e+000 +9.363331704e+000 -3.458566683e+002 -3.458566683e+002 +1.0820e-001 -6.6482e+000 -8.1637e-001
127 +6.858637270e+000 +6.858637270e+000 -3.483613627e+002 -3.483613627e+002 +1.0905e-001 -6.2353e+000 -9.3378e-001
290 +6.342718445e+000 +6.342718445e+000 -3.488772816e+002 -3.488772816e+002 +1.1050e-001 -6.2787e+000 -9.3038e-001
302 +5.999746921e+000 +5.999746921e+000 -3.492202531e+002 -3.492202531e+002 +1.1126e-001 -6.2600e+000 -9.1747e-001
359 +5.853288553e+000 +5.853288553e+000 -3.493667114e+002 -3.493667114e+002 +1.1055e-001 -6.2521e+000 -9.1395e-001
402 +5.740518850e+000 +5.740518850e+000 -3.494794811e+002 -3.494794811e+002 +1.1053e-001 -6.2501e+000 -9.0601e-001
526 +5.594766682e+000 +5.594766682e+000 -3.496252333e+002 -3.496252333e+002 +1.1164e-001 -6.2462e+000 -8.9956e-001
% function evaluation | noise-free fitness - Fopt (9.917000000000e+001) | best noise-free fitness - Fopt | measured fitness | best measured fitness | x1 | x2...
1 +9.035151424e+001 +9.035151424e+001 +1.895215142e+002 +1.895215142e+002 -4.4462e+000 -1.1610e+000 +3.8027e+000
3 +2.572029090e+001 +2.572029090e+001 +1.248902909e+002 +1.248902909e+002 -5.0553e+000 -1.6306e+000 +3.5936e+000
4 +2.382706125e+001 +2.382706125e+001 +1.229970613e+002 +1.229970613e+002 -3.4284e+000 -5.5199e+000 +3.0487e+000
16 +1.990828952e+001 +1.990828952e+001 +1.190782895e+002 +1.190782895e+002 -5.4584e+000 -1.2831e+000 +3.4168e+000
55 +1.934536898e+001 +1.934536898e+001 +1.185153690e+002 +1.185153690e+002 -5.1312e+000 +1.2541e+000 +1.9661e+000
90 +1.899153279e+001 +1.899153279e+001 +1.181615328e+002 +1.181615328e+002 -3.5403e+000 -2.9603e+000 +2.6405e+000
93 +8.779637307e+000 +8.779637307e+000 +1.079496373e+002 +1.079496373e+002 -4.6082e+000 -3.9213e+000 +1.4385e+000
691 +3.717057698e+000 +3.717057698e+000 +1.028870577e+002 +1.028870577e+002 +1.5859e+000 -3.1178e+000 +2.2726e+000
1119 +3.687167595e+000 +3.687167595e+000 +1.028571676e+002 +1.028571676e+002 +2.0165e+000 -3.8094e-001 +2.8634e+000
1630 +3.271642462e+000 +3.271642462e+000 +1.024416425e+002 +1.024416425e+002 +1.6504e+000 -3.2444e+000 +2.1722e+000
% function evaluation | noise-free fitness - Fopt (-5.179100000000e+002) | best noise-free fitness - Fopt | measured fitness | best measured fitness | x1 | x2...
1 +2.620708330e+002 +2.620708330e+002 -2.558391670e+002 -2.558391670e+002 -4.2022e+000 -4.2755e+000 -3.0678e+000
2 +1.144713546e+002 +1.144713546e+002 -4.034386454e+002 -4.034386454e+002 -3.6492e+000 -2.7163e+000 -3.1729e+000
3 +1.376752559e+001 +1.376752559e+001 -5.041424744e+002 -5.041424744e+002 -4.2506e+000 -3.4244e+000 +1.1146e-001
22 +1.327757989e+001 +1.327757989e+001 -5.046324201e+002 -5.046324201e+002 -4.9213e+000 -4.1593e+000 -2.2061e+000
35 +1.055294016e+001 +1.055294016e+001 -5.073570598e+002 -5.073570598e+002 -5.1630e+000 -3.9260e+000 -2.0584e+000
73 +6.197085761e+000 +6.197085761e+000 -5.117129142e+002 -5.117129142e+002 -5.3267e+000 -3.6689e+000 -1.8637e+000
96 +5.573814648e+000 +5.573814648e+000 -5.123361854e+002 -5.123361854e+002 -5.2379e+000 -3.3338e+000 -1.7721e+000
122 +4.755533461e+000 +4.755533461e+000 -5.131544665e+002 -5.131544665e+002 -5.2967e+000 -3.7409e+000 -1.8056e+000
145 +3.800077628e+000 +3.800077628e+000 -5.141099224e+002 -5.141099224e+002 -5.2800e+000 -3.6225e+000 -1.8170e+000
216 +3.453298545e+000 +3.453298545e+000 -5.144567015e+002 -5.144567015e+002 -5.2833e+000 -3.6209e+000 -1.8320e+000
218 +3.323686162e+000 +3.323686162e+000 -5.145863138e+002 -5.145863138e+002 -5.2822e+000 -3.6220e+000 -1.8295e+000
271 +3.278088519e+000 +3.278088519e+000 -5.146319115e+002 -5.146319115e+002 -5.2821e+000 -3.6219e+000 -1.8290e+000
274 +3.072341329e+000 +3.072341329e+000 -5.148376587e+002 -5.148376587e+002 -5.2828e+000 -3.6211e+000 -1.8294e+000
707 +3.015434476e+000 +3.015434476e+000 -5.148945655e+002 -5.148945655e+002 -5.2849e+000 -3.6182e+000 -1.8283e+000
% function evaluation | noise-free fitness - Fopt (-5.721000000000e+001) | best noise-free fitness - Fopt | measured fitness | best measured fitness | x1 | x2...
1 +1.648772670e+002 +1.648772670e+002 +1.076672670e+002 +1.076672670e+002 +4.0931e+000 -9.5568e-001 +6.1727e+000
2 +1.294569747e+002 +1.294569747e+002 +7.224697472e+001 +7.224697472e+001 +3.8409e+000 -2.3921e+000 +1.6181e+000
4 +1.268459979e+002 +1.268459979e+002 +6.963599788e+001 +6.963599788e+001 +4.1075e+000 -2.6638e+000 +1.3163e+000
5 +7.851484566e+001 +7.851484566e+001 +2.130484566e+001 +2.130484566e+001 +3.1609e+000 -2.4987e+000 +2.6137e+000
9 +1.737491704e+001 +1.737491704e+001 -3.983508296e+001 -3.983508296e+001 +2.9273e+000 -1.1687e+000 +1.5230e+000
40 +1.635105636e+001 +1.635105636e+001 -4.085894364e+001 -4.085894364e+001 +1.2257e+000 +2.1450e+000 +2.1068e+000
62 +1.341116627e+001 +1.341116627e+001 -4.379883373e+001 -4.379883373e+001 +4.6531e+000 -5.0215e+000 +2.4800e+000
99 +8.620646603e+000 +8.620646603e+000 -4.858935340e+001 -4.858935340e+001 +4.8337e+000 -4.5491e+000 +2.0075e+000
219 +7.705400512e+000 +7.705400512e+000 -4.950459949e+001 -4.950459949e+001 +7.3750e-001 +1.5412e+000 +2.7941e+000
233 +5.819966501e+000 +5.819966501e+000 -5.139003350e+001 -5.139003350e+001 +8.9133e-001 +1.9515e+000 +1.4379e+000
420 +5.402955132e+000 +5.402955132e+000 -5.180704487e+001 -5.180704487e+001 +2.9896e+000 +1.4164e+000 -5.8410e+000
493 +4.161624144e+000 +4.161624144e+000 -5.304837586e+001 -5.304837586e+001 +2.9722e+000 +1.3251e+000 -5.7409e+000
570 +4.045827343e+000 +4.045827343e+000 -5.316417266e+001 -5.316417266e+001 +3.0876e+000 +1.4931e+000 -5.9615e+000
591 +3.551052398e+000 +3.551052398e+000 -5.365894760e+001 -5.365894760e+001 +3.0680e+000 +1.4792e+000 -5.9453e+000
850 +3.497638485e+000 +3.497638485e+000 -5.371236151e+001 -5.371236151e+001 +3.0668e+000 +1.4851e+000 -5.9533e+000
873 +3.466469317e+000 +3.466469317e+000 -5.374353068e+001 -5.374353068e+001 +3.0680e+000 +1.4871e+000 -5.9551e+000
% function evaluation | noise-free fitness - Fopt (-1.000000000000e+003) | best noise-free fitness - Fopt | measured fitness | best measured fitness | x1 | x2...
1 +8.020264911e+001 +8.020264911e+001 -9.197973509e+002 -9.197973509e+002 +1.5285e-001 +1.7128e+000 +4.3975e-001
2 +7.335684966e+001 +7.335684966e+001 -9.266431503e+002 -9.266431503e+002 +4.2663e-001 +1.5970e+000 +2.0436e+000
8 +6.024513086e+001 +6.024513086e+001 -9.397548691e+002 -9.397548691e+002 +7.7049e-002 +3.5229e+000 +2.3285e+000
10 +4.480275179e+001 +4.480275179e+001 -9.551972482e+002 -9.551972482e+002 +9.5912e-001 -3.5917e+000 +2.1393e+000
12 +2.992304933e+001 +2.992304933e+001 -9.700769507e+002 -9.700769507e+002 -4.0835e-003 +4.3607e+000 +1.9549e+000
18 +1.712517876e+001 +1.712517876e+001 -9.828748212e+002 -9.828748212e+002 +5.8385e-001 +4.2748e+000 +5.9572e-001
26 +1.278881530e+001 +1.278881530e+001 -9.872111847e+002 -9.872111847e+002 +3.4149e+000 +2.1805e+000 +1.6256e+000
47 +5.205709034e-001 +5.205709034e-001 -9.994794291e+002 -9.994794291e+002 +1.0192e+000 +2.0718e+000 +2.3785e-001
422 +3.055411788e-001 +3.055411788e-001 -9.996944588e+002 -9.996944588e+002 +3.6608e+000 +3.2877e+000 +2.2186e+000
442 +2.415750695e-001 +2.415750695e-001 -9.997584249e+002 -9.997584249e+002 +3.6881e+000 +3.3303e+000 +2.2322e+000
449 +1.298211474e-001 +1.298211474e-001 -9.998701789e+002 -9.998701789e+002 +3.6669e+000 +3.2511e+000 +2.3179e+000
483 +1.167628170e-001 +1.167628170e-001 -9.998832372e+002 -9.998832372e+002 +3.6843e+000 +3.3607e+000 +2.2957e+000
503 +8.977055843e-002 +8.977055843e-002 -9.999102294e+002 -9.999102294e+002 +3.6858e+000 +3.3240e+000 +2.3157e+000
509 +4.000731193e-002 +4.000731193e-002 -9.999599927e+002 -9.999599927e+002 +3.6827e+000 +3.4106e+000 +2.2991e+000
543 +3.296639098e-002 +3.296639098e-002 -9.999670336e+002 -9.999670336e+002 +3.6817e+000 +3.4180e+000 +2.3046e+000
564 +2.919745368e-002 +2.919745368e-002 -9.999708025e+002 -9.999708025e+002 +3.6872e+000 +3.4190e+000 +2.3151e+000
571 +1.884825410e-002 +1.884825410e-002 -9.999811517e+002 -9.999811517e+002 +3.6879e+000 +3.4294e+000 +2.3154e+000
606 +1.688100270e-002 +1.688100270e-002 -9.999831190e+002 -9.999831190e+002 +3.6839e+000 +3.4123e+000 +2.3121e+000
621 +1.509105510e-002 +1.509105510e-002 -9.999849089e+002 -9.999849089e+002 +3.6846e+000 +3.4238e+000 +2.3140e+000
680 +7.550524255e-003 +7.550524255e-003 -9.999924495e+002 -9.999924495e+002 +3.6860e+000 +3.4284e+000 +2.3147e+000
772 +5.062085245e-003 +5.062085245e-003 -9.999949379e+002 -9.999949379e+002 +3.6983e+000 +3.4237e+000 +2.3305e+000
774 +4.324389634e-003 +4.324389634e-003 -9.999956756e+002 -9.999956756e+002 +3.6964e+000 +3.4254e+000 +2.3312e+000
784 +2.912076587e-003 +2.912076587e-003 -9.999970879e+002 -9.999970879e+002 +3.6981e+000 +3.4235e+000 +2.3346e+000
812 +2.170891892e-003 +2.170891892e-003 -9.999978291e+002 -9.999978291e+002 +3.6985e+000 +3.4265e+000 +2.3340e+000
1081 +1.734033725e-003 +1.734033725e-003 -9.999982660e+002 -9.999982660e+002 +3.6982e+000 +3.4255e+000 +2.3339e+000
1186 +1.682158519e-003 +1.682158519e-003 -9.999983178e+002 -9.999983178e+002 +3.6983e+000 +3.4254e+000 +2.3339e+000
1205 +1.620898913e-003 +1.620898913e-003 -9.999983791e+002 -9.999983791e+002 +3.6983e+000 +3.4255e+000 +2.3339e+000
1210 +1.568170986e-003 +1.568170986e-003 -9.999984318e+002 -9.999984318e+002 +3.6983e+000 +3.4255e+000 +2.3339e+000
1258 +1.546649378e-003 +1.546649378e-003 -9.999984534e+002 -9.999984534e+002 +3.6983e+000 +3.4255e+000 +2.3340e+000
1366 +1.493624600e-003 +1.493624600e-003 -9.999985064e+002 -9.999985064e+002 +3.6983e+000 +3.4255e+000 +2.3340e+000
1397 +1.463031546e-003 +1.463031546e-003 -9.999985370e+002 -9.999985370e+002 +3.6983e+000 +3.4255e+000 +2.3340e+000
1526 +1.445420747e-003 +1.445420747e-003 -9.999985546e+002 -9.999985546e+002 +3.6983e+000 +3.4255e+000 +2.3340e+000
% function evaluation | noise-free fitness - Fopt (-6.554000000000e+001) | best noise-free fitness - Fopt | measured fitness | best measured fitness | x1 | x2...
1 +3.607297689e+001 +3.607297689e+001 -2.946702311e+001 -2.946702311e+001 +9.5474e-002 +1.5956e+000 +1.0150e+000
4 +2.807956465e+001 +2.807956465e+001 -3.746043535e+001 -3.746043535e+001 -2.1336e-001 +2.3613e+000 +9.2326e-001
9 +2.231313828e+001 +2.231313828e+001 -4.322686172e+001 -4.322686172e+001 +3.3713e-002 +2.8902e+000 +2.3363e-001
18 +7.635382542e+000 +7.635382542e+000 -5.790461746e+001 -5.790461746e+001 -3.2696e-001 +2.0954e+000 +1.1008e-001
48 +5.399412546e+000 +5.399412546e+000 -6.014058745e+001 -6.014058745e+001 -6.0219e-002 +2.5671e+000 +1.5390e-001
65 +4.521676225e+000 +4.521676225e+000 -6.101832378e+001 -6.101832378e+001 -1.7850e-001 +2.6743e+000 -1.5119e-001
93 +2.367721600e+000 +2.367721600e+000 -6.317227840e+001 -6.317227840e+001 -2.0588e-001 +2.9782e+000 -2.5310e-001
123 +2.006406556e+000 +2.006406556e+000 -6.353359344e+001 -6.353359344e+001 -7.2114e-002 +2.8673e+000 -2.8088e-001
140 +1.016607030e+000 +1.016607030e+000 -6.452339297e+001 -6.452339297e+001 +4.2401e-002 +2.9170e+000 -2.5744e-001
189 +6.144958093e-001 +6.144958093e-001 -6.492550419e+001 -6.492550419e+001 -1.1325e-001 +2.8640e+000 -3.1657e-001
288 +5.242141064e-001 +5.242141064e-001 -6.501578589e+001 -6.501578589e+001 -8.2090e-002 +3.0218e+000 -3.7733e-001
448 +4.398612777e-001 +4.398612777e-001 -6.510013872e+001 -6.510013872e+001 -7.4661e-002 +3.0377e+000 -3.9844e-001
503 +4.004124231e-001 +4.004124231e-001 -6.513958758e+001 -6.513958758e+001 -9.4269e-002 +3.0240e+000 -4.0536e-001
506 +3.584749271e-001 +3.584749271e-001 -6.518152507e+001 -6.518152507e+001 -9.2906e-002 +3.0014e+000 -3.9507e-001
531 +2.825435752e-001 +2.825435752e-001 -6.525745642e+001 -6.525745642e+001 -9.0504e-002 +3.0214e+000 -4.0708e-001
579 +2.773791245e-001 +2.773791245e-001 -6.526262088e+001 -6.526262088e+001 -8.5535e-002 +3.0267e+000 -4.0603e-001
604 +2.432802186e-001 +2.432802186e-001 -6.529671978e+001 -6.529671978e+001 -9.0405e-002 +3.0211e+000 -4.0577e-001
755 +2.290658150e-001 +2.290658150e-001 -6.531093418e+001 -6.531093418e+001 -8.9408e-002 +3.0271e+000 -4.0903e-001
794 +2.093779355e-001 +2.093779355e-001 -6.533062206e+001 -6.533062206e+001 -8.9537e-002 +3.0292e+000 -4.1029e-001
861 +1.941533369e-001 +1.941533369e-001 -6.534584666e+001 -6.534584666e+001 -8.9283e-002 +3.0330e+000 -4.1216e-001
893 +1.886446931e-001 +1.886446931e-001 -6.535135531e+001 -6.535135531e+001 -8.9234e-002 +3.0367e+000 -4.1449e-001
907 +1.821386775e-001 +1.821386775e-001 -6.535786132e+001 -6.535786132e+001 -8.9231e-002 +3.0338e+000 -4.1260e-001
908 +1.786148499e-001 +1.786148499e-001 -6.536138515e+001 -6.536138515e+001 -8.9223e-002 +3.0343e+000 -4.1291e-001
% function evaluation | noise-free fitness - Fopt (-2.375000000000e+001) | best noise-free fitness - Fopt | measured fitness | best measured fitness | x1 | x2...
1 +5.097418333e+001 +5.097418333e+001 +2.722418333e+001 +2.722418333e+001 +8.0638e-001 -4.2485e+000 -1.7185e+000
4 +4.073853014e+001 +4.073853014e+001 +1.698853014e+001 +1.698853014e+001 +7.8348e-001 -9.6165e-001 -4.8822e-001
9 +3.243866894e+001 +3.243866894e+001 +8.688668940e+000 +8.688668940e+000 +7.5835e-001 -4.3194e+000 -1.6013e+000
10 +2.455921695e+001 +2.455921695e+001 +8.092169525e-001 +8.092169525e-001 +8.0761e-001 -2.6135e+000 -2.3400e+000
17 +7.404439686e+000 +7.404439686e+000 -1.634556031e+001 -1.634556031e+001 -5.9585e-001 -5.7276e+000 +1.3368e+000
423 +5.849806464e+000 +5.849806464e+000 -1.790019354e+001 -1.790019354e+001 -1.5067e+000 +1.2893e+000 +3.0232e+000
726 +3.524152504e+000 +3.524152504e+000 -2.022584750e+001 -2.022584750e+001 +3.7759e+000 -1.2652e+000 +4.4806e+000
1141 +2.395220958e+000 +2.395220958e+000 -2.135477904e+001 -2.135477904e+001 -2.0878e-001 +3.2479e+000 -2.9524e+000
2168 +2.079548489e+000 +2.079548489e+000 -2.167045151e+001 -2.167045151e+001 -5.0322e+000 +5.4317e+000 -1.7719e-001
% function evaluation | noise-free fitness - Fopt (3.513000000000e+001) | best noise-free fitness - Fopt | measured fitness | best measured fitness | x1 | x2...
1 +6.210575708e+001 +6.210575708e+001 +9.723575708e+001 +9.723575708e+001 -4.1951e+000 -1.5766e+000 -1.0989e+000
6 +2.417243701e+001 +2.417243701e+001 +5.930243701e+001 +5.930243701e+001 -2.9576e+000 +5.3621e-001 -1.0321e+000
21 +1.099772395e+001 +1.099772395e+001 +4.612772395e+001 +4.612772395e+001 -2.9483e+000 +2.1043e+000 -9.6506e-001
72 +1.091129491e+001 +1.091129491e+001 +4.604129491e+001 +4.604129491e+001 -4.0328e+000 -2.3368e+000 -7.7624e-003
106 +8.072530165e+000 +8.072530165e+000 +4.320253017e+001 +4.320253017e+001 -6.0143e-001 +7.8157e-001 +2.7702e+000
553 +2.997210611e+000 +2.997210611e+000 +3.812721061e+001 +3.812721061e+001 -2.8215e+000 +2.9806e-002 +4.8186e+000
619 +2.364649342e+000 +2.364649342e+000 +3.749464934e+001 +3.749464934e+001 +6.6984e-001 +4.8989e-001 +4.7437e+000
648 +1.247248016e+000 +1.247248016e+000 +3.637724802e+001 +3.637724802e+001 +5.4546e-001 +5.1509e-001 +4.7755e+000
668 +1.050779168e+000 +1.050779168e+000 +3.618077917e+001 +3.618077917e+001 +5.0525e-001 +4.8545e-001 +4.7314e+000
687 +6.971949048e-001 +6.971949048e-001 +3.582719490e+001 +3.582719490e+001 +5.9471e-001 +5.1467e-001 +4.7523e+000
728 +3.592141698e-001 +3.592141698e-001 +3.548921417e+001 +3.548921417e+001 +5.3410e-001 +3.3781e-001 +4.7378e+000
796 +3.519272778e-001 +3.519272778e-001 +3.548192728e+001 +3.548192728e+001 +4.9715e-001 +3.5838e-001 +4.7498e+000
814 +1.853906846e-001 +1.853906846e-001 +3.531539068e+001 +3.531539068e+001 +4.9535e-001 +3.2970e-001 +4.7476e+000
836 +1.708576038e-001 +1.708576038e-001 +3.530085760e+001 +3.530085760e+001 +4.9749e-001 +3.1613e-001 +4.7464e+000
856 +1.403386728e-001 +1.403386728e-001 +3.527033867e+001 +3.527033867e+001 +4.9435e-001 +3.2025e-001 +4.7476e+000
861 +1.317229215e-001 +1.317229215e-001 +3.526172292e+001 +3.526172292e+001 +4.8587e-001 +3.2263e-001 +4.7502e+000
872 +1.104822492e-001 +1.104822492e-001 +3.524048225e+001 +3.524048225e+001 +4.9157e-001 +3.2205e-001 +4.7487e+000
874 +1.031854288e-001 +1.031854288e-001 +3.523318543e+001 +3.523318543e+001 +4.9067e-001 +3.2139e-001 +4.7487e+000
913 +8.628320254e-002 +8.628320254e-002 +3.521628320e+001 +3.521628320e+001 +4.8890e-001 +3.2223e-001 +4.7495e+000
% function evaluation | noise-free fitness - Fopt (-7.982000000000e+001) | best noise-free fitness - Fopt | measured fitness | best measured fitness | x1 | x2...
1 +6.826061076e+001 +6.826061076e+001 -1.155938924e+001 -1.155938924e+001 -5.0195e-001 -3.3879e+000 -2.4064e+000
3 +6.173121002e+001 +6.173121002e+001 -1.808878998e+001 -1.808878998e+001 -7.5579e-001 -3.2894e+000 -2.5619e+000
7 +3.590387489e+001 +3.590387489e+001 -4.391612511e+001 -4.391612511e+001 -5.0415e-001 -5.2997e+000 -1.3415e+000
17 +2.585257175e+001 +2.585257175e+001 -5.396742825e+001 -5.396742825e+001 -9.5326e-001 -2.4510e+000 +3.4367e-001
26 +9.266783757e+000 +9.266783757e+000 -7.055321624e+001 -7.055321624e+001 -7.6576e-001 -3.9092e+000 -5.2893e-001
36 +7.970984416e+000 +7.970984416e+000 -7.184901558e+001 -7.184901558e+001 +1.7241e-002 -1.3098e+000 +7.0978e-001
51 +7.602343176e+000 +7.602343176e+000 -7.221765682e+001 -7.221765682e+001 -1.6177e+000 -4.4549e+000 +4.8382e+000
581 +6.461092684e+000 +6.461092684e+000 -7.335890732e+001 -7.335890732e+001 +6.2986e-001 -3.2118e+000 +2.1227e+000
1305 +4.156791573e+000 +4.156791573e+000 -7.566320843e+001 -7.566320843e+001 +4.7230e-002 -1.3359e+000 +5.6495e-001
1590 +1.368507597e+000 +1.368507597e+000 -7.845149240e+001 -7.845149240e+001 -1.5129e+000 -3.5596e-002 +6.8689e-001
1628 +1.079922891e+000 +1.079922891e+000 -7.874007711e+001 -7.874007711e+001 -1.1745e+000 -1.0188e-001 +4.6498e-001
1645 +1.726692273e-001 +1.726692273e-001 -7.964733077e+001 -7.964733077e+001 -1.3005e+000 -1.2638e-001 +5.0522e-001
1672 +1.688524271e-001 +1.688524271e-001 -7.965114757e+001 -7.965114757e+001 -1.3693e+000 -8.3570e-002 +6.2930e-001
1765 +1.137117451e-001 +1.137117451e-001 -7.970628825e+001 -7.970628825e+001 -1.2816e+000 -1.0310e-001 +5.9372e-001
1766 +1.052147025e-001 +1.052147025e-001 -7.971478530e+001 -7.971478530e+001 -1.2963e+000 -1.0164e-001 +5.9503e-001
1775 +8.951478398e-002 +8.951478398e-002 -7.973048522e+001 -7.973048522e+001 -1.1997e+000 -9.6656e-002 +5.8955e-001
1776 +8.900892464e-002 +8.900892464e-002 -7.973099108e+001 -7.973099108e+001 -1.2767e+000 -1.0377e-001 +5.8763e-001
1789 +8.633808001e-002 +8.633808001e-002 -7.973366192e+001 -7.973366192e+001 -1.2517e+000 -1.0134e-001 +5.9125e-001
1795 +8.105631226e-002 +8.105631226e-002 -7.973894369e+001 -7.973894369e+001 -1.2452e+000 -1.0077e-001 +5.9054e-001
1796 +6.688867059e-002 +6.688867059e-002 -7.975311133e+001 -7.975311133e+001 -1.2033e+000 -9.9894e-002 +5.8920e-001
1804 +6.422066265e-002 +6.422066265e-002 -7.975577934e+001 -7.975577934e+001 -1.2240e+000 -9.9879e-002 +5.9621e-001
1843 +6.187305948e-002 +6.187305948e-002 -7.975812694e+001 -7.975812694e+001 -1.2220e+000 -1.0109e-001 +5.9176e-001
1851 +5.991765501e-002 +5.991765501e-002 -7.976008234e+001 -7.976008234e+001 -1.2184e+000 -1.0080e-001 +5.9261e-001
1852 +5.394317394e-002 +5.394317394e-002 -7.976605683e+001 -7.976605683e+001 -1.2171e+000 -1.0039e-001 +5.9219e-001
1884 +4.305609937e-002 +4.305609937e-002 -7.977694390e+001 -7.977694390e+001 -1.1733e+000 -9.7428e-002 +5.9281e-001
1906 +3.705582272e-002 +3.705582272e-002 -7.978294418e+001 -7.978294418e+001 -1.1756e+000 -9.9717e-002 +5.9134e-001
1936 +3.087438028e-002 +3.087438028e-002 -7.978912562e+001 -7.978912562e+001 -1.1556e+000 -9.9059e-002 +5.9289e-001
1950 +1.873934027e-002 +1.873934027e-002 -7.980126066e+001 -7.980126066e+001 -1.1454e+000 -9.9277e-002 +5.9203e-001
1953 +1.680335591e-002 +1.680335591e-002 -7.980319664e+001 -7.980319664e+001 -1.1520e+000 -9.9282e-002 +5.9134e-001
1967 +1.473132360e-002 +1.473132360e-002 -7.980526868e+001 -7.980526868e+001 -1.1418e+000 -9.9531e-002 +5.9142e-001
2050 +1.317258430e-002 +1.317258430e-002 -7.980682742e+001 -7.980682742e+001 -1.1487e+000 -9.9328e-002 +5.8936e-001
2066 +1.272079854e-002 +1.272079854e-002 -7.980727920e+001 -7.980727920e+001 -1.1494e+000 -9.9536e-002 +5.9009e-001
2087 +1.148651164e-002 +1.148651164e-002 -7.980851349e+001 -7.980851349e+001 -1.1516e+000 -9.9540e-002 +5.9001e-001
2127 +1.112963652e-002 +1.112963652e-002 -7.980887036e+001 -7.980887036e+001 -1.1476e+000 -9.9663e-002 +5.8997e-001
2139 +1.014448037e-002 +1.014448037e-002 -7.980985552e+001 -7.980985552e+001 -1.1473e+000 -9.9628e-002 +5.8996e-001
2245 +9.936897855e-003 +9.936897855e-003 -7.981006310e+001 -7.981006310e+001 -1.1469e+000 -9.9634e-002 +5.9006e-001
2440 +9.769899109e-003 +9.769899109e-003 -7.981023010e+001 -7.981023010e+001 -1.1469e+000 -9.9633e-002 +5.9007e-001
% function evaluation | noise-free fitness - Fopt (1.925800000000e+002) | best noise-free fitness - Fopt | measured fitness | best measured fitness | x1 | x2...
1 +1.369771783e+002 +1.369771783e+002 +3.295571783e+002 +3.295571783e+002 -2.6605e-001 -3.6964e+000 -1.7912e+000
2 +5.788526184e+001 +5.788526184e+001 +2.504652618e+002 +2.504652618e+002 -7.2428e-001 -4.8299e+000 -2.6693e+000
4 +4.289083348e+001 +4.289083348e+001 +2.354708335e+002 +2.354708335e+002 -3.7053e-001 -3.0657e+000 -1.0911e+000
8 +3.912184900e+001 +3.912184900e+001 +2.317018490e+002 +2.317018490e+002 -2.8782e-001 -1.8720e+000 -1.3619e+000
13 +3.575135933e+001 +3.575135933e+001 +2.283313593e+002 +2.283313593e+002 -6.9255e-001 -5.0554e+000 -1.5968e+000
22 +2.212883382e+001 +2.212883382e+001 +2.147088338e+002 +2.147088338e+002 -7.2679e-001 -2.4532e+000 -1.5063e+000
23 +1.365319275e+001 +1.365319275e+001 +2.062331928e+002 +2.062331928e+002 +1.2935e+000 -3.8181e+000 -2.0534e+000
39 +8.703596863e+000 +8.703596863e+000 +2.012835969e+002 +2.012835969e+002 -4.0036e-001 -2.8636e+000 -1.7552e+000
63 +8.305042135e+000 +8.305042135e+000 +2.008850421e+002 +2.008850421e+002 -1.0988e+000 -3.9041e+000 -9.3447e-001
238 +7.596664394e+000 +7.596664394e+000 +2.001766644e+002 +2.001766644e+002 +9.5389e-001 -3.2597e+000 -1.8039e+000
469 +2.338219799e+000 +2.338219799e+000 +1.949182198e+002 +1.949182198e+002 +1.0997e+000 -3.3802e+000 -9.7054e-001
472 +1.811517092e+000 +1.811517092e+000 +1.943915171e+002 +1.943915171e+002 +1.2159e+000 -3.4994e+000 -1.0702e+000
481 +1.685792244e+000 +1.685792244e+000 +1.942657922e+002 +1.942657922e+002 +1.2927e+000 -3.5447e+000 -1.0735e+000
501 +1.464399760e+000 +1.464399760e+000 +1.940443998e+002 +1.940443998e+002 +1.2286e+000 -3.5864e+000 -1.2196e+000
505 +1.020742587e+000 +1.020742587e+000 +1.936007426e+002 +1.936007426e+002 +1.2830e+000 -3.5842e+000 -1.1750e+000
595 +8.482660154e-001 +8.482660154e-001 +1.934282660e+002 +1.934282660e+002 +1.3066e+000 -3.6648e+000 -1.2150e+000
610 +7.751264693e-001 +7.751264693e-001 +1.933551265e+002 +1.933551265e+002 +1.2506e+000 -3.5384e+000 -1.1813e+000
642 +6.546159530e-001 +6.546159530e-001 +1.932346160e+002 +1.932346160e+002 +1.2140e+000 -3.4115e+000 -1.0385e+000
660 +5.052137597e-001 +5.052137597e-001 +1.930852138e+002 +1.930852138e+002 +1.2023e+000 -3.3940e+000 -1.0634e+000
667 +2.394035370e-001 +2.394035370e-001 +1.928194035e+002 +1.928194035e+002 +1.1899e+000 -3.3385e+000 -1.0366e+000
781 +1.242420989e-001 +1.242420989e-001 +1.927042421e+002 +1.927042421e+002 +1.1959e+000 -3.3702e+000 -1.0881e+000
787 +9.489724606e-002 +9.489724606e-002 +1.926748972e+002 +1.926748972e+002 +1.1943e+000 -3.3668e+000 -1.0978e+000
1010 +9.027664294e-002 +9.027664294e-002 +1.926702766e+002 +1.926702766e+002 +1.1995e+000 -3.3713e+000 -1.0812e+000
1021 +8.522167885e-002 +8.522167885e-002 +1.926652217e+002 +1.926652217e+002 +1.1994e+000 -3.3708e+000 -1.0810e+000
1085 +7.187042101e-002 +7.187042101e-002 +1.926518704e+002 +1.926518704e+002 +1.1958e+000 -3.3668e+000 -1.0916e+000
% function evaluation | noise-free fitness - Fopt (-2.684800000000e+002) | best noise-free fitness - Fopt | measured fitness | best measured fitness | x1 | x2...
1 +1.968636770e+001 +1.968636770e+001 -2.487936323e+002 -2.487936323e+002 -4.6654e+000 -1.5749e-001 -6.2660e-002
10 +1.053611039e+001 +1.053611039e+001 -2.579438896e+002 -2.579438896e+002 -5.5751e+000 -7.0727e-001 -6.1766e-002
348 +1.029772585e+001 +1.029772585e+001 -2.581822742e+002 -2.581822742e+002 -5.0862e+000 -2.2422e+000 -3.3116e+000
352 +9.338055737e+000 +9.338055737e+000 -2.591419443e+002 -2.591419443e+002 -5.0731e+000 -2.2168e+000 -3.2843e+000
370 +8.270055623e+000 +8.270055623e+000 -2.602099444e+002 -2.602099444e+002 -5.0982e+000 -2.2062e+000 -3.2921e+000
401 +7.609501359e+000 +7.609501359e+000 -2.608704986e+002 -2.608704986e+002 -5.1047e+000 -2.2029e+000 -3.2852e+000
416 +7.042910072e+000 +7.042910072e+000 -2.614370899e+002 -2.614370899e+002 -5.1078e+000 -2.1985e+000 -3.2790e+000
430 +6.741985207e+000 +6.741985207e+000 -2.617380148e+002 -2.617380148e+002 -5.0927e+000 -2.2028e+000 -3.2787e+000
459 +6.533884975e+000 +6.533884975e+000 -2.619461150e+002 -2.619461150e+002 -5.1112e+000 -2.1940e+000 -3.2809e+000
485 +6.329349951e+000 +6.329349951e+000 -2.621506500e+002 -2.621506500e+002 -5.0985e+000 -2.1836e+000 -3.2694e+000
487 +6.135657781e+000 +6.135657781e+000 -2.623443422e+002 -2.623443422e+002 -5.0995e+000 -2.1971e+000 -3.2757e+000
511 +5.829074985e+000 +5.829074985e+000 -2.626509250e+002 -2.626509250e+002 -5.0873e+000 -2.1817e+000 -3.2679e+000
547 +5.628047841e+000 +5.628047841e+000 -2.628519522e+002 -2.628519522e+002 -5.0955e+000 -2.1868e+000 -3.2716e+000
550 +5.432364277e+000 +5.432364277e+000 -2.630476357e+002 -2.630476357e+002 -5.0938e+000 -2.1855e+000 -3.2716e+000
697 +5.367833754e+000 +5.367833754e+000 -2.631121662e+002 -2.631121662e+002 -5.0939e+000 -2.1874e+000 -3.2718e+000
% function evaluation | noise-free fitness - Fopt (-1.000000000000e+003) | best noise-free fitness - Fopt | measured fitness | best measured fitness | x1 | x2...
1 +3.276635123e+001 +3.276635123e+001 -9.672336488e+002 -9.672336488e+002 -3.3333e+000 +8.8017e-001 -3.8687e+000
2 +2.164887483e+001 +2.164887483e+001 -9.783511252e+002 -9.783511252e+002 -3.4263e+000 +1.0211e+000 -3.7471e+000
18 +1.157158126e+001 +1.157158126e+001 -9.884284187e+002 -9.884284187e+002 -3.6494e+000 +8.8871e-001 -3.7301e+000
37 +9.633379079e+000 +9.633379079e+000 -9.903666209e+002 -9.903666209e+002 -3.1786e+000 +7.0428e-001 -3.6946e+000
56 +8.915987638e+000 +8.915987638e+000 -9.910840124e+002 -9.910840124e+002 -3.3597e+000 +7.4731e-001 -3.7444e+000
72 +6.342979198e+000 +6.342979198e+000 -9.936570208e+002 -9.936570208e+002 -3.3197e+000 +7.5414e-001 -3.7965e+000
74 +5.788638499e+000 +5.788638499e+000 -9.942113615e+002 -9.942113615e+002 -3.5077e+000 +7.8836e-001 -3.8674e+000
106 +5.429386286e+000 +5.429386286e+000 -9.945706137e+002 -9.945706137e+002 -3.3616e+000 +7.1386e-001 -3.8388e+000
152 +5.212724635e+000 +5.212724635e+000 -9.947872754e+002 -9.947872754e+002 -3.3960e+000 +7.2572e-001 -3.8559e+000
165 +4.803172510e+000 +4.803172510e+000 -9.951968275e+002 -9.951968275e+002 -3.3879e+000 +7.2523e-001 -3.8584e+000
177 +4.513298938e+000 +4.513298938e+000 -9.954867011e+002 -9.954867011e+002 -3.3955e+000 +7.2705e-001 -3.8618e+000
% function evaluation | noise-free fitness - Fopt (-1.388000000000e+001) | best noise-free fitness - Fopt | measured fitness | best measured fitness | x1 | x2...
1 +6.505660264e+001 +6.505660264e+001 +5.117660264e+001 +5.117660264e+001 -1.6499e+000 -4.9116e-001 -1.8679e+000
5 +4.709996886e+001 +4.709996886e+001 +3.321996886e+001 +3.321996886e+001 -1.6418e+000 +3.9875e-001 -1.4217e+000
12 +2.825128645e+001 +2.825128645e+001 +1.437128645e+001 +1.437128645e+001 -1.5927e+000 +1.4696e-001 -1.6049e+000
25 +2.745489757e+001 +2.745489757e+001 +1.357489757e+001 +1.357489757e+001 -1.6435e+000 -2.3986e+000 -2.0020e+000
31 +1.444330111e+001 +1.444330111e+001 +5.633011149e-001 +5.633011149e-001 -2.0309e+000 +3.2671e-001 -1.4926e+000
166 +8.332798812e+000 +8.332798812e+000 -5.547201188e+000 -5.547201188e+000 -3.4665e-001 +2.3078e+000 -1.5548e+000
202 +6.264407563e+000 +6.264407563e+000 -7.615592437e+000 -7.615592437e+000 -5.2652e-001 +2.5229e+000 -1.4254e+000
218 +5.043121457e+000 +5.043121457e+000 -8.836878543e+000 -8.836878543e+000 -4.1024e-001 +2.2805e+000 -1.4123e+000
228 +3.684801862e+000 +3.684801862e+000 -1.019519814e+001 -1.019519814e+001 -4.3606e-001 +2.5150e+000 -1.2770e+000
272 +1.184958068e+000 +1.184958068e+000 -1.269504193e+001 -1.269504193e+001 -4.9155e-001 +2.5583e+000 -1.2549e+000
345 +9.157822899e-001 +9.157822899e-001 -1.296421771e+001 -1.296421771e+001 -4.7182e-001 +2.5726e+000 -1.4484e+000
385 +5.777176060e-001 +5.777176060e-001 -1.330228239e+001 -1.330228239e+001 -4.8468e-001 +2.5877e+000 -1.7077e+000
402 +4.731962085e-001 +4.731962085e-001 -1.340680379e+001 -1.340680379e+001 -4.8252e-001 +2.5843e+000 -1.6730e+000
453 +3.408359472e-001 +3.408359472e-001 -1.353916405e+001 -1.353916405e+001 -4.8424e-001 +2.5866e+000 -1.6742e+000
664 +3.298776014e-001 +3.298776014e-001 -1.355012240e+001 -1.355012240e+001 -4.8302e-001 +2.5869e+000 -1.6794e+000
687 +3.233317372e-001 +3.233317372e-001 -1.355666826e+001 -1.355666826e+001 -4.8311e-001 +2.5868e+000 -1.6792e+000
749 +2.992943123e-001 +2.992943123e-001 -1.358070569e+001 -1.358070569e+001 -4.8318e-001 +2.5863e+000 -1.6731e+000
772 +2.892510999e-001 +2.892510999e-001 -1.359074890e+001 -1.359074890e+001 -4.8326e-001 +2.5865e+000 -1.6740e+000
816 +2.863677425e-001 +2.863677425e-001 -1.359363226e+001 -1.359363226e+001 -4.8318e-001 +2.5866e+000 -1.6744e+000
847 +2.767439228e-001 +2.767439228e-001 -1.360325608e+001 -1.360325608e+001 -4.8314e-001 +2.5865e+000 -1.6745e+000
862 +2.750050444e-001 +2.750050444e-001 -1.360499496e+001 -1.360499496e+001 -4.8313e-001 +2.5865e+000 -1.6745e+000
978 +2.686672404e-001 +2.686672404e-001 -1.361133276e+001 -1.361133276e+001 -4.8313e-001 +2.5865e+000 -1.6741e+000
% function evaluation | noise-free fitness - Fopt (-1.240400000000e+002) | best noise-free fitness - Fopt | measured fitness | best measured fitness | x1 | x2...
1 +1.212858556e+002 +1.212858556e+002 -2.754144437e+000 -2.754144437e+000 +1.7030e+000 +1.0033e+000 +3.0041e+000
2 +8.635686923e+001 +8.635686923e+001 -3.768313077e+001 -3.768313077e+001 +2.3424e+000 +9.2409e-001 +2.1480e+000
3 +3.583770129e+001 +3.583770129e+001 -8.820229871e+001 -8.820229871e+001 +2.0919e+000 -1.7048e-001 +2.5700e+000
6 +9.133488638e+000 +9.133488638e+000 -1.149065114e+002 -1.149065114e+002 +1.7771e+000 -1.0262e-001 +3.2257e+000
69 +5.437624602e+000 +5.437624602e+000 -1.186023754e+002 -1.186023754e+002 +6.1601e-001 +1.7191e+000 +3.2217e+000
159 +4.773885691e+000 +4.773885691e+000 -1.192661143e+002 -1.192661143e+002 +4.5440e-001 +1.4230e+000 +3.1375e+000
501 +2.356803530e+000 +2.356803530e+000 -1.216831965e+002 -1.216831965e+002 -1.5370e+000 +2.8848e+000 +3.5247e+000
515 +1.274626025e+000 +1.274626025e+000 -1.227653740e+002 -1.227653740e+002 -1.5782e+000 +2.8225e+000 +3.3395e+000
643 +1.126572449e+000 +1.126572449e+000 -1.229134276e+002 -1.229134276e+002 -1.6354e+000 +2.7562e+000 +3.7241e+000
708 +7.333557988e-001 +7.333557988e-001 -1.233066442e+002 -1.233066442e+002 -1.6322e+000 +2.7656e+000 +3.7055e+000
743 +5.251438885e-001 +5.251438885e-001 -1.235148561e+002 -1.235148561e+002 -1.6220e+000 +2.7828e+000 +3.6749e+000
815 +4.911963699e-001 +4.911963699e-001 -1.235488036e+002 -1.235488036e+002 -1.6188e+000 +2.7838e+000 +3.6821e+000
846 +4.696459913e-001 +4.696459913e-001 -1.235703540e+002 -1.235703540e+002 -1.6197e+000 +2.7827e+000 +3.6759e+000
850 +4.061228174e-001 +4.061228174e-001 -1.236338772e+002 -1.236338772e+002 -1.6209e+000 +2.7823e+000 +3.6764e+000
859 +3.240580616e-001 +3.240580616e-001 -1.237159419e+002 -1.237159419e+002 -1.6203e+000 +2.7836e+000 +3.6770e+000
933 +3.144667157e-001 +3.144667157e-001 -1.237255333e+002 -1.237255333e+002 -1.6202e+000 +2.7836e+000 +3.6773e+000
1014 +3.049842637e-001 +3.049842637e-001 -1.237350157e+002 -1.237350157e+002 -1.6202e+000 +2.7835e+000 +3.6771e+000
1047 +3.009316528e-001 +3.009316528e-001 -1.237390683e+002 -1.237390683e+002 -1.6202e+000 +2.7835e+000 +3.6771e+000
