% function evaluation | noise-free fitness - Fopt (7.135000000000e+001) | best noise-free fitness - Fopt | measured fitness | best measured fitness | x1 | x2...
1 +6.301022685e+001 +6.301022685e+001 +1.343602269e+002 +1.343602269e+002 +2.7974e+000 +5.0373e+000 -1.0437e+000 +7.0772e-001 +5.6190e+000 -1.6981e+000 -2.2853e+000 +2.3147e+000 +4.7182e+000 -6.9405e+000 +4.4537e+000 +4.8577e+000 -3.9908e+000 -8.7830e-002 -2.5794e+000 -2.3411e+000 -3.5193e+000 +1.6750e+000 -1.1823e+000 +2.9033e+000
16 +5.684555964e+001 +5.684555964e+001 +1.281955596e+002 +1.281955596e+002 -2.6008e+000 +1.6009e+000 -5.4475e-001 -3.3611e+000 -2.1089e+000 -1.3385e+000 -4.6247e+000 +4.9448e+000 +6.8851e+000 +2.2293e-001 +6.1208e+000 +6.0935e+000 -5.6126e-001 -1.0270e-001 -3.5051e+000 +3.4331e-001 -4.3202e+000 +2.2755e+000 +6.2540e-001 +2.2657e+000
55 +4.421396900e+001 +4.421396900e+001 +1.155639690e+002 +1.155639690e+002 +2.4826e+000 -2.3055e+000 +3.4766e-001 +4.9035e+000 +4.1902e+000 -2.9644e+000 -1.2596e+000 +7.8810e+000 +3.2584e+000 -2.1871e+000 +3.7860e+000 +4.0674e+000 -1.4762e+000 -1.7191e+000 -3.2751e+000 +3.9388e+000 -7.8175e+000 -5.6689e-002 -3.7443e-001 -4.7333e+000
77 +2.643838978e+001 +2.643838978e+001 +9.778838978e+001 +9.778838978e+001 +1.8135e+000 +3.1077e+000 -7.8347e-001 +2.4361e+000 +2.5845e+000 -3.7060e+000 -3.9484e-001 +2.4871e+000 +5.0302e+000 -2.9937e+000 +2.8761e+000 +4.0317e+000 -1.5016e+000 -2.8301e-001 -2.4813e+000 +4.8493e+000 -3.9468e+000 +3.0237e-001 +1.1819e+000 -1.8345e+000
72422 +2.054446852e+001 +2.054446852e+001 +9.189446852e+001 +9.189446852e+001 -1.1185e+000 -3.5426e+000 +3.3723e+000 +4.3255e-001 +2.6004e+000 +7.2183e-001 +1.5224e+000 -9.5031e-001 -3.6655e+000 -2.5176e-002 -2.1134e+000 -3.5248e+000 +3.8882e+000 +2.7161e+000 +2.4664e+000 -4.5326e+000 +1.7194e+000 -1.6011e-001 +4.5680e+000 -2.3108e+000
% function evaluation | noise-free fitness - Fopt (-3.552200000000e+002) | best noise-free fitness - Fopt | measured fitness | best measured fitness | x1 | x2...
1 +7.137398914e+001 +7.137398914e+001 -2.838460109e+002 -2.838460109e+002 -7.6725e+000 -3.8140e+000 +4.9916e+000 -2.5558e+000 -8.0044e+000 -2.4909e+000 -1.5371e+000 +4.9848e+000 +1.5038e+000 +3.4081e+000 +6.1336e-001 -1.5663e+000 +3.0460e+000 -1.2707e+000 -2.9240e+000 -1.5399e+000 -2.5614e-001 -2.6639e+000 -2.9712e+000 +4.6276e+000
13 +6.897664179e+001 +6.897664179e+001 -2.862433582e+002 -2.862433582e+002 -2.4084e+000 +3.8351e-001 +1.8128e+000 -8.1504e+000 -4.5766e+000 +3.2513e+000 +4.0324e+000 +6.4311e+000 -7.7263e-001 -4.7629e+000 +1.3173e+000 -4.2089e+000 +3.9893e+000 -2.2690e+000 -6.7024e+000 -2.4674e+000 -2.4406e-001 +1.1372e-002 -3.8615e+000 +1.3416e+000
28 +6.465483699e+001 +6.465483699e+001 -2.905651630e+002 -2.905651630e+002 -6.2241e+000 -2.8050e-001 +3.0490e+000 -3.7144e+000 -7.8207e+000 +1.1658e+000 +2.7914e+000 +3.0915e+000 +3.1145e+000 +6.8005e-001 -1.3860e+000 +4.4754e+000 +3.9020e+000 -8.7988e-001 -3.6595e+000 -1.0064e+000 +6.0247e+000 -6.1472e+000 -5.5300e+000 +3.0671e+000
44 +5.841173170e+001 +5.841173170e+001 -2.968082683e+002 -2.968082683e+002 -5.3708e+000 -1.7238e+000 +4.6163e+000 -5.6247e+000 -4.6412e+000 -8.3601e-001 +2.7707e+000 +2.8466e+000 +6.5197e+000 +7.7937e+000 -5.7562e+000 -1.8244e+000 +5.3081e+000 -1.4458e+000 -5.6412e+000 -5.8933e+000 +1.2638e+000 -5.0541e+000 -1.0731e+000 +1.4007e+000
62 +5.541618902e+001 +5.541618902e+001 -2.998038110e+002 -2.998038110e+002 -3.8753e+000 +1.7910e+000 +3.0492e+000 -4.7051e+000 -4.5926e+000 +5.1156e+000 +3.8041e+000 +1.9002e+000 +1.9733e+000 +8.7236e-001 -1.4030e+000 -5.4175e+000 +3.9886e+000 -5.2493e-001 -5.2130e+000 +1.9974e+000 +4.0036e+000 -5.7972e+000 -2.2078e+000 +3.8794e+000
79 +5.016786986e+001 +5.016786986e+001 -3.050521301e+002 -3.050521301e+002 -6.0393e+000 -1.9118e-001 -1.1801e-001 -5.0983e+000 -2.7064e+000 -4.1922e+000 -1.9791e+000 +2.8205e+000 +2.5022e+000 -4.8400e-001 -3.4153e-001 -2.4415e+000 +4.3486e+000 -6.8541e-001 -3.6869e+000 -7.9814e-001 +5.0073e-001 -3.2078e+000 -9.9684e-001 +3.4188e+000
142 +2.607398385e+001 +2.607398385e+001 -3.291460162e+002 -3.291460162e+002 -2.4895e+000 -3.9189e-001 +3.0605e+000 -3.2156e+000 -4.0950e+000 -3.8556e+000 +2.6734e+000 +3.1792e+000 +1.9582e+000 +2.5852e+000 -9.6958e-001 -1.9621e+000 +3.2124e+000 -4.7568e-001 -1.0846e+000 -2.4150e+000 +6.8279e-001 -5.9765e+000 -1.7938e+000 +1.5129e+000
6860 +2.566299228e+001 +2.566299228e+001 -3.295570077e+002 -3.295570077e+002 +4.0050e-001 -1.0860e+000 -4.8964e-001 +1.0826e+000 +2.6752e+000 +1.3639e+000 +5.0948e+000 -8.3938e-001 +1.9537e-001 -2.8562e+000 +1.8694e+000 +1.7040e+000 +5.3844e+000 -1.8967e+000 +6.6607e-002 +1.1117e+000 +2.5472e+000 -3.1810e+000 +2.1160e+000 -2.2772e-001
22633 +2.205079012e+001 +2.205079012e+001 -3.331692099e+002 -3.331692099e+002 -4.2382e-001 -1.2923e+000 +2.4846e+000 -4.3526e+000 +2.4576e-001 -2.4457e+000 -4.8845e+000 -2.3200e+000 -5.1617e-001 +1.5335e+000 -6.8502e-001 -1.1922e+000 -8.6460e-001 +4.5290e-002 -2.0750e+000 -3.1304e+000 +6.3705e+000 -3.3026e+000 +7.3911e-001 -4.9476e-001
92149 +2.064939430e+001 +2.064939430e+001 -3.345706057e+002 -3.345706057e+002 +4.9415e+000 +3.4476e+000 -1.3007e-001 -2.0287e+000 -7.1483e-001 -4.0256e+000 -1.9848e+000 +1.0987e-001 -2.3240e-001 +9.2561e-002 -5.1689e-002 -1.4907e+000 -5.0895e+000 -2.3620e+000 -4.2809e+000 -5.9953e-001 +1.6385e+000 -1.6059e+000 -1.4749e+000 +5.1794e+000
% function evaluation | noise-free fitness - Fopt (9.917000000000e+001) | best noise-free fitness - Fopt | measured fitness | best measured fitness | x1 | x2...
1 +1.016529266e+002 +1.016529266e+002 +2.008229266e+002 +2.008229266e+002 +8.3175e+000 +7.4501e-001 -4.4514e-001 +1.5732e+000 +4.7288e+000 +4.5915e+000 +8.0829e-002 -1.4468e+000 +4.0800e+000 +1.6321e+000 -3.3521e+000 -9.0114e+000 -5.3779e+000 -9.3202e-001 +4.2137e+000 +7.6802e-002 -3.0727e+000 +9.4430e-003 -3.9712e+000 -1.4950e+000
6 +8.001299849e+001 +8.001299849e+001 +1.791829985e+002 +1.791829985e+002 +3.2193e+000 +8.5950e+000 +9.9795e-001 -1.0289e+000 -8.5345e-001 +1.3811e+000 -2.3563e+000 +1.4983e+000 +1.1980e+000 +3.4099e+000 -6.9597e+000 -4.9382e+000 +7.1564e+000 -1.7978e+000 +7.1964e+000 +6.0825e+000 +2.7565e-001 -4.9398e+000 -5.9861e-001 +2.1865e+000
15 +7.201261033e+001 +7.201261033e+001 +1.711826103e+002 +1.711826103e+002 +3.7315e+000 +1.5729e+000 +2.3645e+000 +2.7599e+000 +2.6705e+000 +3.8735e+000 -2.5884e+000 -2.1932e+000 -3.0477e+000 +2.4896e+000 -4.7706e+000 -9.9324e-001 -4.7321e+000 -3.4439e-001 +4.5467e+000 -7.0604e-001 -3.7468e+000 -1.0294e+000 -2.9791e+000 -1.8944e+000
20 +5.096123738e+001 +5.096123738e+001 +1.501312374e+002 +1.501312374e+002 +3.2264e+000 +2.2388e+000 +1.6791e+000 +1.5388e-001 +1.2811e+000 +4.8781e+000 -5.1130e+000 +8.5053e-001 -4.9907e-001 +2.2844e+000 -3.3315e+000 -9.1506e-001 -2.1506e+000 -5.9453e-001 +4.9552e+000 -4.6513e-001 -3.4185e+000 -6.3252e+000 -1.0759e+000 +3.9049e+000
35 +4.645640620e+001 +4.645640620e+001 +1.456264062e+002 +1.456264062e+002 +5.7917e+000 +2.9285e+000 +4.1612e+000 +4.5961e-001 +2.8532e+000 +3.2983e+000 -1.0938e+000 -1.5625e+000 -1.0986e+000 -5.0799e+000 -6.4727e+000 -1.0027e+000 -3.4171e+000 -1.1841e+000 +1.8670e+000 +9.2567e-001 -2.5290e+000 -7.3164e+000 -1.3709e+000 -6.2206e+000
150 +4.343254717e+001 +4.343254717e+001 +1.426025472e+002 +1.426025472e+002 +9.4388e-001 +4.3630e+000 +1.1231e+000 -3.9079e+000 +2.9626e+000 +4.3908e+000 -4.3887e+000 +5.7909e+000 -3.1864e+000 +5.5332e+000 -3.5025e+000 +1.2374e+000 -6.1291e+000 -4.6731e+000 +3.8732e+000 +2.8330e-001 -4.7405e+000 -3.2861e+000 -2.0068e+000 +1.2427e+000
224 +4.177278412e+001 +4.177278412e+001 +1.409427841e+002 +1.409427841e+002 +1.6065e+000 +2.7408e+000 -2.2341e+000 +2.8080e+000 +2.6955e+000 +3.4977e+000 -4.7480e+000 +3.6210e+000 -2.5331e+000 +1.2463e+000 -7.0191e+000 +4.2415e+000 -1.1117e+000 +2.4092e+000 +1.7763e+000 -1.0920e-001 +4.3952e+000 -1.7744e+000 +3.3327e+000 -5.5097e+000
465 +3.333633987e+001 +3.333633987e+001 +1.325063399e+002 +1.325063399e+002 +1.3437e+000 +3.9725e+000 -2.5253e+000 +3.1293e-001 +2.4736e+000 +4.3363e+000 +1.1735e+000 +2.2791e+000 +2.0409e-002 +3.2608e-001 -5.1420e+000 -2.8431e+000 -2.3837e+000 -2.1468e+000 +3.2909e+000 -3.0819e+000 +1.5045e+000 -2.5498e+000 -1.0611e+000 -2.3552e+000
584 +3.098924596e+001 +3.098924596e+001 +1.301592460e+002 +1.301592460e+002 +3.3011e+000 +2.4747e+000 -9.4187e-001 +9.3587e-001 +3.4237e+000 +2.7262e+000 -7.9895e-001 +2.8635e+000 -3.2685e+000 +1.0582e-001 -1.7639e+000 -1.3037e+000 -6.8321e-002 -2.1772e+000 +4.3759e+000 -5.2368e+000 -1.3791e+000 -5.6592e+000 -1.7289e+000 -3.1023e+000
1003 +2.768999012e+001 +2.768999012e+001 +1.268599901e+002 +1.268599901e+002 -1.6690e+000 +1.8483e+000 -1.3832e+000 +1.4455e+000 +5.6141e-001 +5.8989e-001 -1.1769e+000 +1.8241e+000 +1.7143e+000 +2.8693e+000 -3.1786e+000 -8.9285e-001 -6.1481e+000 +1.8396e+000 +2.0922e+000 -4.1030e+000 +2.8039e+000 -4.3074e+000 -1.7773e+000 -4.8170e+000
4226 +2.121469337e+001 +2.121469337e+001 +1.203846934e+002 +1.203846934e+002 +2.7647e+000 +2.3268e+000 +2.1355e+000 +2.2752e+000 +5.0009e+000 +2.6224e+000 +1.7402e+000 +2.2644e-001 +1.3663e+000 +1.8820e+000 -2.4886e+000 -1.1461e+000 +3.0953e+000 +8.4090e-002 +1.1313e+000 +6.9771e+000 -8.1122e-001 -3.6344e+000 -1.9337e-002 -3.7486e-001
20293 +2.047779229e+001 +2.047779229e+001 +1.196477923e+002 +1.196477923e+002 +6.0871e-001 -9.3826e-001 -4.9138e-001 +8.7619e-001 +2.3712e+000 +3.4334e+000 -2.2085e+000 +1.5112e+000 -2.6934e+000 -1.3572e+000 +1.4738e+000 -4.7117e-001 -3.7834e-001 -3.8054e+000 -6.1632e+000 +3.0826e+000 -1.0035e+000 +1.4763e+000 +1.7882e-001 -9.1100e-001
% function evaluation | noise-free fitness - Fopt (-5.179100000000e+002) | best noise-free fitness - Fopt | measured fitness | best measured fitness | x1 | x2...
1 +1.556008737e+002 +1.556008737e+002 -3.623091263e+002 -3.623091263e+002 -2.6153e+000 -2.8426e+000 -1.8240e+000 -6.7128e+000 -2.5301e+000 -1.2555e+001 +4.9681e+000 -2.2531e+000 -3.6177e+000 -1.8143e+000 -4.9930e+000 +3.3107e+000 +1.1675e+000 +2.6798e+000 +3.0699e+000 -1.2049e+001 +2.2174e+000 -2.6233e-001 +2.5362e+000 +5.6570e+000
2 +1.335718251e+002 +1.335718251e+002 -3.843381749e+002 -3.843381749e+002 -2.4385e+000 -2.5406e-001 +2.0708e+000 +5.3496e+000 -4.7680e+000 -4.8889e+000 -4.4482e-001 -2.5931e+000 +1.6327e+000 -2.1935e+000 -8.4320e+000 -6.6539e+000 +5.0899e+000 +2.5909e+000 -3.3417e-001 +1.4371e+001 +2.9871e+000 +2.6482e+000 +1.0474e+000 +2.6072e+000
3 +1.058165318e+002 +1.058165318e+002 -4.120934682e+002 -4.120934682e+002 -6.4598e+000 +6.5064e+000 -4.0445e+000 +1.9078e+000 -1.1672e+001 -6.6829e+000 -6.8318e-001 +1.7637e+000 +5.3203e+000 +1.2587e+000 -3.1804e+000 -8.8739e+000 +4.5669e+000 +4.6066e+000 +5.6122e+000 -7.1044e+000 -3.3825e+000 +6.2219e-001 +3.4362e+000 +1.8974e+000
5 +8.302682664e+001 +8.302682664e+001 -4.348831734e+002 -4.348831734e+002 -5.2637e+000 -3.1128e+000 -5.5425e+000 +4.1771e-001 +3.4509e-002 -3.3452e+000 -1.3751e+000 +9.7111e-001 +6.1421e+000 -6.3548e+000 -3.5704e+000 +1.0362e+000 -8.2431e-001 +4.6360e+000 +1.4892e+000 -3.9220e+000 -8.9191e-001 -1.4775e+000 +1.8836e+000 +3.1903e+000
8 +5.917212249e+001 +5.917212249e+001 -4.587378775e+002 -4.587378775e+002 -4.9789e+000 -3.4079e+000 -4.4723e+000 +3.0682e+000 -5.1572e+000 -4.0180e+000 -5.8690e-001 +3.5414e+000 +1.6283e+000 +1.5927e+000 +7.4659e-001 -2.1340e+000 +6.3924e+000 +1.0073e+000 +4.0922e+000 -1.4653e-001 +7.4486e-001 -5.2122e-001 +1.0788e+000 +5.2580e+000
50 +5.878640925e+001 +5.878640925e+001 -4.591235908e+002 -4.591235908e+002 +1.8686e+000 -3.9712e+000 -9.7404e-001 -1.5059e+000 -7.7730e+000 -3.0138e+000 +6.2192e+000 +1.1403e+000 +3.9348e+000 +2.9837e+000 +1.3531e+000 -1.2303e+000 +4.9700e+000 +3.3676e+000 +1.8922e+000 -5.8972e+000 +1.0965e-001 -3.1767e-001 -7.1881e-001 +6.2114e+000
59 +5.636209601e+001 +5.636209601e+001 -4.615479040e+002 -4.615479040e+002 -3.0851e+000 -5.4235e+000 -4.4976e+000 -2.1094e+000 -5.0410e+000 +1.2600e+000 +3.5913e+000 -3.7975e+000 +1.6033e+000 -5.4056e+000 +2.8602e+000 +1.0910e+000 +5.5128e+000 +2.8340e+000 +4.7112e+000 -3.1766e+000 -3.9031e+000 +3.6845e+000 +1.4287e+000 +6.3815e+000
145 +3.877547352e+001 +3.877547352e+001 -4.791345265e+002 -4.791345265e+002 -5.0342e+000 -3.6762e+000 -3.8146e+000 -1.5118e+000 -3.8699e+000 +1.3639e+000 +1.2315e+000 -1.9121e+000 +3.0979e-001 +6.2048e-001 -2.2439e+000 +3.1053e-001 +2.0053e+000 +4.0096e+000 +3.7961e+000 -2.3781e+000 -2.9270e+000 +2.8736e+000 +1.8536e+000 +3.8869e+000
640 +3.774877082e+001 +3.774877082e+001 -4.801612292e+002 -4.801612292e+002 -1.7107e+000 -5.2274e+000 -5.3595e+000 +2.6200e-001 -2.7193e+000 +6.7488e-001 +4.2051e+000 +3.1472e-001 +2.3526e+000 -1.8681e-001 +3.2334e+000 -3.0120e+000 +6.7723e+000 +1.2292e+000 +3.4150e+000 +2.0870e+000 -1.7220e-001 +2.2895e+000 +5.5090e+000 +3.8459e+000
1040 +3.326302801e+001 +3.326302801e+001 -4.846469720e+002 -4.846469720e+002 +1.9902e-001 -1.1343e+000 -1.9645e+000 +2.4529e+000 -2.3740e+000 -1.6289e+000 +1.8624e-001 +2.7172e+000 +3.9296e+000 +8.5623e-001 +8.2750e-001 +1.8854e+000 -1.0664e+000 +2.9019e+000 +2.4737e+000 -3.6550e+000 +3.0156e+000 -1.3055e+000 +1.5241e+000 +1.9229e+000
7198 +2.986724044e+001 +2.986724044e+001 -4.880427596e+002 -4.880427596e+002 -2.9476e+000 -1.5111e+000 +4.6863e+000 +4.5776e+000 -2.7180e+000 -3.3958e-001 -4.9910e+000 -2.2478e+000 +4.4017e-001 +2.8951e+000 +5.4190e+000 -4.6643e+000 -6.7254e+000 +9.8879e-001 +3.8674e+000 -6.4690e+000 +2.6418e+000 +2.5924e+000 +4.0520e-001 -4.2146e+000
8574 +2.911070066e+001 +2.911070066e+001 -4.887992993e+002 -4.887992993e+002 -2.2334e+000 -1.5519e+000 +1.1256e+000 -6.9789e-001 +1.3702e+000 -3.3052e+000 -3.6081e+000 -2.0389e+000 -1.9667e+000 +1.6404e+000 -1.6501e+000 +1.3341e+000 -9.9139e-001 +2.1173e+000 -7.5443e-001 -2.6996e+000 -4.7349e+000 -5.9237e-001 -8.6106e-001 -3.3055e+000
11023 +2.394089231e+001 +2.394089231e+001 -4.939691077e+002 -4.939691077e+002 -3.0699e+000 -2.3303e+000 -3.4567e+000 -2.4779e+000 -8.1789e-001 -3.3380e+000 +8.9861e-001 -3.6156e+000 -3.1955e+000 +3.2304e+000 -1.3136e+000 -5.3811e+000 -3.4786e+000 -1.4006e+000 +2.6811e+000 -6.0513e-001 -5.8263e-001 -1.9291e+000 +3.6625e+000 +2.5841e+000
105081 +2.339364773e+001 +2.339364773e+001 -4.945163523e+002 -4.945163523e+002 +3.1716e-001 -5.7579e-001 -4.4333e-001 +4.0962e+000 +2.7838e+000 -1.3831e+000 +3.2288e+000 -8.7106e-001 -1.3858e+000 -1.0281e+000 -3.4700e+000 -3.3945e-001 +3.6442e+000 +7.5525e+000 +2.5043e+000 -1.1767e+000 +3.8467e+000 -1.3809e+000 -7.3502e-001 +3.6435e+000
126411 +2.233714745e+001 +2.233714745e+001 -4.955728525e+002 -4.955728525e+002 -1.7869e+000 +5.3837e+000 -1.4129e+000 -2.3564e-001 -5.8368e+000 -5.6842e-001 -4.3025e-001 +4.0524e-001 -5.3018e+000 -2.6203e+000 -9.6879e-001 +4.1457e+000 +2.4986e+000 +3.6054e+000 +5.3684e+000 -2.7368e-001 +2.9889e-001 -3.1373e+000 +4.5621e+000 +2.3197e+000
% function evaluation | noise-free fitness - Fopt (-5.721000000000e+001) | best noise-free fitness - Fopt | measured fitness | best measured fitness | x1 | x2...
1 +1.129160488e+002 +1.129160488e+002 +5.570604875e+001 +5.570604875e+001 +4.1701e+000 -1.2838e+000 +3.4191e+000 +5.2799e+000 -6.9554e+000 +2.8852e+000 -2.8119e+000 -4.8942e+000 +1.6518e+000 +3.7522e+000 +2.7536e+000 +2.8913e+000 -2.9769e+000 +1.4063e+000 -4.1096e+000 +1.3450e+001 +3.1773e+000 -2.9970e+000 +5.1021e-001 -1.1106e+001
2 +6.071749942e+001 +6.071749942e+001 +3.507499417e+000 +3.507499417e+000 +3.4432e-001 -9.2741e-001 +1.1730e+000 +7.5053e-001 -5.3503e-001 +4.3253e+000 -2.8816e+000 -5.1571e+000 +3.0621e+000 -1.6075e+000 +5.5323e+000 -5.6406e-001 +6.2731e+000 -2.0756e+000 -4.4541e+000 +2.3323e+000 +4.7016e+000 -4.4974e+000 +2.9927e+000 -6.3344e+000
109 +5.572900579e+001 +5.572900579e+001 -1.480994213e+000 -1.480994213e+000 +1.8819e+000 -6.6773e+000 +6.9682e+000 +4.0050e+000 -1.3026e+000 +5.1956e+000 -2.6821e-001 -4.8506e+000 -1.7814e+000 -2.2800e+000 +7.3269e+000 +1.0242e-001 -2.4822e+000 -3.9630e+000 -2.9469e+000 +3.9733e+000 +5.8815e+000 -8.0546e+000 -7.0363e-001 -5.8177e+000
114 +5.340287249e+001 +5.340287249e+001 -3.807127511e+000 -3.807127511e+000 -2.6107e+000 -1.2913e+000 -4.1134e-001 +4.3597e+000 -1.0181e+000 +4.1260e+000 -6.0840e+000 -3.2036e+000 +8.3983e-001 -6.0715e-001 +9.0847e-001 +2.2887e+000 -6.4545e-001 -5.3502e+000 -6.0092e+000 +4.2262e+000 +3.4918e+000 +1.1763e-001 -1.5555e+000 -2.8415e+000
115 +4.510572056e+001 +4.510572056e+001 -1.210427944e+001 -1.210427944e+001 +1.5386e+000 -2.9088e+000 +1.4578e+000 +3.0648e-001 -1.0357e+000 +5.4047e+000 -4.7987e+000 -8.6463e-001 +4.0552e+000 +1.7997e+000 +3.2569e+000 +3.1090e+000 +5.0234e+000 -2.7499e+000 -3.4816e+000 +9.0742e-001 -1.7242e+000 -6.4420e-001 +3.2691e+000 -7.1288e+000
206 +4.459507086e+001 +4.459507086e+001 -1.261492914e+001 -1.261492914e+001 +4.8492e-001 -2.8432e+000 -3.9269e+000 +3.5170e+000 -2.2866e+000 +6.2004e+000 -3.5069e+000 -2.4033e+000 -4.6840e-001 +2.0919e+000 +2.5544e+000 +7.4822e-001 -3.3308e-001 +5.0010e+000 -4.1642e+000 +5.7865e+000 +3.7652e+000 +1.2586e+000 -3.1425e+000 -5.2433e+000
339 +4.165145353e+001 +4.165145353e+001 -1.555854647e+001 -1.555854647e+001 -2.7909e+000 +1.7996e+000 +3.4948e+000 +1.7037e+000 -3.2328e+000 +1.8766e+000 -1.7630e+000 -3.3140e+000 +7.7666e-001 +3.6025e+000 +2.3763e+000 -5.0672e-001 -2.3277e+000 -3.9066e+000 -4.9728e+000 +2.5846e+000 +5.1450e+000 -1.9169e+000 +2.4179e+000 -4.1911e+000
447 +3.761521662e+001 +3.761521662e+001 -1.959478338e+001 -1.959478338e+001 -7.5051e-001 +8.6268e-002 +3.1113e+000 +4.1919e+000 -1.8518e+000 +4.5829e+000 -5.8180e+000 -5.1063e+000 -1.8953e+000 +1.4850e+000 +1.4114e+000 +1.7849e+000 +1.1567e+000 -3.3541e+000 -7.8541e+000 +2.4145e+000 +6.5322e+000 -2.6716e+000 +6.1520e-001 -4.7436e+000
570 +3.418945048e+001 +3.418945048e+001 -2.302054952e+001 -2.302054952e+001 +1.7092e+000 -3.9972e+000 -1.5922e+000 -5.6404e-001 +3.1042e+000 -1.1451e+000 +7.5833e+000 -3.2267e+000 -6.9818e-001 +2.2753e+000 +4.3396e+000 -1.4028e+000 -1.6268e+000 -1.7854e+000 -5.1546e+000 +2.7518e-002 +1.2622e+000 -2.6936e+000 +3.5775e+000 -5.7475e-001
3285 +3.074177385e+001 +3.074177385e+001 -2.646822615e+001 -2.646822615e+001 -1.3730e+000 -6.1107e-001 -2.4194e+000 -1.1889e+000 +2.7324e-001 -1.2186e+000 +1.4410e+000 +6.9152e-001 -2.8258e+000 +3.6582e+000 +1.1116e+000 -8.0797e-001 -3.8382e+000 -1.1485e+000 -2.7471e+000 +1.3485e+000 -8.4258e-003 +7.1352e+000 +1.7212e+000 -2.5763e+000
6344 +2.853442004e+001 +2.853442004e+001 -2.867557996e+001 -2.867557996e+001 +9.5090e-001 +3.8472e+000 -4.1344e+000 +5.3517e+000 +1.7085e+000 -9.8331e-001 -7.5994e-001 -2.4095e+000 -3.8851e+000 +4.2130e+000 +1.7814e+000 +2.0494e+000 +2.0016e-001 -4.8362e-003 +7.6108e-001 -1.3443e+000 +1.3385e+000 -2.1777e-001 -1.1088e+000 -2.6722e+000
10128 +2.800259490e+001 +2.800259490e+001 -2.920740510e+001 -2.920740510e+001 -2.1231e+000 +1.8760e+000 -1.3199e+000 -1.2271e+000 +4.6862e-001 -3.9144e+000 +2.9325e+000 -8.3009e-001 -2.0129e+000 +3.8766e+000 +9.0315e-001 -2.5910e+000 +4.2123e+000 -1.4855e+000 +1.0465e+000 +7.7475e-001 +1.8501e+000 +1.1240e+000 -4.6884e+000 -1.3747e-001
10787 +2.268176274e+001 +2.268176274e+001 -3.452823726e+001 -3.452823726e+001 -3.6070e+000 -1.0251e+000 -1.9015e+000 -2.5025e+000 +3.9375e+000 -2.6830e+000 +2.4586e-001 +8.2717e-001 -4.5461e+000 +5.9798e-001 +1.0800e+000 -1.7379e-002 +4.0129e+000 +8.2131e-001 -5.9810e-001 -1.2021e-001 -6.4520e-001 -5.2387e+000 +7.5396e-001 -1.7202e+000
56812 +2.180224493e+001 +2.180224493e+001 -3.540775507e+001 -3.540775507e+001 +3.3547e+000 +3.4780e+000 +5.9643e-002 +5.5707e-001 +6.2164e+000 -6.3136e-002 -2.6185e+000 -1.2462e+000 -2.5387e+000 +1.0074e+000 +1.0302e+000 +4.6195e+000 -1.3180e+000 +5.5137e+000 -1.5577e-001 -2.0719e+000 -9.6221e-002 +5.7264e-001 -3.9520e+000 -7.9905e-001
% function evaluation | noise-free fitness - Fopt (-1.000000000000e+003) | best noise-free fitness - Fopt | measured fitness | best measured fitness | x1 | x2...
1 +1.002336140e+002 +1.002336140e+002 -8.997663860e+002 -8.997663860e+002 +1.3767e+000 -4.4494e+000 -1.0055e+000 -2.2555e+000 -5.9422e+000 +5.1047e+000 +2.4495e+000 +1.3457e-002 +4.4602e+000 -1.6582e+000 -7.1039e-001 +2.6972e+000 +4.3861e-001 +2.1768e+000 -1.7668e-001 +4.7324e+000 +7.2920e+000 -8.6613e-001 +2.6114e+000 +4.5469e+000
3 +8.583844160e+001 +8.583844160e+001 -9.141615584e+002 -9.141615584e+002 +9.0745e-001 -2.5977e+000 -1.7460e+000 +1.9302e+000 -1.4736e+000 +6.3510e+000 +2.0898e-001 -4.8312e+000 -8.2030e-001 -5.4949e-001 -8.8236e+000 +5.7066e+000 +1.8682e+000 +4.0999e+000 -6.3435e+000 -4.4059e+000 +5.1801e+000 +8.5434e-001 +3.1547e+000 -2.0234e+000
9 +7.499868774e+001 +7.499868774e+001 -9.250013123e+002 -9.250013123e+002 +1.8180e+000 -4.6725e+000 -5.9730e-001 -4.8331e+000 -5.2004e+000 -1.6526e+000 -1.9554e+000 -3.5928e+000 -1.8126e+000 -2.4584e+000 -5.4203e-001 +1.1715e+000 -1.7580e-001 +4.0352e+000 -5.6144e-002 +1.7626e+000 +2.8710e+000 +3.2844e+000 +3.7043e+000 +2.5132e+000
25 +6.971843105e+001 +6.971843105e+001 -9.302815690e+002 -9.302815690e+002 +3.2882e-001 -6.5408e+000 +1.7257e-002 -1.5616e+000 -2.0792e+000 +2.6959e+000 +6.0106e+000 -4.1791e-001 +4.2818e-001 -1.6387e+000 +1.5039e+000 +6.2590e-001 +1.0043e+000 +5.0650e+000 +3.0735e+000 +1.8950e+000 +2.6692e+000 +3.0317e+000 +5.0446e+000 +2.4419e+000
31 +5.482978053e+001 +5.482978053e+001 -9.451702195e+002 -9.451702195e+002 +3.6293e+000 -2.7481e+000 +2.0627e+000 -1.7221e+000 -4.4284e+000 -1.8584e-003 -3.0811e-001 +2.9832e-001 -6.8756e-001 -8.4627e-001 -2.1431e-001 +3.4736e+000 -5.0440e+000 +5.4876e+000 -3.0005e+000 +3.5167e+000 +9.1638e+000 +1.8468e+000 +5.0871e+000 +2.3044e+000
43 +5.120746126e+001 +5.120746126e+001 -9.487925387e+002 -9.487925387e+002 -6.6452e-001 -2.0156e+000 -1.1449e+000 -1.6893e+000 -6.4081e+000 +3.9191e+000 +3.9155e+000 +6.7522e-001 +2.4896e+000 +1.1949e-001 -4.7307e+000 +4.3338e+000 -2.2636e-001 +3.4208e+000 -6.1976e-001 +2.4024e-001 +3.6208e+000 +3.4893e+000 +2.7762e+000 +2.3845e+000
72 +4.611639221e+001 +4.611639221e+001 -9.538836078e+002 -9.538836078e+002 +1.8183e+000 -4.3868e+000 -2.9914e+000 -3.2695e+000 -1.8766e+000 +6.5472e-001 +5.7627e-001 +2.8524e+000 -7.0996e-001 -7.4149e-001 -3.6833e+000 +5.0114e+000 -9.2540e-001 +5.8606e+000 -8.8129e+000 +4.0855e+000 +2.0322e+000 +1.8876e+000 +2.6445e+000 +2.6434e+000
213 +4.542083684e+001 +4.542083684e+001 -9.545791632e+002 -9.545791632e+002 +2.5600e+000 -3.3129e+000 +8.4407e-002 -3.6099e+000 -4.0076e+000 +1.7662e+000 +3.2982e+000 +1.5708e-001 -2.2595e-002 -5.6230e-001 +7.2757e+000 +3.9045e+000 -3.0150e-001 +1.3671e+000 +1.4463e-001 +1.3490e+000 +1.1005e+000 +3.7821e+000 +1.1620e+000 +6.0198e-001
261 +4.211076120e+001 +4.211076120e+001 -9.578892388e+002 -9.578892388e+002 -1.2588e+000 -3.0725e+000 -1.9576e-001 -1.2567e+000 -2.9965e+000 +1.3176e+000 +4.3666e+000 +2.8683e-001 -2.4841e+000 +6.7924e-001 +5.5427e-001 -1.1026e-002 -3.8481e-001 +2.8003e+000 -1.7026e+000 +4.7897e+000 +3.5939e+000 +1.7230e+000 +2.2010e+000 +5.7108e+000
299 +4.015290631e+001 +4.015290631e+001 -9.598470937e+002 -9.598470937e+002 +5.8705e-001 -5.6547e+000 +3.3513e-002 +1.8290e+000 -1.3781e+000 -1.8650e+000 +3.3311e+000 -2.0389e+000 +1.7768e+000 +1.5835e+000 +1.5350e+000 +4.1718e+000 -1.2251e-001 +2.0697e+000 +1.1040e+000 +2.6865e+000 +4.8899e-002 +4.9821e+000 -2.6465e-001 -2.4278e-001
431 +3.566771875e+001 +3.566771875e+001 -9.643322813e+002 -9.643322813e+002 -4.7547e+000 -1.7723e+000 +3.0685e-001 -2.4464e+000 -3.2733e-001 +3.3641e+000 +2.6025e+000 -1.6629e+000 -1.2706e+000 -1.8311e+000 -9.2607e-001 +4.7268e+000 +3.1498e+000 -2.3157e+000 +1.9768e+000 +3.9669e+000 -2.2592e+000 +6.7269e+000 +3.0345e+000 +2.8686e+000
1334 +3.499356875e+001 +3.499356875e+001 -9.650064312e+002 -9.650064312e+002 -4.2211e+000 -4.8814e+000 -1.1040e+000 +2.9179e+000 -2.4838e+000 +1.2952e-001 +4.3610e+000 +1.1385e+000 -5.1072e+000 -5.9948e+000 +1.8526e+000 +3.3299e+000 +4.0632e+000 +5.0120e+000 -1.6165e-001 +1.9474e+000 +1.1543e+000 +1.3215e+000 +1.9794e+000 -1.4464e+000
1528 +3.256298042e+001 +3.256298042e+001 -9.674370196e+002 -9.674370196e+002 -3.1808e+000 -2.3453e+000 -2.1843e+000 -2.6635e+000 -2.4206e+000 -1.1610e+000 +1.0169e+000 +7.9635e-001 -1.6739e+000 +5.7315e-002 -3.6047e+000 +1.4508e+000 -1.2677e+000 +6.8053e+000 -3.5640e-001 +6.6911e+000 +2.8121e+000 +6.8015e-001 +1.1841e+000 +1.6214e+000
2571 +3.102927555e+001 +3.102927555e+001 -9.689707245e+002 -9.689707245e+002 +8.7597e-001 -5.6454e+000 -3.4898e+000 -8.6748e-001 -1.3328e+000 -5.7524e-001 -4.0486e-003 -3.5740e+000 +3.3022e+000 -6.8845e+000 -2.4994e+000 +6.3479e-001 -2.8277e+000 +2.1561e+000 +7.1230e+000 +2.1547e+000 +4.4087e+000 -1.6386e+000 +2.5876e+000 +3.0445e+000
10285 +2.686487207e+001 +2.686487207e+001 -9.731351279e+002 -9.731351279e+002 -3.6372e+000 +1.9497e-001 -3.8515e+000 -4.4520e+000 +5.6492e+000 -6.9922e+000 -2.8581e+000 +2.4991e-001 -1.8462e+000 -6.9779e-001 -5.9753e+000 +5.6980e+000 -2.8891e+000 +4.5832e+000 -1.0181e+000 +3.3799e+000 -2.0028e+000 -5.1254e+000 -9.2228e-002 +1.6594e-001
71461 +2.223959017e+001 +2.223959017e+001 -9.777604098e+002 -9.777604098e+002 +4.1496e+000 +4.4092e-001 +1.1083e+000 -3.5472e-001 +7.0416e+000 +3.2503e+000 +2.9654e+000 +2.1706e+000 +3.5203e+000 -1.9273e+000 -4.8758e+000 -1.2243e+000 +2.2912e+000 -6.1338e-001 +2.6686e+000 -2.3106e+000 -8.0511e-001 +9.6636e-001 -1.6599e+000 +2.7911e+000
195128 +2.056542714e+001 +2.056542714e+001 -9.794345729e+002 -9.794345729e+002 -1.9258e-001 +3.4845e-001 +3.1549e-001 +1.2191e-002 -6.1008e-001 -5.6062e+000 -1.8042e+000 -2.0804e+000 +3.0422e+000 +1.2369e+000 +6.5762e+000 -1.2782e+000 -1.8308e+000 +6.1947e+000 +3.7490e-001 -5.2192e-001 +2.2054e+000 +1.8013e+000 +3.8852e+000 -5.7721e+000
% function evaluation | noise-free fitness - Fopt (-6.554000000000e+001) | best noise-free fitness - Fopt | measured fitness | best measured fitness | x1 | x2...
1 +1.032853954e+002 +1.032853954e+002 +3.774539542e+001 +3.774539542e+001 -2.5893e+000 +2.0988e+000 -3.1363e+000 +4.6351e+000 -3.0005e-001 -2.9858e-001 +1.8288e+000 +8.0716e-003 -1.1512e+001 +1.0632e+000 -2.5229e+000 -5.2031e+000 +1.8061e+000 -7.5767e+000 -1.7958e+000 +8.1685e+000 -4.4660e+000 -4.4025e+000 -3.2480e+000 -3.6955e+000
2 +8.266029509e+001 +8.266029509e+001 +1.712029509e+001 +1.712029509e+001 -3.1214e+000 -4.9792e+000 -5.0663e+000 +1.4885e+000 -2.0977e+000 +1.5027e+000 +2.8078e+000 +7.2268e-001 -2.0931e+000 -1.3188e+000 -1.3847e+000 -3.4586e+000 -1.0246e+000 +4.8989e+000 +7.3056e+000 +2.9320e+000 -4.5248e+000 -3.8925e+000 -2.0898e+000 -8.6040e-001
3 +6.322129895e+001 +6.322129895e+001 -2.318701048e+000 -2.318701048e+000 +1.9482e+000 -7.5538e-001 -2.7220e+000 +5.0964e-001 +4.2729e-001 -1.2107e-001 +2.0303e+000 -1.9024e+000 -5.0284e+000 +4.3081e+000 +7.9507e-001 -4.7637e+000 +1.7003e+000 -2.8995e+000 -1.6607e+000 +2.3210e-001 -5.1079e+000 -3.3687e+000 -3.1105e+000 +1.4442e-002
26 +5.839611425e+001 +5.839611425e+001 -7.143885755e+000 -7.143885755e+000 -1.4114e+000 +6.8398e-001 -8.3862e-001 +8.8517e-001 +1.8212e+000 +1.3775e+000 +5.0967e+000 -1.2710e+000 -4.8496e+000 +1.4473e+000 +1.7022e+000 -5.3297e+000 +9.5591e-001 +7.6762e-001 +1.4535e+000 +5.1128e+000 +2.0172e-001 -1.2143e+000 -2.3395e-001 +2.4363e+000
90 +5.554364925e+001 +5.554364925e+001 -9.996350746e+000 -9.996350746e+000 -3.4269e+000 +1.9430e+000 -9.3823e+000 +8.9131e-001 +5.0911e+000 -1.4661e+000 +5.7285e+000 -3.5186e+000 -3.4309e+000 +1.7812e+000 +6.1438e-001 -4.3645e+000 -2.4644e+000 +5.0819e-001 +2.4286e+000 -8.7573e+000 -1.7219e+000 +6.4585e-001 -1.4924e+000 +1.0720e+000
125 +5.029897689e+001 +5.029897689e+001 -1.524102311e+001 -1.524102311e+001 +1.0954e+000 -5.4341e-002 -4.7728e+000 +4.4610e+000 +2.5484e-001 +1.4820e-001 +3.3241e+000 -2.6596e-003 -4.6222e+000 -2.0462e+000 +6.1603e-001 -2.3405e+000 +1.5302e+000 -8.2826e-001 -6.4708e-001 +6.4998e-001 -3.3515e-001 -1.4252e+000 -4.4627e+000 -1.8536e+000
147 +4.163354439e+001 +4.163354439e+001 -2.390645561e+001 -2.390645561e+001 +4.0005e-001 -2.9430e+000 -4.6783e+000 +9.8788e-001 -6.8284e+000 +4.5565e-001 +5.1543e+000 -7.8654e-001 -1.0480e+000 +1.2404e+000 +3.4240e-001 +1.8619e+000 -3.1416e+000 -1.8630e+000 +5.1474e+000 -4.6177e-001 -1.5473e+000 -1.7265e+000 -1.5678e-001 +1.3300e+000
209 +3.779567078e+001 +3.779567078e+001 -2.774432922e+001 -2.774432922e+001 +2.3277e+000 -4.9533e+000 -1.5371e+000 +3.0676e+000 +1.6781e+000 -2.6981e-001 +3.1639e+000 -2.7138e+000 -2.0116e+000 -4.3694e+000 -5.3649e-001 +2.0265e+000 +8.5323e-002 +2.9661e+000 -1.2971e-001 +5.2192e-001 -3.5500e+000 -3.7086e+000 -3.4441e+000 +2.9256e+000
241 +2.454119853e+001 +2.454119853e+001 -4.099880147e+001 -4.099880147e+001 +6.4326e-002 +4.5672e+000 -5.2594e-001 +3.0651e+000 +6.6215e+000 +4.7845e+000 +4.1230e+000 -1.2681e+000 -3.7026e-001 +1.6218e+000 -2.3405e+000 -3.9970e+000 -1.1433e+000 -4.7255e+000 -3.5897e+000 +4.8483e-001 -1.0633e+000 -4.6148e+000 -5.3348e+000 -1.4616e+000
81878 +2.118865120e+001 +2.118865120e+001 -4.435134880e+001 -4.435134880e+001 +1.4711e+000 -1.2405e+000 -3.7615e+000 -2.8971e+000 +3.5573e-001 -4.0760e-001 -3.8066e+000 +1.6378e+000 -4.1328e-002 +1.0313e+000 +2.3399e-001 -1.9492e-001 -6.5136e-001 +2.8152e+000 +3.6493e+000 +2.5901e+000 -8.1848e-001 -3.7059e-001 +1.8813e+000 -4.7585e+000
% function evaluation | noise-free fitness - Fopt (-2.375000000000e+001) | best noise-free fitness - Fopt | measured fitness | best measured fitness | x1 | x2...
1 +1.209415739e+002 +1.209415739e+002 +9.719157392e+001 +9.719157392e+001 -4.4369e-001 +4.0028e+000 +8.9698e-001 -1.0708e+000 +2.5783e+000 -1.5504e+000 -3.6318e+000 +4.7661e+000 +4.5028e+000 +8.0437e+000 -1.8278e-001 +3.7316e+000 -1.6464e+000 -1.2883e+000 +2.8990e+000 +1.9362e+000 +1.3550e+000 -2.1025e+000 -3.5821e+000 -3.0559e+000
2 +9.479377352e+001 +9.479377352e+001 +7.104377352e+001 +7.104377352e+001 +4.2274e+000 +5.1118e-001 -5.5814e+000 -2.8143e+000 +2.3785e+000 +2.4015e+000 +5.6843e-001 -5.1984e+000 +2.0650e+000 +5.2103e+000 +7.8123e+000 +3.0141e+000 +1.6744e+000 -3.2775e-002 +1.1303e+000 -2.9310e-001 +3.6329e+000 +8.6400e-001 -2.7216e+000 -6.4743e+000
3 +6.940008561e+001 +6.940008561e+001 +4.565008561e+001 +4.565008561e+001 +5.3591e-001 -3.1679e+000 +9.3508e-001 +1.1087e-001 +1.0199e+000 +1.1755e+001 -1.3081e-001 +3.5929e+000 +2.2995e+000 +1.3968e+000 -1.7548e+000 +6.3854e+000 -1.1358e+000 -3.3180e+000 +2.9035e+000 -1.7801e+000 -1.6493e+000 +4.0311e-001 -3.1592e+000 -2.3795e+000
22 +5.822903069e+001 +5.822903069e+001 +3.447903069e+001 +3.447903069e+001 -4.5498e+000 +3.9481e-001 +1.9011e+000 -2.5711e+000 +2.4440e+000 -1.7731e+000 -3.1930e+000 +4.0257e+000 -1.0990e-001 +4.7523e+000 -2.0014e+000 +4.0102e+000 -4.5641e-001 -2.9432e+000 +5.4058e+000 +9.6159e-001 -1.3441e+000 +1.5928e-001 -8.5030e+000 -5.7724e+000
58 +4.304855158e+001 +4.304855158e+001 +1.929855158e+001 +1.929855158e+001 -5.4971e-001 +4.3311e+000 +2.8148e-003 -1.8030e+000 -3.7793e+000 +4.3156e+000 -2.7195e+000 +4.3513e+000 +3.0157e+000 +6.8120e+000 -8.6115e-001 +3.9410e+000 -8.7107e-001 -4.9606e+000 +9.2373e-001 -3.7870e+000 +1.9323e+000 +2.7771e-001 -2.3028e+000 -3.6267e+000
60 +4.156905360e+001 +4.156905360e+001 +1.781905360e+001 +1.781905360e+001 -1.0835e+000 +1.5553e+000 +2.5979e+000 -7.1040e-001 +1.3511e+000 +4.7113e+000 -2.8348e+000 +8.0688e-001 +2.2630e+000 -3.8318e-001 -1.8908e+000 +3.3851e+000 -4.0553e+000 -2.8427e+000 +4.7570e+000 +2.0113e-001 +3.8902e+000 -5.6966e+000 -9.1683e-001 -7.7644e-001
265 +3.559031190e+001 +3.559031190e+001 +1.184031190e+001 +1.184031190e+001 +1.7980e+000 -1.1321e+000 +2.0175e+000 -1.8397e+000 +5.4726e+000 +5.8695e+000 -2.9234e+000 -4.4330e-001 +4.3900e+000 +4.8009e+000 -1.0061e+000 -7.7624e-001 -1.8380e+000 -6.9853e+000 +6.0685e+000 +1.3231e-002 +6.0552e+000 -7.5759e-001 -3.1697e-001 -4.9120e+000
414 +3.165686313e+001 +3.165686313e+001 +7.906863133e+000 +7.906863133e+000 -7.4709e-001 +2.2433e+000 -8.0150e-001 -4.4675e-001 +3.1420e+000 -1.5116e-001 -2.8901e-001 +4.1106e+000 +4.2742e+000 +3.7645e+000 -3.9761e+000 +3.1078e+000 +5.0726e-001 -3.0837e+000 +5.9501e+000 +1.8709e-001 -2.6739e+000 -8.1470e+000 -3.3544e+000 -2.2896e+000
2170 +2.567975260e+001 +2.567975260e+001 +1.929752602e+000 +1.929752602e+000 -5.0264e+000 -3.1804e+000 +3.6258e+000 -1.3876e+000 +5.9048e+000 +1.8029e+000 +1.0893e+000 +5.7023e+000 +1.5681e+000 +2.4066e+000 +3.6305e-001 +2.5884e+000 +2.2059e-001 +1.4006e+000 +7.8948e-001 -1.0980e+000 +1.3792e+000 +2.8175e+000 -2.9294e+000 -4.9518e+000
129794 +2.161224735e+001 +2.161224735e+001 -2.137752654e+000 -2.137752654e+000 -2.9665e+000 +6.9125e-001 -2.6020e+000 -3.6215e-001 -1.6581e-001 +5.9781e-001 -4.6370e-001 -4.4661e+000 -9.3358e-001 +1.5560e+000 -8.8212e-001 -4.6597e+000 -2.3627e+000 +2.8870e+000 +9.8522e-001 -4.5080e+000 +2.0547e+000 +2.5146e+000 +2.3725e+000 -1.1315e+000
141907 +2.105061665e+001 +2.105061665e+001 -2.699383349e+000 -2.699383349e+000 +1.5182e+000 +3.4553e+000 +2.7931e+000 -1.2995e+000 -7.6510e-001 +8.5998e-001 -7.7817e-001 -2.9772e+000 -2.8954e+000 +6.3786e-001 -9.4659e-001 -1.3174e+000 -8.3394e-001 -1.6681e+000 +1.0741e+000 +4.1437e+000 +7.0811e-001 -6.7299e-001 +1.4567e+000 +1.0462e+000
% function evaluation | noise-free fitness - Fopt (3.513000000000e+001) | best noise-free fitness - Fopt | measured fitness | best measured fitness | x1 | x2...
1 +1.064179758e+002 +1.064179758e+002 +1.415479758e+002 +1.415479758e+002 -8.0251e-001 -5.3053e+000 +1.9575e-002 +1.4848e+000 +2.1205e+000 +3.0583e+000 -1.9440e+000 +2.0730e+000 -5.3376e+000 +3.1982e+000 +1.4564e+000 -4.7142e+000 -6.6154e+000 -1.7565e+000 -6.8639e-001 -1.8143e+000 -8.4903e+000 -4.8637e+000 +5.0853e+000 -2.3020e+000
3 +7.561388131e+001 +7.561388131e+001 +1.107438813e+002 +1.107438813e+002 -1.6740e+000 +1.9098e+000 -3.2744e+000 -1.1711e+000 +2.3521e+000 +7.2986e+000 -2.9131e+000 +2.5275e+000 -5.4635e+000 +4.2047e+000 +3.4024e+000 -7.3395e+000 -9.6153e-002 -4.5849e-001 +1.6137e+000 +1.1315e-001 -1.5381e+000 -3.9395e+000 +3.6559e+000 -4.0237e+000
4 +6.314559821e+001 +6.314559821e+001 +9.827559821e+001 +9.827559821e+001 +7.5072e-002 -2.9989e+000 +5.0486e+000 +1.9279e+000 +4.1881e+000 -4.6786e+000 -3.2349e+000 +2.9369e+000 -4.9972e+000 +3.4848e+000 -1.3003e+000 -6.2590e+000 -3.4553e+000 -2.3068e+000 -3.8873e+000 +1.8744e+000 -1.0723e+000 -7.7143e+000 +2.2911e+000 +1.1917e-001
12 +5.904929247e+001 +5.904929247e+001 +9.417929247e+001 +9.417929247e+001 +4.4162e-001 -4.9211e+000 -4.5066e+000 -2.6166e-001 +2.8071e+000 +4.2190e+000 -3.1159e+000 +1.5430e+000 -3.3292e+000 +5.1931e+000 +6.7194e+000 -4.0958e+000 -3.7170e+000 -1.5203e+000 -2.6248e+000 +1.0596e+000 -2.7334e+000 -1.4854e+000 +2.7358e+000 -1.8824e+000
35 +5.372110265e+001 +5.372110265e+001 +8.885110265e+001 +8.885110265e+001 +1.4156e+000 -3.3082e+000 -6.9136e+000 -1.3156e+000 -5.5885e+000 +7.0520e-001 -6.3844e+000 +2.1649e+000 -3.6941e+000 +3.2040e+000 -3.1422e+000 -3.4696e+000 -2.2275e+000 -5.1407e-001 +6.5094e+000 +4.5110e+000 -5.2129e+000 +3.3378e+000 +6.4906e+000 -5.7012e+000
38 +5.086486791e+001 +5.086486791e+001 +8.599486791e+001 +8.599486791e+001 -5.4633e-001 -2.2083e+000 -4.8101e+000 -4.3339e+000 +5.7212e+000 +8.2317e-001 -5.3757e+000 +2.5397e+000 +7.6002e-001 +6.8640e+000 -1.9312e+000 -5.8623e-001 -5.0063e+000 -3.2123e+000 -3.3757e+000 +7.3171e-002 +2.1188e+000 -3.4602e+000 -6.2769e+000 -3.1315e+000
168 +4.951446446e+001 +4.951446446e+001 +8.464446446e+001 +8.464446446e+001 +6.7869e+000 -1.3193e+000 +2.3758e+000 -9.2636e-002 +2.0333e+000 -2.5790e+000 -6.9209e+000 -4.2980e-001 -5.3923e+000 +4.5632e+000 -3.6828e+000 -6.4734e+000 -2.0648e+000 -4.7650e+000 -1.2263e+000 -2.6796e+000 +2.0835e+000 -4.6576e+000 +2.4325e-001 -1.7475e+000
190 +4.531304640e+001 +4.531304640e+001 +8.044304640e+001 +8.044304640e+001 -2.4956e-001 -1.8122e+000 -5.3329e+000 -8.9948e-001 +5.2138e+000 +4.2519e+000 -4.2636e+000 +4.1491e+000 -4.1599e+000 +5.8436e+000 -5.8298e+000 -4.2903e+000 -6.4451e+000 -1.7687e+000 +9.8811e-002 -9.9175e-001 -1.9615e+000 -2.3937e+000 +5.3441e+000 -2.6402e+000
253 +3.904291198e+001 +3.904291198e+001 +7.417291198e+001 +7.417291198e+001 +6.4443e+000 -1.7201e+000 +3.5305e+000 -3.3921e+000 +4.0124e+000 -1.2200e+000 -4.4622e+000 -6.2561e-001 -2.0411e+000 +1.7963e+000 -1.9899e+000 -3.4694e+000 -2.4262e+000 -5.3273e-001 +1.1863e+000 -3.4113e+000 +3.4823e+000 -2.7076e+000 -4.8703e-001 +1.4381e+000
1143 +3.843466664e+001 +3.843466664e+001 +7.356466664e+001 +7.356466664e+001 +1.8425e+000 +3.4735e+000 +1.4445e+000 -2.7631e+000 +5.2719e-001 -2.9911e-001 -4.1502e+000 -4.2516e-001 -4.3913e+000 +2.6350e+000 +7.7876e-001 -1.6130e+000 +2.4047e+000 -5.1624e+000 -2.5857e+000 -2.8133e-001 -3.9613e+000 -2.9480e+000 -3.1832e-001 -3.1391e+000
1570 +3.718373319e+001 +3.718373319e+001 +7.231373319e+001 +7.231373319e+001 +5.3138e-002 -5.3886e+000 -3.9343e-001 -2.4406e+000 +4.6400e+000 -1.2981e+000 -3.1283e-002 +6.0421e-001 -4.5782e+000 +2.7647e+000 -1.0697e+000 -2.9133e+000 +1.9296e+000 -3.6445e+000 -2.3675e-001 +5.9683e-001 +1.4273e+000 -9.9181e-001 -5.2850e-001 +2.9811e+000
1585 +2.986184788e+001 +2.986184788e+001 +6.499184788e+001 +6.499184788e+001 +1.3202e+000 -5.6839e+000 +9.7467e-001 +1.7832e+000 +6.6508e-001 -5.9297e-001 +1.2528e+000 -4.7044e+000 -2.0059e+000 +4.1061e+000 +1.6044e+000 +8.0059e-001 +3.4610e+000 +5.1214e+000 -2.3247e+000 -4.0188e-002 -2.6957e+000 +2.8236e+000 +3.5250e+000 +8.3259e-001
2205 +2.415021621e+001 +2.415021621e+001 +5.928021621e+001 +5.928021621e+001 -1.4440e-001 +9.8956e-001 +1.9917e+000 -2.7078e+000 +3.7684e+000 -4.6698e-001 +1.7773e+000 -1.3284e+000 +3.6187e-001 +2.3362e+000 -6.1332e-001 -2.2419e+000 +2.2408e+000 -3.3261e+000 -1.4037e-001 -6.5168e+000 -1.6494e+000 -9.3148e-001 -1.3852e+000 -9.5086e-001
47299 +2.101470349e+001 +2.101470349e+001 +5.614470349e+001 +5.614470349e+001 +1.6584e+000 +2.8261e+000 +4.9960e-001 +3.0859e-001 -1.8150e+000 +7.5571e-001 +1.9427e-001 +6.0359e-001 +2.1388e+000 +2.2622e+000 +1.9727e+000 -1.5556e+000 -2.7397e+000 -1.3300e+000 -1.1216e+000 +3.0102e+000 -1.4616e+000 -6.7261e-001 +5.6408e+000 +2.2892e+000
% function evaluation | noise-free fitness - Fopt (-7.982000000000e+001) | best noise-free fitness - Fopt | measured fitness | best measured fitness | x1 | x2...
1 +1.063102824e+002 +1.063102824e+002 +2.649028241e+001 +2.649028241e+001 -3.3720e+000 -1.8497e+000 -1.2507e+000 -8.5173e-001 -1.0781e-001 +2.5901e+000 -4.6830e-001 +1.4450e+000 +8.7370e-001 -6.2038e+000 -2.0877e+000 -1.5017e+000 +2.9775e+000 +5.4511e+000 -5.1773e+000 +4.4015e+000 +1.6027e+000 +4.0306e+000 +1.4261e+001 -4.4145e+000
3 +8.777946030e+001 +8.777946030e+001 +7.959460297e+000 +7.959460297e+000 -7.2970e-001 -1.4901e+000 -6.1200e+000 +7.5821e-001 -5.0922e-002 +3.6091e+000 +8.5522e+000 +7.6866e-002 +1.1311e+000 -5.0027e+000 -2.8571e+000 +3.1467e+000 +4.0327e+000 -3.1717e+000 -9.1848e-001 +4.4707e+000 +4.7997e+000 +6.5054e+000 +4.8156e+000 -6.1876e+000
5 +7.555552621e+001 +7.555552621e+001 -4.264473794e+000 -4.264473794e+000 +9.7999e+000 -4.0387e-001 -4.9980e+000 -3.2090e+000 +1.4020e-001 +3.3018e-001 +4.7235e+000 +1.3335e+000 +8.4748e+000 -5.3297e+000 -3.6559e+000 -4.0227e+000 +1.6426e-001 -8.4776e-001 -3.7167e+000 +6.7269e+000 +5.2411e+000 -3.5340e-001 +1.5478e+000 -4.1125e+000
9 +6.017817841e+001 +6.017817841e+001 -1.964182159e+001 -1.964182159e+001 -1.4822e+000 -3.5950e-001 -1.9834e+000 +3.9742e+000 +2.8066e-001 +3.6672e+000 +3.7133e+000 +1.2014e+000 +8.8953e+000 -2.4944e+000 +1.0593e+000 -6.6889e-001 +1.0640e+000 -2.7583e-001 -1.3893e+000 +3.1042e+000 +9.1036e-001 +4.8267e+000 +1.8962e+000 -5.4147e+000
18 +5.870907452e+001 +5.870907452e+001 -2.111092548e+001 -2.111092548e+001 -9.3407e-001 -1.0016e+000 -5.8338e+000 +1.4155e+000 +2.1403e+000 +1.0145e+000 +4.6502e+000 -1.0169e+000 -5.7315e-002 -4.9805e+000 +4.7855e-001 +1.0156e+000 +3.5541e-001 +3.4254e+000 -4.0821e+000 -3.6060e-001 +5.6485e+000 +4.4925e+000 +3.0310e+000 -5.0258e+000
30 +4.773398559e+001 +4.773398559e+001 -3.208601441e+001 -3.208601441e+001 -4.6341e+000 -2.8133e+000 -2.9884e+000 +1.7164e+000 +3.1358e-001 +1.2873e+000 +5.4368e+000 +2.7875e+000 +5.2303e-001 -3.4537e+000 -7.5418e-001 -6.6145e-001 +2.4162e+000 +1.9761e+000 -3.1469e+000 +4.0810e+000 +4.3354e+000 +4.5802e+000 +2.2675e+000 -4.2395e+000
90 +4.266682294e+001 +4.266682294e+001 -3.715317706e+001 -3.715317706e+001 -2.2411e+000 -1.0539e-001 -3.5930e+000 +3.1006e+000 -1.4120e-001 +4.5902e+000 +3.0689e+000 +6.7367e-001 -1.6534e+000 -4.0656e+000 +6.6601e-003 +1.9688e+000 +5.9462e-001 +4.6613e-001 -5.0377e+000 -3.5885e+000 +4.2427e+000 +6.4957e+000 +2.6573e+000 -2.9636e+000
324 +2.364833120e+001 +2.364833120e+001 -5.617166880e+001 -5.617166880e+001 +1.0846e+000 +2.9826e+000 -2.2513e+000 -1.4623e+000 +6.6845e-001 +4.4768e+000 +4.3297e+000 -1.3020e+000 +1.1683e-002 -3.4833e+000 -1.4348e+000 +1.1871e+000 +3.2864e+000 +6.7032e+000 -3.6725e+000 +2.4026e+000 +5.7036e+000 +3.9887e+000 -5.2939e-001 -2.5541e+000
156310 +1.880146945e+001 +1.880146945e+001 -6.101853055e+001 -6.101853055e+001 +2.5682e-001 +3.0480e-001 +5.4388e-001 -1.2666e-001 -2.6677e+000 -1.8908e+000 -2.0921e+000 -5.1728e+000 +9.2879e-001 -7.7691e-001 +1.4898e+000 +9.6842e-001 +1.3291e+000 +5.8941e-001 -1.7657e+000 +3.2861e+000 +2.4227e+000 +1.8075e+000 -1.2049e-001 +3.2773e+000
% function evaluation | noise-free fitness - Fopt (1.925800000000e+002) | best noise-free fitness - Fopt | measured fitness | best measured fitness | x1 | x2...
1 +7.533314646e+001 +7.533314646e+001 +2.679131465e+002 +2.679131465e+002 +1.9330e+000 +5.9450e+000 -3.6948e+000 -1.1521e-001 -2.3362e+000 -2.4011e+000 +7.9432e-001 -2.2499e+000 -2.3974e+000 -6.0251e+000 -3.1183e+000 +1.8560e+000 +5.1119e+000 +6.5151e-002 -2.3405e+000 -4.7201e+000 +2.5066e+000 -3.7786e+000 +2.7588e+000 -6.2839e+000
2 +7.086262395e+001 +7.086262395e+001 +2.634426240e+002 +2.634426240e+002 +2.5158e+000 -1.2428e+000 -5.5924e-001 +1.4457e+000 +3.6386e+000 -4.4085e+000 -5.0371e+000 -1.9886e+000 -4.6435e+000 +3.4070e+000 +3.1106e-002 +3.0955e+000 +1.0727e+001 -2.6331e+000 -1.0874e+000 -7.4244e+000 -2.6637e+000 -9.1707e-002 -3.6484e+000 -4.5445e+000
5 +6.788366377e+001 +6.788366377e+001 +2.604636638e+002 +2.604636638e+002 -1.1357e+000 -2.0000e+000 -2.2419e-001 -2.4142e-001 +1.2196e-001 -5.0286e+000 +2.2965e-001 -2.0114e+000 -3.6470e+000 +2.1190e+000 -4.3064e+000 +2.9772e+000 +6.1076e+000 -2.1170e+000 -4.8508e+000 -3.1558e+000 +5.7501e-001 +1.0464e-001 +5.3950e+000 -3.4910e+000
8 +6.222685160e+001 +6.222685160e+001 +2.548068516e+002 +2.548068516e+002 +3.1951e-001 -3.1526e+000 -2.6457e-001 +2.5690e+000 +2.7217e+000 -1.8867e+000 +8.1760e-001 -4.2613e+000 -6.2713e+000 +3.8768e+000 -4.6136e+000 -8.2678e-001 +4.9920e+000 +1.7380e+000 -7.9004e+000 -5.8949e+000 +1.7133e+000 -3.5458e-001 -4.9026e+000 -3.3142e+000
10 +5.447759518e+001 +5.447759518e+001 +2.470575952e+002 +2.470575952e+002 -5.7383e+000 -1.7325e+000 -2.0938e+000 +3.1762e+000 -1.1634e+000 -3.2387e+000 +2.3784e+000 -4.3713e+000 -4.7622e+000 +5.4328e+000 -3.9134e+000 +2.8884e+000 +4.7739e+000 -5.7979e-002 -4.2008e+000 -5.7073e+000 +7.6498e+000 -4.4808e+000 -2.8164e+000 -3.2596e+000
17 +5.275610290e+001 +5.275610290e+001 +2.453361029e+002 +2.453361029e+002 +6.6657e-001 -1.9727e+000 -1.1426e+000 -1.4744e+000 +7.3694e-001 +3.2155e-001 +4.4010e+000 -1.1792e+000 -3.1293e+000 +6.1772e+000 -3.9270e+000 +1.1747e+000 +4.2039e+000 -1.7416e+000 -3.4744e+000 -8.4454e+000 +3.6269e+000 +4.8029e-001 +3.3708e-001 -4.3810e+000
41 +4.638831500e+001 +4.638831500e+001 +2.389683150e+002 +2.389683150e+002 -5.0461e+000 -2.3319e+000 -1.8595e+000 +5.0895e-001 -2.3030e+000 -6.5408e+000 -6.9630e-001 -3.5338e+000 -3.4387e+000 +3.4593e+000 -1.7668e+000 +1.7756e+000 +3.3133e+000 +7.0710e-001 -6.0040e+000 -5.9327e+000 +2.6436e+000 -1.3984e+000 +4.7199e+000 -8.1952e-002
70 +4.415767128e+001 +4.415767128e+001 +2.367376713e+002 +2.367376713e+002 -5.6444e-002 -2.2623e+000 -2.5974e+000 -2.4761e+000 +3.2898e-001 -1.2580e+000 +1.6758e+000 -8.1692e+000 -3.6819e+000 +4.0800e+000 -3.5604e+000 -3.6866e-001 +2.7131e+000 -1.4358e+000 -3.0385e+000 -4.7055e+000 +3.9333e+000 +6.3405e+000 +3.9096e+000 -7.3005e+000
456 +4.075969345e+001 +4.075969345e+001 +2.333396934e+002 +2.333396934e+002 -6.3154e-003 -4.0102e+000 -5.1890e-002 -4.1649e-001 -5.7338e+000 +1.1060e+000 -7.4943e-001 -3.4156e+000 -3.2509e+000 +4.7647e-001 +2.1803e+000 +4.1347e+000 +2.5798e+000 +3.1308e+000 -3.3204e-001 -2.9261e-001 +2.1120e+000 +1.7112e+000 +4.4843e+000 -3.6538e+000
464 +3.898235106e+001 +3.898235106e+001 +2.315623511e+002 +2.315623511e+002 -3.4551e-001 -4.4263e+000 -1.3598e-001 -2.3555e-001 -6.0703e+000 -6.2316e-001 -1.2305e+000 -3.2142e+000 -2.7659e+000 +2.6444e+000 -1.0897e+000 -5.8116e-001 +2.4722e+000 -5.3205e-001 -6.3632e+000 -4.5532e+000 +3.4381e+000 +1.6005e-001 -1.9461e+000 -1.7284e+000
1130 +3.831586762e+001 +3.831586762e+001 +2.308958676e+002 +2.308958676e+002 -1.3638e+000 +1.8661e+000 -2.2016e-001 +7.3334e-002 +3.9657e+000 -6.4213e-001 +3.8578e+000 -4.8188e+000 -5.5283e+000 +1.5003e+000 -1.7456e+000 -5.5700e-001 -2.1322e-001 -1.8206e+000 +1.1240e+000 -3.8343e+000 +4.7779e+000 -1.9527e-001 -1.3635e-001 -2.6559e+000
1500 +2.708984344e+001 +2.708984344e+001 +2.196698434e+002 +2.196698434e+002 -8.8433e-001 -3.5462e-001 -8.8481e-001 +1.4485e+000 +6.7796e+000 -3.5732e+000 +2.0092e+000 -4.6548e+000 -3.2866e+000 -3.1915e+000 +6.0839e-001 -1.5255e+000 +3.4339e+000 -1.9370e+000 +5.9137e-001 -1.1294e+000 +2.1000e+000 -6.1805e-002 -2.1212e+000 +5.1168e-001
6916 +2.593618980e+001 +2.593618980e+001 +2.185161898e+002 +2.185161898e+002 -3.8653e+000 +5.5974e+000 -3.1801e+000 -3.6873e-001 +9.3869e-001 -1.8546e+000 +4.4969e+000 +2.0883e-001 +1.5808e+000 +5.9363e+000 +4.9509e+000 +1.9111e+000 -4.3396e+000 +1.4675e+000 +3.4362e+000 +1.1149e+000 -6.4468e-001 -1.5181e+000 -2.1746e+000 +2.9783e+000
13293 +2.175833470e+001 +2.175833470e+001 +2.143383347e+002 +2.143383347e+002 +9.8236e-001 -1.3929e+000 -1.0725e+000 +1.4602e+000 +1.7280e+000 -6.5648e-001 -6.4023e+000 +4.4661e-001 -2.6705e+000 -1.0854e+000 +2.5438e+000 +2.6846e+000 -2.8972e+000 +1.7856e+000 +1.4164e+000 +1.9430e+000 +5.8096e+000 +5.2785e-001 -2.0131e+000 +2.9077e+000
141793 +1.735633850e+001 +1.735633850e+001 +2.099363385e+002 +2.099363385e+002 -4.8403e-001 +2.0390e-001 +1.8087e+000 +1.8468e+000 -1.6555e-001 +3.5941e-001 +4.7009e+000 -5.0845e+000 +1.0919e+000 +1.7157e+000 -2.5032e+000 +1.8282e+000 -2.4658e+000 +5.0359e+000 -2.6355e+000 +5.1838e-001 -1.9886e+000 -2.6306e+000 -2.5149e+000 +2.7752e+000
% function evaluation | noise-free fitness - Fopt (-2.684800000000e+002) | best noise-free fitness - Fopt | measured fitness | best measured fitness | x1 | x2...
1 +7.577779167e+001 +7.577779167e+001 -1.927022083e+002 -1.927022083e+002 -2.4054e+000 -3.6956e+000 +2.8149e+000 -3.5664e+000 +3.4422e+000 +5.1385e-001 -6.2060e+000 -4.4899e+000 -1.3522e+000 -4.1665e+000 -1.9978e+000 +8.8227e-001 +2.7350e+000 -1.7386e+000 -3.7345e+000 -3.1388e+000 -3.3270e+000 -2.8764e+000 -1.8269e+000 -8.4293e-001
5 +4.919907968e+001 +4.919907968e+001 -2.192809203e+002 -2.192809203e+002 -2.8259e+000 -3.6134e+000 +2.8775e+000 +3.0695e-001 -1.9108e+000 +8.6106e-002 +3.9305e+000 -1.5439e+000 -4.3390e+000 -8.1690e-001 -1.6289e+000 +2.1776e+000 +1.7779e+000 +1.2612e-001 -4.1727e+000 -2.9080e+000 -4.8841e+000 -1.9593e+000 -4.1495e+000 -4.3256e+000
45 +4.417071909e+001 +4.417071909e+001 -2.243092809e+002 -2.243092809e+002 +1.2590e+000 -2.3431e+000 -7.9079e-001 -3.1897e+000 +5.5251e-001 +2.1076e+000 +2.1901e+000 -2.9115e+000 +1.4258e+000 +1.2817e+000 +1.2188e+000 +2.2837e+000 +2.1858e+000 -6.2434e-001 -5.3534e-001 -2.9625e+000 -3.3209e+000 -3.6448e+000 -5.6369e+000 +1.2855e+000
490 +4.247751903e+001 +4.247751903e+001 -2.260024810e+002 -2.260024810e+002 -1.5688e+000 -5.0349e+000 -8.5021e-001 -6.0505e+000 +2.9132e+000 -8.2707e-001 -2.0978e+000 -4.2597e+000 -1.3325e+000 -5.0199e+000 +6.6223e-001 -3.8115e-001 +1.3864e+000 -3.7311e+000 -5.3792e+000 -6.2377e+000 -2.2951e+000 -3.1649e+000 -3.4118e+000 -3.9200e+000
536 +2.870046129e+001 +2.870046129e+001 -2.397795387e+002 -2.397795387e+002 -6.6874e+000 -2.6856e+000 +1.4782e+000 -2.1690e+000 +3.3787e+000 -4.2224e+000 +1.6595e+000 -5.2150e+000 +2.1533e+000 -1.0867e+000 -3.7909e+000 +1.0959e+000 +1.9939e+000 +2.1871e+000 -2.2533e-002 -6.3752e+000 -2.8817e-001 -2.9445e+000 -2.4275e+000 -2.2565e+000
1563 +2.780232775e+001 +2.780232775e+001 -2.406776723e+002 -2.406776723e+002 -6.2119e+000 -3.3891e+000 -1.1730e+000 -6.4488e+000 -1.2250e+000 +3.1010e+000 +1.4785e+000 -3.3134e+000 -3.4265e+000 -9.0341e-001 +5.5575e+000 +1.5246e+000 -3.9049e+000 -8.9742e-001 -1.5368e+000 -2.8579e+000 +9.7426e-001 -3.3301e+000 -8.9425e-001 -2.8323e+000
10282 +2.735753815e+001 +2.735753815e+001 -2.411224618e+002 -2.411224618e+002 +9.0721e-001 -1.5655e+000 -2.5737e+000 -3.6281e-001 -3.0242e+000 +1.9404e+000 +1.0297e+000 +3.6626e+000 +8.6182e-001 +1.1527e+000 +8.7643e+000 -9.2984e-001 +3.5720e+000 +1.9195e+000 -6.8578e+000 -3.6160e+000 +4.2597e+000 +5.1320e+000 +3.2635e+000 -5.6547e-001
10354 +2.551836424e+001 +2.551836424e+001 -2.429616358e+002 -2.429616358e+002 +3.6813e+000 -4.3983e+000 -1.5614e+000 -3.2690e-001 -6.1432e+000 +1.0153e+000 +1.8245e+000 +2.3432e+000 -1.5885e-001 +2.2239e+000 +1.3457e+000 +7.9894e-001 +1.4857e+000 -2.4907e+000 -3.3761e+000 +7.1728e+000 +4.5162e+000 -8.4694e+000 -3.1522e+000 -4.5273e+000
44301 +1.936618950e+001 +1.936618950e+001 -2.491138105e+002 -2.491138105e+002 +9.0522e-001 +5.1303e+000 +3.4504e+000 -3.5796e-002 +1.8694e+000 +8.9888e-001 +1.5607e-001 +4.1719e+000 +2.5869e+000 -2.7964e+000 -4.0567e+000 -3.1486e-001 +3.9079e+000 +3.5021e+000 -1.7877e-001 +2.3223e+000 -1.6854e+000 -7.6583e-003 +7.6658e-001 +1.2263e+000
% function evaluation | noise-free fitness - Fopt (-1.000000000000e+003) | best noise-free fitness - Fopt | measured fitness | best measured fitness | x1 | x2...
1 +8.313024637e+001 +8.313024637e+001 -9.168697536e+002 -9.168697536e+002 -4.9491e-001 +2.7127e-001 +5.4327e+000 -5.1870e+000 +3.3239e+000 -1.2054e+000 +2.9874e+000 +2.2618e+000 +1.6451e+000 -5.9401e+000 -1.3462e+000 -4.2832e+000 -1.5025e+000 -2.9026e+000 -3.0998e+000 +1.7800e+000 -3.5767e+000 -1.4236e+000 +2.8041e+000 +2.4288e+000
5 +7.406176950e+001 +7.406176950e+001 -9.259382305e+002 -9.259382305e+002 +1.3769e+000 -1.4391e+000 +3.1611e+000 -4.2483e+000 -1.3434e+000 +5.1727e+000 +3.7647e+000 -1.1679e+000 +2.2571e-001 -3.8149e+000 -1.3429e+000 -4.6528e+000 -1.4374e+000 +1.6794e-001 -2.8799e+000 -3.7913e-001 -4.2220e+000 -1.7412e+000 +2.4396e+000 +1.9225e+000
16 +4.703502065e+001 +4.703502065e+001 -9.529649794e+002 -9.529649794e+002 -9.8531e-001 +1.4350e+000 +4.2112e+000 -1.9668e+000 +7.7549e+000 -5.8223e+000 +6.0517e+000 -2.1373e+000 +3.7574e+000 -5.0664e+000 +3.9975e-001 -3.7238e+000 +5.0462e+000 -5.3104e+000 -2.6889e+000 +2.4544e+000 -1.8709e+000 -3.3893e-001 +3.5400e+000 -2.0523e-001
25 +3.777022446e+001 +3.777022446e+001 -9.622297755e+002 -9.622297755e+002 +1.9368e-001 -6.6117e+000 +4.9102e+000 -4.0360e+000 +7.2332e+000 -1.0625e+000 +4.5921e+000 -6.5161e+000 +3.2374e+000 -4.7095e+000 +1.2461e+000 -9.4376e-001 -1.7743e+000 -5.0556e-001 -9.3553e-001 +2.8244e+000 -1.2558e+000 -1.9618e+000 +2.9779e+000 +2.5813e+000
555 +3.714527784e+001 +3.714527784e+001 -9.628547222e+002 -9.628547222e+002 -2.5736e+000 +3.5308e+000 +6.9093e+000 +1.1692e+000 +6.1162e+000 -1.0701e+000 +7.4493e-001 -7.1606e+000 +1.6915e+000 -6.0090e+000 -1.5344e+000 +1.3009e-001 +2.6196e+000 +5.9801e-001 -1.9063e+000 +5.6095e+000 -4.7091e+000 -1.3431e+000 +2.2064e+000 +4.4801e+000
2804 +3.577562909e+001 +3.577562909e+001 -9.642243709e+002 -9.642243709e+002 +2.5050e-001 -7.3588e-001 -1.8910e+000 -4.6077e+000 -1.0827e-001 -2.4678e+000 -1.1519e+000 +2.1955e+000 +1.9286e+000 -6.0008e-002 -1.3127e-001 +9.9442e-001 -2.8022e-001 +7.0066e-001 -7.0993e-001 +2.6952e+000 -2.4761e+000 +1.2296e+000 -1.5389e+000 -4.3293e-001
2857 +3.334208236e+001 +3.334208236e+001 -9.666579176e+002 -9.666579176e+002 -9.0202e-001 -4.0364e+000 -2.8894e+000 +1.4320e+000 -9.3530e-001 -2.9392e+000 +9.6805e-001 +8.7520e-001 +1.0606e+000 +1.2887e-001 +1.2102e+000 +3.9573e+000 +3.4440e+000 +8.2654e-001 -4.8775e+000 +2.5959e-002 +1.6185e+000 +4.1071e+000 +4.7913e-001 -4.1174e+000
2996 +3.286534176e+001 +3.286534176e+001 -9.671346582e+002 -9.671346582e+002 +2.1870e+000 -1.3600e+000 -1.0819e+000 +2.6590e+000 -3.9532e-001 -2.7904e+000 -4.3807e+000 +3.3774e+000 +2.8594e-001 -1.4054e+000 +1.4084e-001 +2.7071e+000 -2.3585e-001 +3.7667e+000 -2.8963e+000 -2.7778e+000 -1.0298e+000 +4.0731e+000 -1.7888e+000 -2.5697e+000
3502 +3.222069722e+001 +3.222069722e+001 -9.677793028e+002 -9.677793028e+002 -4.5711e+000 +2.0763e+000 +2.5814e+000 -6.6723e-001 -4.4563e+000 -3.7002e+000 -5.6382e+000 +3.0349e+000 +2.9554e+000 +2.5075e+000 +1.5551e+000 -3.3266e+000 +1.8309e+000 +2.5737e+000 +2.3962e+000 +6.0170e-001 -2.9278e+000 +2.8487e+000 -2.5319e+000 -6.4588e+000
5620 +1.954776958e+001 +1.954776958e+001 -9.804522304e+002 -9.804522304e+002 -1.5993e+000 +1.2760e-001 +7.4525e-001 +7.4656e-001 -2.6332e-002 -1.5246e+000 +1.5765e+000 +6.9402e+000 +1.9921e-001 +4.5065e+000 +1.1980e+000 +1.4335e-001 +4.2439e-001 +8.0271e-001 +6.9788e+000 +2.3943e+000 -2.3826e+000 +4.4163e+000 +1.9197e-001 -3.8082e+000
14303 +1.823972288e+001 +1.823972288e+001 -9.817602771e+002 -9.817602771e+002 +6.3169e-001 +3.7511e+000 -1.3882e+000 -1.4543e+000 +2.4765e+000 +8.7555e-001 +5.9290e+000 +2.2281e+000 +3.8568e-002 +1.0866e-001 +2.2815e-001 +4.8365e-001 +1.5089e-001 -7.7102e-001 -2.2609e-001 -2.1450e+000 +1.1650e+000 -1.9248e+000 +1.8992e+000 +1.7418e+000
% function evaluation | noise-free fitness - Fopt (-1.388000000000e+001) | best noise-free fitness - Fopt | measured fitness | best measured fitness | x1 | x2...
1 +1.327386378e+002 +1.327386378e+002 +1.188586378e+002 +1.188586378e+002 -7.5529e+000 -1.7651e+000 -1.3406e+000 -2.9075e+000 +3.2758e+000 +5.5938e+000 +2.2707e+000 -1.6541e+000 +6.4113e+000 +1.9682e+000 -1.4384e+000 -2.5201e-001 -4.3132e-001 +2.4119e+000 -2.9741e+000 +1.4439e+001 +2.8910e+000 -2.5497e+000 +1.2539e+000 +4.5422e+000
2 +6.698133407e+001 +6.698133407e+001 +5.310133407e+001 +5.310133407e+001 -2.7294e+000 -3.4238e+000 -2.1936e+000 -6.5306e+000 +4.3022e+000 +4.1222e-001 +2.2046e+000 -6.5428e+000 +2.6345e+000 +1.8348e+000 +7.7712e-001 +4.1186e-001 -3.7337e+000 +3.9109e+000 -6.7380e+000 -1.2763e-001 +2.0652e+000 +3.2095e-001 -1.0310e+000 +6.4101e+000
5 +5.158536740e+001 +5.158536740e+001 +3.770536740e+001 +3.770536740e+001 -2.7976e+000 -3.1122e-001 -3.5158e+000 +1.3174e+000 +3.1776e+000 +5.8668e+000 -4.3623e-001 -4.9123e+000 +9.0029e-001 +1.0676e-001 -4.0139e+000 -2.8416e+000 -9.4285e-001 +2.8677e-001 -5.3609e+000 +8.7736e-001 +3.1681e+000 -6.1551e-001 +2.3381e+000 +4.9311e+000
15 +5.124045980e+001 +5.124045980e+001 +3.736045980e+001 +3.736045980e+001 -4.3801e+000 +1.4148e+000 -4.0545e+000 +2.2850e+000 +6.0776e+000 +3.1555e-001 +6.6183e-001 -7.1279e+000 -9.3367e-002 +2.3269e+000 -1.4218e+000 -3.0019e+000 -7.4247e-001 +5.3748e+000 -2.6240e+000 +5.4309e-001 +2.4716e+000 +3.9158e-002 -2.9370e+000 +6.0547e+000
72 +4.303807232e+001 +4.303807232e+001 +2.915807232e+001 +2.915807232e+001 -5.2658e+000 +6.8236e-002 -4.5979e+000 -4.8168e+000 +8.3365e+000 +2.0629e-001 -2.2067e+000 -4.2662e+000 +6.6099e+000 +5.7717e-001 +1.2145e+000 -4.6744e+000 +1.0327e+000 +2.4771e+000 -7.3842e-001 +3.6894e+000 -2.3388e+000 +2.3965e-001 -2.1174e+000 +4.6523e+000
110 +4.136715911e+001 +4.136715911e+001 +2.748715911e+001 +2.748715911e+001 -7.5917e+000 +2.0923e+000 +9.6742e-001 -6.2465e+000 +3.2323e+000 +1.2358e+000 +1.7480e+000 -5.7437e+000 +5.8541e+000 +4.4019e+000 +5.0977e+000 -3.3937e+000 +7.1264e+000 +1.9157e+000 -1.8989e+000 -3.0704e-002 +3.5146e+000 +1.2822e+000 +9.3339e-002 +3.9256e+000
376 +3.779955269e+001 +3.779955269e+001 +2.391955269e+001 +2.391955269e+001 -3.6783e+000 +6.2461e+000 -3.7829e+000 -1.6422e+000 +4.5879e+000 -1.6790e+000 +5.8654e-001 -6.7920e+000 +2.8139e+000 -5.2827e-001 +2.0200e-001 -3.4764e+000 +2.7497e+000 +4.2944e+000 -1.5821e+000 -3.2505e+000 +1.0245e+000 -2.3759e+000 -1.4067e+000 +3.3545e+000
529 +3.607864656e+001 +3.607864656e+001 +2.219864656e+001 +2.219864656e+001 -3.9864e+000 +3.5250e+000 -1.7300e+000 +7.9980e-001 +3.1709e+000 +4.6799e+000 +2.4333e+000 +1.1526e+000 +1.4832e+000 +1.7540e+000 -6.9508e-001 -2.8348e+000 -4.9366e-001 +1.6844e+000 -5.1439e-001 -1.6595e+000 +2.2347e+000 -2.1100e+000 -1.8091e+000 +2.4630e+000
724 +3.294090789e+001 +3.294090789e+001 +1.906090789e+001 +1.906090789e+001 -5.3258e-001 -7.5018e-002 +1.5517e+000 -1.6018e-001 -6.0218e-001 -2.0706e-002 -8.3213e-001 -3.8415e+000 -1.1646e+000 +4.4137e+000 -1.7243e+000 -4.3557e+000 -7.2538e+000 +3.3516e+000 -3.0537e+000 +7.4712e-002 +8.3165e-001 -5.3348e-001 -1.3399e+000 -3.5651e-001
1284 +2.736464224e+001 +2.736464224e+001 +1.348464224e+001 +1.348464224e+001 -3.9860e+000 +3.0352e+000 -1.8649e+000 -1.9481e+000 -1.4164e+000 +4.0748e+000 -7.7305e-001 -4.3156e+000 -7.8839e-001 -2.6427e-002 -1.6610e+000 -7.8957e-001 -3.2093e+000 +2.6631e+000 -3.2127e+000 +2.7164e-001 +9.0966e-001 -8.8150e+000 -2.5920e+000 -1.6471e+000
20732 +2.458039582e+001 +2.458039582e+001 +1.070039582e+001 +1.070039582e+001 +2.3088e+000 -4.0130e-001 +4.6152e+000 -3.8223e-002 -4.7616e+000 +1.3306e+000 -3.4195e+000 +2.0440e-002 -6.4889e+000 -3.5969e+000 -1.5110e+000 +3.7772e+000 +3.1497e+000 -1.3996e+000 -1.4705e+000 -1.5839e+000 +8.6712e-001 -3.9258e+000 +2.3208e+000 -2.6929e+000
71456 +2.252247045e+001 +2.252247045e+001 +8.642470453e+000 +8.642470453e+000 -3.1025e-001 -3.3048e-001 +2.2936e+000 +4.2416e+000 -3.9430e+000 +3.3903e+000 +1.3529e+000 +2.3596e+000 -2.2769e+000 -7.3169e+000 -8.3771e-001 +6.7092e-001 -9.5775e-001 +5.5043e+000 +5.0591e-001 -1.0544e-001 +4.9313e+000 -2.1148e+000 +2.2036e-001 +1.5088e-001
148882 +1.882194214e+001 +1.882194214e+001 +4.941942142e+000 +4.941942142e+000 +4.9926e-001 +4.1680e+000 +1.5609e+000 -1.5882e+000 +4.1730e+000 +5.4419e+000 +9.5105e-001 +2.2799e+000 +1.1370e+000 -2.8604e+000 -4.5763e-001 -1.0553e-001 -1.5528e+000 -2.7496e+000 +2.4344e+000 +4.6669e+000 -1.8494e+000 -5.8403e-001 -6.0534e-001 +2.0942e+000
% function evaluation | noise-free fitness - Fopt (-1.240400000000e+002) | best noise-free fitness - Fopt | measured fitness | best measured fitness | x1 | x2...
1 +9.328168770e+001 +9.328168770e+001 -3.075831230e+001 -3.075831230e+001 +3.1094e+000 +3.0874e+000 -5.4092e+000 -1.0635e+000 -1.5605e+000 -3.9162e+000 +1.6233e+000 +2.7180e-001 +2.8487e+000 +5.5494e+000 +4.6910e+000 -5.2749e+000 +8.7469e-001 -3.8896e+000 +2.8383e+000 +1.5497e+000 +2.5784e+000 -1.8868e+000 -3.1154e+000 +7.4314e+000
3 +8.547212526e+001 +8.547212526e+001 -3.856787474e+001 -3.856787474e+001 -6.8736e-001 -1.1882e+000 -9.0596e-001 -5.3919e+000 +2.6010e+000 -6.4832e+000 -2.4956e+000 +1.7796e+000 +6.6950e+000 +6.2876e+000 +5.6311e+000 -3.9646e+000 +3.1126e+000 -6.7755e+000 +1.6583e+000 +2.6089e+000 +6.4965e-001 -6.2091e+000 +3.0545e+000 +5.0165e+000
4 +7.700244650e+001 +7.700244650e+001 -4.703755350e+001 -4.703755350e+001 +4.3156e+000 +1.3138e+000 -9.1676e+000 -3.6300e+000 -9.3279e-001 -1.7163e+000 -1.9666e+000 -2.7902e+000 +4.0172e+000 +9.0629e+000 +2.8889e+000 -3.3774e+000 +3.6537e+000 -5.4544e+000 +5.9771e+000 +4.1047e+000 +1.0186e+000 -3.6077e-003 -4.5722e-001 +3.1865e+000
5 +6.122413116e+001 +6.122413116e+001 -6.281586884e+001 -6.281586884e+001 +2.7281e+000 +2.2706e-001 -2.7479e+000 -5.0104e-001 -1.9919e+000 -4.2822e+000 +7.5358e-001 -3.7670e-001 -5.8562e-001 +4.2110e+000 +3.6128e+000 -3.3011e+000 -6.1952e+000 -2.9602e+000 +5.6371e+000 +6.1359e+000 -3.0141e+000 -2.0861e+000 -2.7747e+000 +1.3209e+000
46 +5.137170825e+001 +5.137170825e+001 -7.266829175e+001 -7.266829175e+001 +8.3625e-001 +9.2144e-001 +3.4934e+000 -4.4922e+000 +1.0609e+000 -4.3603e+000 +1.9040e+000 +5.7739e+000 +1.3617e+000 +4.8578e-001 +7.2085e+000 -3.9468e+000 -4.7543e-002 -5.3297e-001 +6.3332e+000 +6.6164e+000 +1.0203e+000 +3.2051e+000 -4.6279e+000 +2.9552e+000
326 +4.059852842e+001 +4.059852842e+001 -8.344147158e+001 -8.344147158e+001 -8.7346e-001 +1.9102e+000 -3.9578e+000 +9.4206e-002 +1.0577e+000 -4.3880e+000 -8.7796e-001 +1.6394e+000 +3.7333e+000 +2.3752e+000 +4.1347e+000 -1.2041e+000 -1.3085e+000 -7.1814e+000 +3.6575e+000 +5.8121e+000 +8.1950e-001 +1.8049e-001 -5.2422e+000 +4.1529e+000
423 +3.590714359e+001 +3.590714359e+001 -8.813285641e+001 -8.813285641e+001 +4.3028e+000 -6.0580e-001 -4.4027e+000 -6.1513e+000 -4.0968e-001 -4.4414e+000 +1.1743e+000 -3.9646e+000 +6.7475e-001 +4.3669e+000 +4.0091e+000 +1.5710e+000 +3.1356e+000 +9.7410e-002 +2.4517e+000 +4.8620e+000 +2.3689e+000 -1.7808e+000 -1.0669e+000 +6.8808e+000
1814 +2.808871566e+001 +2.808871566e+001 -9.595128434e+001 -9.595128434e+001 +2.0438e+000 +3.5445e+000 +5.0567e-001 +3.3158e+000 +3.5082e+000 +1.0404e+000 -1.5745e+000 +1.1438e+000 -1.9756e-001 +7.2911e-001 +2.7563e+000 -8.1049e-001 -4.0298e+000 -9.6489e-001 -7.6969e-001 -2.6722e+000 +1.0941e+000 +1.5646e+000 -4.3630e+000 -2.4108e+000
3937 +2.561503676e+001 +2.561503676e+001 -9.842496324e+001 -9.842496324e+001 -3.1465e+000 +4.1805e+000 +3.2612e+000 +8.8801e-001 -3.0612e+000 +9.5395e-001 -8.6406e-002 -3.4375e+000 +1.7561e+000 -4.4961e+000 +4.1244e+000 +2.9454e+000 +3.9111e+000 -5.2396e-001 +2.0585e+000 +2.4600e+000 -3.1086e+000 -4.3057e-001 +2.8709e-001 -1.8081e+000
37012 +2.339872291e+001 +2.339872291e+001 -1.006412771e+002 -1.006412771e+002 +2.4553e+000 -2.6625e+000 -2.4311e+000 +1.2346e+000 +3.2545e-001 +2.9564e-002 +1.8974e+000 +9.7893e-001 +3.7359e+000 +1.4346e+000 -1.9435e+000 -1.0803e+000 -3.9500e+000 +2.0311e+000 -3.7287e+000 -2.2994e+000 +3.0235e+000 -3.4445e+000 +5.7354e-001 -3.0976e+000
55929 +1.964215209e+001 +1.964215209e+001 -1.043978479e+002 -1.043978479e+002 -2.0577e+000 +1.4728e+000 +2.1834e+000 +6.9384e-001 +3.4414e+000 -3.6756e+000 +1.0666e+000 -1.7430e+000 +6.8878e-001 -4.9447e+000 +2.0455e+000 -1.1669e+000 -2.9932e+000 +2.8013e+000 +1.3160e+000 +1.2142e+000 -4.1996e+000 -9.4600e-001 +2.5860e+000 +5.5099e+000
159055 +1.947075537e+001 +1.947075537e+001 -1.045692446e+002 -1.045692446e+002 +1.6938e+000 -3.6748e-001 -3.2603e+000 +2.6271e-001 -1.0449e+000 +2.0793e+000 -1.1827e+000 +6.7157e-001 +1.4303e+000 -4.5576e-001 +4.6229e+000 -3.4007e-001 -3.8098e+000 +2.0412e+000 -1.8384e+000 -1.7226e+000 +2.9738e+000 -2.4950e+000 -7.4940e-001 -3.8907e+000
