% function evaluation | noise-free fitness - Fopt (7.627000000000e+001) | best noise-free fitness - Fopt | measured fitness | best measured fitness | x1 | x2...
1 +7.532525660e+007 +7.532525660e+007 +7.532533287e+007 +7.532533287e+007 -3.8165e+000 -1.4550e+001 -1.3189e+001 -5.8997e+000 +3.8446e-001
2 +4.040076830e+006 +4.040076830e+006 +4.040153100e+006 +4.040153100e+006 -4.3096e+000 -3.3422e+000 +1.9545e+000 +1.3981e-002 -4.8473e+000
7 +1.938024358e+005 +1.938024358e+005 +1.938787058e+005 +1.938787058e+005 -3.4099e+000 -3.1207e+000 +6.0202e-001 +3.6883e+000 -3.0555e+000
12 +1.071494432e+005 +1.071494432e+005 +1.072257132e+005 +1.072257132e+005 +5.2802e-001 -3.1740e+000 -1.5929e+000 -3.9215e-001 -3.8697e+000
38 +1.413464003e+004 +1.413464003e+004 +1.421091003e+004 +1.421091003e+004 -8.7331e-001 -2.1759e+000 +4.9915e-001 +7.5169e-001 -5.1324e+000
94 +2.121866289e+002 +2.121866289e+002 +2.884566289e+002 +2.884566289e+002 +8.0464e+000 -2.9542e+000 +1.7391e+000 +5.1693e-001 -4.4797e+000
118 +1.134879791e+002 +1.134879791e+002 +1.897579791e+002 +1.897579791e+002 +7.5080e+000 -2.5580e+000 +1.9441e+000 +5.9040e-001 -7.6291e+000
% function evaluation | noise-free fitness - Fopt (-2.255000000000e+001) | best noise-free fitness - Fopt | measured fitness | best measured fitness | x1 | x2...
1 +1.598297882e+006 +1.598297882e+006 +1.598275332e+006 +1.598275332e+006 +1.1047e+000 -3.6748e+000 +3.2947e-002 +1.0833e+000 +1.0212e+000
6 +9.521935183e+004 +9.521935183e+004 +9.519680183e+004 +9.519680183e+004 +7.0920e+000 -1.9794e+000 +3.7799e+000 -9.9658e-001 +9.0478e+000
27 +2.338842760e+002 +2.338842760e+002 +2.113342760e+002 +2.113342760e+002 +3.6991e+000 -5.1364e+000 -6.1368e+000 -2.4020e+000 -3.8108e+000
221 +1.725487242e+002 +1.725487242e+002 +1.499987242e+002 +1.499987242e+002 -8.0813e-001 +3.5723e+000 +2.3123e-001 +4.4009e+000 -1.6077e+000
1804 +1.508971895e+002 +1.508971895e+002 +1.283471895e+002 +1.283471895e+002 -6.7705e-002 -4.6075e+000 +8.2104e-001 +2.5458e+000 -1.5128e+000
1963 +1.170660733e+002 +1.170660733e+002 +9.451607328e+001 +9.451607328e+001 -1.3226e-001 +1.1329e+001 -3.1828e-002 +5.2466e-001 -1.5934e+000
2063 +9.016831042e+001 +9.016831042e+001 +6.761831042e+001 +6.761831042e+001 -8.0032e-002 +6.9535e+000 -7.4438e-001 +3.7733e+000 -1.4023e+000
2289 +8.614044126e+001 +8.614044126e+001 +6.359044126e+001 +6.359044126e+001 +5.3810e-001 +2.3533e+000 -9.0298e-001 +3.7422e+000 -1.1654e+000
% function evaluation | noise-free fitness - Fopt (1.366000000000e+001) | best noise-free fitness - Fopt | measured fitness | best measured fitness | x1 | x2...
1 +6.468221186e+007 +6.468221186e+007 +6.468222552e+007 +6.468222552e+007 +6.6572e+000 -1.3279e+000 +4.1368e+000 +5.5087e+000 +1.1566e+001
3 +2.052899969e+007 +2.052899969e+007 +2.052901335e+007 +2.052901335e+007 +4.5639e+000 -1.2458e+000 +2.3049e+000 +2.5196e+000 +2.6277e+000
6 +2.483852194e+005 +2.483852194e+005 +2.483988794e+005 +2.483988794e+005 +2.0131e+000 -4.0887e-001 +4.0819e+000 +8.9888e+000 +1.7611e+000
30 +1.088325743e+003 +1.088325743e+003 +1.101985743e+003 +1.101985743e+003 +2.8847e+001 +2.5998e+000 +2.1747e+000 +1.3356e+001 -2.1989e+000
126 +5.731241928e+002 +5.731241928e+002 +5.867841928e+002 +5.867841928e+002 +4.8670e+000 -8.8441e-001 +2.1197e+001 +9.0812e+000 -1.2480e+000
320 +4.157762393e+002 +4.157762393e+002 +4.294362393e+002 +4.294362393e+002 +7.5007e-002 +8.6676e-001 -1.9086e+000 -2.0817e+000 -5.8089e+000
1666 +1.606452353e+002 +1.606452353e+002 +1.743052353e+002 +1.743052353e+002 -5.4899e+000 +8.9202e-001 +1.3288e+001 -4.7079e-001 -1.8254e+000
1762 +6.523514351e+001 +6.523514351e+001 +7.889514351e+001 +7.889514351e+001 -4.9348e+000 +1.4166e+000 +8.1815e+000 -3.0657e-001 -1.0512e+000
2354 +5.845397555e+001 +5.845397555e+001 +7.211397555e+001 +7.211397555e+001 -1.9003e+000 +1.7077e+000 +5.8180e+000 -7.6616e-001 -2.2952e+000
3674 +3.080079730e+001 +3.080079730e+001 +4.446079730e+001 +4.446079730e+001 -4.0697e+000 +1.1972e+000 +4.5385e+000 -1.1421e+000 -2.5454e+000
3691 +2.724451889e+001 +2.724451889e+001 +4.090451889e+001 +4.090451889e+001 -4.2006e+000 +1.1873e+000 +4.1540e+000 -1.0931e+000 -2.4586e+000
3699 +2.400481760e+001 +2.400481760e+001 +3.766481760e+001 +3.766481760e+001 -4.1240e+000 +1.1934e+000 +3.0860e+000 -1.0243e+000 -2.4286e+000
% function evaluation | noise-free fitness - Fopt (9.378400000000e+002) | best noise-free fitness - Fopt | measured fitness | best measured fitness | x1 | x2...
1 +6.382591338e+007 +6.382591338e+007 +6.382685122e+007 +6.382685122e+007 -9.8068e+000 -9.9767e-001 -1.1422e+001 +3.6820e+000 -5.3109e-001
2 +1.663338485e+005 +1.663338485e+005 +1.672716885e+005 +1.672716885e+005 +1.3100e-001 +6.9261e+000 +5.2827e+000 -8.7169e-001 -1.1260e+000
41 +2.924399229e+003 +2.924399229e+003 +3.862239229e+003 +3.862239229e+003 +3.0960e+000 +6.5179e-001 +2.2781e+000 +5.9621e+000 +2.8304e+000
256 +1.557484122e+002 +1.557484122e+002 +1.093588412e+003 +1.093588412e+003 +5.0675e+000 -5.4692e+000 +2.9826e+000 +3.2078e+000 -4.0781e+000
428 +1.214827087e+002 +1.214827087e+002 +1.059322709e+003 +1.059322709e+003 +4.3382e+000 -3.9362e+000 +1.9772e+000 +4.0205e+000 -1.8502e+000
% function evaluation | noise-free fitness - Fopt (-7.872000000000e+001) | best noise-free fitness - Fopt | measured fitness | best measured fitness | x1 | x2...
1 +1.732699612e+007 +1.732699612e+007 +1.732691740e+007 +1.732691740e+007 -3.7449e+000 +3.2022e+000 +2.6635e+000 -4.5538e+000 +2.3568e+000
3 +2.791484986e+005 +2.791484986e+005 +2.790697786e+005 +2.790697786e+005 -5.0435e-001 +1.7799e+001 +1.0611e+000 -3.8897e+000 +4.0249e+000
15 +9.039319441e+004 +9.039319441e+004 +9.031447441e+004 +9.031447441e+004 -1.4697e+001 -1.5632e+000 -8.8285e+000 -1.8085e+000 +3.4592e-001
41 +2.223769805e+003 +2.223769805e+003 +2.145049805e+003 +2.145049805e+003 -5.2765e+000 -2.7851e+000 -2.6687e+000 -1.1399e+000 +3.8627e+000
% function evaluation | noise-free fitness - Fopt (-6.949000000000e+001) | best noise-free fitness - Fopt | measured fitness | best measured fitness | x1 | x2...
1 +5.347604817e+006 +5.347604817e+006 +5.347535327e+006 +5.347535327e+006 -3.4425e-001 -2.1185e+000 +3.3291e-001 -5.7253e+000 +1.7291e+000
15 +3.384697085e+005 +3.384697085e+005 +3.384002185e+005 +3.384002185e+005 -2.1924e+000 +7.1535e+000 -2.4251e-001 +4.2870e+000 +2.6368e+000
37 +1.026580063e+005 +1.026580063e+005 +1.025885163e+005 +1.025885163e+005 -6.7336e+000 -3.5945e+000 -2.7333e+001 +1.7924e+000 -1.3282e+001
67 +3.620234606e+003 +3.620234606e+003 +3.550744606e+003 +3.550744606e+003 +1.8383e+000 -4.0992e+000 -4.6059e+000 +6.9075e+000 +2.2699e+000
% function evaluation | noise-free fitness - Fopt (-2.718000000000e+001) | best noise-free fitness - Fopt | measured fitness | best measured fitness | x1 | x2...
1 +1.160565330e+007 +1.160565330e+007 +1.160562612e+007 +1.160562612e+007 -1.9445e+001 +1.6227e+000 +5.5716e+000 -4.3456e+000 +1.9601e+000
2 +2.099626156e+006 +2.099626156e+006 +2.099598976e+006 +2.099598976e+006 +4.2402e+000 +5.0788e+000 -6.8692e-001 +3.0563e+000 +1.8708e+000
4 +7.633535238e+005 +7.633535238e+005 +7.633263438e+005 +7.633263438e+005 +2.4762e+000 +2.9795e+000 +3.7250e+000 -7.1710e-001 +1.6562e+000
6 +5.810317378e+005 +5.810317378e+005 +5.810045578e+005 +5.810045578e+005 +2.7908e+000 +1.2406e+000 +3.1846e+000 -7.0704e-001 +1.0429e+000
16 +1.969626464e+005 +1.969626464e+005 +1.969354664e+005 +1.969354664e+005 +1.8719e+000 +2.1185e+000 +1.0901e+000 +8.8133e-001 +1.5932e+000
23 +2.106567237e+004 +2.106567237e+004 +2.103849237e+004 +2.103849237e+004 +3.9308e+000 +2.7322e+000 +8.6722e-001 +4.9329e+000 +1.5200e+000
25 +1.418543785e+003 +1.418543785e+003 +1.391363785e+003 +1.391363785e+003 +2.9341e+000 +1.7218e+000 +4.0637e+000 -3.8691e-001 +2.9573e+000
108 +8.044753108e+001 +8.044753108e+001 +5.326753108e+001 +5.326753108e+001 +3.1275e+000 -1.0032e+000 +2.2917e-001 +1.6352e+000 -1.6892e-001
% function evaluation | noise-free fitness - Fopt (-6.968800000000e+002) | best noise-free fitness - Fopt | measured fitness | best measured fitness | x1 | x2...
1 +2.992994443e+007 +2.992994443e+007 +2.992924755e+007 +2.992924755e+007 -3.8063e-001 -2.4229e+000 -4.8444e+000 +3.4436e+000 -3.7029e+000
2 +6.759745203e+006 +6.759745203e+006 +6.759048323e+006 +6.759048323e+006 -6.1246e+000 -3.3888e+000 +8.7066e-001 +8.5232e-001 -2.1693e+000
3 +4.734760015e+006 +4.734760015e+006 +4.734063135e+006 +4.734063135e+006 -1.4435e+000 -3.2759e+000 +6.3425e+000 +2.4398e+000 -5.3457e+000
4 +4.230333848e+006 +4.230333848e+006 +4.229636968e+006 +4.229636968e+006 -2.5406e+000 -2.2811e+000 +1.2327e+000 +2.4406e+000 -4.0278e+000
6 +2.002690653e+006 +2.002690653e+006 +2.001993773e+006 +2.001993773e+006 +1.5292e+000 -2.1605e+000 +1.0267e+000 +2.4496e+000 -3.8959e+000
9 +1.606173449e+004 +1.606173449e+004 +1.536485449e+004 +1.536485449e+004 +1.5947e-002 -5.4768e+000 +5.3916e-001 +2.1093e+000 -2.4272e+000
54 +3.921052559e+003 +3.921052559e+003 +3.224172559e+003 +3.224172559e+003 -1.5066e+000 -5.8729e+000 +9.3653e-001 +2.1432e+000 -5.0263e+000
87 +3.036572024e+003 +3.036572024e+003 +2.339692024e+003 +2.339692024e+003 -1.2993e+000 -6.6259e+000 -8.5345e-002 +1.9518e+000 -3.2036e+000
109 +3.534985592e+002 +3.534985592e+002 -3.433814408e+002 -3.433814408e+002 -1.0634e+000 -5.0566e+000 +4.9888e-001 +3.2543e+000 -1.8185e+000
372 +8.773713161e+001 +8.773713161e+001 -6.091428684e+002 -6.091428684e+002 -2.0218e+000 -4.4797e+000 +2.7503e+000 +3.3156e+000 -8.5147e+000
412 +6.673059844e+001 +6.673059844e+001 -6.301494016e+002 -6.301494016e+002 -5.3218e+000 -5.1190e+000 +1.8537e+000 +4.2740e+000 -3.9807e+000
% function evaluation | noise-free fitness - Fopt (-4.895300000000e+002) | best noise-free fitness - Fopt | measured fitness | best measured fitness | x1 | x2...
1 +9.310426333e+006 +9.310426333e+006 +9.309936803e+006 +9.309936803e+006 -3.4121e-001 -1.8129e+000 +2.7644e-001 -8.7950e+000 -8.9635e-001
4 +9.021200390e+006 +9.021200390e+006 +9.020710860e+006 +9.020710860e+006 -5.1365e+000 +9.9265e-001 -4.3017e+000 -4.9934e+000 -4.4028e+000
5 +4.647619101e+005 +4.647619101e+005 +4.642723801e+005 +4.642723801e+005 -1.8716e+000 +2.7923e+000 -2.5525e+000 +4.4481e+000 -5.6595e-001
7 +9.063200424e+004 +9.063200424e+004 +9.014247424e+004 +9.014247424e+004 -3.9873e-001 -2.2325e+000 -4.6846e+000 -5.2752e+000 +2.6966e+000
14 +7.821766852e+001 +7.821766852e+001 -4.113123315e+002 -4.113123315e+002 -3.1500e+000 +1.6656e-001 -2.2719e+000 -5.0537e+000 -1.6470e+000
1392 +7.623361033e+001 +7.623361033e+001 -4.132963897e+002 -4.132963897e+002 +4.1444e+000 -1.3397e+000 -3.2755e+000 +2.6068e+000 -4.5602e-001
1396 +7.336827061e+001 +7.336827061e+001 -4.161617294e+002 -4.161617294e+002 +1.5997e+000 -1.3306e+000 -3.2660e+000 +3.0260e+000 -4.9142e-001
1402 +6.942753699e+001 +6.942753699e+001 -4.201024630e+002 -4.201024630e+002 -5.5691e-001 -1.3193e+000 -3.2842e+000 +1.9611e+000 -4.6560e-001
1458 +5.928928138e+001 +5.928928138e+001 -4.302407186e+002 -4.302407186e+002 +1.3920e+000 -1.3173e+000 -3.2637e+000 +1.8169e+000 -4.9662e-001
1552 +5.352015733e+001 +5.352015733e+001 -4.360098427e+002 -4.360098427e+002 +1.6765e+000 -1.3208e+000 -3.2769e+000 -4.6241e-001 -4.7514e-001
1581 +5.144653324e+001 +5.144653324e+001 -4.380834668e+002 -4.380834668e+002 +1.7136e+000 -1.3292e+000 -3.2722e+000 +8.9642e-001 -4.9134e-001
1607 +3.880350892e+001 +3.880350892e+001 -4.507264911e+002 -4.507264911e+002 +1.9112e+000 -1.3049e+000 -3.2712e+000 -1.4620e+000 -4.8992e-001
1664 +3.740575695e+001 +3.740575695e+001 -4.521242431e+002 -4.521242431e+002 +1.5573e+000 -1.3151e+000 -3.2732e+000 -1.8020e+000 -4.9432e-001
1702 +3.461032620e+001 +3.461032620e+001 -4.549196738e+002 -4.549196738e+002 +1.2403e+000 -1.3144e+000 -3.2824e+000 -3.4432e+000 -4.9050e-001
1923 +3.317312780e+001 +3.317312780e+001 -4.563568722e+002 -4.563568722e+002 +8.5457e-001 -1.3046e+000 -3.2844e+000 -4.1732e+000 -4.8324e-001
2383 +3.295627848e+001 +3.295627848e+001 -4.565737215e+002 -4.565737215e+002 +9.8879e-001 -1.2970e+000 -3.2808e+000 -4.1267e+000 -4.8595e-001
2708 +3.221065339e+001 +3.221065339e+001 -4.573193466e+002 -4.573193466e+002 +6.1915e-001 -1.2937e+000 -3.2813e+000 -4.0107e+000 -4.8557e-001
% function evaluation | noise-free fitness - Fopt (-4.004000000000e+001) | best noise-free fitness - Fopt | measured fitness | best measured fitness | x1 | x2...
1 +2.094849971e+007 +2.094849971e+007 +2.094845967e+007 +2.094845967e+007 -3.2286e+000 +8.7109e+000 +3.9251e+000 -4.2538e+000 -4.2042e-001
2 +8.477824283e+005 +8.477824283e+005 +8.477423883e+005 +8.477423883e+005 +2.8619e-001 -2.3385e+000 +1.0956e-001 +2.9381e-001 +1.2328e+000
5 +3.913479751e+005 +3.913479751e+005 +3.913079351e+005 +3.913079351e+005 -1.2248e+000 +5.2067e+000 +5.1408e+000 -1.9504e-001 -1.1169e+000
6 +2.117270365e+005 +2.117270365e+005 +2.116869965e+005 +2.116869965e+005 -7.1534e+000 +6.9968e+000 -3.2286e+000 +2.8515e+000 +1.5707e+000
8 +8.312245130e+004 +8.312245130e+004 +8.308241130e+004 +8.308241130e+004 -2.1091e+000 +2.4340e+000 +3.2563e+000 -2.0113e-001 -9.0481e-001
10 +7.873316783e+004 +7.873316783e+004 +7.869312783e+004 +7.869312783e+004 -1.1701e+000 +6.7961e+000 +2.1009e+000 -1.1259e+000 -1.7644e+000
14 +1.717741045e+004 +1.717741045e+004 +1.713737045e+004 +1.713737045e+004 -1.2925e+000 +4.6639e+000 +1.1617e+000 -9.2079e-001 -1.5364e+000
46 +4.360810237e+002 +4.360810237e+002 +3.960410237e+002 +3.960410237e+002 -4.2478e+000 +4.9795e+000 -2.0859e+000 +6.2729e-001 +6.9107e-001
60 +1.911392146e+002 +1.911392146e+002 +1.510992146e+002 +1.510992146e+002 +5.6352e-001 +4.7230e+000 +3.1120e+000 -1.1605e+000 -1.4794e+000
85 +9.052382944e+001 +9.052382944e+001 +5.048382944e+001 +5.048382944e+001 -2.3497e-001 +2.4643e+000 -1.5262e+000 -4.9179e+000 -4.8838e+000
267 +6.421734197e+001 +6.421734197e+001 +2.417734197e+001 +2.417734197e+001 +2.0784e+000 +2.0636e+000 -1.4420e-002 -1.3706e+000 +1.1697e+000
% function evaluation | noise-free fitness - Fopt (-1.038100000000e+002) | best noise-free fitness - Fopt | measured fitness | best measured fitness | x1 | x2...
1 +5.143412447e+006 +5.143412447e+006 +5.143308637e+006 +5.143308637e+006 -1.0506e+000 -4.0264e+000 +1.1390e+000 -7.5063e-001 +3.6876e+000
2 +3.354874806e+005 +3.354874806e+005 +3.353836706e+005 +3.353836706e+005 -6.0326e+000 +1.4840e-001 +1.4963e+000 -5.6404e+000 +6.1573e+000
18 +4.199274826e+004 +4.199274826e+004 +4.188893826e+004 +4.188893826e+004 -1.1854e+000 +1.9232e+000 +2.1953e+000 -2.3809e+000 +5.7146e+000
35 +2.877561034e+004 +2.877561034e+004 +2.867180034e+004 +2.867180034e+004 -1.0384e+000 -1.1013e+000 +2.3148e+000 -2.4786e+000 +6.0857e+000
41 +1.616550112e+004 +1.616550112e+004 +1.606169112e+004 +1.606169112e+004 -3.6751e+000 -2.8472e+000 -8.7563e-003 -2.9839e+000 +1.1912e+001
45 +2.192267245e+003 +2.192267245e+003 +2.088457245e+003 +2.088457245e+003 -1.0932e+000 -3.5081e+000 +3.2838e+000 +1.6655e+000 +1.4278e+001
192 +1.187998756e+002 +1.187998756e+002 +1.498987559e+001 +1.498987559e+001 -9.0136e-001 -6.5196e+000 +1.7123e+000 -3.7647e+000 +2.6008e+000
% function evaluation | noise-free fitness - Fopt (-2.380000000000e+001) | best noise-free fitness - Fopt | measured fitness | best measured fitness | x1 | x2...
1 +1.209459182e+005 +1.209459182e+005 +1.209221182e+005 +1.209221182e+005 -6.6303e-001 -4.7608e+000 -2.1650e+000 +1.7412e+000 +3.1048e+000
7 +7.542427995e+004 +7.542427995e+004 +7.540047995e+004 +7.540047995e+004 +4.8371e+000 -1.6357e+000 +2.4685e-001 +5.3983e+000 +2.8382e+000
15 +9.048501359e+002 +9.048501359e+002 +8.810501359e+002 +8.810501359e+002 +1.2830e+001 -5.6454e+000 +3.3578e+000 +4.1472e+000 -8.6422e-003
42 +3.850738626e+002 +3.850738626e+002 +3.612738626e+002 +3.612738626e+002 -1.9638e+000 -1.0024e+000 +2.5767e-001 +1.2708e+000 +3.5255e+000
191 +5.188325831e+001 +5.188325831e+001 +2.808325831e+001 +2.808325831e+001 -4.3941e+000 -1.4500e+000 +9.6004e-001 +4.8555e-001 +3.4880e+000
356 +3.924351169e+001 +3.924351169e+001 +1.544351169e+001 +1.544351169e+001 -7.5908e+000 -1.0651e+000 +1.9552e+000 -4.5408e+000 +3.9675e+000
559 +3.587726426e+001 +3.587726426e+001 +1.207726426e+001 +1.207726426e+001 -6.7160e+000 -4.6450e-001 +1.2444e+000 -2.4788e+000 +4.1181e+000
653 +3.015598260e+001 +3.015598260e+001 +6.355982600e+000 +6.355982600e+000 -6.0242e+000 -3.5780e-001 +1.9262e+000 -2.9114e+000 +3.9692e+000
667 +2.763265383e+001 +2.763265383e+001 +3.832653825e+000 +3.832653825e+000 -6.9034e+000 -5.0629e-001 +1.7380e+000 -2.3431e+000 +3.9952e+000
705 +1.911655153e+001 +1.911655153e+001 -4.683448467e+000 -4.683448467e+000 -5.6478e+000 -3.1003e-001 +2.1255e+000 -2.1256e+000 +3.8650e+000
772 +1.548628629e+001 +1.548628629e+001 -8.313713711e+000 -8.313713711e+000 -5.5573e+000 -4.6047e-001 +2.0332e+000 -3.2421e+000 +3.9028e+000
847 +1.388582086e+001 +1.388582086e+001 -9.914179136e+000 -9.914179136e+000 -4.7803e+000 -3.9185e-001 +2.0245e+000 -2.7332e+000 +3.8303e+000
1340 +9.427473831e+000 +9.427473831e+000 -1.437252617e+001 -1.437252617e+001 -3.8867e+000 +5.9518e-002 +1.7248e+000 -4.2395e+000 +4.0768e+000
% function evaluation | noise-free fitness - Fopt (7.459000000000e+001) | best noise-free fitness - Fopt | measured fitness | best measured fitness | x1 | x2...
1 +1.019120016e+006 +1.019120016e+006 +1.019194606e+006 +1.019194606e+006 -5.5666e+000 +3.8844e+000 -4.5548e+000 +1.1306e+000 +2.4999e+000
2 +7.155686655e+005 +7.155686655e+005 +7.156432555e+005 +7.156432555e+005 -5.6083e+000 +4.7406e+000 +3.4712e+000 -9.5414e-001 +5.5438e+000
7 +5.536393880e+005 +5.536393880e+005 +5.537139780e+005 +5.537139780e+005 -6.8874e+000 +3.2493e+000 -4.5142e+000 +2.9808e+000 +4.3083e+000
11 +3.855466141e+004 +3.855466141e+004 +3.862925141e+004 +3.862925141e+004 -6.1141e+000 +2.9383e-001 -2.0233e+000 +3.4084e-001 +3.7419e+000
12 +3.589157769e+004 +3.589157769e+004 +3.596616769e+004 +3.596616769e+004 +5.8019e-001 +1.7035e+000 +1.7856e+000 -1.5897e+000 +2.3709e+000
14 +2.910433668e+004 +2.910433668e+004 +2.917892668e+004 +2.917892668e+004 -6.2085e-001 +1.5742e+000 -6.4072e+000 +7.9428e-001 +4.1133e+000
28 +4.755395036e+003 +4.755395036e+003 +4.829985036e+003 +4.829985036e+003 -3.0970e-001 +1.1484e-001 -2.1424e+000 -1.0615e+000 +5.7191e+000
56 +1.500281833e+002 +1.500281833e+002 +2.246181833e+002 +2.246181833e+002 +4.0866e+000 -8.4216e+000 -7.2799e+000 -3.1705e+000 +7.2901e-001
200 +1.268945228e+002 +1.268945228e+002 +2.014845228e+002 +2.014845228e+002 +1.6595e+000 -5.3031e+000 -1.0047e+001 -3.3481e-001 -5.1367e+000
2334 +1.209007153e+002 +1.209007153e+002 +1.954907153e+002 +1.954907153e+002 -3.4382e+000 -3.3815e+000 -6.2202e+000 +5.6502e-001 -1.0921e+001
2458 +1.044932097e+002 +1.044932097e+002 +1.790832097e+002 +1.790832097e+002 -3.9652e+000 -3.2577e+000 -6.4240e+000 +5.9123e-001 -8.7012e+000
% function evaluation | noise-free fitness - Fopt (2.225900000000e+002) | best noise-free fitness - Fopt | measured fitness | best measured fitness | x1 | x2...
1 +2.683899521e+007 +2.683899521e+007 +2.683921780e+007 +2.683921780e+007 +1.2958e+001 -2.5943e+000 -2.2860e-001 +1.2081e+001 -9.9428e+000
2 +3.382458829e+002 +3.382458829e+002 +5.608358829e+002 +5.608358829e+002 +1.9598e+000 +3.6826e+000 -1.3455e+000 +1.5318e+000 -9.1199e+000
% function evaluation | noise-free fitness - Fopt (-2.977700000000e+002) | best noise-free fitness - Fopt | measured fitness | best measured fitness | x1 | x2...
1 +2.056440750e+006 +2.056440750e+006 +2.056142980e+006 +2.056142980e+006 +4.1620e-001 -2.4802e+000 +6.4204e+000 +1.5287e+000 +3.4743e+000
3 +1.944325579e+006 +1.944325579e+006 +1.944027809e+006 +1.944027809e+006 -8.5466e-001 -3.8657e+000 +2.1866e+000 +2.9225e+000 +8.0900e+000
4 +8.074116307e+005 +8.074116307e+005 +8.071138607e+005 +8.071138607e+005 +1.9221e+000 -2.3036e+000 -4.9949e+000 +1.3598e-001 +1.8548e+001
7 +4.046603035e+004 +4.046603035e+004 +4.016826035e+004 +4.016826035e+004 -5.0038e-001 -3.7939e+000 +2.8755e+000 +2.0705e+000 +1.0163e+001
14 +4.679900298e+003 +4.679900298e+003 +4.382130298e+003 +4.382130298e+003 +4.3551e-001 +3.1282e-001 +2.3331e+000 +2.7793e+000 +5.7402e+000
31 +5.664926598e+002 +5.664926598e+002 +2.687226598e+002 +2.687226598e+002 -9.7898e+000 +1.3488e+001 -1.1878e+001 -1.6375e+000 +6.3115e+000
110 +3.182435443e+002 +3.182435443e+002 +2.047354425e+001 +2.047354425e+001 -2.3283e+000 +4.1755e+000 +1.1509e+000 +3.2284e+000 +6.2283e+000
158 +2.427269995e+002 +2.427269995e+002 -5.504300055e+001 -5.504300055e+001 -2.6554e+000 +6.0528e+000 +1.8697e+000 +4.3137e+000 +6.1783e+000
