% function evaluation | noise-free fitness - Fopt (7.135000000000e+001) | best noise-free fitness - Fopt | measured fitness | best measured fitness | x1 | x2...
1 +5.842652230e+001 +5.842652230e+001 +1.297765223e+002 +1.297765223e+002 -1.7250e+000 +4.8615e-001 -3.8042e+000 -4.9897e-001 -2.7098e+000
5 +4.322434588e+001 +4.322434588e+001 +1.145743459e+002 +1.145743459e+002 -2.1817e+000 +5.7481e-001 -3.8403e+000 +1.4445e-001 -2.4506e+000
8 +3.739519272e+001 +3.739519272e+001 +1.087451927e+002 +1.087451927e+002 -9.0003e-001 +3.8347e+000 -4.6558e+000 -5.2588e-001 -1.5765e+000
24 +2.879500748e+001 +2.879500748e+001 +1.001450075e+002 +1.001450075e+002 -2.1419e+000 +4.7640e-001 -4.0435e+000 -3.5852e-001 -2.3558e+000
34 +1.688235356e+001 +1.688235356e+001 +8.823235356e+001 +8.823235356e+001 +1.6496e-001 +5.9220e-002 -4.9346e+000 -7.5636e-001 -3.1693e+000
51 +8.392074767e+000 +8.392074767e+000 +7.974207477e+001 +7.974207477e+001 +3.5791e+000 +1.5910e+000 -4.2177e+000 -2.1727e+000 -1.4028e+000
267 +6.296051880e+000 +6.296051880e+000 +7.764605188e+001 +7.764605188e+001 +2.9565e+000 +2.6005e+000 -1.8786e+000 -2.1487e+000 -1.0798e+000
5467 +4.473543366e+000 +4.473543366e+000 +7.582354337e+001 +7.582354337e+001 -1.9353e+000 +2.3845e+000 +3.5313e+000 -2.0963e+000 +2.9836e+000
8021 +2.876974736e+000 +2.876974736e+000 +7.422697474e+001 +7.422697474e+001 +4.9464e+000 +1.2554e+000 -1.0082e+000 +9.4883e-001 -1.4849e-001
15403 +1.127701088e+000 +1.127701088e+000 +7.247770109e+001 +7.247770109e+001 -1.6309e-001 -4.7840e+000 -1.3706e+000 -3.2615e+000 +1.2979e+000
99364 +7.121671964e-001 +7.121671964e-001 +7.206216720e+001 +7.206216720e+001 -1.8236e+000 -1.1534e-001 +1.1295e+000 +4.4361e+000 +1.6679e+000
99438 +6.629410601e-001 +6.629410601e-001 +7.201294106e+001 +7.201294106e+001 -1.7445e+000 -1.1183e-001 +1.1155e+000 +3.8540e+000 +1.7677e+000
99581 +5.891755365e-001 +5.891755365e-001 +7.193917554e+001 +7.193917554e+001 -1.8263e+000 -1.4829e-001 +1.0926e+000 +4.5953e+000 +1.7039e+000
99613 +5.336545223e-001 +5.336545223e-001 +7.188365452e+001 +7.188365452e+001 -1.7947e+000 -1.5793e-001 +1.0883e+000 +4.5951e+000 +1.7025e+000
99617 +4.878993783e-001 +4.878993783e-001 +7.183789938e+001 +7.183789938e+001 -1.7870e+000 -1.6248e-001 +1.0877e+000 +4.6517e+000 +1.7072e+000
99629 +3.923368964e-001 +3.923368964e-001 +7.174233690e+001 +7.174233690e+001 -1.7928e+000 -1.7041e-001 +1.0878e+000 +4.6350e+000 +1.6801e+000
99642 +3.650112512e-001 +3.650112512e-001 +7.171501125e+001 +7.171501125e+001 -1.8164e+000 -1.6029e-001 +1.0960e+000 +4.6328e+000 +1.7075e+000
99668 +2.844788032e-001 +2.844788032e-001 +7.163447880e+001 +7.163447880e+001 -1.7936e+000 -1.6110e-001 +1.0772e+000 +4.6552e+000 +1.6889e+000
99748 +2.231565669e-001 +2.231565669e-001 +7.157315657e+001 +7.157315657e+001 -1.7444e+000 -1.6238e-001 +1.0902e+000 +4.6074e+000 +1.6602e+000
99843 +1.639518555e-001 +1.639518555e-001 +7.151395186e+001 +7.151395186e+001 -1.7674e+000 -1.6296e-001 +1.0881e+000 +4.6094e+000 +1.6721e+000
99941 +1.282723767e-001 +1.282723767e-001 +7.147827238e+001 +7.147827238e+001 -1.7696e+000 -1.6063e-001 +1.0823e+000 +4.6170e+000 +1.6705e+000
100171 +1.143637387e-001 +1.143637387e-001 +7.146436374e+001 +7.146436374e+001 -1.7594e+000 -1.5875e-001 +1.0839e+000 +4.6109e+000 +1.6650e+000
100381 +1.105179406e-001 +1.105179406e-001 +7.146051794e+001 +7.146051794e+001 -1.7595e+000 -1.5911e-001 +1.0841e+000 +4.6137e+000 +1.6647e+000
100474 +1.082114769e-001 +1.082114769e-001 +7.145821148e+001 +7.145821148e+001 -1.7593e+000 -1.5905e-001 +1.0843e+000 +4.6145e+000 +1.6647e+000
100516 +1.059899749e-001 +1.059899749e-001 +7.145598997e+001 +7.145598997e+001 -1.7595e+000 -1.5877e-001 +1.0841e+000 +4.6179e+000 +1.6634e+000
100564 +1.038812879e-001 +1.038812879e-001 +7.145388129e+001 +7.145388129e+001 -1.7596e+000 -1.5887e-001 +1.0838e+000 +4.6165e+000 +1.6638e+000
100621 +1.013668854e-001 +1.013668854e-001 +7.145136689e+001 +7.145136689e+001 -1.7596e+000 -1.5846e-001 +1.0832e+000 +4.6173e+000 +1.6636e+000
100667 +9.892836160e-002 +9.892836160e-002 +7.144892836e+001 +7.144892836e+001 -1.7596e+000 -1.5862e-001 +1.0833e+000 +4.6169e+000 +1.6632e+000
100788 +9.765637750e-002 +9.765637750e-002 +7.144765638e+001 +7.144765638e+001 -1.7597e+000 -1.5866e-001 +1.0836e+000 +4.6165e+000 +1.6638e+000
100799 +9.341754919e-002 +9.341754919e-002 +7.144341755e+001 +7.144341755e+001 -1.7596e+000 -1.5857e-001 +1.0834e+000 +4.6167e+000 +1.6637e+000
101055 +9.295736653e-002 +9.295736653e-002 +7.144295737e+001 +7.144295737e+001 -1.7596e+000 -1.5855e-001 +1.0834e+000 +4.6168e+000 +1.6635e+000
101362 +9.116244854e-002 +9.116244854e-002 +7.144116245e+001 +7.144116245e+001 -1.7595e+000 -1.5854e-001 +1.0834e+000 +4.6165e+000 +1.6635e+000
% function evaluation | noise-free fitness - Fopt (-3.552200000000e+002) | best noise-free fitness - Fopt | measured fitness | best measured fitness | x1 | x2...
1 +1.360922303e+002 +1.360922303e+002 -2.191277697e+002 -2.191277697e+002 -9.4429e-001 +6.2771e-001 -1.9742e+000 -2.6478e+000 +2.8581e+000
2 +9.174326682e+001 +9.174326682e+001 -2.634767332e+002 -2.634767332e+002 -8.0230e-001 -3.0794e-001 -1.6301e+000 -2.4495e+000 +2.0984e+000
8 +8.159319281e+001 +8.159319281e+001 -2.736268072e+002 -2.736268072e+002 -1.2037e+000 +2.1555e+000 -1.7136e+000 -2.3837e+000 +4.2986e+000
11 +4.528734060e+001 +4.528734060e+001 -3.099326594e+002 -3.099326594e+002 -1.9154e-001 +6.3096e-001 -7.0543e-001 -2.3400e+000 +4.3147e+000
15 +4.116452132e+001 +4.116452132e+001 -3.140554787e+002 -3.140554787e+002 -1.0755e+000 +3.9370e-001 -2.6010e+000 -2.6007e+000 +4.2755e+000
25 +2.147543365e+001 +2.147543365e+001 -3.337445664e+002 -3.337445664e+002 -3.4872e-001 +4.3003e-001 -1.5075e+000 -2.7315e+000 +2.8756e+000
31 +1.522502973e+001 +1.522502973e+001 -3.399949703e+002 -3.399949703e+002 +9.5339e-002 +7.0502e-002 -1.1804e+000 -3.4965e+000 +3.7983e+000
58 +1.341245890e+001 +1.341245890e+001 -3.418075411e+002 -3.418075411e+002 -3.8945e-001 +6.4776e-002 -1.1350e+000 -3.1644e+000 +3.2906e+000
66 +1.281057468e+001 +1.281057468e+001 -3.424094253e+002 -3.424094253e+002 -1.1111e-001 +4.0169e-001 -1.1541e+000 -3.1926e+000 +3.3096e+000
122 +9.196282478e+000 +9.196282478e+000 -3.460237175e+002 -3.460237175e+002 +1.8297e-001 -2.9876e-001 -1.5545e+000 -2.8568e+000 +3.2570e+000
227 +9.108985751e+000 +9.108985751e+000 -3.461110142e+002 -3.461110142e+002 +1.2553e+000 +2.6198e-001 -9.9267e-001 -3.8294e+000 +1.6120e+000
2321 +7.698054960e+000 +7.698054960e+000 -3.475219450e+002 -3.475219450e+002 +4.3517e+000 -4.9995e-001 +4.5463e+000 -3.7942e-001 +1.7508e+000
4137 +2.745006861e+000 +2.745006861e+000 -3.524749931e+002 -3.524749931e+002 -4.4972e+000 -2.7520e+000 -3.7810e+000 -2.8750e+000 -2.8629e+000
75415 +1.875143997e+000 +1.875143997e+000 -3.533448560e+002 -3.533448560e+002 -2.0787e+000 -2.0865e+000 +1.6298e+000 +3.0556e+000 +2.5186e-001
76403 +1.618737402e+000 +1.618737402e+000 -3.536012626e+002 -3.536012626e+002 +1.3077e+000 -2.3736e+000 +2.8947e+000 -1.5717e+000 -2.6749e+000
170832 +1.555995740e+000 +1.555995740e+000 -3.536640043e+002 -3.536640043e+002 +2.3989e+000 -1.4915e+000 +1.3434e+000 -5.2198e-001 -1.0779e+000
170877 +1.329420062e+000 +1.329420062e+000 -3.538905799e+002 -3.538905799e+002 +2.4876e+000 -1.6679e+000 +1.2675e+000 -4.9812e-001 -1.0301e+000
171035 +1.175091941e+000 +1.175091941e+000 -3.540449081e+002 -3.540449081e+002 +2.6527e+000 -1.8260e+000 +1.2155e+000 -4.1793e-001 -8.9490e-001
171048 +1.120478339e+000 +1.120478339e+000 -3.540995217e+002 -3.540995217e+002 +2.7427e+000 -1.8722e+000 +1.3088e+000 -4.1225e-001 -1.0108e+000
171065 +9.151340125e-001 +9.151340125e-001 -3.543048660e+002 -3.543048660e+002 +2.6263e+000 -1.8287e+000 +1.2849e+000 -4.1270e-001 -1.0097e+000
171066 +8.902089959e-001 +8.902089959e-001 -3.543297910e+002 -3.543297910e+002 +2.6805e+000 -1.8078e+000 +1.3028e+000 -4.9095e-001 -9.4586e-001
171086 +7.000041853e-001 +7.000041853e-001 -3.545199958e+002 -3.545199958e+002 +2.6390e+000 -1.8189e+000 +1.3188e+000 -4.3359e-001 -1.0065e+000
171097 +6.436084240e-001 +6.436084240e-001 -3.545763916e+002 -3.545763916e+002 +2.6718e+000 -1.8032e+000 +1.2779e+000 -4.6172e-001 -8.9749e-001
171130 +5.627707072e-001 +5.627707072e-001 -3.546572293e+002 -3.546572293e+002 +2.6598e+000 -1.8251e+000 +1.3013e+000 -4.2130e-001 -9.5235e-001
171202 +4.963603910e-001 +4.963603910e-001 -3.547236396e+002 -3.547236396e+002 +2.5428e+000 -1.7838e+000 +1.2924e+000 -4.3212e-001 -9.4664e-001
171336 +4.241436561e-001 +4.241436561e-001 -3.547958563e+002 -3.547958563e+002 +2.5444e+000 -1.7974e+000 +1.2661e+000 -4.4451e-001 -9.4372e-001
171415 +3.630140155e-001 +3.630140155e-001 -3.548569860e+002 -3.548569860e+002 +2.5652e+000 -1.7917e+000 +1.2881e+000 -4.0191e-001 -9.6442e-001
171487 +3.293326071e-001 +3.293326071e-001 -3.548906674e+002 -3.548906674e+002 +2.5939e+000 -1.7980e+000 +1.2848e+000 -3.8529e-001 -9.6398e-001
171499 +3.081989300e-001 +3.081989300e-001 -3.549118011e+002 -3.549118011e+002 +2.6063e+000 -1.7972e+000 +1.2826e+000 -3.6060e-001 -9.7423e-001
171642 +2.563470297e-001 +2.563470297e-001 -3.549636530e+002 -3.549636530e+002 +2.5864e+000 -1.7921e+000 +1.2848e+000 -3.6526e-001 -9.7385e-001
171734 +2.198977181e-001 +2.198977181e-001 -3.550001023e+002 -3.550001023e+002 +2.5954e+000 -1.8003e+000 +1.2937e+000 -3.5868e-001 -9.7112e-001
171875 +2.075623116e-001 +2.075623116e-001 -3.550124377e+002 -3.550124377e+002 +2.5966e+000 -1.7997e+000 +1.2903e+000 -3.6105e-001 -9.6962e-001
171968 +1.996695485e-001 +1.996695485e-001 -3.550203305e+002 -3.550203305e+002 +2.5928e+000 -1.7979e+000 +1.2928e+000 -3.5909e-001 -9.7216e-001
172014 +1.991101873e-001 +1.991101873e-001 -3.550208898e+002 -3.550208898e+002 +2.5949e+000 -1.7991e+000 +1.2933e+000 -3.5758e-001 -9.7176e-001
172070 +1.947008380e-001 +1.947008380e-001 -3.550252992e+002 -3.550252992e+002 +2.5943e+000 -1.7986e+000 +1.2927e+000 -3.5807e-001 -9.7209e-001
172434 +1.842597432e-001 +1.842597432e-001 -3.550357403e+002 -3.550357403e+002 +2.5929e+000 -1.7983e+000 +1.2943e+000 -3.5797e-001 -9.7234e-001
172603 +1.819409308e-001 +1.819409308e-001 -3.550380591e+002 -3.550380591e+002 +2.5929e+000 -1.7982e+000 +1.2946e+000 -3.5720e-001 -9.7276e-001
172839 +1.747384156e-001 +1.747384156e-001 -3.550452616e+002 -3.550452616e+002 +2.5928e+000 -1.7981e+000 +1.2948e+000 -3.5701e-001 -9.7291e-001
172952 +1.728684937e-001 +1.728684937e-001 -3.550471315e+002 -3.550471315e+002 +2.5928e+000 -1.7982e+000 +1.2948e+000 -3.5700e-001 -9.7291e-001
173132 +1.697552876e-001 +1.697552876e-001 -3.550502447e+002 -3.550502447e+002 +2.5929e+000 -1.7982e+000 +1.2949e+000 -3.5693e-001 -9.7290e-001
% function evaluation | noise-free fitness - Fopt (9.917000000000e+001) | best noise-free fitness - Fopt | measured fitness | best measured fitness | x1 | x2...
1 +4.545542366e+001 +4.545542366e+001 +1.446254237e+002 +1.446254237e+002 +5.0813e-001 +2.9437e+000 +8.2911e-001 +2.3571e+000 -2.7697e+000
4 +4.431046119e+001 +4.431046119e+001 +1.434804612e+002 +1.434804612e+002 +8.6692e-001 +4.3937e+000 +1.9798e+000 +2.4114e+000 -1.7928e+000
5 +4.198477217e+001 +4.198477217e+001 +1.411547722e+002 +1.411547722e+002 +7.9174e-001 +3.0633e+000 +6.8299e-001 +2.4402e+000 -2.9210e+000
26 +2.779918132e+001 +2.779918132e+001 +1.269691813e+002 +1.269691813e+002 +5.9586e-001 +3.1014e+000 +3.3236e+000 +1.4927e+000 -2.6749e+000
68 +1.701353715e+001 +1.701353715e+001 +1.161835372e+002 +1.161835372e+002 +1.2099e+000 +3.3374e+000 +2.8082e+000 +1.2836e+000 -3.4024e+000
295 +1.490462345e+001 +1.490462345e+001 +1.140746235e+002 +1.140746235e+002 -3.5688e+000 -8.0293e-002 +4.3856e+000 -2.7450e+000 -2.0745e+000
578 +1.459728751e+001 +1.459728751e+001 +1.137672875e+002 +1.137672875e+002 -1.3506e+000 +4.8807e+000 -1.2567e+000 -1.4341e+000 -7.2954e-001
588 +7.518063174e+000 +7.518063174e+000 +1.066880632e+002 +1.066880632e+002 -8.0444e-001 +3.5708e+000 -2.9388e+000 -1.7641e+000 +2.5036e+000
711 +7.102132305e+000 +7.102132305e+000 +1.062721323e+002 +1.062721323e+002 -7.3173e-001 +3.1942e-001 -9.9963e-001 +4.7662e-002 +2.2141e+000
2598 +3.814679858e+000 +3.814679858e+000 +1.029846799e+002 +1.029846799e+002 +4.0584e+000 +9.6522e-001 +1.0679e+000 -3.6571e+000 -1.3103e+000
11260 +3.454801942e+000 +3.454801942e+000 +1.026248019e+002 +1.026248019e+002 +2.2641e-001 -6.0575e-001 -3.3238e+000 -6.6519e-001 +2.5979e-001
25339 +2.691154655e+000 +2.691154655e+000 +1.018611547e+002 +1.018611547e+002 -4.3291e+000 -1.9178e+000 -1.0902e+000 -2.1927e+000 -4.3006e+000
42385 +2.323172796e+000 +2.323172796e+000 +1.014931728e+002 +1.014931728e+002 +1.3734e+000 +3.7308e+000 -7.8301e-001 -3.9965e+000 +4.8837e-001
76729 +8.322028997e-001 +8.322028997e-001 +1.000022029e+002 +1.000022029e+002 -1.6158e+000 -5.6558e-001 -2.2243e+000 -1.9486e+000 -4.4674e+000
76959 +5.731426986e-001 +5.731426986e-001 +9.974314270e+001 +9.974314270e+001 -1.6453e+000 -5.7513e-001 -2.2152e+000 -1.9772e+000 -4.4864e+000
77256 +5.489323358e-001 +5.489323358e-001 +9.971893234e+001 +9.971893234e+001 -1.6417e+000 -5.8407e-001 -2.2995e+000 -1.9637e+000 -4.4257e+000
77288 +5.178125439e-001 +5.178125439e-001 +9.968781254e+001 +9.968781254e+001 -1.6491e+000 -5.7379e-001 -2.2323e+000 -1.9624e+000 -4.4672e+000
77358 +4.716091409e-001 +4.716091409e-001 +9.964160914e+001 +9.964160914e+001 -1.6371e+000 -5.8089e-001 -2.2092e+000 -1.9316e+000 -4.4445e+000
77379 +4.441744301e-001 +4.441744301e-001 +9.961417443e+001 +9.961417443e+001 -1.6442e+000 -5.7484e-001 -2.2707e+000 -1.9461e+000 -4.4395e+000
77432 +4.220607743e-001 +4.220607743e-001 +9.959206077e+001 +9.959206077e+001 -1.6435e+000 -5.7766e-001 -2.1964e+000 -1.9391e+000 -4.4718e+000
77453 +4.111737267e-001 +4.111737267e-001 +9.958117373e+001 +9.958117373e+001 -1.6503e+000 -5.7573e-001 -2.2297e+000 -1.9525e+000 -4.4618e+000
77472 +3.991213615e-001 +3.991213615e-001 +9.956912136e+001 +9.956912136e+001 -1.6376e+000 -5.8095e-001 -2.2550e+000 -1.9450e+000 -4.4544e+000
77508 +3.419864485e-001 +3.419864485e-001 +9.951198645e+001 +9.951198645e+001 -1.6289e+000 -5.9843e-001 -2.2432e+000 -1.9507e+000 -4.4563e+000
77532 +3.284289121e-001 +3.284289121e-001 +9.949842891e+001 +9.949842891e+001 -1.6329e+000 -5.8993e-001 -2.2515e+000 -1.9487e+000 -4.4543e+000
77533 +3.117910975e-001 +3.117910975e-001 +9.948179110e+001 +9.948179110e+001 -1.6321e+000 -5.8960e-001 -2.2563e+000 -1.9510e+000 -4.4547e+000
77636 +3.023921604e-001 +3.023921604e-001 +9.947239216e+001 +9.947239216e+001 -1.6279e+000 -5.9215e-001 -2.2399e+000 -1.9476e+000 -4.4650e+000
77677 +2.771319114e-001 +2.771319114e-001 +9.944713191e+001 +9.944713191e+001 -1.6253e+000 -5.9461e-001 -2.2390e+000 -1.9424e+000 -4.4611e+000
77741 +2.746116587e-001 +2.746116587e-001 +9.944461166e+001 +9.944461166e+001 -1.6249e+000 -5.9458e-001 -2.2385e+000 -1.9422e+000 -4.4616e+000
77749 +2.609996668e-001 +2.609996668e-001 +9.943099967e+001 +9.943099967e+001 -1.6270e+000 -5.9326e-001 -2.2359e+000 -1.9412e+000 -4.4648e+000
77752 +2.505859433e-001 +2.505859433e-001 +9.942058594e+001 +9.942058594e+001 -1.6277e+000 -5.9341e-001 -2.2398e+000 -1.9448e+000 -4.4634e+000
77779 +2.424792948e-001 +2.424792948e-001 +9.941247929e+001 +9.941247929e+001 -1.6258e+000 -5.9347e-001 -2.2400e+000 -1.9411e+000 -4.4638e+000
77853 +2.354592172e-001 +2.354592172e-001 +9.940545922e+001 +9.940545922e+001 -1.6270e+000 -5.9336e-001 -2.2406e+000 -1.9437e+000 -4.4637e+000
77879 +2.318498133e-001 +2.318498133e-001 +9.940184981e+001 +9.940184981e+001 -1.6270e+000 -5.9368e-001 -2.2411e+000 -1.9443e+000 -4.4634e+000
77908 +2.259453414e-001 +2.259453414e-001 +9.939594534e+001 +9.939594534e+001 -1.6266e+000 -5.9400e-001 -2.2413e+000 -1.9442e+000 -4.4637e+000
78105 +2.210893246e-001 +2.210893246e-001 +9.939108932e+001 +9.939108932e+001 -1.6268e+000 -5.9354e-001 -2.2419e+000 -1.9438e+000 -4.4629e+000
78257 +2.154249327e-001 +2.154249327e-001 +9.938542493e+001 +9.938542493e+001 -1.6276e+000 -5.9321e-001 -2.2420e+000 -1.9435e+000 -4.4626e+000
78357 +2.136075266e-001 +2.136075266e-001 +9.938360753e+001 +9.938360753e+001 -1.6267e+000 -5.9359e-001 -2.2424e+000 -1.9436e+000 -4.4627e+000
78610 +2.082299928e-001 +2.082299928e-001 +9.937822999e+001 +9.937822999e+001 -1.6266e+000 -5.9343e-001 -2.2423e+000 -1.9436e+000 -4.4628e+000
79668 +2.036950750e-001 +2.036950750e-001 +9.937369507e+001 +9.937369507e+001 -1.6266e+000 -5.9357e-001 -2.2423e+000 -1.9434e+000 -4.4628e+000
% function evaluation | noise-free fitness - Fopt (-5.179100000000e+002) | best noise-free fitness - Fopt | measured fitness | best measured fitness | x1 | x2...
1 +3.998298040e+001 +3.998298040e+001 -4.779270196e+002 -4.779270196e+002 -1.7190e+000 -1.3283e+000 -1.0260e+000 +1.2726e+000 -1.0305e+000
4 +2.732819847e+001 +2.732819847e+001 -4.905818015e+002 -4.905818015e+002 -1.4520e+000 -2.7448e+000 -2.0657e+000 +2.1112e+000 +3.2157e-001
40 +1.017507469e+001 +1.017507469e+001 -5.077349253e+002 -5.077349253e+002 -1.4017e+000 -2.7042e+000 -1.2965e+000 +2.5098e+000 -6.9393e-001
460 +8.258680990e+000 +8.258680990e+000 -5.096513190e+002 -5.096513190e+002 -1.2604e+000 +6.0208e-001 -4.7425e+000 -1.1927e+000 -2.4714e+000
761 +7.478234929e+000 +7.478234929e+000 -5.104317651e+002 -5.104317651e+002 -2.5478e+000 -5.0676e-001 -3.2220e-001 -4.0045e+000 -1.7339e+000
1281 +3.256425637e+000 +3.256425637e+000 -5.146535744e+002 -5.146535744e+002 -7.8773e-001 +3.8062e+000 -4.7317e+000 -4.2553e-001 +1.0513e+000
19473 +1.784298806e+000 +1.784298806e+000 -5.161257012e+002 -5.161257012e+002 -4.8862e+000 +1.6540e+000 -1.8170e+000 +6.6694e-001 +3.3002e+000
191802 +1.062397885e+000 +1.062397885e+000 -5.168476021e+002 -5.168476021e+002 +3.6851e+000 -3.8482e+000 +5.6932e-001 +1.0509e+000 -2.7452e+000
% function evaluation | noise-free fitness - Fopt (-5.721000000000e+001) | best noise-free fitness - Fopt | measured fitness | best measured fitness | x1 | x2...
1 +1.794547690e+002 +1.794547690e+002 +1.222447690e+002 +1.222447690e+002 +4.3281e+000 -1.2000e+000 +1.8402e+000 -2.1034e+000 +3.0046e+000
2 +1.694146851e+001 +1.694146851e+001 -4.026853149e+001 -4.026853149e+001 +5.4586e+000 -3.1678e+000 +2.5265e+000 -3.4647e+000 +2.9745e+000
535 +1.063759498e+001 +1.063759498e+001 -4.657240502e+001 -4.657240502e+001 +4.4426e+000 -4.7288e+000 +3.1917e+000 +1.1872e+000 +2.7268e+000
1315 +5.411495388e+000 +5.411495388e+000 -5.179850461e+001 -5.179850461e+001 -1.5640e+000 -1.0309e+000 -4.1381e+000 -2.6815e+000 +2.8814e+000
3166 +5.230977791e+000 +5.230977791e+000 -5.197902221e+001 -5.197902221e+001 -1.3403e+000 -2.1350e+000 -9.3323e-001 -2.1973e+000 +3.1694e-001
6761 +3.214674016e+000 +3.214674016e+000 -5.399532598e+001 -5.399532598e+001 +1.9927e+000 -5.6086e+000 +1.7887e-001 -1.9303e+000 -1.2458e-001
62408 +2.876215709e+000 +2.876215709e+000 -5.433378429e+001 -5.433378429e+001 +8.8530e-001 -2.6787e+000 +1.4294e+000 -5.2255e+000 -4.4424e+000
147726 +1.887779118e+000 +1.887779118e+000 -5.532222088e+001 -5.532222088e+001 -3.8224e+000 -3.0029e-002 +1.1092e+000 -1.1477e+000 +1.4692e+000
226689 +1.833910516e+000 +1.833910516e+000 -5.537608948e+001 -5.537608948e+001 +4.9732e+000 +3.2460e+000 +4.2211e-001 +1.6828e+000 -2.9853e+000
% function evaluation | noise-free fitness - Fopt (-1.000000000000e+003) | best noise-free fitness - Fopt | measured fitness | best measured fitness | x1 | x2...
1 +1.031950875e+002 +1.031950875e+002 -8.968049125e+002 -8.968049125e+002 -3.9699e+000 -3.7608e+000 -4.5863e+000 -2.6731e+000 +1.0347e+000
2 +2.509870612e+001 +2.509870612e+001 -9.749012939e+002 -9.749012939e+002 -5.0871e+000 -1.4495e+000 -3.3999e+000 -1.5743e+000 +3.8763e-001
23 +2.335197021e+001 +2.335197021e+001 -9.766480298e+002 -9.766480298e+002 -3.8570e+000 -4.0608e+000 -5.1178e+000 -2.0892e+000 +8.7640e-001
25 +8.161231584e+000 +8.161231584e+000 -9.918387684e+002 -9.918387684e+002 -4.7150e+000 -3.7056e+000 -4.3884e+000 -1.7864e+000 -4.4092e-002
775 +7.159256480e+000 +7.159256480e+000 -9.928407435e+002 -9.928407435e+002 -1.0565e+000 +2.0288e+000 -2.2621e+000 -3.6963e+000 +3.2822e-001
2768 +4.616862746e+000 +4.616862746e+000 -9.953831373e+002 -9.953831373e+002 +3.4934e+000 -3.3762e+000 +4.2470e-001 +1.6480e+000 -1.3904e+000
12072 +3.155632182e+000 +3.155632182e+000 -9.968443678e+002 -9.968443678e+002 -3.3576e+000 -6.4769e-001 +4.5136e+000 +5.6847e-001 +2.4898e+000
106552 +1.556028020e+000 +1.556028020e+000 -9.984439720e+002 -9.984439720e+002 -4.8260e-001 +5.3938e+000 -7.3762e-001 -3.1757e+000 +4.2377e+000
121606 +8.705597649e-001 +8.705597649e-001 -9.991294402e+002 -9.991294402e+002 -2.3596e+000 +2.8476e+000 +1.4455e-001 -4.0015e+000 -2.0102e+000
223969 +8.465489929e-001 +8.465489929e-001 -9.991534510e+002 -9.991534510e+002 -7.2276e-001 +4.0488e+000 +4.0848e+000 -2.9236e+000 +4.3774e+000
224001 +7.608788882e-001 +7.608788882e-001 -9.992391211e+002 -9.992391211e+002 -7.4008e-001 +4.0554e+000 +4.0389e+000 -2.9505e+000 +4.3679e+000
224002 +7.372829410e-001 +7.372829410e-001 -9.992627171e+002 -9.992627171e+002 -7.1649e-001 +4.0502e+000 +4.0242e+000 -2.9544e+000 +4.3679e+000
224027 +6.967740686e-001 +6.967740686e-001 -9.993032259e+002 -9.993032259e+002 -7.2224e-001 +4.0560e+000 +4.0452e+000 -2.9357e+000 +4.3972e+000
224112 +6.902695206e-001 +6.902695206e-001 -9.993097305e+002 -9.993097305e+002 -7.2070e-001 +4.0682e+000 +4.0667e+000 -2.9277e+000 +4.3598e+000
224135 +6.565202732e-001 +6.565202732e-001 -9.993434797e+002 -9.993434797e+002 -7.3085e-001 +4.0756e+000 +4.0216e+000 -2.9450e+000 +4.3627e+000
224295 +6.326853127e-001 +6.326853127e-001 -9.993673147e+002 -9.993673147e+002 -7.4496e-001 +4.0469e+000 +4.0564e+000 -2.9369e+000 +4.3681e+000
224310 +5.382664941e-001 +5.382664941e-001 -9.994617335e+002 -9.994617335e+002 -7.5853e-001 +4.0703e+000 +4.0537e+000 -2.9160e+000 +4.3666e+000
224359 +4.925236497e-001 +4.925236497e-001 -9.995074764e+002 -9.995074764e+002 -7.5274e-001 +4.0556e+000 +4.0589e+000 -2.9264e+000 +4.3684e+000
224490 +4.802319618e-001 +4.802319618e-001 -9.995197680e+002 -9.995197680e+002 -7.5329e-001 +4.0742e+000 +4.0478e+000 -2.9082e+000 +4.3730e+000
224595 +4.492884356e-001 +4.492884356e-001 -9.995507116e+002 -9.995507116e+002 -7.5095e-001 +4.0666e+000 +4.0509e+000 -2.9149e+000 +4.3702e+000
225010 +4.428122839e-001 +4.428122839e-001 -9.995571877e+002 -9.995571877e+002 -7.5466e-001 +4.0601e+000 +4.0489e+000 -2.9251e+000 +4.3669e+000
225112 +4.293157221e-001 +4.293157221e-001 -9.995706843e+002 -9.995706843e+002 -7.5505e-001 +4.0598e+000 +4.0482e+000 -2.9257e+000 +4.3659e+000
225254 +4.263386929e-001 +4.263386929e-001 -9.995736613e+002 -9.995736613e+002 -7.5545e-001 +4.0601e+000 +4.0483e+000 -2.9253e+000 +4.3660e+000
225352 +4.167103040e-001 +4.167103040e-001 -9.995832897e+002 -9.995832897e+002 -7.5528e-001 +4.0601e+000 +4.0483e+000 -2.9255e+000 +4.3658e+000
226181 +4.073415669e-001 +4.073415669e-001 -9.995926584e+002 -9.995926584e+002 -7.5524e-001 +4.0601e+000 +4.0480e+000 -2.9257e+000 +4.3659e+000
% function evaluation | noise-free fitness - Fopt (-6.554000000000e+001) | best noise-free fitness - Fopt | measured fitness | best measured fitness | x1 | x2...
1 +5.595985915e+001 +5.595985915e+001 -9.580140852e+000 -9.580140852e+000 -3.3791e-001 +2.8873e+000 -3.0218e+000 -2.3245e+000 -3.0850e+000
33 +5.185208417e+001 +5.185208417e+001 -1.368791583e+001 -1.368791583e+001 -3.8337e-001 +2.4833e+000 +2.2305e-001 -2.4829e+000 -2.2904e+000
43 +3.091360298e+001 +3.091360298e+001 -3.462639702e+001 -3.462639702e+001 -4.3855e-001 +2.1526e+000 -2.1531e+000 -2.4230e+000 -2.4545e+000
74 +1.613378466e+001 +1.613378466e+001 -4.940621534e+001 -4.940621534e+001 +9.3074e-001 +4.1163e+000 -1.8511e+000 -3.1396e+000 -2.8924e+000
90 +8.817793609e+000 +8.817793609e+000 -5.672220639e+001 -5.672220639e+001 +3.1251e+000 -5.8233e-001 -6.2791e-001 +3.5945e-001 -2.0323e+000
460 +7.280876277e+000 +7.280876277e+000 -5.825912372e+001 -5.825912372e+001 -1.1405e+000 -1.9768e+000 +5.3016e-001 +4.5109e+000 -4.7259e+000
691 +6.726638653e+000 +6.726638653e+000 -5.881336135e+001 -5.881336135e+001 -8.1823e-001 -2.9258e+000 +3.7956e+000 -1.0300e+000 -3.6844e+000
5559 +4.272508453e+000 +4.272508453e+000 -6.126749155e+001 -6.126749155e+001 +5.2917e+000 -5.0535e+000 +1.8252e+000 +4.2340e+000 +2.6350e-002
9158 +2.646964107e+000 +2.646964107e+000 -6.289303589e+001 -6.289303589e+001 -7.2649e-001 +3.5677e+000 +1.6087e+000 -4.4311e+000 -1.8939e+000
9639 +1.981045879e+000 +1.981045879e+000 -6.355895412e+001 -6.355895412e+001 -1.0434e+000 +3.6825e+000 +1.4972e+000 -4.6882e+000 -2.4147e+000
9728 +1.381614367e+000 +1.381614367e+000 -6.415838563e+001 -6.415838563e+001 -1.0610e+000 +3.5061e+000 +1.4853e+000 -4.6692e+000 -2.3924e+000
10081 +1.362159633e+000 +1.362159633e+000 -6.417784037e+001 -6.417784037e+001 -1.1258e+000 +3.5524e+000 +1.4648e+000 -4.6501e+000 -2.4574e+000
10176 +9.230307580e-001 +9.230307580e-001 -6.461696924e+001 -6.461696924e+001 -1.1498e+000 +3.5480e+000 +1.4474e+000 -4.6790e+000 -2.4700e+000
10244 +8.310305053e-001 +8.310305053e-001 -6.470896949e+001 -6.470896949e+001 -1.1201e+000 +3.6182e+000 +1.4575e+000 -4.6832e+000 -2.4566e+000
10407 +6.314837222e-001 +6.314837222e-001 -6.490851628e+001 -6.490851628e+001 -1.1739e+000 +3.5487e+000 +1.4339e+000 -4.6729e+000 -2.5052e+000
10587 +6.113950051e-001 +6.113950051e-001 -6.492860499e+001 -6.492860499e+001 -1.1768e+000 +3.5454e+000 +1.4296e+000 -4.6853e+000 -2.5032e+000
10698 +5.969073403e-001 +5.969073403e-001 -6.494309266e+001 -6.494309266e+001 -1.1754e+000 +3.5271e+000 +1.4315e+000 -4.7044e+000 -2.5054e+000
10713 +5.549820343e-001 +5.549820343e-001 -6.498501797e+001 -6.498501797e+001 -1.1744e+000 +3.5492e+000 +1.4367e+000 -4.7074e+000 -2.5125e+000
10732 +5.309722265e-001 +5.309722265e-001 -6.500902777e+001 -6.500902777e+001 -1.1773e+000 +3.5422e+000 +1.4316e+000 -4.7038e+000 -2.5172e+000
10759 +4.706481061e-001 +4.706481061e-001 -6.506935189e+001 -6.506935189e+001 -1.1827e+000 +3.5369e+000 +1.4241e+000 -4.7020e+000 -2.5221e+000
10883 +3.467210230e-001 +3.467210230e-001 -6.519327898e+001 -6.519327898e+001 -1.1815e+000 +3.5288e+000 +1.4291e+000 -4.7011e+000 -2.5139e+000
11124 +3.302726269e-001 +3.302726269e-001 -6.520972737e+001 -6.520972737e+001 -1.1882e+000 +3.5340e+000 +1.4246e+000 -4.7003e+000 -2.5204e+000
11181 +3.036821613e-001 +3.036821613e-001 -6.523631784e+001 -6.523631784e+001 -1.1883e+000 +3.5428e+000 +1.4243e+000 -4.7015e+000 -2.5222e+000
11348 +2.999902362e-001 +2.999902362e-001 -6.524000976e+001 -6.524000976e+001 -1.1891e+000 +3.5406e+000 +1.4247e+000 -4.7016e+000 -2.5225e+000
11413 +2.893875738e-001 +2.893875738e-001 -6.525061243e+001 -6.525061243e+001 -1.1893e+000 +3.5424e+000 +1.4241e+000 -4.7011e+000 -2.5230e+000
11453 +2.874904336e-001 +2.874904336e-001 -6.525250957e+001 -6.525250957e+001 -1.1894e+000 +3.5424e+000 +1.4236e+000 -4.7018e+000 -2.5226e+000
11477 +2.797735131e-001 +2.797735131e-001 -6.526022649e+001 -6.526022649e+001 -1.1892e+000 +3.5422e+000 +1.4237e+000 -4.7017e+000 -2.5231e+000
11478 +2.702215553e-001 +2.702215553e-001 -6.526977844e+001 -6.526977844e+001 -1.1897e+000 +3.5424e+000 +1.4237e+000 -4.7018e+000 -2.5234e+000
11613 +2.676148224e-001 +2.676148224e-001 -6.527238518e+001 -6.527238518e+001 -1.1895e+000 +3.5418e+000 +1.4243e+000 -4.7022e+000 -2.5232e+000
11626 +2.609475910e-001 +2.609475910e-001 -6.527905241e+001 -6.527905241e+001 -1.1895e+000 +3.5418e+000 +1.4247e+000 -4.7022e+000 -2.5234e+000
11667 +2.527944725e-001 +2.527944725e-001 -6.528720553e+001 -6.528720553e+001 -1.1895e+000 +3.5418e+000 +1.4247e+000 -4.7024e+000 -2.5234e+000
11805 +2.503165965e-001 +2.503165965e-001 -6.528968340e+001 -6.528968340e+001 -1.1895e+000 +3.5417e+000 +1.4248e+000 -4.7025e+000 -2.5234e+000
% function evaluation | noise-free fitness - Fopt (-2.375000000000e+001) | best noise-free fitness - Fopt | measured fitness | best measured fitness | x1 | x2...
1 +7.913819233e+001 +7.913819233e+001 +5.538819233e+001 +5.538819233e+001 -2.3941e+000 +2.8718e+000 -3.4567e+000 +6.9582e-001 +4.3573e-001
4 +6.698162445e+001 +6.698162445e+001 +4.323162445e+001 +4.323162445e+001 -2.5063e+000 +3.5652e+000 -3.0110e+000 +3.6293e+000 +7.8425e-001
5 +1.596946002e+001 +1.596946002e+001 -7.780539977e+000 -7.780539977e+000 -2.6791e+000 +2.9966e+000 -2.5693e+000 +3.2202e+000 +4.2015e-001
32 +1.171437342e+001 +1.171437342e+001 -1.203562658e+001 -1.203562658e+001 -3.0911e+000 +1.0689e+000 -5.9510e+000 +4.2155e+000 +2.2022e-001
485 +8.914283386e+000 +8.914283386e+000 -1.483571661e+001 -1.483571661e+001 +4.1798e+000 +3.1331e-001 -3.0916e+000 +4.7844e+000 +1.7566e-001
1943 +7.273821281e+000 +7.273821281e+000 -1.647617872e+001 -1.647617872e+001 -4.1082e+000 -5.6826e+000 -4.0559e+000 +9.9325e-001 +2.5512e+000
4286 +4.373703409e+000 +4.373703409e+000 -1.937629659e+001 -1.937629659e+001 -4.4962e+000 +3.0534e+000 -5.1935e-001 +7.6363e-001 -7.8430e-001
4555 +3.002614737e+000 +3.002614737e+000 -2.074738526e+001 -2.074738526e+001 -6.5635e-001 +3.8091e+000 -3.8088e+000 +8.1437e-001 +2.7919e-001
7401 +1.806765516e+000 +1.806765516e+000 -2.194323448e+001 -2.194323448e+001 -2.1591e+000 -2.9736e+000 +9.4961e-001 +2.1463e+000 -1.5899e+000
51548 +1.580036849e+000 +1.580036849e+000 -2.216996315e+001 -2.216996315e+001 -9.4716e-001 -8.0773e-001 +1.0603e+000 +1.0880e+000 +2.2728e+000
51651 +1.540695849e+000 +1.540695849e+000 -2.220930415e+001 -2.220930415e+001 -9.1216e-001 -8.1613e-001 +1.1506e+000 +1.0310e+000 +2.2720e+000
51661 +7.875578980e-001 +7.875578980e-001 -2.296244210e+001 -2.296244210e+001 -8.6444e-001 -8.0734e-001 +1.1426e+000 +1.0655e+000 +2.3298e+000
52456 +7.759980404e-001 +7.759980404e-001 -2.297400196e+001 -2.297400196e+001 -8.5246e-001 -7.9020e-001 +1.0889e+000 +1.0717e+000 +2.3030e+000
52468 +7.412083910e-001 +7.412083910e-001 -2.300879161e+001 -2.300879161e+001 -8.5175e-001 -7.8997e-001 +1.0897e+000 +1.0717e+000 +2.3032e+000
52586 +7.211170561e-001 +7.211170561e-001 -2.302888294e+001 -2.302888294e+001 -8.5147e-001 -7.9001e-001 +1.0908e+000 +1.0717e+000 +2.3039e+000
52687 +7.024045820e-001 +7.024045820e-001 -2.304759542e+001 -2.304759542e+001 -8.5151e-001 -7.8994e-001 +1.0913e+000 +1.0718e+000 +2.3042e+000
53408 +6.908915564e-001 +6.908915564e-001 -2.305910844e+001 -2.305910844e+001 -8.5094e-001 -7.8990e-001 +1.0914e+000 +1.0722e+000 +2.3048e+000
% function evaluation | noise-free fitness - Fopt (3.513000000000e+001) | best noise-free fitness - Fopt | measured fitness | best measured fitness | x1 | x2...
1 +8.600525840e+001 +8.600525840e+001 +1.211352584e+002 +1.211352584e+002 +3.0655e+000 +1.9637e+000 +5.2985e+000 -5.4962e+000 -3.5670e+000
2 +6.497021285e+001 +6.497021285e+001 +1.001002129e+002 +1.001002129e+002 +3.1435e+000 +4.0347e+000 +3.1416e+000 -4.4861e+000 -1.4756e+000
4 +4.080325490e+001 +4.080325490e+001 +7.593325490e+001 +7.593325490e+001 +3.2834e+000 +1.7127e+000 +3.3932e+000 -4.7488e+000 -1.8139e+000
12 +3.357005568e+001 +3.357005568e+001 +6.870005568e+001 +6.870005568e+001 +3.3333e+000 +2.2256e+000 +2.9130e+000 -4.7361e+000 -2.7615e+000
36 +2.650286571e+001 +2.650286571e+001 +6.163286571e+001 +6.163286571e+001 +3.1365e+000 +2.1380e+000 +5.0470e+000 -4.5842e+000 -3.3825e+000
40 +2.019382246e+001 +2.019382246e+001 +5.532382246e+001 +5.532382246e+001 +3.1583e+000 +2.5486e+000 +3.2443e+000 -4.7002e+000 -1.7375e+000
94 +1.988207688e+001 +1.988207688e+001 +5.501207688e+001 +5.501207688e+001 +2.9248e+000 +2.0359e+000 +4.3953e+000 -4.8086e+000 -3.8071e+000
220 +1.798813684e+001 +1.798813684e+001 +5.311813684e+001 +5.311813684e+001 +2.0616e+000 +1.9103e+000 +4.2839e+000 -4.7711e+000 -3.6553e+000
236 +8.725379857e+000 +8.725379857e+000 +4.385537986e+001 +4.385537986e+001 +2.3953e+000 +1.9808e+000 +4.5715e+000 -5.0037e+000 -1.3168e+000
908 +4.693922929e+000 +4.693922929e+000 +3.982392293e+001 +3.982392293e+001 +2.5844e-001 -3.0251e-001 +2.1712e+000 -3.5771e+000 -2.4841e+000
2400 +4.028571986e+000 +4.028571986e+000 +3.915857199e+001 +3.915857199e+001 -4.9791e+000 +7.9903e-001 -1.6694e+000 -4.7558e-001 -1.2406e+000
8097 +2.548794809e+000 +2.548794809e+000 +3.767879481e+001 +3.767879481e+001 -5.0457e-001 -3.2650e+000 +4.1513e+000 +3.6271e-001 +3.8520e+000
15291 +1.976318151e+000 +1.976318151e+000 +3.710631815e+001 +3.710631815e+001 -2.2802e-001 -3.1733e+000 +3.1680e-001 -5.3086e+000 -2.0651e+000
15314 +1.492063698e+000 +1.492063698e+000 +3.662206370e+001 +3.662206370e+001 +3.4436e-002 -3.1509e+000 +2.8344e-001 -5.4891e+000 -2.0687e+000
15378 +1.383640244e+000 +1.383640244e+000 +3.651364024e+001 +3.651364024e+001 -1.8123e-003 -3.2077e+000 +2.2478e-001 -5.3976e+000 -1.9965e+000
15396 +8.538308632e-001 +8.538308632e-001 +3.598383086e+001 +3.598383086e+001 -1.1836e-002 -3.2789e+000 +2.2400e-001 -5.4843e+000 -1.9600e+000
15411 +8.417581083e-001 +8.417581083e-001 +3.597175811e+001 +3.597175811e+001 -2.5104e-003 -3.2731e+000 +1.9098e-001 -5.4108e+000 -2.0346e+000
15506 +5.317172986e-001 +5.317172986e-001 +3.566171730e+001 +3.566171730e+001 +5.6601e-003 -3.2643e+000 +2.5367e-001 -5.4600e+000 -1.9675e+000
15676 +5.130424814e-001 +5.130424814e-001 +3.564304248e+001 +3.564304248e+001 +5.4105e-002 -3.2917e+000 +2.4438e-001 -5.4437e+000 -2.0134e+000
15691 +5.057091574e-001 +5.057091574e-001 +3.563570916e+001 +3.563570916e+001 +2.7700e-002 -3.2792e+000 +2.4591e-001 -5.4504e+000 -1.9913e+000
15976 +4.988595319e-001 +4.988595319e-001 +3.562885953e+001 +3.562885953e+001 +7.1591e-003 -3.2603e+000 +2.4760e-001 -5.4645e+000 -1.9875e+000
16026 +4.653457410e-001 +4.653457410e-001 +3.559534574e+001 +3.559534574e+001 +1.6051e-002 -3.2653e+000 +2.4841e-001 -5.4577e+000 -1.9850e+000
16190 +4.565838410e-001 +4.565838410e-001 +3.558658384e+001 +3.558658384e+001 +1.8295e-002 -3.2646e+000 +2.4822e-001 -5.4589e+000 -1.9882e+000
% function evaluation | noise-free fitness - Fopt (-7.982000000000e+001) | best noise-free fitness - Fopt | measured fitness | best measured fitness | x1 | x2...
1 +1.172584192e+002 +1.172584192e+002 +3.743841919e+001 +3.743841919e+001 -5.7051e+000 -2.9625e-001 -6.6127e-001 -1.6983e+000 -3.6556e+000
2 +1.112126772e+002 +1.112126772e+002 +3.139267718e+001 +3.139267718e+001 -4.8381e+000 -1.1648e+000 -1.4780e+000 -4.6307e-002 -1.9456e+000
3 +5.573275449e+001 +5.573275449e+001 -2.408724551e+001 -2.408724551e+001 -5.4340e+000 -1.0350e+000 -8.7590e-001 -1.0994e+000 -2.1673e+000
4 +4.724472383e+001 +4.724472383e+001 -3.257527617e+001 -3.257527617e+001 -6.1115e+000 -1.4938e-001 -1.3526e+000 -7.5868e-002 -3.2343e+000
5 +3.064934980e+001 +3.064934980e+001 -4.917065020e+001 -4.917065020e+001 -4.5919e+000 -5.0214e-001 -5.8274e-001 -3.5797e-001 -2.5467e+000
16 +1.791853155e+001 +1.791853155e+001 -6.190146845e+001 -6.190146845e+001 -4.6000e+000 -9.4891e-001 -8.0688e-001 -2.8912e-001 -2.5220e+000
41 +1.654318240e+001 +1.654318240e+001 -6.327681760e+001 -6.327681760e+001 -5.4880e+000 -8.3324e-001 -1.3455e+000 -2.7265e-001 -2.8433e+000
52 +1.535490060e+001 +1.535490060e+001 -6.446509940e+001 -6.446509940e+001 -5.2950e+000 -4.9108e-001 -1.0860e+000 -2.2282e-001 -3.0852e+000
123 +1.335086067e+001 +1.335086067e+001 -6.646913933e+001 -6.646913933e+001 -4.8358e+000 -6.9749e-001 -3.4522e-001 -5.0683e-002 -2.3329e+000
457 +1.313168731e+001 +1.313168731e+001 -6.668831269e+001 -6.668831269e+001 -4.4261e+000 +2.0043e+000 -1.8169e+000 -2.3899e+000 -3.1932e+000
1368 +1.062146428e+001 +1.062146428e+001 -6.919853572e+001 -6.919853572e+001 +7.4473e-001 +1.0339e+000 +1.8258e+000 -1.9425e+000 +5.3320e+000
2147 +9.424100197e+000 +9.424100197e+000 -7.039589980e+001 -7.039589980e+001 -6.1803e-001 +4.1258e+000 -9.5978e-001 +8.2593e-001 +5.3853e+000
3734 +3.822379935e+000 +3.822379935e+000 -7.599762007e+001 -7.599762007e+001 -3.5185e+000 +2.7745e+000 +3.0933e+000 +2.0263e+000 +3.4578e+000
25941 +3.581563516e+000 +3.581563516e+000 -7.623843648e+001 -7.623843648e+001 -2.8759e+000 +1.0190e+000 -1.4551e+000 +1.1798e+000 -4.2152e+000
26062 +2.331088645e+000 +2.331088645e+000 -7.748891136e+001 -7.748891136e+001 -2.8948e+000 +8.6288e-001 -1.5697e+000 +1.2721e+000 -4.2484e+000
26405 +2.182642796e+000 +2.182642796e+000 -7.763735720e+001 -7.763735720e+001 -2.8998e+000 +8.4665e-001 -1.4754e+000 +1.1730e+000 -4.2172e+000
26471 +1.873458409e+000 +1.873458409e+000 -7.794654159e+001 -7.794654159e+001 -2.8713e+000 +8.3445e-001 -1.4612e+000 +1.1703e+000 -4.2438e+000
26517 +1.783000389e+000 +1.783000389e+000 -7.803699961e+001 -7.803699961e+001 -2.8996e+000 +8.4084e-001 -1.4496e+000 +1.1494e+000 -4.2134e+000
26593 +1.640965902e+000 +1.640965902e+000 -7.817903410e+001 -7.817903410e+001 -2.9067e+000 +8.3546e-001 -1.4370e+000 +1.1524e+000 -4.2060e+000
26709 +1.565394843e+000 +1.565394843e+000 -7.825460516e+001 -7.825460516e+001 -2.8911e+000 +8.3599e-001 -1.4531e+000 +1.1486e+000 -4.2176e+000
26867 +1.529837413e+000 +1.529837413e+000 -7.829016259e+001 -7.829016259e+001 -2.9010e+000 +8.3979e-001 -1.4541e+000 +1.1463e+000 -4.2085e+000
26888 +1.484125755e+000 +1.484125755e+000 -7.833587425e+001 -7.833587425e+001 -2.9017e+000 +8.3829e-001 -1.4489e+000 +1.1457e+000 -4.2084e+000
27027 +1.467664238e+000 +1.467664238e+000 -7.835233576e+001 -7.835233576e+001 -2.9043e+000 +8.3891e-001 -1.4477e+000 +1.1443e+000 -4.2063e+000
27055 +1.444261278e+000 +1.444261278e+000 -7.837573872e+001 -7.837573872e+001 -2.9044e+000 +8.3825e-001 -1.4460e+000 +1.1437e+000 -4.2060e+000
27563 +1.410536369e+000 +1.410536369e+000 -7.840946363e+001 -7.840946363e+001 -2.9051e+000 +8.3867e-001 -1.4469e+000 +1.1422e+000 -4.2046e+000
27723 +1.380078827e+000 +1.380078827e+000 -7.843992117e+001 -7.843992117e+001 -2.9055e+000 +8.3902e-001 -1.4475e+000 +1.1411e+000 -4.2037e+000
27871 +1.334743830e+000 +1.334743830e+000 -7.848525617e+001 -7.848525617e+001 -2.9060e+000 +8.3927e-001 -1.4472e+000 +1.1408e+000 -4.2033e+000
28220 +1.317430242e+000 +1.317430242e+000 -7.850256976e+001 -7.850256976e+001 -2.9059e+000 +8.3945e-001 -1.4472e+000 +1.1409e+000 -4.2033e+000
28913 +1.287403589e+000 +1.287403589e+000 -7.853259641e+001 -7.853259641e+001 -2.9060e+000 +8.3949e-001 -1.4473e+000 +1.1408e+000 -4.2031e+000
% function evaluation | noise-free fitness - Fopt (1.925800000000e+002) | best noise-free fitness - Fopt | measured fitness | best measured fitness | x1 | x2...
1 +7.785813915e+001 +7.785813915e+001 +2.704381391e+002 +2.704381391e+002 -1.3373e+000 -2.9657e+000 +3.6307e+000 +4.5229e+000 +3.7762e+000
3 +6.044685633e+001 +6.044685633e+001 +2.530268563e+002 +2.530268563e+002 -1.2934e+000 -3.1059e+000 +4.9252e+000 +4.5630e+000 +2.7462e+000
6 +4.469977090e+001 +4.469977090e+001 +2.372797709e+002 +2.372797709e+002 -1.4818e+000 -3.0775e+000 +5.2164e+000 +4.7744e+000 +3.0097e+000
15 +4.223705705e+001 +4.223705705e+001 +2.348170570e+002 +2.348170570e+002 -2.4429e+000 -3.1775e+000 +4.6187e+000 +4.7355e+000 +2.9838e+000
20 +3.735722682e+001 +3.735722682e+001 +2.299372268e+002 +2.299372268e+002 -2.2980e+000 -3.8197e+000 +5.4648e+000 +4.8785e+000 +3.6420e+000
27 +2.715117062e+001 +2.715117062e+001 +2.197311706e+002 +2.197311706e+002 -2.2405e+000 -3.3280e+000 +4.7908e+000 +5.1561e+000 +2.7072e+000
29 +2.228499827e+001 +2.228499827e+001 +2.148649983e+002 +2.148649983e+002 -3.2474e+000 -2.7135e+000 +4.6476e+000 +4.8495e+000 +3.3342e+000
39 +6.357529672e+000 +6.357529672e+000 +1.989375297e+002 +1.989375297e+002 -2.9963e+000 -3.4399e+000 +4.9795e+000 +4.9123e+000 +2.9392e+000
176 +6.067911608e+000 +6.067911608e+000 +1.986479116e+002 +1.986479116e+002 -2.6581e+000 -3.6187e+000 +4.8765e+000 +4.7853e+000 +2.9434e+000
185 +2.049328252e+000 +2.049328252e+000 +1.946293283e+002 +1.946293283e+002 -3.2946e+000 -3.2059e+000 +4.9719e+000 +4.8555e+000 +2.9561e+000
577 +1.976440475e+000 +1.976440475e+000 +1.945564405e+002 +1.945564405e+002 -2.8728e+000 -3.5181e+000 +4.9835e+000 +4.9304e+000 +3.3081e+000
580 +1.875750389e+000 +1.875750389e+000 +1.944557504e+002 +1.944557504e+002 -2.8823e+000 -3.5078e+000 +4.9859e+000 +4.9167e+000 +3.3192e+000
584 +1.745055997e+000 +1.745055997e+000 +1.943250560e+002 +1.943250560e+002 -2.8763e+000 -3.5196e+000 +4.9814e+000 +4.9235e+000 +3.3129e+000
637 +1.715809763e+000 +1.715809763e+000 +1.942958098e+002 +1.942958098e+002 -2.8778e+000 -3.5205e+000 +4.9863e+000 +4.9226e+000 +3.3284e+000
683 +1.610481047e+000 +1.610481047e+000 +1.941904810e+002 +1.941904810e+002 -2.8856e+000 -3.5142e+000 +4.9843e+000 +4.9166e+000 +3.3377e+000
707 +1.582669779e+000 +1.582669779e+000 +1.941626698e+002 +1.941626698e+002 -2.8901e+000 -3.5267e+000 +4.9933e+000 +4.9224e+000 +3.3302e+000
726 +1.547740421e+000 +1.547740421e+000 +1.941277404e+002 +1.941277404e+002 -2.8864e+000 -3.5251e+000 +4.9888e+000 +4.9251e+000 +3.3269e+000
978 +1.465037877e+000 +1.465037877e+000 +1.940450379e+002 +1.940450379e+002 -2.8892e+000 -3.5236e+000 +4.9960e+000 +4.9200e+000 +3.3275e+000
1280 +1.444020676e+000 +1.444020676e+000 +1.940240207e+002 +1.940240207e+002 -2.8922e+000 -3.5225e+000 +4.9926e+000 +4.9199e+000 +3.3230e+000
1303 +1.357415145e+000 +1.357415145e+000 +1.939374151e+002 +1.939374151e+002 -2.8921e+000 -3.5237e+000 +4.9915e+000 +4.9185e+000 +3.3240e+000
1607 +1.348258016e+000 +1.348258016e+000 +1.939282580e+002 +1.939282580e+002 -2.8929e+000 -3.5235e+000 +4.9917e+000 +4.9178e+000 +3.3237e+000
2593 +1.313439454e+000 +1.313439454e+000 +1.938934395e+002 +1.938934395e+002 -2.8926e+000 -3.5229e+000 +4.9916e+000 +4.9184e+000 +3.3232e+000
% function evaluation | noise-free fitness - Fopt (-2.684800000000e+002) | best noise-free fitness - Fopt | measured fitness | best measured fitness | x1 | x2...
1 +1.606347749e+002 +1.606347749e+002 -1.078452251e+002 -1.078452251e+002 +3.2552e+000 +3.5457e+000 -5.3834e+000 -2.4637e+000 -2.9372e+000
2 +1.582067903e+002 +1.582067903e+002 -1.102732097e+002 -1.102732097e+002 +3.1415e+000 +4.3778e+000 -5.8598e+000 -8.3147e+000 -2.8571e+000
3 +9.925049621e+001 +9.925049621e+001 -1.692295038e+002 -1.692295038e+002 +3.0122e+000 +2.6905e+000 -5.0614e+000 -3.1431e+000 -2.9647e+000
7 +7.810331640e+001 +7.810331640e+001 -1.903766836e+002 -1.903766836e+002 +3.0847e+000 +2.6499e+000 -4.4678e+000 -2.9923e+000 -2.9906e+000
9 +3.080683917e+001 +3.080683917e+001 -2.376731608e+002 -2.376731608e+002 +3.5563e+000 +2.1481e+000 -4.7552e+000 -2.9231e+000 -2.2752e+000
19 +2.178452699e+001 +2.178452699e+001 -2.466954730e+002 -2.466954730e+002 +4.1013e+000 +3.7878e+000 -5.1499e+000 -1.6801e+000 -3.3543e+000
245 +1.599319848e+001 +1.599319848e+001 -2.524868015e+002 -2.524868015e+002 +2.6809e+000 +1.4593e+000 -1.4193e+000 -1.1715e+000 -6.6739e-002
287 +1.503903303e+001 +1.503903303e+001 -2.534409670e+002 -2.534409670e+002 +1.8003e+000 +8.3881e-001 +3.7421e-001 -2.4267e+000 -1.5178e+000
415 +1.473016511e+001 +1.473016511e+001 -2.537498349e+002 -2.537498349e+002 +1.2433e+000 -3.6005e-003 -1.3485e+000 -2.9328e+000 -1.9970e+000
569 +1.213457493e+001 +1.213457493e+001 -2.563454251e+002 -2.563454251e+002 +2.9800e+000 -8.8946e-001 -2.0680e+000 +3.5261e+000 -1.2367e+000
590 +1.078587920e+001 +1.078587920e+001 -2.576941208e+002 -2.576941208e+002 +1.0576e+000 -1.6982e+000 +6.4557e-001 +5.3764e-001 -2.9889e+000
1116 +6.608444986e+000 +6.608444986e+000 -2.618715550e+002 -2.618715550e+002 -2.6502e+000 +3.5526e+000 +1.4429e-001 -3.3543e+000 -1.9163e+000
3177 +4.779891832e+000 +4.779891832e+000 -2.637001082e+002 -2.637001082e+002 +1.7855e+000 -1.2749e+000 -1.0784e+000 -5.2083e+000 -1.9743e+000
3310 +4.489640917e+000 +4.489640917e+000 -2.639903591e+002 -2.639903591e+002 +2.2399e+000 -1.6778e+000 -1.6609e+000 -5.0374e+000 -1.9982e+000
3315 +4.110578737e+000 +4.110578737e+000 -2.643694213e+002 -2.643694213e+002 +2.2052e+000 -1.3777e+000 -1.4732e+000 -5.2116e+000 -2.2333e+000
3405 +3.664028477e+000 +3.664028477e+000 -2.648159715e+002 -2.648159715e+002 +2.2767e+000 -1.4884e+000 -1.5043e+000 -4.8803e+000 -2.3108e+000
3429 +2.113840200e+000 +2.113840200e+000 -2.663661598e+002 -2.663661598e+002 +2.0527e+000 -1.5800e+000 -1.5652e+000 -5.0456e+000 -2.1361e+000
3462 +1.204671474e+000 +1.204671474e+000 -2.672753285e+002 -2.672753285e+002 +2.0156e+000 -1.5753e+000 -1.5098e+000 -5.3031e+000 -1.9814e+000
3543 +1.090124645e+000 +1.090124645e+000 -2.673898754e+002 -2.673898754e+002 +2.0521e+000 -1.6772e+000 -1.5722e+000 -4.9903e+000 -2.0449e+000
3548 +7.889158415e-001 +7.889158415e-001 -2.676910842e+002 -2.676910842e+002 +1.8790e+000 -1.6793e+000 -1.5696e+000 -5.0616e+000 -2.1174e+000
3554 +7.417638836e-001 +7.417638836e-001 -2.677382361e+002 -2.677382361e+002 +1.8784e+000 -1.6404e+000 -1.5570e+000 -4.9525e+000 -2.1227e+000
3555 +2.287286382e-001 +2.287286382e-001 -2.682512714e+002 -2.682512714e+002 +1.9016e+000 -1.6814e+000 -1.5513e+000 -5.0066e+000 -2.0846e+000
3748 +2.197913080e-001 +2.197913080e-001 -2.682602087e+002 -2.682602087e+002 +1.9387e+000 -1.6281e+000 -1.5284e+000 -5.0183e+000 -2.0936e+000
3798 +2.141157569e-001 +2.141157569e-001 -2.682658842e+002 -2.682658842e+002 +1.9658e+000 -1.6439e+000 -1.5217e+000 -5.0033e+000 -2.1021e+000
3837 +2.108125449e-001 +2.108125449e-001 -2.682691875e+002 -2.682691875e+002 +1.9657e+000 -1.6420e+000 -1.5198e+000 -5.0195e+000 -2.0930e+000
3867 +1.820844709e-001 +1.820844709e-001 -2.682979155e+002 -2.682979155e+002 +1.9497e+000 -1.6148e+000 -1.5194e+000 -5.0541e+000 -2.0804e+000
3885 +1.589094625e-001 +1.589094625e-001 -2.683210905e+002 -2.683210905e+002 +1.9367e+000 -1.6071e+000 -1.5183e+000 -5.0629e+000 -2.0691e+000
3919 +1.387840074e-001 +1.387840074e-001 -2.683412160e+002 -2.683412160e+002 +1.9576e+000 -1.6096e+000 -1.5146e+000 -5.0529e+000 -2.0707e+000
3973 +1.129481743e-001 +1.129481743e-001 -2.683670518e+002 -2.683670518e+002 +1.9541e+000 -1.6169e+000 -1.5211e+000 -5.0653e+000 -2.0687e+000
4063 +1.115372783e-001 +1.115372783e-001 -2.683684627e+002 -2.683684627e+002 +1.9578e+000 -1.6159e+000 -1.5185e+000 -5.0683e+000 -2.0641e+000
4087 +1.018116444e-001 +1.018116444e-001 -2.683781884e+002 -2.683781884e+002 +1.9554e+000 -1.6146e+000 -1.5184e+000 -5.0647e+000 -2.0658e+000
4179 +9.049248452e-002 +9.049248452e-002 -2.683895075e+002 -2.683895075e+002 +1.9509e+000 -1.6131e+000 -1.5236e+000 -5.0719e+000 -2.0666e+000
4243 +8.706150520e-002 +8.706150520e-002 -2.683929385e+002 -2.683929385e+002 +1.9484e+000 -1.6126e+000 -1.5252e+000 -5.0738e+000 -2.0678e+000
4247 +7.750516310e-002 +7.750516310e-002 -2.684024948e+002 -2.684024948e+002 +1.9542e+000 -1.6131e+000 -1.5242e+000 -5.0766e+000 -2.0668e+000
4345 +7.501456093e-002 +7.501456093e-002 -2.684049854e+002 -2.684049854e+002 +1.9523e+000 -1.6141e+000 -1.5248e+000 -5.0761e+000 -2.0666e+000
4365 +7.189272773e-002 +7.189272773e-002 -2.684081073e+002 -2.684081073e+002 +1.9529e+000 -1.6142e+000 -1.5247e+000 -5.0757e+000 -2.0670e+000
4382 +7.002796433e-002 +7.002796433e-002 -2.684099720e+002 -2.684099720e+002 +1.9529e+000 -1.6142e+000 -1.5243e+000 -5.0773e+000 -2.0666e+000
4475 +6.909473540e-002 +6.909473540e-002 -2.684109053e+002 -2.684109053e+002 +1.9530e+000 -1.6134e+000 -1.5240e+000 -5.0759e+000 -2.0667e+000
4480 +6.680125592e-002 +6.680125592e-002 -2.684131987e+002 -2.684131987e+002 +1.9544e+000 -1.6126e+000 -1.5242e+000 -5.0795e+000 -2.0663e+000
4525 +6.347454629e-002 +6.347454629e-002 -2.684165255e+002 -2.684165255e+002 +1.9532e+000 -1.6149e+000 -1.5248e+000 -5.0776e+000 -2.0660e+000
4644 +6.213621278e-002 +6.213621278e-002 -2.684178638e+002 -2.684178638e+002 +1.9539e+000 -1.6139e+000 -1.5245e+000 -5.0779e+000 -2.0665e+000
4683 +5.990580217e-002 +5.990580217e-002 -2.684200942e+002 -2.684200942e+002 +1.9542e+000 -1.6140e+000 -1.5246e+000 -5.0783e+000 -2.0665e+000
4738 +5.834301470e-002 +5.834301470e-002 -2.684216570e+002 -2.684216570e+002 +1.9544e+000 -1.6141e+000 -1.5247e+000 -5.0786e+000 -2.0665e+000
4778 +5.735618210e-002 +5.735618210e-002 -2.684226438e+002 -2.684226438e+002 +1.9546e+000 -1.6142e+000 -1.5247e+000 -5.0787e+000 -2.0665e+000
5199 +5.615138132e-002 +5.615138132e-002 -2.684238486e+002 -2.684238486e+002 +1.9544e+000 -1.6142e+000 -1.5247e+000 -5.0785e+000 -2.0666e+000
5773 +5.493663844e-002 +5.493663844e-002 -2.684250634e+002 -2.684250634e+002 +1.9545e+000 -1.6143e+000 -1.5248e+000 -5.0786e+000 -2.0666e+000
% function evaluation | noise-free fitness - Fopt (-1.000000000000e+003) | best noise-free fitness - Fopt | measured fitness | best measured fitness | x1 | x2...
1 +6.193895123e+001 +6.193895123e+001 -9.380610488e+002 -9.380610488e+002 -1.7087e+000 -8.5395e-002 -2.5059e+000 +3.8844e+000 +1.9899e-001
2 +6.157391483e+001 +6.157391483e+001 -9.384260852e+002 -9.384260852e+002 -2.6696e+000 -3.4696e-001 -1.4739e+000 +5.4654e+000 -1.9610e+000
4 +5.905440933e+001 +5.905440933e+001 -9.409455907e+002 -9.409455907e+002 -7.1934e-001 +3.6175e-001 -1.7877e+000 +4.7565e+000 -4.0143e-001
5 +3.609962649e+001 +3.609962649e+001 -9.639003735e+002 -9.639003735e+002 -8.2698e-001 -6.4792e-001 -2.5670e+000 +4.0236e+000 -5.9839e-001
30 +1.744932306e+001 +1.744932306e+001 -9.825506769e+002 -9.825506769e+002 -1.8828e+000 -3.2746e-001 -1.6062e+000 +3.6681e+000 +7.1593e-001
77 +1.235056626e+001 +1.235056626e+001 -9.876494337e+002 -9.876494337e+002 -8.3452e-002 +2.1320e+000 -2.6862e+000 +1.8464e+000 -8.2525e-001
443 +1.034851457e+001 +1.034851457e+001 -9.896514854e+002 -9.896514854e+002 -3.5362e+000 -2.9835e-001 -1.1807e+000 +1.5843e-001 +1.5252e+000
516 +9.682849651e+000 +9.682849651e+000 -9.903171503e+002 -9.903171503e+002 -1.7793e+000 +4.4788e+000 +2.1121e+000 +3.5556e+000 +3.4238e+000
2170 +3.119494206e+000 +3.119494206e+000 -9.968805058e+002 -9.968805058e+002 -3.2063e-001 +1.5792e+000 -1.1715e+000 -4.7146e+000 +7.9127e-002
27059 +2.663199995e+000 +2.663199995e+000 -9.973368000e+002 -9.973368000e+002 -9.7665e-001 +4.4484e+000 -3.0557e+000 +1.3190e-001 +2.0140e-001
27139 +2.584902237e+000 +2.584902237e+000 -9.974150978e+002 -9.974150978e+002 -7.9503e-001 +4.3885e+000 -3.1119e+000 +1.2579e-001 +5.7931e-002
27205 +2.498725894e+000 +2.498725894e+000 -9.975012741e+002 -9.975012741e+002 -8.9576e-001 +4.5580e+000 -3.0351e+000 +1.2525e-001 +8.3232e-002
27228 +2.451693299e+000 +2.451693299e+000 -9.975483067e+002 -9.975483067e+002 -8.8686e-001 +4.5495e+000 -3.0421e+000 +1.2468e-001 +8.9232e-002
27237 +2.072862001e+000 +2.072862001e+000 -9.979271380e+002 -9.979271380e+002 -9.0450e-001 +4.5302e+000 -3.0392e+000 +1.2490e-001 +1.4808e-001
27278 +1.964463455e+000 +1.964463455e+000 -9.980355365e+002 -9.980355365e+002 -8.7424e-001 +4.4666e+000 -3.0587e+000 +1.2388e-001 +1.7821e-001
27337 +1.860773322e+000 +1.860773322e+000 -9.981392267e+002 -9.981392267e+002 -8.5453e-001 +4.4698e+000 -3.0810e+000 +1.2365e-001 +1.6409e-001
27372 +1.655205278e+000 +1.655205278e+000 -9.983447947e+002 -9.983447947e+002 -8.9546e-001 +4.4925e+000 -3.0566e+000 +1.1943e-001 +1.5528e-001
27395 +1.565800748e+000 +1.565800748e+000 -9.984341993e+002 -9.984341993e+002 -8.8915e-001 +4.4969e+000 -3.0467e+000 +1.2729e-001 +1.5652e-001
27417 +1.385176845e+000 +1.385176845e+000 -9.986148232e+002 -9.986148232e+002 -8.8679e-001 +4.4604e+000 -3.0660e+000 +1.2593e-001 +1.5562e-001
27453 +1.376212735e+000 +1.376212735e+000 -9.986237873e+002 -9.986237873e+002 -9.5435e-001 +4.4692e+000 -3.0819e+000 +1.3831e-001 +1.8504e-001
27490 +1.231640854e+000 +1.231640854e+000 -9.987683591e+002 -9.987683591e+002 -8.7753e-001 +4.4738e+000 -3.0641e+000 +1.3294e-001 +1.6164e-001
27506 +1.154100702e+000 +1.154100702e+000 -9.988458993e+002 -9.988458993e+002 -8.7048e-001 +4.4751e+000 -3.0658e+000 +1.3206e-001 +1.6251e-001
27543 +1.025522248e+000 +1.025522248e+000 -9.989744778e+002 -9.989744778e+002 -8.6274e-001 +4.4694e+000 -3.0677e+000 +1.3741e-001 +1.6232e-001
27562 +9.198133627e-001 +9.198133627e-001 -9.990801866e+002 -9.990801866e+002 -8.9938e-001 +4.4578e+000 -3.0812e+000 +1.1849e-001 +1.5893e-001
27595 +8.788044173e-001 +8.788044173e-001 -9.991211956e+002 -9.991211956e+002 -8.7779e-001 +4.4631e+000 -3.0765e+000 +1.2438e-001 +1.6592e-001
27598 +7.714922803e-001 +7.714922803e-001 -9.992285077e+002 -9.992285077e+002 -8.7401e-001 +4.4575e+000 -3.0795e+000 +1.2346e-001 +1.6522e-001
27658 +7.246491617e-001 +7.246491617e-001 -9.992753508e+002 -9.992753508e+002 -9.0944e-001 +4.4598e+000 -3.0841e+000 +1.1717e-001 +1.6335e-001
27676 +6.711863894e-001 +6.711863894e-001 -9.993288136e+002 -9.993288136e+002 -8.9818e-001 +4.4575e+000 -3.0844e+000 +1.1415e-001 +1.6492e-001
27900 +6.443015811e-001 +6.443015811e-001 -9.993556984e+002 -9.993556984e+002 -8.9232e-001 +4.4561e+000 -3.0842e+000 +1.1705e-001 +1.6554e-001
27905 +6.198310725e-001 +6.198310725e-001 -9.993801689e+002 -9.993801689e+002 -8.9165e-001 +4.4552e+000 -3.0839e+000 +1.1764e-001 +1.6481e-001
28087 +6.161383646e-001 +6.161383646e-001 -9.993838616e+002 -9.993838616e+002 -9.0152e-001 +4.4547e+000 -3.0853e+000 +1.1661e-001 +1.6647e-001
28209 +5.908223131e-001 +5.908223131e-001 -9.994091777e+002 -9.994091777e+002 -8.9318e-001 +4.4534e+000 -3.0852e+000 +1.1627e-001 +1.6640e-001
28267 +5.826871124e-001 +5.826871124e-001 -9.994173129e+002 -9.994173129e+002 -8.9249e-001 +4.4541e+000 -3.0851e+000 +1.1633e-001 +1.6495e-001
28577 +5.748413685e-001 +5.748413685e-001 -9.994251586e+002 -9.994251586e+002 -8.9520e-001 +4.4536e+000 -3.0853e+000 +1.1620e-001 +1.6545e-001
28890 +5.587044527e-001 +5.587044527e-001 -9.994412955e+002 -9.994412955e+002 -8.9396e-001 +4.4535e+000 -3.0853e+000 +1.1619e-001 +1.6549e-001
% function evaluation | noise-free fitness - Fopt (-1.388000000000e+001) | best noise-free fitness - Fopt | measured fitness | best measured fitness | x1 | x2...
1 +3.882320022e+001 +3.882320022e+001 +2.494320022e+001 +2.494320022e+001 +1.6564e+000 -3.5387e+000 +2.6806e+000 -3.9846e+000 -1.5522e+000
25 +3.748016797e+001 +3.748016797e+001 +2.360016797e+001 +2.360016797e+001 +9.5814e-001 -3.0305e+000 +3.6991e+000 -3.6901e+000 -1.4720e+000
32 +3.322261079e+001 +3.322261079e+001 +1.934261079e+001 +1.934261079e+001 +1.7140e+000 -3.3828e+000 +3.1781e+000 -3.5828e+000 -1.0397e+000
36 +3.133164605e+001 +3.133164605e+001 +1.745164605e+001 +1.745164605e+001 +1.7444e+000 -3.6050e+000 +3.1198e+000 -4.3180e+000 -1.4446e+000
44 +2.097977850e+001 +2.097977850e+001 +7.099778498e+000 +7.099778498e+000 +1.4071e+000 -3.5630e+000 +3.1137e+000 -3.3291e+000 -9.9586e-001
182 +1.064743485e+001 +1.064743485e+001 -3.232565153e+000 -3.232565153e+000 +6.0019e+000 -8.9227e-001 +1.1938e+000 +1.1594e+000 -2.1846e+000
548 +6.553009665e+000 +6.553009665e+000 -7.326990335e+000 -7.326990335e+000 +3.2064e+000 +1.5181e+000 +4.9140e+000 +8.7802e-002 +2.3413e+000
4229 +5.725103911e+000 +5.725103911e+000 -8.154896089e+000 -8.154896089e+000 -6.4686e-001 -3.8549e+000 -2.4990e+000 -1.3796e+000 -4.8959e+000
4921 +4.421793298e+000 +4.421793298e+000 -9.458206702e+000 -9.458206702e+000 -3.8471e+000 -5.7301e+000 +1.2263e+000 -4.0680e+000 -2.7048e+000
15306 +3.972375625e+000 +3.972375625e+000 -9.907624375e+000 -9.907624375e+000 -4.1543e+000 +1.5266e+000 +9.5790e-001 +1.7773e+000 +1.5569e+000
20412 +3.595961233e+000 +3.595961233e+000 -1.028403877e+001 -1.028403877e+001 -5.7162e+000 +1.5653e+000 -4.6236e+000 -6.8503e-001 -1.1926e+000
20709 +2.475170679e+000 +2.475170679e+000 -1.140482932e+001 -1.140482932e+001 -3.4342e+000 -7.8279e-002 -1.1258e+000 +2.4631e+000 -1.0474e+000
42773 +2.323953490e+000 +2.323953490e+000 -1.155604651e+001 -1.155604651e+001 +4.3217e+000 +2.7537e+000 -9.5790e-001 -1.3952e+000 -3.0056e+000
175604 +2.286641380e+000 +2.286641380e+000 -1.159335862e+001 -1.159335862e+001 +3.7261e+000 +2.7294e+000 +4.5431e+000 -7.3492e-001 -2.4489e+000
175778 +2.219030810e+000 +2.219030810e+000 -1.166096919e+001 -1.166096919e+001 +3.7272e+000 +2.7404e+000 +4.5486e+000 -7.3942e-001 -2.4464e+000
175952 +2.144763732e+000 +2.144763732e+000 -1.173523627e+001 -1.173523627e+001 +3.7328e+000 +2.7391e+000 +4.5500e+000 -7.4424e-001 -2.4456e+000
175957 +2.075455212e+000 +2.075455212e+000 -1.180454479e+001 -1.180454479e+001 +3.7317e+000 +2.7395e+000 +4.5489e+000 -7.4508e-001 -2.4464e+000
177101 +2.039444899e+000 +2.039444899e+000 -1.184055510e+001 -1.184055510e+001 +3.7309e+000 +2.7406e+000 +4.5490e+000 -7.4536e-001 -2.4469e+000
% function evaluation | noise-free fitness - Fopt (-1.240400000000e+002) | best noise-free fitness - Fopt | measured fitness | best measured fitness | x1 | x2...
1 +3.797278513e+001 +3.797278513e+001 -8.606721487e+001 -8.606721487e+001 -9.1704e-002 -2.1309e+000 -4.9412e+000 +5.5558e-001 +2.1293e+000
10 +2.908576137e+001 +2.908576137e+001 -9.495423863e+001 -9.495423863e+001 +4.6640e-001 -2.6269e+000 -4.6260e+000 +6.2640e-001 +1.6760e+000
13 +1.484457730e+001 +1.484457730e+001 -1.091954227e+002 -1.091954227e+002 +4.9974e-001 -2.4468e+000 -3.7779e+000 +4.3598e-001 +1.5504e+000
41 +8.870119263e+000 +8.870119263e+000 -1.151698807e+002 -1.151698807e+002 +2.9430e-001 -2.8872e+000 -4.0509e+000 +4.6478e-001 +1.1160e+000
435 +2.646068174e+000 +2.646068174e+000 -1.213939318e+002 -1.213939318e+002 +9.8423e-001 -1.3706e+000 -5.0173e+000 -1.2825e+000 +2.2082e+000
566 +1.771893825e+000 +1.771893825e+000 -1.222681062e+002 -1.222681062e+002 +9.3707e-001 -1.4503e+000 -4.9594e+000 -1.4670e+000 +2.1340e+000
591 +1.493354392e+000 +1.493354392e+000 -1.225466456e+002 -1.225466456e+002 +9.2482e-001 -1.3969e+000 -4.9806e+000 -1.5987e+000 +1.9818e+000
619 +1.264120104e+000 +1.264120104e+000 -1.227758799e+002 -1.227758799e+002 +1.0181e+000 -1.3616e+000 -5.1298e+000 -1.4603e+000 +2.2421e+000
628 +1.051526038e+000 +1.051526038e+000 -1.229884740e+002 -1.229884740e+002 +9.0974e-001 -1.3133e+000 -4.9898e+000 -1.3740e+000 +2.1623e+000
678 +1.045888604e+000 +1.045888604e+000 -1.229941114e+002 -1.229941114e+002 +9.0449e-001 -1.4731e+000 -4.9261e+000 -1.6344e+000 +1.8427e+000
684 +6.488949352e-001 +6.488949352e-001 -1.233911051e+002 -1.233911051e+002 +9.1478e-001 -1.4409e+000 -5.0075e+000 -1.4883e+000 +2.0829e+000
692 +4.562667661e-001 +4.562667661e-001 -1.235837332e+002 -1.235837332e+002 +9.3424e-001 -1.0832e+000 -4.9639e+000 -1.5678e+000 +2.3598e+000
783 +3.628009023e-001 +3.628009023e-001 -1.236771991e+002 -1.236771991e+002 +9.1082e-001 -1.4208e+000 -4.9494e+000 -1.4767e+000 +1.9988e+000
909 +2.946195812e-001 +2.946195812e-001 -1.237453804e+002 -1.237453804e+002 +8.8852e-001 -1.3898e+000 -5.0349e+000 -1.5678e+000 +2.0693e+000
952 +2.620241559e-001 +2.620241559e-001 -1.237779758e+002 -1.237779758e+002 +8.9617e-001 -1.3667e+000 -5.0272e+000 -1.5571e+000 +2.0807e+000
984 +2.338095050e-001 +2.338095050e-001 -1.238061905e+002 -1.238061905e+002 +8.9812e-001 -1.3691e+000 -5.0223e+000 -1.5716e+000 +2.0804e+000
1056 +2.006495236e-001 +2.006495236e-001 -1.238393505e+002 -1.238393505e+002 +8.9033e-001 -1.3422e+000 -5.0204e+000 -1.5665e+000 +2.0832e+000
1142 +1.945576498e-001 +1.945576498e-001 -1.238454424e+002 -1.238454424e+002 +8.9163e-001 -1.3570e+000 -5.0091e+000 -1.5737e+000 +2.0922e+000
1152 +1.687167354e-001 +1.687167354e-001 -1.238712833e+002 -1.238712833e+002 +8.9413e-001 -1.3415e+000 -5.0103e+000 -1.5715e+000 +2.0947e+000
1264 +1.357141355e-001 +1.357141355e-001 -1.239042859e+002 -1.239042859e+002 +8.9643e-001 -1.3462e+000 -4.9946e+000 -1.5663e+000 +2.0889e+000
1321 +1.204878177e-001 +1.204878177e-001 -1.239195122e+002 -1.239195122e+002 +8.8392e-001 -1.3163e+000 -4.9904e+000 -1.5729e+000 +2.0895e+000
1482 +1.163688143e-001 +1.163688143e-001 -1.239236312e+002 -1.239236312e+002 +8.9028e-001 -1.3165e+000 -4.9926e+000 -1.5723e+000 +2.0945e+000
1493 +1.106521297e-001 +1.106521297e-001 -1.239293479e+002 -1.239293479e+002 +8.9421e-001 -1.3205e+000 -4.9874e+000 -1.5714e+000 +2.0925e+000
1514 +1.037871008e-001 +1.037871008e-001 -1.239362129e+002 -1.239362129e+002 +8.9287e-001 -1.3113e+000 -4.9886e+000 -1.5708e+000 +2.1019e+000
1540 +9.103710303e-002 +9.103710303e-002 -1.239489629e+002 -1.239489629e+002 +8.9298e-001 -1.3165e+000 -4.9873e+000 -1.5712e+000 +2.0949e+000
1682 +8.719628104e-002 +8.719628104e-002 -1.239528037e+002 -1.239528037e+002 +8.9854e-001 -1.3103e+000 -4.9759e+000 -1.5690e+000 +2.0936e+000
1709 +8.580103909e-002 +8.580103909e-002 -1.239541990e+002 -1.239541990e+002 +8.9441e-001 -1.3135e+000 -4.9821e+000 -1.5710e+000 +2.0940e+000
1741 +7.790346744e-002 +7.790346744e-002 -1.239620965e+002 -1.239620965e+002 +8.9582e-001 -1.3115e+000 -4.9813e+000 -1.5690e+000 +2.0968e+000
1903 +7.616274153e-002 +7.616274153e-002 -1.239638373e+002 -1.239638373e+002 +8.9505e-001 -1.3109e+000 -4.9834e+000 -1.5643e+000 +2.0894e+000
2038 +7.327074344e-002 +7.327074344e-002 -1.239667293e+002 -1.239667293e+002 +8.9806e-001 -1.3108e+000 -4.9763e+000 -1.5658e+000 +2.0928e+000
2091 +6.787313649e-002 +6.787313649e-002 -1.239721269e+002 -1.239721269e+002 +8.9893e-001 -1.3105e+000 -4.9753e+000 -1.5666e+000 +2.0924e+000
2203 +6.636713103e-002 +6.636713103e-002 -1.239736329e+002 -1.239736329e+002 +9.0017e-001 -1.3089e+000 -4.9736e+000 -1.5657e+000 +2.0929e+000
2211 +6.459642814e-002 +6.459642814e-002 -1.239754036e+002 -1.239754036e+002 +8.9865e-001 -1.3090e+000 -4.9745e+000 -1.5666e+000 +2.0932e+000
2429 +6.194729503e-002 +6.194729503e-002 -1.239780527e+002 -1.239780527e+002 +8.9992e-001 -1.3086e+000 -4.9737e+000 -1.5656e+000 +2.0928e+000
2467 +6.072693619e-002 +6.072693619e-002 -1.239792731e+002 -1.239792731e+002 +8.9995e-001 -1.3084e+000 -4.9736e+000 -1.5656e+000 +2.0929e+000
2519 +5.985178405e-002 +5.985178405e-002 -1.239801482e+002 -1.239801482e+002 +9.0009e-001 -1.3085e+000 -4.9735e+000 -1.5656e+000 +2.0929e+000
2750 +5.885181986e-002 +5.885181986e-002 -1.239811482e+002 -1.239811482e+002 +9.0028e-001 -1.3084e+000 -4.9733e+000 -1.5655e+000 +2.0930e+000
3144 +5.754371263e-002 +5.754371263e-002 -1.239824563e+002 -1.239824563e+002 +9.0037e-001 -1.3085e+000 -4.9733e+000 -1.5655e+000 +2.0930e+000
