% function evaluation | noise-free fitness - Fopt (6.870000000000e+000) | best noise-free fitness - Fopt | measured fitness | best measured fitness | x1 | x2...
1 +8.544870041e+001 +8.544870041e+001 +9.231870041e+001 +9.231870041e+001 +1.1341e+001 +7.3840e+000 +1.5873e+000 -5.3709e+000 -8.6520e-001 -1.9692e+000 +3.5935e+000 -2.8784e+000 +2.9776e+000 +5.0083e+000 -1.3610e+000 +1.4245e+000 -1.3213e+000 +7.0395e+000 -2.2768e+000 +1.0415e+000 -1.1542e+000 +5.5141e+000 -5.3541e+000 -9.0324e+000
2 +5.241362920e+001 +5.241362920e+001 +5.928362920e+001 +5.928362920e+001 +5.0490e+000 +4.6096e+000 +4.1012e+000 -3.5532e+000 +4.7762e+000 -1.5652e-004 +1.2755e+000 -4.8927e+000 -1.1272e+000 +6.7717e+000 -1.5844e+000 -5.2622e+000 -4.4512e+000 +4.0175e+000 -8.5330e-001 +4.4056e+000 +5.2846e-001 +5.3811e+000 -7.3738e-001 -1.0857e+001
4 +5.096018798e+001 +5.096018798e+001 +5.783018798e+001 +5.783018798e+001 +3.7972e+000 +5.8401e+000 +3.5521e+000 -6.2600e+000 +3.8215e+000 -7.1569e+000 +5.5513e+000 -3.2310e+000 +1.7338e+000 +1.0123e+001 +1.4758e+000 -1.7655e+000 -4.8687e-001 +2.6242e+000 -3.0411e-001 +3.9310e+000 +1.4620e+000 +4.7273e+000 -4.6718e+000 -3.9207e+000
6 +3.596018288e+001 +3.596018288e+001 +4.283018288e+001 +4.283018288e+001 -6.1797e+000 +3.6638e+000 +2.0120e+000 -6.2874e+000 +4.9580e+000 -6.6448e+000 +4.6429e-001 -3.7881e+000 +1.4678e+000 +5.7421e+000 +5.0360e+000 +9.6285e-001 -7.2943e+000 +5.1861e+000 +7.4361e+000 +6.9437e-001 -7.1673e+000 +5.1806e+000 -2.1064e+000 -6.2629e+000
7 +3.542066983e+001 +3.542066983e+001 +4.229066983e+001 +4.229066983e+001 -7.6299e-001 +4.5534e+000 +1.8116e+000 -5.5012e+000 +8.5245e+000 -9.4836e-001 +1.7137e+000 -7.2993e+000 +1.7423e+000 +5.2482e+000 +4.4857e+000 +6.0547e-001 -6.7471e+000 +2.7233e+000 +7.7638e-001 +3.2363e+000 +8.1178e-001 +4.6551e+000 -2.4620e+000 -4.2581e+000
8 +3.142432921e+001 +3.142432921e+001 +3.829432921e+001 +3.829432921e+001 +2.4838e+000 +4.5996e+000 +4.9968e+000 -6.2858e+000 +2.4387e+000 -2.6327e+000 +7.9380e+000 -2.6511e+000 -1.9809e+000 -4.4547e-001 +3.8770e+000 +1.1480e+000 -5.2373e+000 +1.5818e+000 +2.5143e+000 +2.3748e+000 -1.5098e+000 +3.5279e+000 -8.5603e+000 -3.7962e+000
14 +1.093424622e+001 +1.093424622e+001 +1.780424622e+001 +1.780424622e+001 -3.9979e-001 +3.5848e+000 +3.7384e+000 -4.6984e+000 +3.1378e+000 -1.3406e+000 +2.5495e+000 -5.6726e+000 +4.9483e+000 +3.6558e+000 +1.8713e+000 +1.2629e+000 -2.7152e+000 +3.8727e+000 -2.5088e+000 +1.7519e-001 -2.6963e+000 +4.7039e+000 -1.8028e+000 -2.3337e+000
16 +9.370150221e+000 +9.370150221e+000 +1.624015022e+001 +1.624015022e+001 -4.2754e+000 +5.6853e+000 +2.2176e+000 -4.2003e+000 +4.0202e+000 -3.3536e+000 +2.0189e+000 -4.8750e+000 -1.7943e+000 +2.9251e+000 +1.7569e+000 -2.8813e+000 -4.5000e+000 +6.2425e-001 -1.9746e+000 +2.5882e+000 -1.8630e+000 +2.6654e+000 -5.1530e+000 -2.2558e+000
111 +8.023368263e+000 +8.023368263e+000 +1.489336826e+001 +1.489336826e+001 +4.9236e+000 +1.2498e+000 +3.5361e+000 -5.0345e+000 -4.2199e+000 -6.8841e-001 +2.1155e+000 -4.8642e+000 -4.3181e+000 +5.8772e+000 +5.8182e-001 -1.4344e+000 +1.2964e+000 +1.2757e+000 -1.3899e+000 +1.6199e+000 +4.1634e-002 +3.2316e+000 -1.3124e+000 -5.2031e+000
388 +4.604933793e+000 +4.604933793e+000 +1.147493379e+001 +1.147493379e+001 +7.0054e-001 +5.0621e+000 -4.7269e-001 +2.5573e+000 +1.2558e+000 -3.9754e+000 +2.8942e+000 -5.1847e+000 -1.7443e+000 +5.1116e+000 +3.0349e+000 -1.8016e+000 -1.7561e+000 +3.0536e+000 +5.7762e-001 +1.6853e+000 -3.9533e+000 +1.1481e+000 -3.3436e+000 -4.3239e+000
711 +3.905970570e+000 +3.905970570e+000 +1.077597057e+001 +1.077597057e+001 +2.7359e-001 +1.5617e+000 +3.8518e+000 -2.8495e+000 +1.7399e+000 -3.4570e+000 +4.4405e-001 -1.7540e+000 -2.7234e+000 +3.9976e+000 +1.4585e-001 -1.8391e-002 -6.7204e-001 +2.8949e+000 -4.4517e-001 +7.9828e-001 +2.0705e+000 +4.0887e+000 -1.9906e+000 -1.7807e+000
4191 +2.964488110e+000 +2.964488110e+000 +9.834488110e+000 +9.834488110e+000 +1.6384e+000 +3.4755e-001 -5.1935e-001 -2.6819e+000 +3.2902e-005 -1.8306e+000 -1.7375e+000 +4.3081e-001 +1.0319e+000 -1.2787e+000 +6.5131e-001 +5.6293e-001 +2.5008e+000 -1.7072e+000 -1.0865e+000 +1.2687e+000 -1.4762e+000 +2.4785e+000 -2.8228e+000 +2.4627e+000
% function evaluation | noise-free fitness - Fopt (1.000000000000e-002) | best noise-free fitness - Fopt | measured fitness | best measured fitness | x1 | x2...
1 +1.041499317e+002 +1.041499317e+002 +1.041599317e+002 +1.041599317e+002 -1.3348e+001 -5.1249e+000 +2.3215e+000 -6.1794e+000 +1.1638e-001 +2.4058e+000 +3.3335e+000 -3.1381e+000 +5.9334e+000 -2.8071e+000 +2.1896e+000 +2.7616e+000 +5.8654e+000 -8.9810e+000 +5.2366e-001 -4.2423e+000 -6.6617e-003 +3.0638e+000 -2.2451e+000 +5.7361e-001
2 +5.617631513e+001 +5.617631513e+001 +5.618631513e+001 +5.618631513e+001 +1.6302e+000 +8.3895e+000 +8.4835e-001 +5.8912e-001 -7.8696e+000 -6.9253e+000 -1.1982e+000 +1.9320e+000 +1.7289e+000 -2.7835e+000 -4.6460e-001 +5.4231e+000 +6.4575e+000 -4.4893e+000 +1.9415e+000 -6.8721e+000 -3.2841e+000 +2.4856e+000 +1.6639e+000 -8.4679e+000
3 +3.893781334e+001 +3.893781334e+001 +3.894781334e+001 +3.894781334e+001 -2.3842e+000 -1.1055e+000 -4.4184e-001 -1.9362e+000 -6.0911e+000 -9.4795e+000 +3.1929e-001 +2.5913e-002 +1.7318e+000 -2.1054e+000 -1.1902e+000 -2.3023e+000 +5.9870e+000 -3.5676e+000 +5.7667e+000 -4.7832e+000 +5.5880e-001 +3.2264e+000 +4.7205e+000 -2.0664e+000
7 +2.216357760e+001 +2.216357760e+001 +2.217357760e+001 +2.217357760e+001 -3.4746e+000 -2.4986e+000 +3.3938e+000 -2.7936e+000 -4.7738e+000 -7.8021e-001 -2.6804e+000 -8.5731e+000 +3.8744e+000 -2.1186e+000 +6.5168e-002 +1.4186e+000 -3.1405e+000 -2.2390e+000 +2.8833e+000 -1.9882e+000 -5.5745e+000 +6.5117e+000 -3.3022e+000 +4.4001e+000
21 +8.431917280e+000 +8.431917280e+000 +8.441917280e+000 +8.441917280e+000 +1.4255e+000 +1.9181e+000 +1.4986e+000 -1.6938e+000 -3.2131e+000 -4.7965e+000 +2.6900e+000 -3.0622e+000 +1.0600e+000 -1.7140e+000 +3.4265e-001 -1.2109e+000 +2.0730e+000 -3.6767e+000 +6.2565e+000 +3.8047e+000 -3.8897e+000 +1.5476e+000 +1.4210e+000 -1.5492e+000
209 +3.766636496e+000 +3.766636496e+000 +3.776636496e+000 +3.776636496e+000 -2.9015e+000 +1.0959e+000 +7.0681e-001 -3.0228e+000 -4.2413e+000 -6.4453e-002 +3.3780e+000 +1.6151e+000 -1.7128e+000 -1.4692e+000 -1.0791e+000 -2.1321e+000 +5.5033e+000 -1.1724e+000 +4.7381e+000 -5.1814e+000 -4.9661e+000 +4.8525e+000 +2.9458e+000 -1.5120e+000
1982 +2.581706673e+000 +2.581706673e+000 +2.591706673e+000 +2.591706673e+000 -1.0408e+000 -1.2481e+000 +3.0105e-001 -1.9785e+000 -5.2032e+000 +3.1241e+000 -1.9989e+000 +2.3780e+000 +4.4840e+000 +3.7435e+000 +2.0412e+000 +1.6956e-001 +2.9569e+000 -7.2727e-001 -4.2828e+000 -4.5289e+000 -2.0688e+000 -9.7787e-001 +3.0181e+000 +1.8521e-002
% function evaluation | noise-free fitness - Fopt (-1.306100000000e+002) | best noise-free fitness - Fopt | measured fitness | best measured fitness | x1 | x2...
1 +3.005276241e+001 +3.005276241e+001 -1.005572376e+002 -1.005572376e+002 -3.3770e+000 +5.1985e-001 -8.4237e+000 -6.4940e-001 +1.4301e+000 +4.0023e+000 -5.8105e+000 +4.3581e+000 -2.8086e+000 -1.1101e+000 +4.4461e+000 +7.0555e+000 -5.0062e+000 +4.2908e+000 -2.5421e+000 +3.1296e+000 -4.4801e+000 +1.9659e+000 -2.2517e+000 -2.0398e+000
7 +1.798372540e+001 +1.798372540e+001 -1.126262746e+002 -1.126262746e+002 -5.3268e+000 +6.1764e+000 -3.7405e+000 -6.6166e-001 -4.1635e+000 +2.1220e+000 -6.5340e+000 +3.5570e+000 -1.0929e-001 -8.4561e-001 +4.1146e+000 +5.2414e+000 -3.6967e+000 +3.9016e+000 -6.5402e+000 +1.6994e+000 -3.8834e+000 +2.5195e+000 +5.1783e+000 -4.5857e-001
9 +1.646362551e+001 +1.646362551e+001 -1.141463745e+002 -1.141463745e+002 -4.6983e+000 +2.4637e+000 -1.6921e+000 +2.4283e-001 +4.2688e+000 +3.5925e+000 +6.2016e-001 -1.6448e+000 -4.1291e-001 -1.1474e+000 +6.9823e+000 +1.7534e+000 -2.3999e+000 +4.9621e+000 -5.1510e+000 +4.9982e+000 -5.7881e+000 +2.8295e-001 +1.0309e+000 -2.2373e+000
22 +1.402977347e+001 +1.402977347e+001 -1.165802265e+002 -1.165802265e+002 -3.5180e+000 -1.7002e+000 -3.8974e+000 -9.0699e-001 +1.4989e+000 +4.0663e+000 +1.4072e+000 +4.0942e+000 -1.9785e+000 -3.1115e+000 +2.4812e+000 +2.9053e+000 -2.2034e+000 +2.0806e+000 -2.2012e+000 +2.5545e+000 -4.2489e+000 +7.4146e-002 -2.3345e+000 -6.3975e+000
47 +1.027366626e+001 +1.027366626e+001 -1.203363337e+002 -1.203363337e+002 -3.5215e+000 -2.6344e-001 +8.1843e-001 -1.0752e+000 +1.3978e+000 +4.1925e+000 -2.1496e+000 +1.2970e+000 -3.9544e+000 +2.3206e+000 -1.6494e+000 +5.6178e+000 -2.6147e+000 +2.9120e+000 -1.8018e+000 +3.3898e+000 +2.8759e-001 +5.7527e+000 +5.9087e-002 -6.3700e-001
246 +9.568715446e+000 +9.568715446e+000 -1.210412846e+002 -1.210412846e+002 -2.6181e-001 -7.9166e-002 -3.4043e+000 -3.6027e-001 -2.0926e+000 +8.2231e-002 -3.0307e+000 +2.3038e-001 -2.6890e+000 -1.2538e+000 +1.2862e+000 +9.5376e-001 -8.7884e-001 +3.3459e+000 -2.8538e+000 +2.7697e+000 -5.2504e+000 +4.0834e+000 +4.1148e+000 -4.0112e+000
336 +8.841703005e+000 +8.841703005e+000 -1.217682970e+002 -1.217682970e+002 -3.3237e+000 +2.0703e+000 -5.3375e+000 +4.5087e-002 +1.2661e+000 +1.5385e+000 -1.6046e+000 +2.5336e+000 -3.5280e-001 +2.9608e+000 +1.8747e+000 +3.3407e+000 -3.3656e+000 +3.1249e+000 -2.3649e+000 +2.2626e+000 -4.1361e+000 +5.1049e+000 +2.2707e-001 +1.3753e+000
340 +8.395948530e+000 +8.395948530e+000 -1.222140515e+002 -1.222140515e+002 -3.2926e+000 +1.8743e+000 -4.4859e+000 +1.5349e+000 +2.0946e+000 +1.7026e+000 -3.5539e+000 +1.8659e+000 -1.0396e+000 +5.7793e-001 +9.4496e-001 +6.2098e+000 -3.0007e+000 +2.2805e+000 -4.9891e+000 -2.4430e+000 -3.9519e+000 -6.3441e-001 +7.9836e-001 -4.1282e+000
512 +7.492670298e+000 +7.492670298e+000 -1.231173297e+002 -1.231173297e+002 -2.0897e+000 +2.6276e+000 -5.1543e+000 +5.8260e+000 +5.0702e+000 +1.2466e+000 +5.5392e+000 +1.4188e+000 -1.9993e+000 +7.7905e-001 +2.4367e-001 +4.2883e+000 -4.0276e+000 +3.7636e+000 -3.8150e+000 -9.9980e-001 -4.7458e-002 +3.5685e+000 +3.2563e+000 -1.3025e+000
575 +7.227673612e+000 +7.227673612e+000 -1.233823264e+002 -1.233823264e+002 +7.4442e-001 +3.8462e-001 -3.4767e+000 +4.3524e-001 +5.5053e+000 +5.1350e-001 +9.8669e-001 +1.5157e+000 -2.1555e+000 +5.2205e+000 +1.4826e+000 +1.9334e+000 -4.0904e+000 +1.5924e+000 -2.5817e+000 +2.5297e+000 -1.5114e+000 +1.1358e+000 -3.9605e-002 -2.2314e+000
636 +6.978783327e+000 +6.978783327e+000 -1.236312167e+002 -1.236312167e+002 +2.8924e+000 -1.0048e-001 -6.6349e-001 -2.7805e+000 +2.4449e+000 +6.9334e-001 -6.7579e-001 +1.5162e+000 -1.3585e+000 -3.7807e-001 -3.6392e-001 +1.9075e+000 -3.0813e+000 +5.2316e+000 -2.7592e+000 +1.6383e+000 -4.5436e+000 +2.8678e+000 -1.4285e+000 +4.1105e+000
729 +4.274415738e+000 +4.274415738e+000 -1.263355843e+002 -1.263355843e+002 +1.0836e+000 +2.2579e+000 +1.3528e+000 +5.9293e+000 +2.1312e-001 +2.9068e+000 -4.2527e+000 +1.4643e+000 -1.9540e+000 +7.6348e-001 +3.6582e+000 +3.7268e-001 -3.0912e+000 -2.2338e+000 +5.0259e+000 +2.0290e+000 -4.5508e+000 +2.9865e+000 -2.5052e-001 -1.9059e+000
3483 +4.132819357e+000 +4.132819357e+000 -1.264771806e+002 -1.264771806e+002 +1.5652e+000 -3.3999e+000 +2.2916e-001 -2.6121e+000 +1.9382e-001 -1.6170e+000 +5.7634e-001 +1.0389e+000 +1.6123e+000 -2.4738e-001 -4.2085e+000 -1.6281e+000 +8.4503e-001 -1.1675e+000 -1.2132e+000 +2.9554e-001 -3.3116e-001 +3.2447e+000 -5.0432e-001 -4.5556e-001
6152 +3.445483132e+000 +3.445483132e+000 -1.271645169e+002 -1.271645169e+002 -4.1799e+000 -2.3870e+000 +2.5842e+000 +1.3718e+000 +1.1935e+000 -4.7689e+000 -2.0013e-001 +8.8481e-001 -1.8310e+000 +1.6314e+000 +2.7537e+000 -9.4622e-001 +1.0091e+000 +2.0735e+000 +4.1046e-001 +2.1697e-001 +3.3578e+000 -2.1848e+000 -1.1172e+000 -9.9855e-001
% function evaluation | noise-free fitness - Fopt (-2.231200000000e+002) | best noise-free fitness - Fopt | measured fitness | best measured fitness | x1 | x2...
1 +9.880169664e+001 +9.880169664e+001 -1.243183034e+002 -1.243183034e+002 +2.1540e+000 -3.1688e+000 -6.3671e+000 -9.0461e+000 -2.3453e+000 +2.7005e+000 +1.0017e+001 +7.9211e+000 +4.9784e-001 -1.5339e+000 +2.0701e+000 -3.2893e-001 -3.7843e+000 +2.3620e+000 +4.8141e+000 -1.0375e+001 +1.3198e+000 -6.9254e-001 -6.8502e+000 +6.5581e+000
2 +2.574993756e+001 +2.574993756e+001 -1.973700624e+002 -1.973700624e+002 +1.1810e+000 -3.7807e+000 -7.8463e+000 -4.0611e+000 -6.3326e-001 +4.0837e+000 +3.2431e+000 -4.3680e+000 +8.8064e-001 -3.2963e+000 -3.3976e+000 +6.3299e+000 -1.1882e+000 +4.7351e+000 +3.3445e+000 -3.3128e+000 +1.0908e+000 +3.7589e+000 -8.3279e-001 +3.2389e-001
8 +1.160034106e+001 +1.160034106e+001 -2.115196589e+002 -2.115196589e+002 -1.3511e+000 -3.6052e-001 -3.0441e+000 -4.5040e+000 -2.3427e-001 +3.0519e+000 +5.5737e+000 -1.5242e+000 +1.1725e+000 -2.5529e+000 -3.0607e+000 +4.9431e+000 -1.0243e+000 +4.8216e+000 +8.7907e-001 -2.5509e+000 -3.0582e+000 +2.9400e+000 -2.0605e+000 +1.2585e+000
22 +7.994442206e+000 +7.994442206e+000 -2.151255578e+002 -2.151255578e+002 -1.8105e+000 -5.9880e+000 -4.8400e+000 +5.0278e-001 -5.7393e+000 +8.8731e-001 +3.4083e+000 +2.2585e+000 -8.4239e-001 -2.2267e+000 -4.2776e+000 +9.6946e-001 -1.4194e+000 +3.7872e+000 +1.6335e+000 +1.9082e+000 +4.2734e+000 +5.3129e+000 -3.1787e+000 -1.0900e-001
130 +5.950042506e+000 +5.950042506e+000 -2.171699575e+002 -2.171699575e+002 +2.4449e+000 -2.8969e+000 -3.9945e+000 -4.1909e+000 +2.2626e+000 -1.7130e+000 +4.8238e+000 -8.9345e-001 -2.8535e+000 -9.6669e-001 -1.2435e+000 +2.4117e+000 -4.5105e+000 +1.9117e+000 +2.1283e+000 -4.4172e+000 +1.8283e+000 +4.8843e+000 -2.4704e+000 -1.9850e+000
161 +5.113881751e+000 +5.113881751e+000 -2.180061182e+002 -2.180061182e+002 -1.9389e+000 -2.5641e+000 -1.6400e+000 -5.6258e+000 -1.2399e+000 +2.4964e+000 +2.2815e+000 -5.8885e-001 +1.6473e+000 -2.0099e+000 -2.7361e+000 +4.1027e+000 -2.5276e+000 +3.9257e+000 -3.0556e-001 -2.7503e+000 -9.6173e-001 -5.2795e-001 -1.4353e+000 +4.7795e+000
2198 +3.246215814e+000 +3.246215814e+000 -2.198737842e+002 -2.198737842e+002 +5.4329e-001 +1.1268e+000 -2.7386e+000 +2.2535e+000 -2.3596e-001 +4.5397e+000 -4.4586e+000 +3.1469e+000 +1.8687e+000 -5.4085e+000 -7.9204e-001 -2.0212e+000 -5.7742e-002 -5.5510e-001 +2.9064e+000 +2.7848e+000 +8.3197e-001 +1.9830e+000 -1.1423e+000 -1.1258e+000
14992 +2.931841604e+000 +2.931841604e+000 -2.201881584e+002 -2.201881584e+002 -4.4163e+000 +1.4471e+000 -4.3560e-001 -9.0170e-001 +2.9692e-002 +2.3986e-001 -4.5366e-001 +1.9544e+000 +3.3740e+000 -1.1318e+000 +4.4817e+000 +1.8517e+000 +9.1696e-001 +3.1553e+000 -6.3377e-001 +5.0918e+000 +9.8148e-001 -1.3040e+000 -2.2942e+000 -5.0240e+000
% function evaluation | noise-free fitness - Fopt (-4.443000000000e+001) | best noise-free fitness - Fopt | measured fitness | best measured fitness | x1 | x2...
1 +6.632651035e+001 +6.632651035e+001 +2.189651035e+001 +2.189651035e+001 -2.6884e+000 +9.2065e-001 +2.8458e+000 -7.9392e+000 +5.5084e+000 -5.3779e+000 -5.5033e+000 -2.5640e+000 +1.1074e+001 +1.6014e+000 -3.6750e+000 +2.2905e+000 +4.8334e+000 -3.5060e+000 -3.2727e+000 +5.0287e+000 -4.7949e-001 +3.6559e-001 -7.2058e+000 -4.6244e+000
2 +3.047439790e+001 +3.047439790e+001 -1.395560210e+001 -1.395560210e+001 +1.8096e+000 +3.3970e+000 +4.7340e+000 -3.1327e-001 +2.9151e+000 -5.4682e+000 -1.6841e+000 -1.1759e+000 +3.5521e-001 -3.6642e+000 -7.1753e-001 +3.2501e-001 +8.1753e-001 +9.4370e-001 -3.9750e+000 +7.9096e+000 -6.2136e+000 +1.9055e+000 +4.3669e+000 -9.8725e-001
4 +1.230107084e+001 +1.230107084e+001 -3.212892916e+001 -3.212892916e+001 +1.7333e+000 +3.9704e+000 +4.2456e+000 +6.5634e-001 +3.5137e+000 +1.0519e+000 -5.0617e+000 +2.2048e+000 +2.0905e+000 -1.4580e+000 -6.7819e+000 +4.0100e+000 +2.5457e+000 +2.7502e+000 -1.1384e+000 +4.0561e+000 -4.0124e+000 +2.6118e+000 -4.2191e+000 -1.0021e+000
53 +1.102974932e+001 +1.102974932e+001 -3.340025068e+001 -3.340025068e+001 +1.1271e+000 +2.8605e+000 +1.1133e+000 +1.9365e+000 +4.3373e+000 -3.2091e+000 +3.5693e+000 +3.2334e+000 +1.8936e+000 +6.8315e-001 -1.2447e+000 +4.6754e+000 +9.1292e-001 +1.1412e+000 -3.1439e+000 +5.8912e+000 -1.8134e+000 +3.8040e+000 +1.2966e+000 -4.8156e-001
55 +7.915740975e+000 +7.915740975e+000 -3.651425902e+001 -3.651425902e+001 -9.9275e-001 +3.2746e+000 +3.8759e+000 -4.5199e+000 +1.7674e+000 +4.1522e-001 +5.8181e+000 +5.4280e+000 +6.0087e-001 -2.7088e-001 -4.7305e+000 +2.9439e+000 +5.1624e+000 +1.5490e+000 -1.6989e+000 +3.0352e+000 -1.8487e+000 +2.3892e+000 -3.9648e+000 -4.0337e+000
308 +7.549193358e+000 +7.549193358e+000 -3.688080664e+001 -3.688080664e+001 -8.7627e-001 +2.0925e+000 +1.9335e+000 +5.8034e+000 +3.6959e+000 -3.5531e+000 -2.5059e+000 -1.1041e+000 -8.5678e-002 -1.2793e+000 -4.2744e+000 +4.0348e+000 +1.5633e+000 +1.3285e+000 -2.8564e+000 +5.9638e+000 -4.2239e+000 +2.6538e+000 -1.1571e+000 +5.3390e+000
421 +6.474514955e+000 +6.474514955e+000 -3.795548504e+001 -3.795548504e+001 +9.8695e-001 +8.6266e-001 -3.0358e-001 -1.8196e+000 +5.4698e+000 +3.0948e-001 -1.0743e+000 +4.3803e-001 +2.8186e+000 -1.0208e+000 -2.2459e+000 +1.5272e+000 +4.1472e-001 +1.2230e+000 -2.6352e+000 +4.2504e+000 -4.4347e+000 +2.7208e+000 -1.0204e+000 -4.3656e-002
564 +5.395976240e+000 +5.395976240e+000 -3.903402376e+001 -3.903402376e+001 -1.2805e+000 +3.1810e+000 +1.3118e+000 -4.9970e-001 +4.4656e+000 -1.3869e-001 +2.0557e+000 -3.1292e+000 +1.7619e+000 +2.7342e+000 -1.7957e+000 +2.2129e+000 +1.8282e+000 +2.0912e+000 -3.0198e-001 +1.9218e+000 -2.1111e+000 +8.4070e-001 -5.9872e-001 +3.9175e+000
574 +4.319746154e+000 +4.319746154e+000 -4.011025385e+001 -4.011025385e+001 +2.2827e+000 +1.0103e+000 -4.9015e+000 -7.0880e-001 +2.7104e+000 +4.3996e-001 -1.9239e+000 +1.6253e+000 -4.2900e-001 -1.1812e+000 -1.9238e+000 +3.2373e+000 +2.6905e+000 +3.3492e+000 -1.3031e+000 +1.8365e+000 -2.8650e+000 +5.9912e+000 +1.0994e+000 -3.0539e+000
961 +3.893544753e+000 +3.893544753e+000 -4.053645525e+001 -4.053645525e+001 +1.7268e+000 +8.4081e-001 -2.6390e+000 -2.9359e-001 +2.0652e+000 -9.6196e-001 +4.7504e+000 +2.1760e+000 +1.5336e+000 -2.6132e-001 -1.5103e+000 +3.4991e+000 +2.1955e+000 +1.4852e+000 +1.9551e+000 +2.2576e+000 -1.6078e+000 +1.3020e+000 -2.0059e-001 +1.6346e+000
3001 +3.803832681e+000 +3.803832681e+000 -4.062616732e+001 -4.062616732e+001 -3.2580e+000 +1.7330e+000 +4.7936e-001 -1.8048e+000 +2.9642e+000 +1.3695e+000 +7.1281e-001 +1.6093e+000 +2.3762e+000 -1.5157e+000 +9.4549e-001 +9.0071e-001 +8.4219e-001 +7.1893e-001 -2.6362e+000 +1.2104e+000 -3.0434e-001 -2.2576e+000 +1.7932e-001 +3.9799e+000
5592 +3.055694480e+000 +3.055694480e+000 -4.137430552e+001 -4.137430552e+001 -2.1253e+000 +9.4598e-002 -2.6414e+000 +8.8918e-001 +1.1104e+000 -2.8079e+000 -5.7787e-001 -5.1627e-001 -2.7250e+000 -1.5499e+000 -6.2782e-001 -3.5354e+000 -1.4393e+000 +1.7627e+000 +4.1260e-001 +3.6878e-001 -1.5122e-001 +1.7347e+000 +1.2796e+000 +1.5895e+000
% function evaluation | noise-free fitness - Fopt (-3.845400000000e+002) | best noise-free fitness - Fopt | measured fitness | best measured fitness | x1 | x2...
1 +1.046414280e+002 +1.046414280e+002 -2.798985720e+002 -2.798985720e+002 -3.1329e+000 -1.2780e+001 -3.1210e-001 +4.4361e+000 -5.7743e+000 +8.2552e-001 +5.5919e+000 -2.0610e+000 +6.0981e+000 +2.5498e+000 +4.2766e+000 -2.5800e+000 -4.5091e+000 +7.7236e+000 +4.3768e+000 +5.3899e-001 -4.1271e+000 -6.9516e+000 +9.4232e+000 +5.8588e-001
2 +1.738403746e+001 +1.738403746e+001 -3.671559625e+002 -3.671559625e+002 +5.3833e+000 -2.0032e+000 +3.5763e+000 -6.8434e-001 -7.9225e-001 -2.6344e+000 +2.0204e+000 -2.1531e+000 +4.9191e+000 -2.7592e+000 +5.2416e+000 -3.2596e+000 -2.3547e+000 +6.1406e+000 +5.6118e+000 -2.1174e+000 -4.7956e+000 -1.1999e+000 -3.2323e+000 +6.3574e+000
4 +1.586620839e+001 +1.586620839e+001 -3.686737916e+002 -3.686737916e+002 -6.0295e+000 -4.8428e+000 -9.0565e-001 +2.5167e+000 -3.3737e-001 -2.1044e+000 +4.7115e+000 -3.9117e+000 +3.5770e+000 -6.2339e-001 +2.8980e+000 -2.6682e+000 -1.3687e+000 +3.9132e+000 +7.5228e+000 -5.1428e+000 -5.0886e+000 -2.7906e+000 -4.0322e+000 +2.2228e+000
24 +1.248777425e+001 +1.248777425e+001 -3.720522258e+002 -3.720522258e+002 -3.1934e+000 -1.1118e+000 -1.4103e+000 +2.1824e+000 -9.7731e-001 -3.2870e-001 +2.7452e+000 -4.3350e+000 -9.5665e-001 +2.4125e-001 +5.2330e-002 -2.7851e-001 -3.7254e+000 +3.0448e+000 +4.7604e+000 +2.1603e+000 -4.0472e+000 -5.0275e+000 -1.2422e+000 +2.0888e+000
29 +1.009094896e+001 +1.009094896e+001 -3.744490510e+002 -3.744490510e+002 -2.3448e+000 +1.0311e+000 +4.2351e+000 +5.4544e+000 +1.5743e+000 -8.6080e-001 +2.9110e+000 -2.3562e+000 +4.7172e+000 +9.3166e-002 +8.0392e-001 -1.5472e+000 -3.8865e+000 +4.9150e+000 +3.5343e+000 -6.1880e+000 -3.3949e-001 -3.6639e+000 -3.1417e+000 +4.8134e+000
61 +9.128128096e+000 +9.128128096e+000 -3.754118719e+002 -3.754118719e+002 -1.4815e+000 +2.5998e+000 +1.1028e+000 +2.7049e+000 +2.7906e+000 -1.0626e+000 +5.1554e+000 -5.1515e+000 +3.5796e+000 -1.7092e+000 +2.5078e+000 -1.0546e+000 -2.6087e+000 +3.2107e+000 +3.6940e+000 -2.4649e+000 -4.2087e+000 -3.4071e+000 -2.3649e+000 +3.6524e+000
97 +8.974128557e+000 +8.974128557e+000 -3.755658714e+002 -3.755658714e+002 -2.5137e+000 +1.7898e+000 +7.2467e-001 +1.6077e+000 -2.2692e+000 -2.1319e+000 +4.6997e+000 +2.5295e+000 +4.7514e+000 -3.7689e+000 +2.1190e+000 -3.7106e+000 -3.0937e+000 +2.5425e+000 +4.7634e+000 -6.7724e-001 +1.2098e+000 -4.8317e+000 -8.5763e-001 +2.6161e+000
122 +7.878350485e+000 +7.878350485e+000 -3.766616495e+002 -3.766616495e+002 -3.8732e+000 -3.8783e+000 +2.9041e+000 +6.0431e+000 +1.2165e+000 -3.8388e+000 -1.5515e+000 -3.6016e+000 +5.5551e+000 -1.3953e+000 -5.1045e+000 -5.9074e-001 -6.4224e-001 +4.1577e+000 +4.2778e+000 -4.2515e+000 -2.8010e+000 -5.2197e+000 -5.3005e+000 +2.8398e+000
156 +7.589224692e+000 +7.589224692e+000 -3.769507753e+002 -3.769507753e+002 -1.1719e+000 -4.5447e+000 +1.9179e+000 +8.8615e-001 -6.6389e-001 -1.3793e+000 +4.9605e+000 -3.9858e+000 +2.0388e+000 -1.3998e+000 +1.8333e+000 -4.5734e+000 -3.1146e+000 +5.8693e+000 -1.6932e+000 +1.3690e+000 -4.7400e+000 -3.3687e+000 -2.4251e+000 +1.5513e+000
549 +5.071530098e+000 +5.071530098e+000 -3.794684699e+002 -3.794684699e+002 -3.2636e+000 +1.7695e-001 +4.9634e+000 +4.2353e+000 -2.3850e+000 -2.0195e+000 +3.2558e+000 -1.5108e+000 +1.9939e+000 -1.4385e+000 -3.7485e+000 -2.9092e+000 -2.4298e-001 +3.2939e+000 +2.3728e+000 -4.2152e+000 -4.3845e+000 -6.7518e-001 +4.0207e+000 +9.7539e-001
2617 +4.281624991e+000 +4.281624991e+000 -3.802583750e+002 -3.802583750e+002 -2.2279e+000 -4.1468e+000 +3.6107e+000 -2.0423e+000 -8.4241e-001 -2.4282e+000 +3.5688e+000 +2.2884e-002 +1.6348e+000 +4.5313e+000 +4.9190e-001 -1.4791e+000 -2.0295e-001 +2.1105e+000 +2.6317e-001 +2.1416e+000 -1.0290e+000 +1.8097e+000 -1.1659e+000 +2.7586e+000
3366 +3.344086530e+000 +3.344086530e+000 -3.811959135e+002 -3.811959135e+002 -3.5734e-001 +1.7565e+000 -1.1460e+000 +9.4490e-001 -1.6152e+000 +1.3803e+000 -6.1169e-001 +4.5355e-001 -4.6325e-001 -1.3539e+000 +2.0257e+000 +1.9252e+000 +5.6012e-001 +1.6282e-001 -5.3682e+000 +8.4516e-001 +1.1879e-001 -3.0911e+000 +1.6908e+000 -4.1436e-001
10963 +2.145659687e+000 +2.145659687e+000 -3.823943403e+002 -3.823943403e+002 +3.9485e-001 -1.2394e+000 +1.8104e+000 -7.0783e-001 +6.9476e-001 +4.7843e+000 +4.7513e-001 -8.3328e-001 -8.5017e-001 -2.9690e+000 -1.7618e+000 +2.1111e+000 +3.1960e+000 -5.7247e-001 +1.5357e+000 -5.9269e-001 +1.3580e-001 +8.4257e-002 +7.8727e-001 +3.8422e-001
% function evaluation | noise-free fitness - Fopt (-6.071200000000e+002) | best noise-free fitness - Fopt | measured fitness | best measured fitness | x1 | x2...
1 +2.766151175e+001 +2.766151175e+001 -5.794584882e+002 -5.794584882e+002 -8.4900e-001 +3.1768e+000 -3.0281e-001 -3.4323e+000 +7.2622e+000 -2.2797e+000 -9.9804e-001 +2.4934e+000 -3.9283e+000 -2.4059e+000 +3.5224e+000 +3.6876e-001 -9.8475e-001 -6.6309e+000 -4.7982e+000 +5.8708e+000 -3.7170e+000 -4.9115e-001 +6.5911e+000 -4.2833e+000
4 +7.911950560e+000 +7.911950560e+000 -5.992080494e+002 -5.992080494e+002 +1.6407e+000 +1.8770e+000 -2.9034e-001 +6.4592e-001 +2.4821e+000 -4.3026e+000 +2.9265e-001 +5.2071e-001 +7.4699e-002 +1.3696e+000 +3.5136e+000 -2.4863e+000 -9.5432e-001 -3.1655e+000 -1.8915e+000 -3.9225e-001 -5.3189e+000 +4.2127e+000 +4.8628e+000 -1.8269e+000
353 +7.533770829e+000 +7.533770829e+000 -5.995862292e+002 -5.995862292e+002 -1.5266e+000 +1.5367e+000 -5.5059e+000 +2.0030e+000 +1.7786e+000 -2.5203e+000 -1.3250e+000 +1.5980e+000 -1.7798e+000 -2.9552e-001 +3.3841e+000 +1.2170e+000 +3.2346e-001 -4.8716e+000 -3.2054e+000 +1.2575e+000 -3.5130e+000 +3.2158e+000 +1.7679e+000 -3.8373e+000
365 +7.123194308e+000 +7.123194308e+000 -5.999968057e+002 -5.999968057e+002 -1.7560e+000 +9.6133e-002 +3.1722e+000 +1.3442e+000 +3.3316e+000 -1.4654e+000 -7.8585e-002 +8.7948e-001 +1.0472e+000 -1.3430e+000 +3.5304e+000 -1.8387e+000 -1.6273e+000 -4.1161e+000 -1.9796e+000 +1.7799e+000 -2.0504e+000 -3.2864e-001 +6.1799e-001 -2.1700e+000
405 +7.060987864e+000 +7.060987864e+000 -6.000590121e+002 -6.000590121e+002 -3.0954e+000 -4.6650e-001 -2.7137e+000 +1.5749e+000 +1.2433e-001 -2.4378e+000 +1.0485e+000 -2.7031e+000 +3.4776e-001 -2.5629e+000 +2.8013e+000 +1.1954e+000 -1.9573e+000 -3.8106e+000 -1.7565e+000 +1.3588e+000 -2.7069e+000 +1.0415e-001 +3.1349e-001 -3.6149e+000
412 +6.488355888e+000 +6.488355888e+000 -6.006316441e+002 -6.006316441e+002 -3.2481e+000 -1.8622e+000 -8.4517e-001 +2.4921e+000 -6.5827e-001 -2.2887e+000 +2.8164e+000 +3.2471e+000 +6.9832e-001 +4.2153e+000 +2.9046e+000 -1.3445e+000 -4.0690e+000 -3.2877e+000 -4.4211e+000 +4.4381e+000 -3.2730e+000 -1.9508e+000 -1.7454e+000 -3.6312e-001
753 +6.399879309e+000 +6.399879309e+000 -6.007201207e+002 -6.007201207e+002 +4.4119e+000 +4.7788e+000 +2.2547e+000 +2.8495e+000 -3.7753e+000 -5.5550e+000 +3.4119e+000 -3.9628e-001 +1.1466e+000 +2.3863e+000 +2.5634e+000 -1.4944e-001 +3.3126e-002 -4.4651e+000 -2.3184e+000 +9.7006e-001 -3.0019e+000 +1.8762e+000 +1.0529e+000 -2.4947e+000
1030 +5.959156397e+000 +5.959156397e+000 -6.011608436e+002 -6.011608436e+002 +1.1746e+000 -4.5726e-001 -4.4536e+000 +2.6638e+000 +4.3420e-002 -4.8297e+000 +3.7181e+000 +1.8887e-001 -2.7019e+000 +9.1088e-001 +3.2156e+000 +1.1589e+000 +3.4469e+000 +1.6762e+000 +1.0771e-001 +2.3060e+000 -3.2241e+000 -1.8111e+000 -1.5605e+000 +3.8539e+000
1223 +5.579843540e+000 +5.579843540e+000 -6.015401565e+002 -6.015401565e+002 +8.7618e-001 +9.4667e-001 -2.2105e+000 +2.2197e+000 +1.6397e+000 -9.4405e-002 +2.8986e+000 +3.6722e+000 -1.9768e+000 -1.4275e+000 +2.4003e+000 +1.1490e+000 +2.6568e+000 +1.9000e+000 -9.0356e-001 +1.0581e+000 -3.2495e+000 +4.2375e-001 +4.1988e-002 -4.6391e-001
1320 +4.840816876e+000 +4.840816876e+000 -6.022791831e+002 -6.022791831e+002 +1.1240e+000 -3.4152e-001 -1.6967e+000 +1.4607e+000 +5.3369e-001 -1.4685e+000 -5.8344e-001 -2.6264e-001 +2.4795e+000 +3.5114e-001 +2.4603e+000 +1.5687e+000 -2.2090e-002 -3.5696e+000 -5.5617e-001 +1.7481e-001 -2.8175e+000 +2.2765e-001 +4.8431e+000 +1.7012e+000
1545 +4.625827436e+000 +4.625827436e+000 -6.024941726e+002 -6.024941726e+002 +2.3656e+000 +4.1502e+000 -9.9960e-001 +4.4255e-001 -4.4444e-001 -2.3388e+000 -3.6584e-001 -9.9392e-001 -1.0207e-001 +3.7590e-001 -4.5174e-001 +9.1375e-001 -2.4424e+000 -1.9662e-001 -1.0206e-001 +2.7565e+000 -4.6878e+000 +1.6743e+000 +9.0789e-001 +2.3258e-001
1618 +4.319656579e+000 +4.319656579e+000 -6.028003434e+002 -6.028003434e+002 +1.2316e+000 +1.3732e+000 -1.2379e-003 +4.6438e+000 -4.7544e+000 -1.1515e+000 +3.3677e-002 +4.7775e+000 +1.2461e+000 +5.3664e-001 +2.3333e+000 -9.7306e-001 +6.1351e-001 -2.6103e+000 +1.0840e+000 -7.3051e-001 -2.7386e+000 +1.4098e+000 -2.2319e+000 +6.3903e-001
2748 +3.406924217e+000 +3.406924217e+000 -6.037130758e+002 -6.037130758e+002 +4.1588e+000 +1.3334e+000 -1.8526e+000 -9.7978e-001 -5.1294e-001 +4.2000e-002 +4.6174e+000 +2.8622e+000 +5.7795e-001 +1.4851e+000 -3.1166e+000 +3.6957e-001 -3.8523e+000 +4.8395e-001 -2.7222e+000 +3.9005e-001 -2.4556e+000 +2.9452e+000 -2.0147e+000 +1.9923e+000
6569 +3.265030653e+000 +3.265030653e+000 -6.038549693e+002 -6.038549693e+002 -2.9880e+000 +6.8970e-001 +8.5525e-001 -2.2485e+000 +9.9170e-001 -2.7854e+000 +5.3595e+000 +3.4433e+000 +4.0126e+000 +1.5673e+000 -1.6581e+000 +3.3988e-001 -2.5878e+000 -3.1786e+000 -4.9278e-001 +2.0456e+000 +5.3084e-001 -7.3036e-001 -2.3918e-001 +3.6738e+000
% function evaluation | noise-free fitness - Fopt (-2.955000000000e+001) | best noise-free fitness - Fopt | measured fitness | best measured fitness | x1 | x2...
1 +3.450454584e+001 +3.450454584e+001 +4.954545835e+000 +4.954545835e+000 +4.2913e+000 -3.1009e+000 +4.5219e+000 -1.6906e+000 -3.0534e+000 +1.4681e+000 +3.0193e+000 +1.2682e+000 +1.8680e+000 +3.1040e+000 +4.8551e+000 +3.7733e+000 +1.4481e+000 +7.5033e+000 +1.8378e+000 -4.7262e+000 -8.1721e+000 -5.9124e+000 -4.6602e+000 +4.5788e+000
2 +1.212213287e+001 +1.212213287e+001 -1.742786713e+001 -1.742786713e+001 +1.5694e+000 -4.1974e+000 +3.4667e+000 +1.9795e-001 -6.3659e+000 -1.9166e-001 +5.3715e-001 -1.2962e+000 +6.4190e-001 -3.7917e-001 +3.3994e+000 -8.9608e-001 -7.6181e-001 +3.9119e+000 -6.2260e-001 -3.1386e+000 -4.2660e+000 -2.0868e+000 -4.7278e+000 +5.2294e+000
9 +8.809494833e+000 +8.809494833e+000 -2.074050517e+001 -2.074050517e+001 +4.7514e+000 -2.9992e+000 -3.8545e-001 -3.6281e+000 -9.6187e-001 -3.3187e+000 +5.3560e-001 -3.7407e+000 -2.2933e+000 +3.6955e+000 +4.2764e+000 +8.7624e-001 -3.9917e-001 +4.1439e+000 -4.2709e+000 -4.4753e+000 -2.2115e+000 -5.2909e-001 -2.7038e+000 +2.2811e+000
114 +8.493390631e+000 +8.493390631e+000 -2.105660937e+001 -2.105660937e+001 +1.5231e+000 -1.9508e+000 +5.0465e+000 -2.7659e+000 -1.0666e+000 -4.8983e-001 -2.4927e-001 -2.5035e+000 +3.2914e-003 +4.3513e+000 +1.6239e+000 +1.6349e+000 +1.1772e+000 +4.3046e+000 -4.4031e+000 -5.3219e+000 -2.7525e+000 -1.2125e+000 -2.9841e+000 +3.6422e+000
163 +6.564365024e+000 +6.564365024e+000 -2.298563498e+001 -2.298563498e+001 +2.1067e+000 -1.9806e+000 -8.5706e-001 -1.2249e+000 -4.8886e+000 -1.4776e+000 -3.5763e+000 -2.6132e+000 +2.5459e+000 +1.2361e+000 +1.1353e+000 +3.7316e+000 -2.1551e+000 +2.4906e+000 -3.2233e+000 -3.2442e+000 -3.8420e-001 -1.6393e+000 +3.8004e-001 +3.9526e+000
341 +6.060350666e+000 +6.060350666e+000 -2.348964933e+001 -2.348964933e+001 +1.8123e+000 -2.9167e+000 +2.0726e+000 -1.7218e-001 -4.5353e+000 -2.6901e+000 -1.3305e-001 -2.7752e+000 -2.0585e+000 +4.1712e+000 +3.3312e+000 +2.6323e+000 +7.9048e-002 +3.0454e+000 -1.8084e+000 -2.4168e+000 -4.1073e+000 +5.5902e-001 -2.5612e+000 +4.1163e+000
538 +5.220934486e+000 +5.220934486e+000 -2.432906551e+001 -2.432906551e+001 +2.5878e+000 -3.2758e+000 +5.8840e-001 +4.4096e-001 -1.6787e+000 -4.6320e-001 +1.2283e+000 +3.6003e+000 -1.1814e+000 +9.5760e-002 +7.2222e-001 -2.6563e-001 -3.6355e+000 +2.2759e+000 -8.1473e-001 -1.3776e+000 -1.0791e+000 -3.8770e-001 -3.3290e+000 +5.2005e+000
831 +4.624162039e+000 +4.624162039e+000 -2.492583796e+001 -2.492583796e+001 +3.5138e+000 -1.6505e+000 +1.9994e+000 -5.1248e-001 -4.5669e+000 -7.9731e-001 +2.8752e+000 +2.6078e-001 -2.7626e+000 +4.1434e-001 +9.8124e-001 +7.2103e-001 +2.5518e-001 +2.8640e+000 -1.9902e+000 -2.0897e+000 -1.8597e+000 -3.7057e-001 -1.5900e+000 +3.1582e+000
1919 +3.496082074e+000 +3.496082074e+000 -2.605391793e+001 -2.605391793e+001 +2.2289e+000 -2.7302e+000 -1.7528e+000 -1.9554e+000 +9.0516e-001 -7.9997e-001 -1.5105e-001 +4.5106e+000 -8.0306e-003 +2.9045e+000 +2.8480e+000 +2.9485e+000 -3.1473e+000 +6.1852e-001 -1.3313e+000 -2.9863e+000 -1.2781e+000 -7.0516e-001 -5.3032e-001 +1.8945e+000
5442 +1.899414360e+000 +1.899414360e+000 -2.765058564e+001 -2.765058564e+001 -1.8937e-001 -2.4927e+000 +1.3064e+000 -1.2101e+000 -3.4218e-001 +4.5542e-001 -3.0118e+000 +4.9418e+000 +8.3329e-001 -3.0929e+000 -1.1268e-001 +1.1455e-001 +5.4732e-001 -3.0160e+000 -3.1329e+000 +5.1175e-001 +1.8796e+000 +1.2182e+000 +1.6426e+000 -2.3971e+000
% function evaluation | noise-free fitness - Fopt (1.000000000000e+003) | best noise-free fitness - Fopt | measured fitness | best measured fitness | x1 | x2...
1 +6.007013902e+001 +6.007013902e+001 +1.060070139e+003 +1.060070139e+003 -4.5130e+000 -3.3637e+000 -4.3542e+000 -4.0383e+000 -4.9941e+000 +1.1419e-001 -9.7086e-001 -3.8973e-001 -6.7792e+000 +1.1684e+000 +1.3878e+000 -2.9842e+000 -5.1753e+000 -1.0602e+001 -2.5231e+000 -7.4609e+000 -9.9042e-001 -2.8913e-001 -2.2127e+000 +6.7868e+000
2 +4.982759252e+001 +4.982759252e+001 +1.049827593e+003 +1.049827593e+003 -8.0831e-001 -7.2329e+000 -5.0676e+000 -2.7462e+000 -2.7503e+000 +5.4881e+000 +9.8259e+000 -1.1878e+000 -1.5693e+000 +7.1916e+000 -3.2682e+000 -7.4343e-001 +3.8677e+000 -2.8122e+000 +4.5825e+000 -4.5876e+000 +3.7556e+000 +3.4305e+000 -6.9033e+000 -7.9670e-001
3 +2.015267262e+001 +2.015267262e+001 +1.020152673e+003 +1.020152673e+003 +1.4484e+000 -4.4274e+000 -9.8842e-001 -3.1297e+000 -5.2383e+000 +5.4720e+000 +5.4021e+000 -3.2354e+000 -3.6313e+000 +4.2076e-001 +1.9164e+000 -1.1180e+000 +7.8497e+000 -4.3315e+000 -2.5437e+000 -3.0164e-001 +1.5644e+000 -1.7540e+000 -5.6802e+000 +2.4092e+000
15 +1.629797248e+001 +1.629797248e+001 +1.016297972e+003 +1.016297972e+003 +1.2691e-002 -6.0672e+000 -2.8237e+000 -4.1344e+000 -3.1064e+000 +4.4641e+000 +3.7205e+000 -5.0954e+000 -2.4859e+000 +2.6168e+000 +8.1146e-001 -1.7771e+000 +3.9525e+000 -5.1549e+000 +3.8660e-001 -3.8685e+000 -2.1027e-001 +3.3573e+000 -5.1018e+000 +3.8431e+000
59 +1.383682042e+001 +1.383682042e+001 +1.013836820e+003 +1.013836820e+003 +5.3432e+000 -2.0970e+000 -3.8820e+000 -3.8663e+000 -3.4627e+000 +3.3278e+000 +4.8566e+000 -2.7723e+000 -2.6074e+000 +4.4582e+000 +1.1630e-001 +4.8376e-001 +3.1137e+000 -3.9392e+000 -2.2552e+000 -4.1295e+000 +1.6997e+000 -5.5050e+000 -5.5012e+000 +4.8972e+000
151 +1.290961757e+001 +1.290961757e+001 +1.012909618e+003 +1.012909618e+003 +4.2437e+000 -1.2291e+000 -4.5381e+000 -1.0043e+000 -3.8136e+000 +2.8010e+000 +3.5022e+000 -3.7411e+000 -3.5849e+000 +2.2860e+000 +2.6696e-001 -9.0028e-001 +4.2480e+000 -5.4820e+000 -2.4774e+000 +1.1830e+000 +3.3874e+000 -1.4487e+000 -2.6891e+000 +6.0512e+000
187 +1.182618862e+001 +1.182618862e+001 +1.011826189e+003 +1.011826189e+003 -9.2329e-001 -4.7587e+000 -3.8755e+000 -3.7200e+000 -2.5347e+000 +6.8167e+000 +4.0531e+000 -1.0476e+000 -5.3515e+000 +2.4902e+000 -4.4609e+000 -1.1543e+000 -4.7901e+000 -5.0797e+000 +2.1596e-001 -2.4700e+000 -1.3025e-001 -2.9031e+000 -2.0882e+000 +6.8679e+000
199 +9.036938583e+000 +9.036938583e+000 +1.009036939e+003 +1.009036939e+003 +2.2931e+000 -3.9096e+000 -5.0335e+000 -3.2202e-003 -6.5102e+000 +3.1122e+000 +6.1435e+000 -4.1575e+000 -2.3787e+000 +3.0562e+000 +1.7431e+000 -1.6138e+000 +1.8983e+000 -2.5199e+000 -2.1045e+000 -3.4827e+000 +1.4135e+000 +2.6861e+000 -1.0423e-001 +1.1292e+000
207 +7.892459285e+000 +7.892459285e+000 +1.007892459e+003 +1.007892459e+003 +3.7874e+000 -2.2716e+000 -5.8014e+000 -2.3887e+000 -3.1759e+000 +8.7185e-001 +3.7678e+000 +5.9866e-001 -8.0695e-001 +3.2299e+000 -2.0525e-002 -2.0283e+000 -2.7871e+000 -7.1702e-001 -1.0702e-001 -2.4003e+000 +3.7210e-001 -1.6248e+000 -3.7418e+000 +3.7603e+000
227 +6.822166558e+000 +6.822166558e+000 +1.006822167e+003 +1.006822167e+003 +5.6063e+000 -2.2808e+000 -3.6968e+000 -3.9062e+000 +1.7570e-001 +4.6476e+000 +5.5300e+000 -1.2448e+000 -1.6370e+000 +2.4817e+000 +4.8159e+000 -4.4459e+000 -3.2804e+000 -4.9247e+000 -1.7275e+000 -4.8450e+000 +3.8052e+000 -5.4429e+000 -3.1517e-001 +2.9556e+000
290 +6.618522223e+000 +6.618522223e+000 +1.006618522e+003 +1.006618522e+003 -1.6826e+000 -3.6444e+000 -5.2953e+000 -2.0004e+000 -4.0734e+000 +6.0774e+000 +5.9732e+000 -3.7991e+000 -3.8082e-002 +1.2135e+000 -5.3236e-001 -5.9004e+000 -1.1821e+000 -2.7433e+000 +2.9625e-001 +1.5464e-001 +2.8641e+000 -6.5777e-001 -3.3316e+000 +2.5321e+000
472 +5.347506831e+000 +5.347506831e+000 +1.005347507e+003 +1.005347507e+003 +4.1557e-001 -3.2757e+000 -2.8050e+000 +1.3007e+000 -4.3046e+000 +4.0627e+000 +3.0324e+000 -1.4753e+000 -1.7134e+000 +2.9896e+000 +1.0104e+000 -1.5062e+000 +4.8880e+000 -4.7319e+000 +7.4638e-001 -3.9121e+000 +3.5212e+000 +2.0553e+000 -2.9880e+000 +2.6654e+000
610 +5.114718542e+000 +5.114718542e+000 +1.005114719e+003 +1.005114719e+003 +3.0420e+000 +2.2907e+000 -8.5258e-002 -2.2454e+000 -4.3698e+000 +1.3431e+000 +1.7428e+000 -2.6697e+000 -3.7565e+000 +1.3888e+000 +1.4501e+000 +1.1919e+000 +2.8517e+000 +4.3192e-001 +2.5307e-001 +2.6633e+000 +1.3912e+000 +2.4201e-002 +4.6692e-002 +2.9006e+000
2707 +4.668884158e+000 +4.668884158e+000 +1.004668884e+003 +1.004668884e+003 +2.3202e+000 +1.5684e+000 -1.6187e+000 +1.1059e+000 -2.3745e+000 +1.5667e+000 +3.3998e+000 -1.7995e+000 -9.2524e-001 -4.3414e+000 -1.6773e-001 +2.5177e-001 -8.0982e-001 -3.3803e+000 -3.5601e+000 +4.5066e+000 -1.9272e-001 +2.5872e+000 -4.1588e+000 -3.5331e-001
2990 +4.088419018e+000 +4.088419018e+000 +1.004088419e+003 +1.004088419e+003 +9.4598e-001 +8.4728e-001 -1.9163e+000 -1.6180e-001 -2.0453e+000 -2.4776e+000 -3.2852e-001 -1.2221e+000 -1.4742e+000 +2.2106e+000 -3.5844e+000 +2.1687e+000 +4.5018e-001 -1.6591e+000 -1.8420e+000 -4.1259e-001 -2.6931e+000 -7.3907e-001 -3.0951e+000 +2.5523e+000
4455 +3.910367002e+000 +3.910367002e+000 +1.003910367e+003 +1.003910367e+003 +1.4001e+000 +2.1537e+000 +1.7220e+000 -6.6019e-001 -2.4166e+000 +1.6778e+000 +5.0516e+000 +1.3567e+000 +1.2398e+000 +1.9143e+000 -1.1633e+000 -8.1963e-001 -1.4157e+000 +1.9345e+000 +1.8997e+000 -2.8855e+000 -1.3744e+000 +7.2738e-001 -5.0797e-001 +1.3784e+000
5603 +3.318433273e+000 +3.318433273e+000 +1.003318433e+003 +1.003318433e+003 +2.5013e-001 +5.0831e+000 +4.9026e+000 +4.0784e+000 -1.0236e+000 -4.3433e+000 +2.1593e-001 +4.4088e+000 -3.0077e+000 -3.0166e-001 -2.0439e+000 +4.2112e+000 -4.0366e+000 -3.1503e+000 +3.4437e+000 -5.1224e+000 -4.9791e+000 +3.0657e+000 -1.5841e+000 +1.7850e+000
6356 +3.127911094e+000 +3.127911094e+000 +1.003127911e+003 +1.003127911e+003 +1.2547e+000 +3.1804e+000 -9.7805e-001 +1.8843e+000 +2.4268e-001 +5.1903e+000 -3.3865e-001 +1.2526e+000 -1.0972e+000 -2.8048e-001 -2.7218e+000 -6.5412e-001 -4.1231e+000 -1.7794e+000 -4.5331e-001 -5.1427e+000 -2.2051e+000 -2.4665e+000 -1.1720e+000 +4.1966e+000
7639 +1.586922261e+000 +1.586922261e+000 +1.001586922e+003 +1.001586922e+003 -5.8721e-001 +2.9657e+000 +5.9492e-001 +6.4813e-001 +5.6950e-001 -1.5950e+000 +2.5116e-001 +1.7626e-001 +1.0309e+000 -1.8139e+000 -1.7034e+000 +2.6498e+000 -3.3525e+000 -3.4692e-001 -6.3676e-001 +1.4523e+000 +1.9264e-001 +2.5087e-001 +7.7745e-001 -6.6134e-001
% function evaluation | noise-free fitness - Fopt (-4.456000000000e+001) | best noise-free fitness - Fopt | measured fitness | best measured fitness | x1 | x2...
1 +1.814852902e+001 +1.814852902e+001 -2.641147098e+001 -2.641147098e+001 -3.1987e-001 +2.1022e+000 +4.4215e+000 +2.2454e+000 -1.9235e+000 +2.1104e+000 -7.3843e+000 +1.1715e+000 -5.2165e+000 -6.5173e+000 -1.6437e+000 -6.0475e+000 +1.8249e+000 +3.4605e+000 -2.8589e+000 +4.7821e+000 -5.2554e+000 +4.3846e+000 -3.4692e+000 -6.6211e-001
29 +1.686130181e+001 +1.686130181e+001 -2.769869819e+001 -2.769869819e+001 -4.4429e-001 +2.7872e+000 +2.7841e+000 +4.8486e-001 -1.6028e+000 +5.6667e+000 -4.9100e+000 +2.2085e+000 -4.0721e+000 -1.2743e+000 -2.5730e+000 -7.3531e+000 -2.9102e+000 +5.3000e+000 -1.2997e+000 +2.3343e+000 +1.4527e+000 -2.4438e+000 -4.6995e+000 +5.5810e+000
35 +1.524067511e+001 +1.524067511e+001 -2.931932489e+001 -2.931932489e+001 -4.2810e-002 +2.7734e+000 +6.7285e+000 -1.0205e+000 +1.7132e+000 +3.2324e+000 -4.3313e-001 +2.1572e+000 -2.9789e+000 -4.4508e+000 -1.5317e+000 -2.5346e+000 -3.5663e-001 +5.4907e+000 -2.6103e+000 +1.8040e+000 -1.4437e+000 +4.6888e-001 -2.1356e+000 +3.5883e-001
67 +1.297666416e+001 +1.297666416e+001 -3.158333584e+001 -3.158333584e+001 +1.0626e+000 +1.3794e+000 +2.8335e+000 +5.0603e-002 -1.6193e+000 +2.4417e+000 -3.4309e+000 +3.0136e+000 -2.6157e+000 +8.4934e-001 +1.6564e+000 -3.7158e+000 -4.3164e+000 +5.8742e+000 -2.8943e+000 +2.1266e+000 +3.8395e+000 -3.4296e+000 -3.3124e+000 -4.4160e+000
79 +1.107055398e+001 +1.107055398e+001 -3.348944602e+001 -3.348944602e+001 +3.7775e-001 +2.2418e+000 -6.4679e-002 -8.6438e-001 +2.4860e+000 +3.1744e+000 -4.3500e+000 +1.4373e+000 -4.9504e+000 -2.7119e+000 -1.9291e-001 -3.9746e+000 -4.1102e+000 +2.5539e+000 -2.7406e-001 +5.6322e+000 +2.0231e+000 -4.5615e+000 -5.1512e+000 -1.4707e+000
114 +6.701994524e+000 +6.701994524e+000 -3.785800548e+001 -3.785800548e+001 -1.8781e+000 -4.3511e+000 +4.0165e+000 -2.0882e+000 +1.6082e+000 +1.1432e+000 -1.9468e+000 +7.7122e-001 -3.9917e+000 -2.4549e+000 -2.5666e+000 -2.7084e+000 -4.9394e-001 +4.5110e+000 -2.3386e+000 +3.5011e+000 +5.5923e-001 -2.5525e+000 -5.0382e+000 +8.1472e-001
1158 +5.616937686e+000 +5.616937686e+000 -3.894306231e+001 -3.894306231e+001 -6.7382e-001 -9.1323e-001 +1.8546e+000 -2.5148e+000 +7.7584e-003 +3.6145e+000 +8.6669e-001 +3.6104e+000 -2.9097e+000 +2.1701e+000 -4.2808e+000 -1.1618e+000 +2.8395e-001 +2.5250e+000 -2.7398e+000 +1.6027e+000 -2.1622e+000 +8.9601e-001 +4.9894e+000 +3.9905e-001
2758 +4.755408412e+000 +4.755408412e+000 -3.980459159e+001 -3.980459159e+001 -4.4579e+000 +6.7354e-001 +6.7141e-001 +7.0801e-002 -4.9686e+000 +1.7485e+000 -6.4109e-001 -2.1642e+000 -4.9333e+000 +9.6674e-001 -1.5556e+000 +1.2099e+000 +1.2954e-001 +1.3105e+000 -2.6563e-001 -2.9837e+000 +1.9606e+000 -2.8124e+000 -5.4357e-001 +4.4953e+000
3432 +4.205997463e+000 +4.205997463e+000 -4.035400254e+001 -4.035400254e+001 +4.2352e+000 -1.8654e+000 +1.6484e+000 -9.0425e-001 +6.8974e-002 +1.6490e+000 -1.4948e+000 -3.7855e+000 +1.4543e+000 -2.2265e+000 -5.7978e-001 +2.5088e+000 +1.3446e+000 +1.1593e+000 +3.3376e+000 -2.2644e+000 +5.7559e-001 +6.5331e-001 +2.6890e+000 +1.1477e+000
8484 +4.137224345e+000 +4.137224345e+000 -4.042277566e+001 -4.042277566e+001 -8.8711e-001 +8.9650e-001 -1.0666e+000 -2.4807e-001 -3.0524e+000 -6.1668e-001 -2.0677e-001 -1.1943e+000 -1.3748e-001 -2.0613e+000 -7.5846e-001 -3.4974e-001 -3.9457e+000 +1.1715e-001 +6.3869e-001 -1.1589e+000 -8.0160e-001 -1.0996e+000 +1.3384e+000 -8.0145e-001
10976 +3.596819588e+000 +3.596819588e+000 -4.096318041e+001 -4.096318041e+001 -3.6118e+000 +1.2632e-001 -3.3027e-002 -6.4301e-001 +2.3776e+000 -6.3465e-001 +4.6072e+000 -6.4683e-002 +3.4778e+000 +4.1320e+000 +1.9996e+000 -4.4971e-001 +7.4775e-001 -1.5490e+000 -3.5328e+000 -2.2731e+000 +1.6026e+000 +8.0295e-001 -1.2819e+000 +3.8035e-002
% function evaluation | noise-free fitness - Fopt (6.442000000000e+001) | best noise-free fitness - Fopt | measured fitness | best measured fitness | x1 | x2...
1 +3.573636512e+001 +3.573636512e+001 +1.001563651e+002 +1.001563651e+002 +3.7740e-001 -2.6379e-001 -5.3933e+000 -4.6993e+000 +3.4579e+000 -6.6982e+000 -1.3402e+000 +2.0742e+000 -6.6679e+000 -9.3965e-001 -7.7868e-001 -7.5516e+000 -2.6132e+000 +9.9443e-001 +3.3337e+000 +2.3766e+000 +3.9878e+000 -4.8342e-001 -5.7594e+000 +1.6470e+000
2 +2.177131021e+001 +2.177131021e+001 +8.619131021e+001 +8.619131021e+001 +4.7506e-001 +2.9080e+000 -4.5860e+000 -3.1815e+000 +4.2032e+000 -7.8084e+000 -1.7307e+000 -3.3875e+000 -6.2167e+000 +3.0497e+000 +3.1555e+000 -2.0185e+000 -2.4152e+000 -3.8700e-002 -3.2906e+000 +6.3175e+000 +7.3882e-001 +6.3424e-001 -1.9961e+000 +3.1099e+000
3 +1.414032410e+001 +1.414032410e+001 +7.856032410e+001 +7.856032410e+001 +5.4543e+000 +1.8533e+000 -2.3289e+000 -3.1521e+000 +3.8352e+000 -8.3823e-001 -7.2990e-001 -4.6054e+000 -6.4641e+000 +4.1914e+000 +1.3231e+000 -4.0677e+000 -6.7027e-001 +1.4687e+000 +1.8641e+000 +3.8337e+000 +5.3749e-001 +3.6644e+000 -5.0870e+000 +1.2407e+000
36 +9.109302413e+000 +9.109302413e+000 +7.352930241e+001 +7.352930241e+001 +1.2248e-001 -1.8915e+000 -2.7934e+000 -2.8486e+000 -1.5946e+000 -5.1971e+000 -5.2753e+000 +3.8777e-001 -4.1545e+000 +5.3775e+000 +2.1316e+000 -5.2258e+000 -9.6967e-001 +3.3193e+000 +3.3267e+000 +5.0051e+000 -3.4526e-001 -3.8190e+000 -4.6938e+000 +4.8544e+000
56 +8.565608638e+000 +8.565608638e+000 +7.298560864e+001 +7.298560864e+001 +7.5543e-001 +1.1834e+000 -3.3866e+000 +1.8180e+000 +1.1407e+000 +1.3744e+000 -2.2744e+000 -1.7888e+000 -2.5430e+000 +4.2247e+000 -1.3009e+000 +2.8325e+000 +2.5055e-001 +2.8677e+000 +1.5219e+000 +5.3811e+000 +3.5325e-001 +1.4725e+000 -5.4194e+000 +4.7363e-001
60 +6.241723899e+000 +6.241723899e+000 +7.066172390e+001 +7.066172390e+001 -1.2686e+000 +2.2554e+000 -3.6402e+000 -5.7820e+000 +2.8568e+000 -3.5945e+000 -2.4139e+000 -2.3128e+000 -4.2433e+000 +2.5203e+000 +1.5099e+000 -2.6816e+000 -1.9133e+000 +3.0742e+000 +5.7050e+000 +3.8027e+000 -1.6857e-001 +7.9115e-001 +1.8202e+000 -3.2177e-001
227 +5.748142652e+000 +5.748142652e+000 +7.016814265e+001 +7.016814265e+001 +5.6178e-001 +5.3361e-001 +7.5788e-001 -2.1361e+000 +3.1832e+000 -1.5472e+000 +2.2115e+000 -2.9934e+000 -2.4327e+000 +1.2536e+000 +3.6025e+000 -2.6543e+000 -2.8372e+000 +5.0473e+000 +5.3739e+000 +2.3975e+000 +4.2256e-001 -1.9505e+000 -2.0685e+000 +1.0341e+000
300 +4.909135011e+000 +4.909135011e+000 +6.932913501e+001 +6.932913501e+001 -2.1180e-001 +2.0415e+000 +1.0148e+000 -3.6357e+000 +4.7778e+000 +1.3018e+000 -1.6054e-001 +1.5019e+000 +1.7759e+000 +8.2549e-001 +1.9316e+000 -3.4518e+000 -6.4063e-001 +5.3447e-001 +2.5367e-001 +1.5071e+000 -2.4153e+000 -3.3883e+000 +8.3647e-001 -1.1223e+000
1951 +3.889439769e+000 +3.889439769e+000 +6.830943977e+001 +6.830943977e+001 +2.7141e+000 +1.9680e+000 -1.3379e+000 -5.1839e+000 +1.4386e+000 -1.6278e+000 +3.3584e+000 -3.5506e+000 -6.1851e-001 +1.8615e+000 +1.1874e+000 -1.2490e+000 +1.9413e+000 +1.7272e+000 +9.6341e-001 +1.9842e+000 -5.7598e+000 -1.6903e-001 -1.9139e+000 -1.9196e+000
10486 +3.140767659e+000 +3.140767659e+000 +6.756076766e+001 +6.756076766e+001 +9.9045e-001 +9.2180e-002 -4.1000e+000 -2.2846e+000 +2.5043e+000 -3.9632e+000 -1.2928e+000 +5.2861e+000 +1.5294e+000 +1.9951e+000 -6.8622e-001 -4.0202e+000 +3.8632e+000 -4.1225e+000 +1.3808e+000 -6.4217e-002 +1.9790e+000 +2.6093e+000 -3.6631e+000 +5.6445e+000
% function evaluation | noise-free fitness - Fopt (7.514000000000e+001) | best noise-free fitness - Fopt | measured fitness | best measured fitness | x1 | x2...
1 +1.832711222e+001 +1.832711222e+001 +9.346711222e+001 +9.346711222e+001 -5.2378e-001 -2.1313e+000 -2.2380e+000 -2.3338e-002 +2.8976e-001 -3.1333e+000 -4.8588e+000 +1.9863e-001 -5.1185e+000 +1.2067e+000 +2.5738e+000 -2.8163e+000 -5.0806e+000 -3.7629e+000 -1.0198e-001 -3.2294e+000 +1.6768e+000 +2.9984e+000 -2.4593e+000 +2.4562e+000
11 +1.551242704e+001 +1.551242704e+001 +9.065242704e+001 +9.065242704e+001 +1.8117e+000 -5.2040e+000 -4.7878e+000 -5.2222e+000 +3.8652e+000 -2.5274e+000 -3.4364e+000 -1.4585e+000 +2.3392e+000 +3.5281e-001 +2.1299e+000 -3.2987e+000 -4.2796e+000 -6.2640e-001 +2.1309e+000 +2.7620e+000 +3.6148e+000 +3.0751e+000 -9.2683e-001 -2.3137e+000
29 +1.328384038e+001 +1.328384038e+001 +8.842384038e+001 +8.842384038e+001 +1.1656e+000 -2.1373e+000 -5.5174e+000 -4.8553e+000 +2.2831e+000 +7.1214e-001 -3.7548e+000 +3.4841e+000 -2.4734e+000 -6.8836e-003 +1.1846e+000 -2.7900e+000 -4.5729e+000 -2.9096e+000 +2.1491e+000 -1.0741e-002 +1.6753e+000 +1.9188e+000 +7.2090e-001 -2.1143e+000
111 +1.267494508e+001 +1.267494508e+001 +8.781494508e+001 +8.781494508e+001 -7.4841e-001 +2.1425e-001 +1.2424e+000 -4.7372e+000 +3.2720e+000 -5.5063e+000 -1.1280e+000 +6.0039e+000 -7.7257e-001 -6.5726e-002 +1.4361e+000 +6.4917e-001 -4.0116e+000 -3.0840e+000 +3.8615e-001 +9.0689e-001 -1.3197e+000 +5.8294e+000 -3.6904e+000 -1.6336e+000
118 +9.734911518e+000 +9.734911518e+000 +8.487491152e+001 +8.487491152e+001 -4.2931e+000 -3.9537e-001 -3.0852e+000 -4.7286e+000 +3.0993e+000 -4.4848e+000 -3.0385e+000 +2.9629e+000 -3.1579e+000 -3.6565e+000 -2.3818e-001 +3.3911e+000 -2.4710e+000 -3.7890e+000 +3.2098e+000 -6.5116e+000 -1.1376e+000 +3.8477e+000 +1.9264e+000 -4.5743e+000
209 +9.467774734e+000 +9.467774734e+000 +8.460777473e+001 +8.460777473e+001 +2.1433e+000 -7.3208e-001 -3.4308e+000 -3.1528e+000 -5.2835e-001 -1.6993e+000 -4.4601e+000 +4.6376e+000 -1.9332e+000 +3.5535e+000 +1.4990e-001 -3.0704e+000 -3.3160e+000 -3.7934e+000 +1.8165e+000 -2.0109e+000 -9.4208e-001 +1.9024e+000 -1.8782e+000 -3.8205e+000
264 +8.732682708e+000 +8.732682708e+000 +8.387268271e+001 +8.387268271e+001 +1.6478e+000 -3.2235e+000 -2.4044e+000 -5.2647e+000 +1.7448e+000 -2.5784e+000 -4.6357e+000 +1.9270e+000 -2.4862e+000 +1.7134e+000 +1.0056e+000 -2.5658e+000 +1.1125e+000 -4.9955e+000 +1.0886e-001 +1.5366e+000 -5.7364e+000 +5.4365e+000 +1.9436e+000 -3.7539e+000
292 +3.957569785e+000 +3.957569785e+000 +7.909756979e+001 +7.909756979e+001 +6.3793e-001 +6.9245e-001 -1.7805e+000 -1.9142e+000 +4.4972e+000 -3.3781e+000 -4.2838e+000 +4.7228e+000 -2.3331e+000 +1.6757e+000 -8.6105e-001 -1.3721e+000 -3.8852e+000 -3.9618e+000 +3.3808e-001 -2.0152e+000 -6.3150e-001 +2.9040e+000 +4.2456e-002 -1.7400e+000
894 +3.781768712e+000 +3.781768712e+000 +7.892176871e+001 +7.892176871e+001 +1.2634e-001 -4.3918e+000 -3.7550e+000 -3.6209e+000 +4.5716e+000 -1.8724e+000 -1.6679e+000 +2.0185e+000 -2.2307e+000 +1.1446e+000 +6.4725e-001 +4.0730e-001 -3.5948e-001 -2.9035e+000 +8.5841e-001 -2.0558e+000 -2.8434e+000 +1.7604e+000 -3.4391e+000 +7.8899e-001
4740 +3.686064773e+000 +3.686064773e+000 +7.882606477e+001 +7.882606477e+001 +1.4789e+000 +1.0740e+000 -1.5792e+000 -9.2432e-001 -1.1502e+000 -1.6710e+000 +2.4870e+000 -3.5734e-001 +1.1126e+000 -3.1893e+000 -6.2453e-001 -5.1127e-001 -2.8662e+000 -1.2832e+000 +6.2409e-001 -8.1107e-001 +8.6942e-001 +4.2633e-001 +2.8688e-002 -8.8617e-001
14566 +3.105271593e+000 +3.105271593e+000 +7.824527159e+001 +7.824527159e+001 -1.5233e+000 -3.3574e-002 +1.0484e+000 -6.7023e-001 +5.1924e+000 +3.1430e+000 +4.1860e+000 +3.1115e+000 -2.3125e+000 +2.1438e+000 -1.4102e+000 -1.7352e+000 +2.0935e+000 -8.6424e-001 -3.3922e+000 -3.8627e+000 -2.2221e+000 +1.0117e+000 +2.8124e+000 -2.4932e+000
% function evaluation | noise-free fitness - Fopt (1.042500000000e+002) | best noise-free fitness - Fopt | measured fitness | best measured fitness | x1 | x2...
1 +7.633146490e+001 +7.633146490e+001 +1.805814649e+002 +1.805814649e+002 +3.2470e+000 +1.1555e+000 +3.0173e+000 -1.2699e+000 -1.3076e+000 -8.8958e-001 -2.3876e+000 -2.2238e+000 +5.2470e+000 -1.1952e+000 +5.6929e+000 +1.5029e+000 -3.3064e+000 -3.4337e+000 +7.5330e+000 -1.0843e+001 +8.4926e-001 +4.4376e+000 +8.0780e-002 -8.3333e+000
2 +2.068869882e+001 +2.068869882e+001 +1.249386988e+002 +1.249386988e+002 +4.3685e+000 +4.2677e-001 +4.6922e+000 -6.1795e+000 +1.7498e+000 -5.6001e-001 -2.9939e+000 -4.2121e+000 +5.1968e+000 -2.0153e+000 -1.8625e-001 +3.4153e+000 +1.9458e+000 -4.1853e+000 -1.9228e+000 -2.4479e+000 -4.5420e-001 +6.8590e+000 +3.8556e+000 -2.1939e+000
5 +1.935441828e+001 +1.935441828e+001 +1.236044183e+002 +1.236044183e+002 +1.9966e+000 -6.8774e-001 +3.6015e+000 -5.3075e+000 +1.4922e+000 -2.8228e+000 -6.7416e-001 -3.0502e+000 +6.9824e+000 -5.2556e+000 -9.2460e-001 +2.8376e+000 -5.7097e-001 -7.4198e+000 +1.3648e+000 -4.4350e+000 +1.9220e-001 +4.5582e+000 +4.2601e+000 -1.7186e+000
10 +1.811008745e+001 +1.811008745e+001 +1.223600875e+002 +1.223600875e+002 +6.2064e+000 +2.2295e-001 +4.4286e+000 -6.0307e+000 +4.4555e+000 -6.9135e-001 +1.5339e+000 -4.4635e+000 +1.9975e+000 -1.1394e+000 -2.8434e-001 +3.2263e+000 -2.3402e+000 -5.1151e+000 +4.2363e+000 -6.4938e+000 +1.6650e+000 +5.1838e+000 -2.6699e-001 -5.7860e-001
13 +1.550748795e+001 +1.550748795e+001 +1.197574880e+002 +1.197574880e+002 +5.4402e+000 +2.1174e+000 +3.7784e+000 -3.6920e+000 +4.3073e+000 +3.6635e+000 +4.9018e-002 +8.9453e-002 +3.4359e+000 -4.4814e+000 -1.1227e+000 +1.5967e+000 -2.7304e+000 -2.1311e+000 +3.2771e+000 -3.9383e+000 -1.4498e+000 +4.9259e+000 -2.9650e+000 +3.0714e+000
26 +1.221904743e+001 +1.221904743e+001 +1.164690474e+002 +1.164690474e+002 +2.2056e+000 +1.3389e+000 +4.1588e+000 -3.0758e+000 +5.3212e+000 -3.9717e+000 -4.5973e+000 -4.1382e+000 +1.4933e+000 -3.3807e+000 +1.0787e+000 -1.0843e+000 -5.2897e+000 -4.3354e+000 +2.1006e+000 -5.1741e+000 -2.3450e+000 +7.6617e-001 +2.2024e+000 +1.7017e+000
107 +9.677587259e+000 +9.677587259e+000 +1.139275873e+002 +1.139275873e+002 +2.5539e+000 +2.3147e+000 +5.9565e+000 -3.5896e+000 +5.0672e+000 -3.4529e+000 +1.3582e-001 -4.2743e+000 +4.8360e+000 -2.2755e+000 +5.7970e-001 -4.4149e+000 -2.3997e+000 -2.8494e+000 +3.0813e+000 -4.3234e+000 +1.0796e+000 +4.5769e+000 +4.4442e+000 -2.4182e-001
190 +9.080062147e+000 +9.080062147e+000 +1.133300621e+002 +1.133300621e+002 +1.6665e+000 +1.5163e+000 +2.9252e+000 -5.0084e+000 +2.4690e+000 -3.1376e+000 -2.4725e+000 -3.7036e+000 +2.2228e+000 -2.3010e+000 -3.8798e+000 -4.1526e-001 -3.8721e+000 -2.4599e+000 +3.5712e+000 -1.3699e+000 -4.5612e-001 +7.5325e-002 +3.2327e+000 +2.1353e-001
232 +8.026739853e+000 +8.026739853e+000 +1.122767399e+002 +1.122767399e+002 +4.5207e+000 -8.0043e-001 +5.4525e+000 -2.5212e+000 +1.2497e-001 +5.1601e-001 -4.9976e+000 -1.5435e+000 +3.5449e+000 -1.7088e+000 -1.2583e+000 +1.2519e+000 -1.4388e+000 -2.4115e+000 +1.7305e+000 -1.0634e+000 -1.3556e+000 +2.6486e+000 -3.3345e-001 +1.6535e+000
429 +7.791610803e+000 +7.791610803e+000 +1.120416108e+002 +1.120416108e+002 +2.2608e+000 +3.8751e+000 +3.3641e+000 -3.4393e+000 +2.5183e+000 -3.7900e-001 -4.4442e-001 -2.8200e+000 +1.2708e+000 -7.8825e-001 +4.7255e-001 +2.9653e+000 -3.1420e+000 -3.6984e+000 +1.8359e+000 -1.0914e-001 -2.2895e-001 +5.3134e+000 +1.9450e+000 +2.3380e+000
661 +4.760836071e+000 +4.760836071e+000 +1.090108361e+002 +1.090108361e+002 -3.2837e+000 -9.1598e-001 +4.4578e+000 -3.5952e+000 +3.0957e+000 -9.9043e-001 -1.8802e+000 -2.1884e+000 -6.8931e-001 -2.8107e+000 -4.7990e-002 -1.3306e+000 +2.6993e+000 -2.6579e+000 +1.9123e+000 -1.2018e+000 -3.4953e+000 +2.1079e+000 -9.5529e-001 +1.0053e+000
2348 +4.250181610e+000 +4.250181610e+000 +1.085001816e+002 +1.085001816e+002 -7.5351e-001 -9.6751e-001 +8.4310e-001 -2.6452e+000 +2.3862e+000 +9.4599e-001 +1.2898e+000 +9.1345e-001 -3.3777e+000 +4.0911e-001 +1.6607e+000 +1.3440e+000 +2.7547e+000 -1.1275e+000 +2.0154e+000 -2.1725e+000 +6.8060e-001 +4.1563e+000 -3.3599e-001 +1.7156e+000
3579 +3.247006637e+000 +3.247006637e+000 +1.074970066e+002 +1.074970066e+002 +2.2504e+000 +1.5216e+000 -1.2261e-001 -3.4070e+000 -3.5488e+000 +1.8406e+000 -8.2056e-001 -1.2361e+000 +9.7526e-001 +2.4705e-002 -4.6683e-001 -9.6201e-001 +2.3426e+000 +2.0347e+000 +2.2789e-001 -9.4309e-001 -7.5928e-001 +2.5630e+000 -1.1576e+000 +4.2934e-001
5648 +3.045079664e+000 +3.045079664e+000 +1.072950797e+002 +1.072950797e+002 +3.2353e+000 +1.9667e-002 +1.6551e+000 -3.4792e+000 -2.1048e+000 -7.5752e-001 +1.0738e+000 +1.4515e-001 +1.0448e+000 +2.6401e+000 -1.9526e+000 -3.2517e+000 -9.7036e-001 +4.5220e+000 -2.2435e+000 -2.7441e+000 +1.2804e+000 +9.2434e-001 -1.7792e+000 -1.4886e+000
% function evaluation | noise-free fitness - Fopt (-8.550000000000e+000) | best noise-free fitness - Fopt | measured fitness | best measured fitness | x1 | x2...
1 +4.963934306e+001 +4.963934306e+001 +4.108934306e+001 +4.108934306e+001 +6.7805e+000 -2.7621e+000 +4.2144e+000 +3.8167e+000 -2.2571e+000 -4.2967e+000 -2.8756e+000 +4.9623e+000 -4.2212e+000 +3.2136e+000 +8.9308e+000 -2.3795e+000 -7.4206e+000 -7.1898e-001 +4.1796e+000 +2.3555e-001 +1.9091e+000 +1.9286e-002 -3.1448e-001 +2.3753e+000
3 +3.263159217e+001 +3.263159217e+001 +2.408159217e+001 +2.408159217e+001 +2.1067e+000 -2.2162e+000 +3.9019e+000 +6.4952e-001 -6.4004e+000 -6.7312e+000 -4.9292e+000 +1.7243e+000 +1.9961e+000 -3.1978e+000 +7.6681e+000 -3.0694e-001 +2.2932e+000 +1.8190e+000 +2.8390e+000 +1.3156e+000 +3.6106e+000 +1.1163e-001 +3.0928e+000 +4.0814e+000
4 +2.834459462e+001 +2.834459462e+001 +1.979459462e+001 +1.979459462e+001 +4.0309e+000 -6.7745e+000 +1.7972e+000 -5.1636e+000 +1.5059e+000 -4.5460e+000 +5.2976e-001 -1.2323e+000 -2.0286e-001 +5.5477e-001 +7.9344e+000 +2.2866e-001 +1.8052e+000 -2.7035e+000 +3.5430e+000 -6.9650e+000 +6.4794e+000 +3.9385e+000 -1.1971e+000 -2.7087e+000
5 +1.760869879e+001 +1.760869879e+001 +9.058698786e+000 +9.058698786e+000 +4.6600e+000 -9.9902e-001 +2.5283e+000 +3.6116e+000 -2.5475e+000 -5.6692e+000 -6.3869e+000 -3.1977e+000 +3.2823e+000 +1.0734e+000 +5.1858e+000 -4.4995e+000 +2.0966e+000 +1.3281e+000 +4.5632e+000 -1.7021e+000 -9.1887e-001 +2.0326e+000 -2.5914e+000 +1.8417e+000
13 +1.552036916e+001 +1.552036916e+001 +6.970369158e+000 +6.970369158e+000 +4.8917e+000 -5.0836e+000 +3.3835e+000 +4.6421e+000 -4.5391e+000 -7.7663e-001 -8.5960e-001 +2.3770e+000 +3.0154e+000 +1.8880e+000 +2.1830e+000 +3.8076e+000 +1.7365e+000 -1.2225e-001 +5.3498e+000 -2.6359e+000 +5.7715e+000 +1.8441e+000 -7.3291e+000 +3.6840e+000
23 +8.074640792e+000 +8.074640792e+000 -4.753592076e-001 -4.753592076e-001 +4.1373e+000 -3.8864e+000 +7.9859e-001 +4.0826e+000 -6.1504e+000 -3.6422e+000 -3.0116e+000 +1.5446e+000 +2.2410e+000 +3.1199e+000 +6.1768e+000 -1.1829e+000 +4.3254e+000 +5.0309e-001 +1.3200e+000 -1.9581e+000 +4.9144e+000 -3.1187e+000 -1.6733e+000 -3.7338e-001
200 +7.090909593e+000 +7.090909593e+000 -1.459090407e+000 -1.459090407e+000 +9.3154e-001 -4.3784e+000 +4.7636e+000 +1.6270e+000 -2.0509e+000 -3.2676e-001 -1.0591e+000 +1.5427e+000 -1.3947e-001 +4.6800e+000 +8.3747e-001 -2.6913e+000 +6.7075e+000 +3.6657e+000 +1.5250e+000 -2.2861e+000 +5.0057e+000 +1.2473e+000 -2.8403e+000 +1.8944e+000
204 +4.848664411e+000 +4.848664411e+000 -3.701335589e+000 -3.701335589e+000 +4.3111e+000 -3.0979e+000 +4.0293e+000 +4.4161e+000 -4.2945e+000 +1.9724e+000 -3.4969e+000 +5.4428e-001 -3.8839e-001 -2.4862e+000 +1.3902e+000 -4.6802e+000 -1.9452e+000 -5.6003e+000 +3.9629e+000 -3.1630e+000 +5.3076e-001 +4.3388e-001 -3.6049e+000 +3.4315e+000
2223 +4.370338553e+000 +4.370338553e+000 -4.179661447e+000 -4.179661447e+000 -1.0820e+000 -9.3402e-001 +7.3178e-001 -1.7754e+000 -2.5585e+000 -2.5454e+000 -4.4136e-001 -2.7502e+000 -1.0376e+000 -5.1184e+000 +2.2012e+000 +1.4514e+000 -4.4596e+000 +3.9151e+000 -7.4427e-001 +1.9080e+000 +1.1678e+000 +1.0320e-001 -1.5141e+000 -2.0017e-001
2381 +4.244463669e+000 +4.244463669e+000 -4.305536331e+000 -4.305536331e+000 -3.4144e+000 -8.5828e-001 -8.5839e-001 +4.3998e-001 -1.2462e+000 +3.6165e+000 -3.7171e-002 +2.1151e+000 +5.2490e-001 -1.8832e+000 +3.8067e+000 -8.1608e-001 +7.3106e-002 -1.2809e+000 +3.1823e+000 -2.6010e+000 -5.6380e-001 -8.8838e-001 +5.6170e-001 -6.5495e-001
4825 +4.094222239e+000 +4.094222239e+000 -4.455777761e+000 -4.455777761e+000 +9.0665e-001 -2.6107e+000 -4.0517e+000 +2.4008e+000 -8.3067e-001 +3.9627e+000 +1.8786e+000 -4.3900e-001 -3.2291e+000 +3.7264e+000 +2.4771e+000 -3.3293e+000 +1.5801e+000 -4.2770e+000 +7.1783e-001 -4.4729e+000 +1.0907e+000 -2.9667e+000 +1.4455e+000 +1.8856e+000
7069 +3.299646038e+000 +3.299646038e+000 -5.250353962e+000 -5.250353962e+000 -4.0418e+000 +1.3376e+000 -1.9079e+000 -1.4720e+000 +2.7882e+000 +2.6874e+000 +1.1622e+000 +3.3957e+000 +2.5295e+000 +1.7831e-001 -1.5062e+000 +1.5985e+000 +1.8607e+000 +1.1127e-001 +3.1290e+000 -3.7859e-001 +1.6005e+000 -2.1288e+000 -7.6310e-001 -2.5363e+000
12592 +3.132949822e+000 +3.132949822e+000 -5.417050178e+000 -5.417050178e+000 +1.0130e+000 +2.2920e+000 +9.7182e-001 -1.0059e+000 -3.9668e+000 -2.4174e+000 +1.6627e-001 -1.4594e+000 +4.2178e-001 -1.5371e+000 -9.7258e-001 +2.3135e+000 +4.8072e+000 +1.4442e+000 +8.7046e-001 +1.1088e+000 -3.5738e+000 +1.7725e-001 -3.0598e-001 +4.6893e-001
% function evaluation | noise-free fitness - Fopt (-1.014500000000e+002) | best noise-free fitness - Fopt | measured fitness | best measured fitness | x1 | x2...
1 +1.468133308e+001 +1.468133308e+001 -8.676866692e+001 -8.676866692e+001 +1.0875e+000 +3.7909e+000 -3.7962e+000 +1.5583e+000 +3.4923e+000 +6.0544e+000 +6.1210e+000 -2.3449e+000 -1.0512e+000 -5.7513e+000 +3.2794e-001 +1.7858e+000 +3.6332e+000 +5.7607e+000 -3.0732e+000 +7.2932e-001 +1.0959e+000 +1.3284e-001 -2.0575e+000 +3.9064e+000
28 +1.301690217e+001 +1.301690217e+001 -8.843309783e+001 -8.843309783e+001 +2.8167e+000 +2.6142e+000 -4.4092e+000 -5.5234e-002 -2.8586e+000 +1.3532e+000 -3.3338e+000 -9.0052e-001 +2.0239e+000 -3.7676e+000 -3.3351e+000 +4.2815e+000 +3.6163e+000 +1.2571e+000 -3.4631e+000 -1.2494e+000 -5.2668e-002 -4.5040e+000 -6.3352e+000 +6.4237e+000
116 +1.200062380e+001 +1.200062380e+001 -8.944937620e+001 -8.944937620e+001 +1.3042e+000 +4.4098e+000 -2.8319e-001 +9.0274e-002 -2.5315e-001 +5.1052e+000 +4.8638e+000 -3.8062e+000 +6.8279e-001 -4.1839e+000 -2.7707e+000 +5.9940e-001 +4.0373e+000 +1.7747e+000 -5.0869e-001 -5.7251e+000 -3.9526e+000 +1.4435e+000 +5.9441e-001 +1.0571e+000
127 +8.570158712e+000 +8.570158712e+000 -9.287984129e+001 -9.287984129e+001 +3.3626e+000 +2.1208e+000 -2.8828e+000 +2.2396e+000 -1.3298e+000 +5.5082e+000 -1.2532e+000 -3.1583e+000 +8.5340e-001 -3.8542e+000 -1.2203e+000 +1.8845e+000 +2.4538e+000 +3.6738e+000 -2.7576e+000 -3.6595e+000 +1.2676e+000 -2.3656e+000 -3.9819e+000 +3.2034e+000
244 +8.184673018e+000 +8.184673018e+000 -9.326532698e+001 -9.326532698e+001 -6.9645e-002 +4.0069e+000 -4.3900e+000 +3.8292e+000 +5.9789e-002 +3.8270e+000 -2.2513e+000 -3.1085e+000 +9.3646e-001 -1.7201e+000 -7.4744e-001 +4.1388e-001 +4.1803e+000 +2.3643e+000 -1.9819e+000 -1.5369e+000 -9.0748e-001 -1.7754e+000 -3.8575e+000 +1.7304e+000
439 +5.630885504e+000 +5.630885504e+000 -9.581911450e+001 -9.581911450e+001 +3.1635e+000 +3.0775e+000 -1.4806e+000 +7.4304e-001 -3.3632e+000 +2.2169e+000 +5.7577e+000 -5.3404e+000 +8.9362e-001 -1.7930e+000 +6.8699e-001 -5.2401e+000 +4.0012e+000 +3.3130e-002 +2.5571e+000 -5.1091e+000 -2.5603e+000 -3.1041e+000 -2.2949e+000 +4.4425e-001
561 +3.174037228e+000 +3.174037228e+000 -9.827596277e+001 -9.827596277e+001 +2.5752e+000 +3.7275e+000 -4.6061e-001 -3.0376e+000 +1.3009e-001 +3.6607e+000 +1.4905e+000 -1.9674e+000 -9.4734e-001 -4.0775e+000 -3.4204e-001 +2.7130e+000 +1.7994e+000 +1.6667e+000 -2.2817e+000 -1.5387e+000 +1.0073e+000 -3.1138e+000 -3.4666e+000 +4.2280e+000
12387 +2.880186258e+000 +2.880186258e+000 -9.856981374e+001 -9.856981374e+001 +9.9548e-001 -2.8721e+000 +1.5530e+000 +7.1557e-001 -1.4457e+000 +1.7248e+000 -1.0511e+000 -1.4864e+000 -2.0665e+000 -1.6475e+000 +2.3590e+000 -2.0645e+000 -5.9081e-001 -1.3655e-001 +1.8674e+000 +2.5550e+000 -3.3455e+000 -1.1457e+000 -1.2743e+000 +1.3666e+000
