% function evaluation | noise-free fitness - Fopt (2.997000000000e+001) | best noise-free fitness - Fopt | measured fitness | best measured fitness | x1 | x2...
1 +1.070119922e+003 +1.070119922e+003 +1.100089922e+003 +1.100089922e+003 -3.5012e+000 +1.9164e+000 -1.5017e-001
2 +8.561142491e+002 +8.561142491e+002 +8.860842491e+002 +8.860842491e+002 -4.0047e+000 -4.2819e-002 -2.3525e+000
4 +7.787599547e+002 +7.787599547e+002 +8.087299547e+002 +8.087299547e+002 -3.9994e+000 +8.7702e-004 -3.4551e+000
13 +7.732522028e+002 +7.732522028e+002 +8.032222028e+002 +8.032222028e+002 -4.4745e+000 +1.6507e+000 -7.8029e+000
18 +7.398920614e+002 +7.398920614e+002 +7.698620614e+002 +7.698620614e+002 -4.0820e+000 +2.1648e-002 -4.8341e+000
35 +6.389443572e+002 +6.389443572e+002 +6.689143572e+002 +6.689143572e+002 -3.6003e+000 +4.9161e-001 -4.5615e+000
37 +5.937149336e+002 +5.937149336e+002 +6.236849336e+002 +6.236849336e+002 -2.9737e+000 +5.1528e-001 -3.5220e+000
38 +5.673607875e+002 +5.673607875e+002 +5.973307875e+002 +5.973307875e+002 -1.9437e+000 -3.1939e+000 -4.2415e+000
40 +4.959591956e+002 +4.959591956e+002 +5.259291956e+002 +5.259291956e+002 -2.8369e+000 +1.4598e+000 -4.5284e+000
47 +3.319574883e+002 +3.319574883e+002 +3.619274883e+002 +3.619274883e+002 -2.1360e+000 +9.3443e-001 -5.1882e+000
70 +2.078373984e+002 +2.078373984e+002 +2.378073984e+002 +2.378073984e+002 -2.9758e-001 +5.4595e-001 -3.9700e+000
83 +1.162001148e+002 +1.162001148e+002 +1.461701148e+002 +1.461701148e+002 -1.0099e+000 +5.4340e-001 -5.6266e+000
107 +7.638637499e+001 +7.638637499e+001 +1.063563750e+002 +1.063563750e+002 -2.1837e-001 +3.6064e-001 -5.4246e+000
122 +6.790948601e+001 +6.790948601e+001 +9.787948601e+001 +9.787948601e+001 -7.4435e-001 +6.4619e-001 -5.6311e+000
130 +6.147540836e+001 +6.147540836e+001 +9.144540836e+001 +9.144540836e+001 -5.6385e-001 +3.9204e-001 -5.3540e+000
136 +5.472674454e+001 +5.472674454e+001 +8.469674454e+001 +8.469674454e+001 -6.3432e-001 +4.7703e-001 -5.5544e+000
171 +5.115487735e+001 +5.115487735e+001 +8.112487735e+001 +8.112487735e+001 -5.5901e-001 +3.7667e-001 -5.4461e+000
199 +4.476256927e+001 +4.476256927e+001 +7.473256927e+001 +7.473256927e+001 -4.6794e-001 +2.0258e-001 -5.3531e+000
253 +4.408160285e+001 +4.408160285e+001 +7.405160285e+001 +7.405160285e+001 -3.8038e-001 +2.1461e-001 -5.2526e+000
265 +3.740556706e+001 +3.740556706e+001 +6.737556706e+001 +6.737556706e+001 -3.5045e-001 +1.5713e-001 -5.2584e+000
301 +3.670975560e+001 +3.670975560e+001 +6.667975560e+001 +6.667975560e+001 -3.5486e-001 +1.0300e-001 -5.2957e+000
322 +3.506217837e+001 +3.506217837e+001 +6.503217837e+001 +6.503217837e+001 -3.5720e-001 +1.4636e-001 -5.2733e+000
361 +3.389068006e+001 +3.389068006e+001 +6.386068006e+001 +6.386068006e+001 -3.3253e-001 +8.1060e-002 -5.2621e+000
376 +3.094842691e+001 +3.094842691e+001 +6.091842691e+001 +6.091842691e+001 -2.9203e-001 +4.4016e-002 -5.2052e+000
430 +3.017838646e+001 +3.017838646e+001 +6.014838646e+001 +6.014838646e+001 -3.1098e-001 +4.7400e-002 -5.2113e+000
% function evaluation | noise-free fitness - Fopt (-5.171000000000e+001) | best noise-free fitness - Fopt | measured fitness | best measured fitness | x1 | x2...
1 +1.008833139e+003 +1.008833139e+003 +9.571231395e+002 +9.571231395e+002 -4.5663e+000 +3.2168e+000 -5.5725e+000
2 +6.620425121e+002 +6.620425121e+002 +6.103325121e+002 +6.103325121e+002 -4.7236e+000 +4.0810e+000 -1.3701e+000
10 +5.233977373e+002 +5.233977373e+002 +4.716877373e+002 +4.716877373e+002 +6.1105e+000 +9.8173e-001 -4.8469e+000
12 +3.235417185e+002 +3.235417185e+002 +2.718317185e+002 +2.718317185e+002 -1.3504e+000 +5.4438e+000 -2.8807e+000
17 +6.871576886e+001 +6.871576886e+001 +1.700576886e+001 +1.700576886e+001 +2.6144e+000 +3.2840e+000 -3.7543e+000
22 +6.426096425e+001 +6.426096425e+001 +1.255096425e+001 +1.255096425e+001 +2.4465e+000 +3.2141e+000 -3.0759e+000
70 +7.115132181e+000 +7.115132181e+000 -4.459486782e+001 -4.459486782e+001 +1.5660e+000 +3.5794e+000 -3.4681e+000
327 +6.319201821e+000 +6.319201821e+000 -4.539079818e+001 -4.539079818e+001 +9.8002e-001 +3.8781e+000 -3.5549e+000
332 +5.635754571e+000 +5.635754571e+000 -4.607424543e+001 -4.607424543e+001 +1.0044e+000 +3.8536e+000 -3.5351e+000
371 +5.170265418e+000 +5.170265418e+000 -4.653973458e+001 -4.653973458e+001 +1.0018e+000 +3.8562e+000 -3.5403e+000
379 +4.775999609e+000 +4.775999609e+000 -4.693400039e+001 -4.693400039e+001 +1.0314e+000 +3.8501e+000 -3.5413e+000
463 +4.576925355e+000 +4.576925355e+000 -4.713307464e+001 -4.713307464e+001 +1.0390e+000 +3.8455e+000 -3.5408e+000
476 +4.325850182e+000 +4.325850182e+000 -4.738414982e+001 -4.738414982e+001 +1.0318e+000 +3.8476e+000 -3.5390e+000
517 +4.156187005e+000 +4.156187005e+000 -4.755381300e+001 -4.755381300e+001 +1.0325e+000 +3.8466e+000 -3.5392e+000
% function evaluation | noise-free fitness - Fopt (-2.799500000000e+002) | best noise-free fitness - Fopt | measured fitness | best measured fitness | x1 | x2...
1 +2.023092768e+003 +2.023092768e+003 +1.743142768e+003 +1.743142768e+003 -2.2539e+000 +3.0320e+000 +2.4374e+000
2 +1.758814554e+003 +1.758814554e+003 +1.478864554e+003 +1.478864554e+003 -2.5524e+000 +2.9930e+000 +4.0630e+000
6 +5.285844099e+002 +5.285844099e+002 +2.486344099e+002 +2.486344099e+002 -4.5245e+000 +5.4913e-001 +8.7058e+000
11 +3.771202779e+002 +3.771202779e+002 +9.717027791e+001 +9.717027791e+001 -1.0202e+000 -5.5890e+000 +3.2060e+000
18 +1.415236584e+002 +1.415236584e+002 -1.384263416e+002 -1.384263416e+002 -5.1408e+000 -3.2942e+000 +4.6520e+000
84 +1.288232640e+002 +1.288232640e+002 -1.511267360e+002 -1.511267360e+002 -4.6698e+000 -2.0960e+000 +5.6460e+000
91 +9.594728836e+001 +9.594728836e+001 -1.840027116e+002 -1.840027116e+002 -5.2032e+000 -2.5871e+000 +5.2954e+000
94 +8.913900978e+001 +8.913900978e+001 -1.908109902e+002 -1.908109902e+002 -5.1730e+000 -2.0545e+000 +5.5099e+000
107 +8.590823567e+001 +8.590823567e+001 -1.940417643e+002 -1.940417643e+002 -5.4672e+000 -2.0179e+000 +5.7778e+000
113 +6.987588774e+001 +6.987588774e+001 -2.100741123e+002 -2.100741123e+002 -5.5302e+000 -2.3078e+000 +5.4478e+000
175 +6.760486173e+001 +6.760486173e+001 -2.123451383e+002 -2.123451383e+002 -6.0199e+000 -2.0196e+000 +5.5139e+000
194 +5.475980534e+001 +5.475980534e+001 -2.251901947e+002 -2.251901947e+002 -5.8709e+000 -2.0635e+000 +5.4940e+000
216 +4.532290163e+001 +4.532290163e+001 -2.346270984e+002 -2.346270984e+002 -5.5126e+000 -2.2556e+000 +5.3819e+000
228 +3.843207800e+001 +3.843207800e+001 -2.415179220e+002 -2.415179220e+002 -5.6410e+000 -2.1819e+000 +5.3922e+000
271 +3.501338613e+001 +3.501338613e+001 -2.449366139e+002 -2.449366139e+002 -5.5699e+000 -2.2370e+000 +5.3468e+000
280 +3.416092922e+001 +3.416092922e+001 -2.457890708e+002 -2.457890708e+002 -5.5717e+000 -2.2213e+000 +5.3582e+000
378 +3.365818112e+001 +3.365818112e+001 -2.462918189e+002 -2.462918189e+002 -5.5694e+000 -2.2279e+000 +5.3500e+000
% function evaluation | noise-free fitness - Fopt (9.319900000000e+002) | best noise-free fitness - Fopt | measured fitness | best measured fitness | x1 | x2...
1 +5.298950747e+002 +5.298950747e+002 +1.461885075e+003 +1.461885075e+003 -1.4834e+000 -3.5967e-001 +5.3322e+000
15 +4.844907529e+002 +4.844907529e+002 +1.416480753e+003 +1.416480753e+003 -1.3008e+000 -2.2481e-001 +2.4692e+000
16 +2.329399659e+002 +2.329399659e+002 +1.164929966e+003 +1.164929966e+003 +3.4540e-001 -2.0318e+000 +5.1629e+000
32 +1.581901173e+002 +1.581901173e+002 +1.090180117e+003 +1.090180117e+003 -6.5934e-002 -1.1973e+000 +4.2016e+000
39 +1.435504551e+002 +1.435504551e+002 +1.075540455e+003 +1.075540455e+003 +8.8709e-001 +9.3784e-001 +4.0631e+000
61 +9.627170901e+001 +9.627170901e+001 +1.028261709e+003 +1.028261709e+003 +8.2340e-001 +2.8213e-001 +3.9156e+000
73 +7.467328742e+001 +7.467328742e+001 +1.006663287e+003 +1.006663287e+003 +1.9815e-001 -1.6581e+000 +3.9061e+000
98 +4.527171241e+001 +4.527171241e+001 +9.772617124e+002 +9.772617124e+002 +8.1362e-001 -2.1562e-001 +3.5976e+000
101 +4.095127601e+001 +4.095127601e+001 +9.729412760e+002 +9.729412760e+002 +6.2840e-001 -5.4839e-001 +3.1876e+000
127 +3.534709866e+001 +3.534709866e+001 +9.673370987e+002 +9.673370987e+002 +6.5361e-001 -5.4468e-001 +3.4799e+000
140 +3.034587491e+001 +3.034587491e+001 +9.623358749e+002 +9.623358749e+002 +6.5920e-001 -5.5904e-001 +3.4251e+000
160 +2.390233315e+001 +2.390233315e+001 +9.558923331e+002 +9.558923331e+002 +6.6476e-001 -6.4698e-001 +3.3134e+000
184 +2.100443232e+001 +2.100443232e+001 +9.529944323e+002 +9.529944323e+002 +6.8920e-001 -6.5701e-001 +3.3350e+000
214 +2.004709440e+001 +2.004709440e+001 +9.520370944e+002 +9.520370944e+002 +6.7613e-001 -6.6055e-001 +3.4003e+000
225 +1.874731490e+001 +1.874731490e+001 +9.507373149e+002 +9.507373149e+002 +6.7857e-001 -6.6264e-001 +3.3593e+000
252 +1.814753557e+001 +1.814753557e+001 +9.501375356e+002 +9.501375356e+002 +6.8030e-001 -6.6416e-001 +3.3709e+000
272 +1.772130795e+001 +1.772130795e+001 +9.497113080e+002 +9.497113080e+002 +6.7965e-001 -6.5290e-001 +3.3688e+000
303 +1.724959410e+001 +1.724959410e+001 +9.492395941e+002 +9.492395941e+002 +6.8181e-001 -6.5276e-001 +3.3707e+000
% function evaluation | noise-free fitness - Fopt (1.133100000000e+002) | best noise-free fitness - Fopt | measured fitness | best measured fitness | x1 | x2...
1 +1.317156105e+003 +1.317156105e+003 +1.430466105e+003 +1.430466105e+003 -4.4989e+000 -1.5797e+000 +4.1369e+000
2 +1.229867297e+003 +1.229867297e+003 +1.343177297e+003 +1.343177297e+003 +2.2231e-001 -1.1685e+000 -3.7755e+000
3 +1.000444000e+003 +1.000444000e+003 +1.113754000e+003 +1.113754000e+003 -2.9515e+000 -1.3361e+000 +4.9703e+000
9 +8.164580496e+002 +8.164580496e+002 +9.297680496e+002 +9.297680496e+002 +1.0349e+000 -4.0969e+000 +9.0394e+000
10 +7.928408439e+002 +7.928408439e+002 +9.061508439e+002 +9.061508439e+002 -3.1316e+000 +3.0675e+000 +3.9044e+000
12 +6.459783243e+002 +6.459783243e+002 +7.592883243e+002 +7.592883243e+002 +4.3513e+000 -8.6550e-002 +3.8578e+000
17 +5.149571099e+002 +5.149571099e+002 +6.282671099e+002 +6.282671099e+002 +1.1095e+000 -1.5569e+000 +7.2309e+000
24 +2.928427952e+002 +2.928427952e+002 +4.061527952e+002 +4.061527952e+002 +1.7934e+000 -1.1034e+000 +4.2091e+000
32 +1.823615900e+002 +1.823615900e+002 +2.956715900e+002 +2.956715900e+002 +2.2661e+000 +2.1728e-002 +3.7986e+000
51 +1.441657172e+002 +1.441657172e+002 +2.574757172e+002 +2.574757172e+002 +1.4916e+000 +1.2077e+000 +3.4654e+000
74 +1.389155415e+002 +1.389155415e+002 +2.522255415e+002 +2.522255415e+002 +1.6644e+000 +5.5470e-001 +3.6586e+000
75 +1.355154706e+002 +1.355154706e+002 +2.488254706e+002 +2.488254706e+002 +1.7521e+000 +4.5188e-001 +3.3843e+000
76 +1.290156997e+002 +1.290156997e+002 +2.423256997e+002 +2.423256997e+002 +1.7224e+000 +6.8340e-001 +3.6098e+000
80 +1.193804869e+002 +1.193804869e+002 +2.326904869e+002 +2.326904869e+002 +1.9076e+000 +7.5151e-001 +3.5049e+000
89 +1.064572725e+002 +1.064572725e+002 +2.197672725e+002 +2.197672725e+002 +2.1115e+000 +5.4193e-001 +3.0698e+000
108 +9.980467876e+001 +9.980467876e+001 +2.131146788e+002 +2.131146788e+002 +1.9104e+000 +6.7802e-001 +3.3866e+000
122 +8.516533888e+001 +8.516533888e+001 +1.984753389e+002 +1.984753389e+002 +1.9332e+000 +1.0036e+000 +3.0917e+000
139 +8.392617749e+001 +8.392617749e+001 +1.972361775e+002 +1.972361775e+002 +2.0051e+000 +8.5970e-001 +3.1253e+000
160 +7.893258619e+001 +7.893258619e+001 +1.922425862e+002 +1.922425862e+002 +1.9510e+000 +8.8949e-001 +3.0925e+000
187 +7.305869481e+001 +7.305869481e+001 +1.863686948e+002 +1.863686948e+002 +1.9845e+000 +8.5585e-001 +3.0519e+000
194 +6.435139073e+001 +6.435139073e+001 +1.776613907e+002 +1.776613907e+002 +2.0099e+000 +1.1208e+000 +2.8247e+000
209 +6.257507650e+001 +6.257507650e+001 +1.758850765e+002 +1.758850765e+002 +1.9806e+000 +1.0875e+000 +2.8287e+000
229 +5.969700107e+001 +5.969700107e+001 +1.730070011e+002 +1.730070011e+002 +1.9942e+000 +1.0970e+000 +2.7943e+000
238 +5.471815385e+001 +5.471815385e+001 +1.680281538e+002 +1.680281538e+002 +2.0065e+000 +1.1700e+000 +2.6956e+000
260 +5.259383217e+001 +5.259383217e+001 +1.659038322e+002 +1.659038322e+002 +2.0062e+000 +1.2305e+000 +2.6227e+000
278 +4.160742652e+001 +4.160742652e+001 +1.549174265e+002 +1.549174265e+002 +2.0211e+000 +1.4470e+000 +2.3972e+000
331 +4.020757041e+001 +4.020757041e+001 +1.535175704e+002 +1.535175704e+002 +2.0180e+000 +1.5354e+000 +2.2842e+000
350 +3.611504365e+001 +3.611504365e+001 +1.494250436e+002 +1.494250436e+002 +2.0149e+000 +1.6364e+000 +2.2037e+000
427 +3.504316611e+001 +3.504316611e+001 +1.483531661e+002 +1.483531661e+002 +2.0408e+000 +1.5497e+000 +2.2841e+000
448 +3.280142811e+001 +3.280142811e+001 +1.461114281e+002 +1.461114281e+002 +2.0466e+000 +1.5958e+000 +2.2450e+000
461 +3.018578749e+001 +3.018578749e+001 +1.434957875e+002 +1.434957875e+002 +2.0317e+000 +1.7661e+000 +2.1023e+000
514 +2.769980696e+001 +2.769980696e+001 +1.410098070e+002 +1.410098070e+002 +2.0598e+000 +1.7490e+000 +2.0554e+000
587 +2.743808596e+001 +2.743808596e+001 +1.407480860e+002 +1.407480860e+002 +2.0649e+000 +1.7475e+000 +2.0616e+000
594 +2.689825741e+001 +2.689825741e+001 +1.402082574e+002 +1.402082574e+002 +2.0540e+000 +1.7458e+000 +2.0855e+000
626 +2.616516831e+001 +2.616516831e+001 +1.394751683e+002 +1.394751683e+002 +2.0570e+000 +1.7514e+000 +2.0722e+000
654 +2.469803627e+001 +2.469803627e+001 +1.380080363e+002 +1.380080363e+002 +2.0557e+000 +1.8164e+000 +2.0139e+000
782 +2.430008692e+001 +2.430008692e+001 +1.376100869e+002 +1.376100869e+002 +2.0572e+000 +1.8111e+000 +2.0123e+000
823 +2.369322360e+001 +2.369322360e+001 +1.370032236e+002 +1.370032236e+002 +2.0585e+000 +1.8300e+000 +1.9893e+000
941 +2.332784177e+001 +2.332784177e+001 +1.366378418e+002 +1.366378418e+002 +2.0609e+000 +1.8348e+000 +1.9866e+000
1134 +2.289742994e+001 +2.289742994e+001 +1.362074299e+002 +1.362074299e+002 +2.0612e+000 +1.8422e+000 +1.9767e+000
% function evaluation | noise-free fitness - Fopt (-2.095500000000e+002) | best noise-free fitness - Fopt | measured fitness | best measured fitness | x1 | x2...
1 +1.393743644e+003 +1.393743644e+003 +1.184193644e+003 +1.184193644e+003 +7.0020e+000 +3.9043e+000 -1.3149e+000
5 +8.345424802e+002 +8.345424802e+002 +6.249924802e+002 +6.249924802e+002 -1.4692e+000 +2.6465e+000 +5.6249e+000
9 +8.058154204e+002 +8.058154204e+002 +5.962654204e+002 +5.962654204e+002 -6.7793e-001 +5.1841e+000 +5.1041e+000
11 +6.876396724e+002 +6.876396724e+002 +4.780896724e+002 +4.780896724e+002 -4.4791e+000 +2.4734e+000 +5.8889e+000
22 +6.614196017e+002 +6.614196017e+002 +4.518696017e+002 +4.518696017e+002 -3.6925e+000 +2.6614e+000 +5.5481e+000
27 +6.475395872e+002 +6.475395872e+002 +4.379895872e+002 +4.379895872e+002 -1.4303e+000 +4.3193e+000 +4.4495e+000
33 +3.698144750e+002 +3.698144750e+002 +1.602644750e+002 +1.602644750e+002 -9.7885e-001 +2.8621e+000 -9.0459e-001
53 +1.952000035e+002 +1.952000035e+002 -1.434999645e+001 -1.434999645e+001 -3.6016e+000 +3.7384e+000 -1.5007e-001
67 +1.716029366e+002 +1.716029366e+002 -3.794706338e+001 -3.794706338e+001 -2.9198e+000 +3.4140e+000 +4.2020e-001
77 +1.659947218e+002 +1.659947218e+002 -4.355527822e+001 -4.355527822e+001 -3.7613e+000 +2.3110e+000 -9.3268e-001
89 +1.016350384e+002 +1.016350384e+002 -1.079149616e+002 -1.079149616e+002 -3.5985e+000 +2.7633e+000 -7.0686e-001
120 +7.485695317e+001 +7.485695317e+001 -1.346930468e+002 -1.346930468e+002 -3.8360e+000 +2.9189e+000 -1.3596e+000
129 +7.172834581e+001 +7.172834581e+001 -1.378216542e+002 -1.378216542e+002 -3.4976e+000 +2.6891e+000 -2.7819e+000
136 +6.702349403e+001 +6.702349403e+001 -1.425265060e+002 -1.425265060e+002 -3.7104e+000 +2.7952e+000 -2.0187e+000
149 +6.480549842e+001 +6.480549842e+001 -1.447445016e+002 -1.447445016e+002 -3.6450e+000 +2.7696e+000 -2.4096e+000
152 +6.020160514e+001 +6.020160514e+001 -1.493483949e+002 -1.493483949e+002 -3.2204e+000 +2.8636e+000 -2.1635e+000
166 +3.933481689e+001 +3.933481689e+001 -1.702151831e+002 -1.702151831e+002 -3.5119e+000 +2.9491e+000 -2.2413e+000
190 +2.943445219e+001 +2.943445219e+001 -1.801155478e+002 -1.801155478e+002 -3.3581e+000 +2.9871e+000 -2.2081e+000
196 +2.419301581e+001 +2.419301581e+001 -1.853569842e+002 -1.853569842e+002 -3.2405e+000 +3.0808e+000 -2.0105e+000
200 +1.782070255e+001 +1.782070255e+001 -1.917292974e+002 -1.917292974e+002 -3.3233e+000 +3.0610e+000 -2.2149e+000
205 +1.696308989e+001 +1.696308989e+001 -1.925869101e+002 -1.925869101e+002 -3.2948e+000 +3.0859e+000 -2.0510e+000
212 +1.470796371e+001 +1.470796371e+001 -1.948420363e+002 -1.948420363e+002 -3.3377e+000 +3.1018e+000 -1.9903e+000
228 +1.444581137e+001 +1.444581137e+001 -1.951041886e+002 -1.951041886e+002 -3.3251e+000 +3.1332e+000 -2.0304e+000
246 +1.205023600e+001 +1.205023600e+001 -1.974997640e+002 -1.974997640e+002 -3.3009e+000 +3.1334e+000 -2.1756e+000
263 +1.161596877e+001 +1.161596877e+001 -1.979340312e+002 -1.979340312e+002 -3.3149e+000 +3.1244e+000 -1.9901e+000
335 +1.141791070e+001 +1.141791070e+001 -1.981320893e+002 -1.981320893e+002 -3.3122e+000 +3.1192e+000 -2.0407e+000
361 +1.097701965e+001 +1.097701965e+001 -1.985729803e+002 -1.985729803e+002 -3.3086e+000 +3.1208e+000 -2.0342e+000
378 +1.092875658e+001 +1.092875658e+001 -1.986212434e+002 -1.986212434e+002 -3.3069e+000 +3.1192e+000 -2.0575e+000
403 +1.049661222e+001 +1.049661222e+001 -1.990533878e+002 -1.990533878e+002 -3.3017e+000 +3.1195e+000 -2.0936e+000
408 +1.030850481e+001 +1.030850481e+001 -1.992414952e+002 -1.992414952e+002 -3.2923e+000 +3.1197e+000 -2.0787e+000
415 +1.020565445e+001 +1.020565445e+001 -1.993443456e+002 -1.993443456e+002 -3.2989e+000 +3.1203e+000 -2.0897e+000
426 +9.953495716e+000 +9.953495716e+000 -1.995965043e+002 -1.995965043e+002 -3.2956e+000 +3.1212e+000 -2.0826e+000
441 +9.725930488e+000 +9.725930488e+000 -1.998240695e+002 -1.998240695e+002 -3.2942e+000 +3.1218e+000 -2.1080e+000
462 +9.546885900e+000 +9.546885900e+000 -2.000031141e+002 -2.000031141e+002 -3.2912e+000 +3.1216e+000 -2.1139e+000
483 +9.275094042e+000 +9.275094042e+000 -2.002749060e+002 -2.002749060e+002 -3.2900e+000 +3.1237e+000 -2.1068e+000
492 +8.762064750e+000 +8.762064750e+000 -2.007879352e+002 -2.007879352e+002 -3.2792e+000 +3.1253e+000 -2.1355e+000
509 +8.658175373e+000 +8.658175373e+000 -2.008918246e+002 -2.008918246e+002 -3.2850e+000 +3.1267e+000 -2.1168e+000
563 +8.436744374e+000 +8.436744374e+000 -2.011132556e+002 -2.011132556e+002 -3.2823e+000 +3.1270e+000 -2.1357e+000
602 +8.312132389e+000 +8.312132389e+000 -2.012378676e+002 -2.012378676e+002 -3.2810e+000 +3.1284e+000 -2.1366e+000
836 +8.124600994e+000 +8.124600994e+000 -2.014253990e+002 -2.014253990e+002 -3.2796e+000 +3.1283e+000 -2.1384e+000
% function evaluation | noise-free fitness - Fopt (2.850000000000e+000) | best noise-free fitness - Fopt | measured fitness | best measured fitness | x1 | x2...
1 +1.163179771e+003 +1.163179771e+003 +1.166029771e+003 +1.166029771e+003 +5.2213e+000 -3.4727e-001 -3.7772e+000
2 +1.081899976e+002 +1.081899976e+002 +1.110399976e+002 +1.110399976e+002 +1.3277e+000 +1.7787e+000 -1.0189e+000
46 +1.011649219e+002 +1.011649219e+002 +1.040149219e+002 +1.040149219e+002 +7.2495e-001 +1.4067e+000 -1.8017e+000
60 +6.732426694e+001 +6.732426694e+001 +7.017426694e+001 +7.017426694e+001 +8.3421e-001 +7.1163e-001 -1.9958e+000
70 +3.061196023e+001 +3.061196023e+001 +3.346196023e+001 +3.346196023e+001 +9.2285e-001 +8.6478e-001 -1.5708e+000
79 +2.534874432e+001 +2.534874432e+001 +2.819874432e+001 +2.819874432e+001 +1.0916e+000 +1.0455e+000 -1.6388e+000
154 +1.903489889e+001 +1.903489889e+001 +2.188489889e+001 +2.188489889e+001 +1.1056e+000 +1.1078e+000 -1.4609e+000
171 +1.824126168e+001 +1.824126168e+001 +2.109126168e+001 +2.109126168e+001 +1.1839e+000 +1.0919e+000 -1.4748e+000
181 +1.005240570e+001 +1.005240570e+001 +1.290240570e+001 +1.290240570e+001 +1.1075e+000 +1.1055e+000 -1.5170e+000
200 +8.607522091e+000 +8.607522091e+000 +1.145752209e+001 +1.145752209e+001 +1.1302e+000 +1.1311e+000 -1.5211e+000
213 +7.687284500e+000 +7.687284500e+000 +1.053728450e+001 +1.053728450e+001 +1.1417e+000 +1.1351e+000 -1.5102e+000
220 +7.374837277e+000 +7.374837277e+000 +1.022483728e+001 +1.022483728e+001 +1.1457e+000 +1.1362e+000 -1.5069e+000
% function evaluation | noise-free fitness - Fopt (1.975200000000e+002) | best noise-free fitness - Fopt | measured fitness | best measured fitness | x1 | x2...
1 +4.576163685e+001 +4.576163685e+001 +2.432816369e+002 +2.432816369e+002 -2.1520e+000 +4.5017e-001 -5.9067e-001
58 +4.536954449e+001 +4.536954449e+001 +2.428895445e+002 +2.428895445e+002 -1.8702e+000 +3.2508e-001 -6.5686e-001
173 +4.172059828e+001 +4.172059828e+001 +2.392405983e+002 +2.392405983e+002 -2.1450e+000 +2.4685e-001 -3.4740e-001
175 +3.726309474e+001 +3.726309474e+001 +2.347830947e+002 +2.347830947e+002 -2.1298e+000 +2.4880e-001 -3.9657e-001
180 +3.322806021e+001 +3.322806021e+001 +2.307480602e+002 +2.307480602e+002 -2.0100e+000 +2.0668e-001 -5.7183e-001
212 +2.667446535e+001 +2.667446535e+001 +2.241944654e+002 +2.241944654e+002 -2.0896e+000 +2.6567e-001 -5.1690e-001
216 +2.516621830e+001 +2.516621830e+001 +2.226862183e+002 +2.226862183e+002 -2.0999e+000 +3.3947e-001 -4.8605e-001
227 +2.480553395e+001 +2.480553395e+001 +2.223255339e+002 +2.223255339e+002 -2.0973e+000 +3.1080e-001 -4.8453e-001
235 +2.394439083e+001 +2.394439083e+001 +2.214643908e+002 +2.214643908e+002 -2.1267e+000 +3.3901e-001 -5.2873e-001
237 +2.285987743e+001 +2.285987743e+001 +2.203798774e+002 +2.203798774e+002 -2.1044e+000 +3.3626e-001 -4.9343e-001
243 +2.128360252e+001 +2.128360252e+001 +2.188036025e+002 +2.188036025e+002 -2.1190e+000 +3.4691e-001 -4.9851e-001
247 +1.795581097e+001 +1.795581097e+001 +2.154758110e+002 +2.154758110e+002 -2.1075e+000 +3.2347e-001 -5.1538e-001
328 +1.776456325e+001 +1.776456325e+001 +2.152845632e+002 +2.152845632e+002 -2.1075e+000 +3.2472e-001 -5.1727e-001
% function evaluation | noise-free fitness - Fopt (-1.052700000000e+002) | best noise-free fitness - Fopt | measured fitness | best measured fitness | x1 | x2...
1 +1.970621890e+002 +1.970621890e+002 +9.179218895e+001 +9.179218895e+001 +8.1230e-001 +9.3213e-001 -7.6080e-001
30 +1.860504139e+002 +1.860504139e+002 +8.078041392e+001 +8.078041392e+001 -6.5907e-001 -1.3906e+000 -1.2545e+000
44 +1.068563226e+002 +1.068563226e+002 +1.586322587e+000 +1.586322587e+000 +2.5173e-001 -8.1640e-001 -1.7046e+000
75 +4.038212086e+001 +4.038212086e+001 -6.488787914e+001 -6.488787914e+001 +5.8881e-002 -2.1973e+000 -2.3808e+000
118 +2.517937163e+001 +2.517937163e+001 -8.009062837e+001 -8.009062837e+001 +4.7211e-001 -1.6968e+000 -2.1749e+000
139 +4.151894099e+000 +4.151894099e+000 -1.011181059e+002 -1.011181059e+002 +1.0918e+000 -9.9212e-001 -2.1873e+000
225 +3.564520808e+000 +3.564520808e+000 -1.017054792e+002 -1.017054792e+002 +1.2475e+000 -7.0620e-001 -2.1160e+000
238 +1.369595703e+000 +1.369595703e+000 -1.039004043e+002 -1.039004043e+002 +1.2778e+000 -6.9252e-001 -2.1262e+000
256 +1.322163049e+000 +1.322163049e+000 -1.039478370e+002 -1.039478370e+002 +1.2930e+000 -6.7294e-001 -2.1235e+000
276 +1.277907704e+000 +1.277907704e+000 -1.039920923e+002 -1.039920923e+002 +1.3171e+000 -6.5852e-001 -2.1276e+000
286 +1.183729312e+000 +1.183729312e+000 -1.040862707e+002 -1.040862707e+002 +1.3072e+000 -6.6656e-001 -2.1357e+000
308 +4.756642038e-001 +4.756642038e-001 -1.047943358e+002 -1.047943358e+002 +1.2818e+000 -6.9480e-001 -2.1321e+000
394 +2.173224233e-001 +2.173224233e-001 -1.050526776e+002 -1.050526776e+002 +1.3060e+000 -6.6472e-001 -2.1301e+000
425 +1.912711418e-001 +1.912711418e-001 -1.050787289e+002 -1.050787289e+002 +1.3019e+000 -6.7100e-001 -2.1307e+000
510 +1.810965017e-001 +1.810965017e-001 -1.050889035e+002 -1.050889035e+002 +1.3030e+000 -6.6826e-001 -2.1301e+000
513 +1.736660813e-001 +1.736660813e-001 -1.050963339e+002 -1.050963339e+002 +1.3032e+000 -6.6797e-001 -2.1299e+000
531 +1.485655020e-001 +1.485655020e-001 -1.051214345e+002 -1.051214345e+002 +1.3034e+000 -6.6842e-001 -2.1303e+000
546 +1.315199149e-001 +1.315199149e-001 -1.051384801e+002 -1.051384801e+002 +1.3034e+000 -6.6819e-001 -2.1301e+000
% function evaluation | noise-free fitness - Fopt (2.833400000000e+002) | best noise-free fitness - Fopt | measured fitness | best measured fitness | x1 | x2...
1 +1.195169911e+003 +1.195169911e+003 +1.478509911e+003 +1.478509911e+003 -3.0974e+000 -1.0169e+000 -4.3992e+000
5 +6.437378988e+002 +6.437378988e+002 +9.270778988e+002 +9.270778988e+002 -1.8188e+000 +4.9299e+000 -3.6226e+000
28 +2.552108992e+002 +2.552108992e+002 +5.385508992e+002 +5.385508992e+002 -2.4153e+000 +2.4774e+000 -9.5266e-001
51 +1.589993648e+002 +1.589993648e+002 +4.423393648e+002 +4.423393648e+002 -3.4722e+000 +3.8102e-001 +7.4175e-001
61 +1.127840091e+002 +1.127840091e+002 +3.961240091e+002 +3.961240091e+002 -3.4979e+000 +4.0320e-001 +1.0909e+000
65 +6.720670967e+001 +6.720670967e+001 +3.505467097e+002 +3.505467097e+002 -4.3205e+000 +5.1695e-001 +1.9065e+000
82 +6.192136691e+001 +6.192136691e+001 +3.452613669e+002 +3.452613669e+002 -3.9397e+000 +5.3365e-001 +2.2350e+000
83 +4.672974966e+001 +4.672974966e+001 +3.300697497e+002 +3.300697497e+002 -4.3353e+000 -2.0540e-001 +2.6299e+000
90 +2.674282458e+001 +2.674282458e+001 +3.100828246e+002 +3.100828246e+002 -3.9987e+000 +6.5118e-001 +2.0019e+000
92 +1.790783474e+001 +1.790783474e+001 +3.012478347e+002 +3.012478347e+002 -3.8690e+000 +5.0597e-001 +1.8369e+000
126 +5.056757007e+000 +5.056757007e+000 +2.883967570e+002 +2.883967570e+002 -3.8959e+000 +7.3198e-001 +1.7821e+000
159 +2.798137951e+000 +2.798137951e+000 +2.861381380e+002 +2.861381380e+002 -3.8571e+000 +7.7960e-001 +1.7289e+000
172 +2.501354092e+000 +2.501354092e+000 +2.858413541e+002 +2.858413541e+002 -3.8820e+000 +7.4384e-001 +1.7284e+000
182 +9.534309216e-001 +9.534309216e-001 +2.842934309e+002 +2.842934309e+002 -3.8759e+000 +7.3236e-001 +1.7348e+000
233 +3.991236393e-001 +3.991236393e-001 +2.837391236e+002 +2.837391236e+002 -3.8759e+000 +7.4216e-001 +1.7365e+000
254 +2.029359483e-001 +2.029359483e-001 +2.835429359e+002 +2.835429359e+002 -3.8741e+000 +7.4097e-001 +1.7376e+000
265 +1.594958712e-001 +1.594958712e-001 +2.834994959e+002 +2.834994959e+002 -3.8744e+000 +7.4174e-001 +1.7356e+000
290 +8.254696387e-002 +8.254696387e-002 +2.834225470e+002 +2.834225470e+002 -3.8734e+000 +7.4283e-001 +1.7356e+000
319 +7.449491820e-002 +7.449491820e-002 +2.834144949e+002 +2.834144949e+002 -3.8732e+000 +7.4223e-001 +1.7355e+000
320 +7.203209373e-002 +7.203209373e-002 +2.834120321e+002 +2.834120321e+002 -3.8736e+000 +7.4291e-001 +1.7355e+000
336 +6.666679064e-002 +6.666679064e-002 +2.834066668e+002 +2.834066668e+002 -3.8734e+000 +7.4275e-001 +1.7356e+000
340 +5.930344251e-002 +5.930344251e-002 +2.833993034e+002 +2.833993034e+002 -3.8734e+000 +7.4301e-001 +1.7353e+000
349 +1.814899362e-002 +1.814899362e-002 +2.833581490e+002 +2.833581490e+002 -3.8734e+000 +7.4250e-001 +1.7353e+000
380 +1.270670415e-002 +1.270670415e-002 +2.833527067e+002 +2.833527067e+002 -3.8734e+000 +7.4248e-001 +1.7353e+000
445 +1.165804367e-002 +1.165804367e-002 +2.833516580e+002 +2.833516580e+002 -3.8734e+000 +7.4253e-001 +1.7353e+000
454 +1.140966481e-002 +1.140966481e-002 +2.833514097e+002 +2.833514097e+002 -3.8734e+000 +7.4253e-001 +1.7353e+000
483 +1.076414269e-002 +1.076414269e-002 +2.833507641e+002 +2.833507641e+002 -3.8734e+000 +7.4254e-001 +1.7353e+000
575 +1.068632869e-002 +1.068632869e-002 +2.833506863e+002 +2.833506863e+002 -3.8734e+000 +7.4255e-001 +1.7353e+000
% function evaluation | noise-free fitness - Fopt (-8.171000000000e+001) | best noise-free fitness - Fopt | measured fitness | best measured fitness | x1 | x2...
1 +1.819180600e+003 +1.819180600e+003 +1.737470600e+003 +1.737470600e+003 +5.4242e+000 -1.3587e+000 -1.9420e+000
5 +1.573715612e+003 +1.573715612e+003 +1.492005612e+003 +1.492005612e+003 +3.9941e+000 +7.1058e-001 -1.3817e+000
7 +1.131754472e+003 +1.131754472e+003 +1.050044472e+003 +1.050044472e+003 -3.9305e+000 -2.6002e+000 -1.9802e+000
12 +7.495354511e+002 +7.495354511e+002 +6.678254511e+002 +6.678254511e+002 +3.0621e+000 +8.0049e-001 +1.9058e+000
20 +9.069558545e+001 +9.069558545e+001 +8.985585453e+000 +8.985585453e+000 +3.0414e+000 +3.9297e+000 +5.0241e+000
71 +7.273633754e+001 +7.273633754e+001 -8.973662462e+000 -8.973662462e+000 -2.9578e+000 +2.2231e+000 +2.6186e+000
147 +6.404504990e+001 +6.404504990e+001 -1.766495010e+001 -1.766495010e+001 +3.4720e-001 +3.0223e+000 +3.8961e+000
260 +5.714099515e+001 +5.714099515e+001 -2.456900485e+001 -2.456900485e+001 -1.6428e+000 +3.1434e+000 +3.2564e+000
264 +4.775069127e+001 +4.775069127e+001 -3.395930873e+001 -3.395930873e+001 -1.5017e+000 +2.6636e+000 +3.1968e+000
327 +4.321196947e+001 +4.321196947e+001 -3.849803053e+001 -3.849803053e+001 -1.7503e+000 +2.6084e+000 +3.0354e+000
349 +4.229132231e+001 +4.229132231e+001 -3.941867769e+001 -3.941867769e+001 -2.7229e+000 +2.8651e+000 +2.8310e+000
362 +3.901422222e+001 +3.901422222e+001 -4.269577778e+001 -4.269577778e+001 -2.8161e+000 +2.8283e+000 +2.7858e+000
366 +3.649085711e+001 +3.649085711e+001 -4.521914289e+001 -4.521914289e+001 -2.6484e+000 +2.5923e+000 +2.6386e+000
369 +2.874635420e+001 +2.874635420e+001 -5.296364580e+001 -5.296364580e+001 -3.2681e+000 +2.6308e+000 +2.6912e+000
379 +2.552298187e+001 +2.552298187e+001 -5.618701813e+001 -5.618701813e+001 -2.7641e+000 +2.7516e+000 +2.7510e+000
382 +1.914250310e+001 +1.914250310e+001 -6.256749690e+001 -6.256749690e+001 -2.3844e+000 +2.8069e+000 +2.9337e+000
395 +1.189009494e+001 +1.189009494e+001 -6.981990506e+001 -6.981990506e+001 -2.4579e+000 +2.7530e+000 +2.8755e+000
403 +8.803754498e+000 +8.803754498e+000 -7.290624550e+001 -7.290624550e+001 -2.5470e+000 +2.7077e+000 +2.8646e+000
439 +7.563663700e+000 +7.563663700e+000 -7.414633630e+001 -7.414633630e+001 -2.5265e+000 +2.6992e+000 +2.8212e+000
447 +2.368429203e+000 +2.368429203e+000 -7.934157080e+001 -7.934157080e+001 -2.6170e+000 +2.6731e+000 +2.8066e+000
472 +2.054394873e+000 +2.054394873e+000 -7.965560513e+001 -7.965560513e+001 -2.6144e+000 +2.6608e+000 +2.7975e+000
483 +9.840539400e-001 +9.840539400e-001 -8.072594606e+001 -8.072594606e+001 -2.5874e+000 +2.6657e+000 +2.8161e+000
516 +8.759727964e-001 +8.759727964e-001 -8.083402720e+001 -8.083402720e+001 -2.6048e+000 +2.6624e+000 +2.8095e+000
529 +5.294183508e-001 +5.294183508e-001 -8.118058165e+001 -8.118058165e+001 -2.5968e+000 +2.6648e+000 +2.8100e+000
535 +2.641920560e-001 +2.641920560e-001 -8.144580794e+001 -8.144580794e+001 -2.6130e+000 +2.6625e+000 +2.8052e+000
667 +2.597376667e-001 +2.597376667e-001 -8.145026233e+001 -8.145026233e+001 -2.6015e+000 +2.6649e+000 +2.8095e+000
691 +2.511783240e-001 +2.511783240e-001 -8.145882168e+001 -8.145882168e+001 -2.6014e+000 +2.6649e+000 +2.8095e+000
% function evaluation | noise-free fitness - Fopt (2.941500000000e+002) | best noise-free fitness - Fopt | measured fitness | best measured fitness | x1 | x2...
1 +3.836522213e+003 +3.836522213e+003 +4.130672213e+003 +4.130672213e+003 +5.2814e-001 -1.0018e+001 +2.2461e+001
2 +2.128346073e+003 +2.128346073e+003 +2.422496073e+003 +2.422496073e+003 -5.9880e+000 -9.7900e-001 -2.0766e+000
3 +1.206514992e+003 +1.206514992e+003 +1.500664992e+003 +1.500664992e+003 +4.4084e+000 -4.8791e+000 -1.8384e-001
4 +6.363368259e+002 +6.363368259e+002 +9.304868259e+002 +9.304868259e+002 -6.9258e-001 -2.0970e+000 +1.9064e+000
7 +4.392283663e+002 +4.392283663e+002 +7.333783663e+002 +7.333783663e+002 +1.8725e+000 -3.2170e+000 +1.7677e+000
33 +3.759997064e+002 +3.759997064e+002 +6.701497064e+002 +6.701497064e+002 +9.3725e-001 -4.4683e+000 -6.8085e-001
34 +2.966258897e+002 +2.966258897e+002 +5.907758897e+002 +5.907758897e+002 +1.4248e+000 -2.1670e+000 +1.4094e+000
40 +1.043425618e+002 +1.043425618e+002 +3.984925618e+002 +3.984925618e+002 +1.2027e+000 -2.6062e+000 +2.4991e-001
58 +8.486332904e+001 +8.486332904e+001 +3.790133290e+002 +3.790133290e+002 +8.9776e-001 -2.9189e+000 +3.8707e-001
85 +6.074741721e+001 +6.074741721e+001 +3.548974172e+002 +3.548974172e+002 +1.4115e+000 -2.0489e+000 -3.3219e-001
96 +4.237119343e+001 +4.237119343e+001 +3.365211934e+002 +3.365211934e+002 +1.5009e+000 -1.7733e+000 -4.2559e-001
110 +4.167485384e+001 +4.167485384e+001 +3.358248538e+002 +3.358248538e+002 +1.5406e+000 -1.7113e+000 -3.7163e-001
154 +1.879490547e+001 +1.879490547e+001 +3.129449055e+002 +3.129449055e+002 +1.5644e+000 -1.4471e+000 -5.6438e-001
198 +1.703799721e+001 +1.703799721e+001 +3.111879972e+002 +3.111879972e+002 +1.5576e+000 -1.4834e+000 -5.2797e-001
212 +1.442937546e+001 +1.442937546e+001 +3.085793755e+002 +3.085793755e+002 +1.5851e+000 -1.3751e+000 -5.6906e-001
230 +1.141015656e+001 +1.141015656e+001 +3.055601566e+002 +3.055601566e+002 +1.5722e+000 -1.4154e+000 -5.3495e-001
245 +1.072505523e+001 +1.072505523e+001 +3.048750552e+002 +3.048750552e+002 +1.5716e+000 -1.3833e+000 -5.2724e-001
258 +1.042682905e+001 +1.042682905e+001 +3.045768290e+002 +3.045768290e+002 +1.5688e+000 -1.3875e+000 -5.1596e-001
265 +9.388996704e+000 +9.388996704e+000 +3.035389967e+002 +3.035389967e+002 +1.5835e+000 -1.3767e+000 -5.3436e-001
275 +8.607920443e+000 +8.607920443e+000 +3.027579204e+002 +3.027579204e+002 +1.5763e+000 -1.3890e+000 -5.2062e-001
281 +8.357866082e+000 +8.357866082e+000 +3.025078661e+002 +3.025078661e+002 +1.5727e+000 -1.3973e+000 -5.0310e-001
293 +7.409217037e+000 +7.409217037e+000 +3.015592170e+002 +3.015592170e+002 +1.5821e+000 -1.3900e+000 -5.0566e-001
302 +7.121097269e+000 +7.121097269e+000 +3.012710973e+002 +3.012710973e+002 +1.5922e+000 -1.3720e+000 -5.1432e-001
317 +6.097168349e+000 +6.097168349e+000 +3.002471683e+002 +3.002471683e+002 +1.5937e+000 -1.3733e+000 -5.1886e-001
403 +5.959274614e+000 +5.959274614e+000 +3.001092746e+002 +3.001092746e+002 +1.5944e+000 -1.3743e+000 -5.1970e-001
505 +5.872642112e+000 +5.872642112e+000 +3.000226421e+002 +3.000226421e+002 +1.5959e+000 -1.3708e+000 -5.2136e-001
% function evaluation | noise-free fitness - Fopt (-2.703600000000e+002) | best noise-free fitness - Fopt | measured fitness | best measured fitness | x1 | x2...
1 +1.929282390e+003 +1.929282390e+003 +1.658922390e+003 +1.658922390e+003 +4.3443e+000 +5.4673e+000 +2.0631e+000
2 +6.983673442e+002 +6.983673442e+002 +4.280073442e+002 +4.280073442e+002 -1.3199e+000 +7.2438e-001 +4.2944e+000
13 +3.712191171e+002 +3.712191171e+002 +1.008591171e+002 +1.008591171e+002 +1.9949e+000 -5.2734e-001 +2.2646e+000
24 +9.873908490e+001 +9.873908490e+001 -1.716209151e+002 -1.716209151e+002 -2.0866e+000 +1.1210e-001 -1.1454e+000
155 +7.097379121e+001 +7.097379121e+001 -1.993862088e+002 -1.993862088e+002 -2.3101e+000 +5.1362e-002 -2.4687e+000
169 +5.591881845e+001 +5.591881845e+001 -2.144411815e+002 -2.144411815e+002 -1.3918e+000 +1.6857e-002 -8.3493e-001
184 +5.394689263e+001 +5.394689263e+001 -2.164131074e+002 -2.164131074e+002 -1.4239e+000 +2.0686e-002 -1.0766e+000
207 +5.152891629e+001 +5.152891629e+001 -2.188310837e+002 -2.188310837e+002 -1.3397e+000 -3.9259e-003 -8.3366e-001
237 +5.013561396e+001 +5.013561396e+001 -2.202243860e+002 -2.202243860e+002 -1.3163e+000 +8.4564e-004 -8.5510e-001
254 +4.895982141e+001 +4.895982141e+001 -2.214001786e+002 -2.214001786e+002 -1.2037e+000 -7.4452e-002 -7.6515e-001
302 +4.779088013e+001 +4.779088013e+001 -2.225691199e+002 -2.225691199e+002 -1.2504e+000 -5.6735e-002 -8.0449e-001
351 +4.676994884e+001 +4.676994884e+001 -2.235900512e+002 -2.235900512e+002 -1.2527e+000 -5.9988e-002 -8.1584e-001
% function evaluation | noise-free fitness - Fopt (-6.645000000000e+001) | best noise-free fitness - Fopt | measured fitness | best measured fitness | x1 | x2...
1 +1.729215671e+003 +1.729215671e+003 +1.662765671e+003 +1.662765671e+003 -3.6919e+000 +1.5687e+000 +7.7667e-001
2 +2.785464967e+002 +2.785464967e+002 +2.120964967e+002 +2.120964967e+002 +2.0266e+000 +7.2406e-001 -2.9811e+000
3 +1.750211353e+002 +1.750211353e+002 +1.085711353e+002 +1.085711353e+002 +2.3124e+000 +1.0917e+000 -4.7044e-001
6 +1.175397662e+002 +1.175397662e+002 +5.108976624e+001 +5.108976624e+001 +2.0402e+000 +9.0354e-001 -7.5543e-001
48 +9.413027394e+001 +9.413027394e+001 +2.768027394e+001 +2.768027394e+001 +1.6542e+000 +7.0642e-001 -8.4576e-001
65 +8.959656351e+001 +8.959656351e+001 +2.314656351e+001 +2.314656351e+001 +1.5834e+000 +8.9059e-001 -1.6863e+000
70 +6.763331902e+001 +6.763331902e+001 +1.183319024e+000 +1.183319024e+000 +1.6627e+000 +4.4436e-001 -1.3654e+000
86 +3.330861965e+001 +3.330861965e+001 -3.314138035e+001 -3.314138035e+001 +1.6422e+000 +5.9674e-001 -1.5261e+000
199 +3.122269311e+001 +3.122269311e+001 -3.522730689e+001 -3.522730689e+001 +1.6721e+000 +6.5962e-001 -1.4596e+000
200 +2.963474583e+001 +2.963474583e+001 -3.681525417e+001 -3.681525417e+001 +1.6833e+000 +7.2275e-001 -1.4563e+000
203 +2.837664526e+001 +2.837664526e+001 -3.807335474e+001 -3.807335474e+001 +1.6645e+000 +6.4351e-001 -1.5126e+000
347 +2.813683782e+001 +2.813683782e+001 -3.831316218e+001 -3.831316218e+001 +1.6699e+000 +6.6334e-001 -1.4934e+000
428 +2.751729009e+001 +2.751729009e+001 -3.893270991e+001 -3.893270991e+001 +1.6725e+000 +6.6264e-001 -1.4922e+000
% function evaluation | noise-free fitness - Fopt (2.509000000000e+001) | best noise-free fitness - Fopt | measured fitness | best measured fitness | x1 | x2...
1 +7.927421831e+002 +7.927421831e+002 +8.178321831e+002 +8.178321831e+002 +1.0330e+000 -1.0990e+000 -2.4969e+000
5 +6.141235997e+002 +6.141235997e+002 +6.392135997e+002 +6.392135997e+002 +4.7512e-001 -5.7154e+000 -5.5486e-001
10 +4.988385410e+002 +4.988385410e+002 +5.239285410e+002 +5.239285410e+002 +4.1502e+000 -2.9061e+000 -4.8573e-001
30 +3.144899337e+002 +3.144899337e+002 +3.395799337e+002 +3.395799337e+002 +2.8795e+000 -3.1947e+000 -1.2606e+000
46 +2.013239298e+002 +2.013239298e+002 +2.264139298e+002 +2.264139298e+002 +3.1644e+000 -1.0589e+000 -1.0407e+000
92 +1.322671259e+002 +1.322671259e+002 +1.573571259e+002 +1.573571259e+002 +2.7222e+000 -1.7975e+000 +1.2375e+000
113 +8.622050438e+001 +8.622050438e+001 +1.113105044e+002 +1.113105044e+002 +2.7190e+000 -1.6421e+000 +7.2292e-001
140 +5.994461439e+001 +5.994461439e+001 +8.503461439e+001 +8.503461439e+001 +2.7987e+000 -6.5758e-001 +1.0876e+000
149 +5.216485043e+001 +5.216485043e+001 +7.725485043e+001 +7.725485043e+001 +2.5258e+000 -5.5971e-001 +1.1492e+000
154 +5.031769541e+001 +5.031769541e+001 +7.540769541e+001 +7.540769541e+001 +2.5587e+000 -5.6279e-001 +8.7412e-001
175 +4.131962253e+001 +4.131962253e+001 +6.640962253e+001 +6.640962253e+001 +2.6429e+000 -3.6538e-001 +1.0792e+000
186 +3.616143780e+001 +3.616143780e+001 +6.125143780e+001 +6.125143780e+001 +2.4565e+000 -1.2690e+000 +1.2355e+000
218 +3.074473733e+001 +3.074473733e+001 +5.583473733e+001 +5.583473733e+001 +2.4327e+000 -1.4233e+000 +1.2081e+000
240 +2.852151724e+001 +2.852151724e+001 +5.361151724e+001 +5.361151724e+001 +2.5619e+000 -1.3114e+000 +9.3632e-001
249 +2.364321970e+001 +2.364321970e+001 +4.873321970e+001 +4.873321970e+001 +2.5950e+000 -1.0855e+000 +8.6144e-001
261 +1.977897149e+001 +1.977897149e+001 +4.486897149e+001 +4.486897149e+001 +2.5406e+000 -1.0777e+000 +1.0383e+000
262 +1.874930436e+001 +1.874930436e+001 +4.383930436e+001 +4.383930436e+001 +2.5440e+000 -1.1666e+000 +1.0459e+000
272 +1.834366739e+001 +1.834366739e+001 +4.343366739e+001 +4.343366739e+001 +2.5450e+000 -1.1302e+000 +1.0443e+000
279 +1.656600408e+001 +1.656600408e+001 +4.165600408e+001 +4.165600408e+001 +2.5483e+000 -1.1140e+000 +1.0246e+000
293 +1.568717009e+001 +1.568717009e+001 +4.077717009e+001 +4.077717009e+001 +2.5325e+000 -1.1792e+000 +1.0241e+000
343 +1.515954092e+001 +1.515954092e+001 +4.024954092e+001 +4.024954092e+001 +2.5539e+000 -1.1151e+000 +9.8599e-001
363 +1.490613037e+001 +1.490613037e+001 +3.999613037e+001 +3.999613037e+001 +2.5649e+000 -1.0811e+000 +1.0039e+000
373 +1.429835804e+001 +1.429835804e+001 +3.938835804e+001 +3.938835804e+001 +2.5617e+000 -1.0909e+000 +9.9844e-001
387 +1.371075179e+001 +1.371075179e+001 +3.880075179e+001 +3.880075179e+001 +2.5693e+000 -1.0824e+000 +9.9245e-001
396 +1.333821930e+001 +1.333821930e+001 +3.842821930e+001 +3.842821930e+001 +2.5640e+000 -1.0965e+000 +9.9073e-001
438 +1.304359061e+001 +1.304359061e+001 +3.813359061e+001 +3.813359061e+001 +2.5665e+000 -1.0910e+000 +9.8648e-001
452 +1.264435967e+001 +1.264435967e+001 +3.773435967e+001 +3.773435967e+001 +2.5691e+000 -1.0937e+000 +9.7977e-001
473 +1.245769070e+001 +1.245769070e+001 +3.754769070e+001 +3.754769070e+001 +2.5682e+000 -1.0956e+000 +9.8316e-001
