% function evaluation | noise-free fitness - Fopt (6.870000000000e+000) | best noise-free fitness - Fopt | measured fitness | best measured fitness | x1 | x2...
1 +3.154697558e+001 +3.154697558e+001 +3.841697558e+001 +3.841697558e+001 -5.2621e+000 +1.4094e+000 +1.5313e+000 +3.3633e+000 +7.6358e+000
2 +8.636280431e+000 +8.636280431e+000 +1.550628043e+001 +1.550628043e+001 -2.3809e+000 -1.4772e+000 +2.3020e+000 +3.0697e+000 -1.7495e+000
45 +7.489937621e+000 +7.489937621e+000 +1.435993762e+001 +1.435993762e+001 -2.2298e+000 -1.8468e+000 +3.0915e+000 +3.2339e+000 +4.4497e-001
109 +7.345875611e+000 +7.345875611e+000 +1.421587561e+001 +1.421587561e+001 -2.6840e+000 +2.6207e+000 -4.0425e+000 +1.6203e+000 -1.8807e-002
169 +5.694646680e+000 +5.694646680e+000 +1.256464668e+001 +1.256464668e+001 -1.9530e+000 -1.2142e+000 -7.8420e-001 +4.2350e+000 -3.9083e+000
358 +4.274575612e+000 +4.274575612e+000 +1.114457561e+001 +1.114457561e+001 +1.4704e+000 +8.2254e-001 +2.0287e+000 -4.7275e+000 -1.7037e-001
407 +3.237715344e+000 +3.237715344e+000 +1.010771534e+001 +1.010771534e+001 +4.6759e+000 -1.6870e+000 -1.7314e+000 +7.9954e-001 -1.4874e+000
748 +2.985711249e+000 +2.985711249e+000 +9.855711249e+000 +9.855711249e+000 -1.8557e+000 +5.8477e-002 +1.0318e+000 -3.7116e-001 +4.0488e+000
1510 +2.169704848e+000 +2.169704848e+000 +9.039704848e+000 +9.039704848e+000 -3.0826e+000 -1.8827e-001 +5.9744e-001 -2.3274e+000 -7.3502e-001
2034 +1.942846659e+000 +1.942846659e+000 +8.812846659e+000 +8.812846659e+000 -2.8268e+000 +3.5099e+000 +2.7038e+000 -2.9407e+000 +6.8186e-001
2401 +1.190968128e+000 +1.190968128e+000 +8.060968128e+000 +8.060968128e+000 +3.2563e+000 +3.4033e+000 -3.9048e+000 -2.3778e-001 +3.2017e+000
41697 +1.113392472e+000 +1.113392472e+000 +7.983392472e+000 +7.983392472e+000 -9.3887e-001 -1.0278e+000 +1.2838e+000 -2.6183e+000 +6.5744e-002
84274 +8.375491516e-001 +8.375491516e-001 +7.707549152e+000 +7.707549152e+000 -5.2112e+000 +3.4616e+000 +1.6487e+000 +1.4061e-002 -1.1328e+000
180224 +6.236580289e-001 +6.236580289e-001 +7.493658029e+000 +7.493658029e+000 -1.7355e+000 +4.7878e+000 +1.2124e+000 +2.5757e-001 +2.3021e+000
457884 +5.849493252e-001 +5.849493252e-001 +7.454949325e+000 +7.454949325e+000 -8.9770e-002 +1.8734e+000 +2.3708e+000 -3.3526e+000 +7.7705e-002
% function evaluation | noise-free fitness - Fopt (1.000000000000e-002) | best noise-free fitness - Fopt | measured fitness | best measured fitness | x1 | x2...
1 +2.058203048e+001 +2.058203048e+001 +2.059203048e+001 +2.059203048e+001 +2.4799e+000 -1.9321e+000 -6.1611e+000 +1.8041e-002 -1.4916e+000
4 +1.379990875e+001 +1.379990875e+001 +1.380990875e+001 +1.380990875e+001 +1.4924e+000 +1.9759e+000 -3.9663e+000 +9.3152e-001 -2.2267e+000
5 +1.113590361e+001 +1.113590361e+001 +1.114590361e+001 +1.114590361e+001 +9.1730e-001 -1.7816e+000 -3.2217e+000 +4.0846e+000 -1.7482e+000
12 +8.549016041e+000 +8.549016041e+000 +8.559016041e+000 +8.559016041e+000 -2.5062e+000 -7.6516e-002 -4.1600e+000 +1.7932e+000 +1.2720e+000
18 +7.551938375e+000 +7.551938375e+000 +7.561938375e+000 +7.561938375e+000 -1.6781e+000 -1.9003e+000 -2.5087e+000 -1.4350e+000 -2.0491e+000
22 +3.972132415e+000 +3.972132415e+000 +3.982132415e+000 +3.982132415e+000 +4.2053e+000 +3.4057e+000 -4.7178e+000 -5.0495e+000 -1.4509e+000
103 +3.385793690e+000 +3.385793690e+000 +3.395793690e+000 +3.395793690e+000 -3.9958e-001 -6.1116e+000 -1.8827e+000 +5.4983e-001 -1.2518e+000
188 +2.266566063e+000 +2.266566063e+000 +2.276566063e+000 +2.276566063e+000 -2.0065e+000 -4.5423e+000 -3.8469e+000 +1.4826e+000 +4.0713e+000
1155 +1.463389531e+000 +1.463389531e+000 +1.473389531e+000 +1.473389531e+000 +1.2215e+000 +3.3112e+000 -2.4730e+000 +2.6182e+000 -1.5965e+000
1597 +1.289300514e+000 +1.289300514e+000 +1.299300514e+000 +1.299300514e+000 +4.0152e+000 +4.2133e+000 -4.2085e+000 -2.3054e+000 +7.0047e-001
11535 +1.017469829e+000 +1.017469829e+000 +1.027469829e+000 +1.027469829e+000 -1.1285e+000 -4.5839e-001 +1.4054e+000 -1.3762e+000 -3.2577e+000
98201 +9.886639663e-001 +9.886639663e-001 +9.986639663e-001 +9.986639663e-001 -1.3286e+000 +3.0563e+000 -1.1503e+000 +3.1416e+000 -1.2520e+000
135236 +7.193799746e-001 +7.193799746e-001 +7.293799746e-001 +7.293799746e-001 +1.3738e-001 +2.3794e+000 -3.2229e-001 -1.2206e+000 +8.1430e-001
% function evaluation | noise-free fitness - Fopt (-1.306100000000e+002) | best noise-free fitness - Fopt | measured fitness | best measured fitness | x1 | x2...
1 +2.067454224e+001 +2.067454224e+001 -1.099354578e+002 -1.099354578e+002 +2.7993e+000 +2.2323e+000 -3.1790e-001 +4.4547e+000 +2.7745e+000
5 +1.556007916e+001 +1.556007916e+001 -1.150499208e+002 -1.150499208e+002 +1.2485e+000 +2.1459e+000 -3.4494e+000 +5.5773e+000 +2.9472e+000
8 +9.762688629e+000 +9.762688629e+000 -1.208473114e+002 -1.208473114e+002 -1.9325e+000 +1.6979e+000 -2.1387e+000 +4.3709e+000 +2.6188e+000
14 +7.860488792e+000 +7.860488792e+000 -1.227495112e+002 -1.227495112e+002 +7.9526e-001 +3.2813e+000 -3.7691e+000 +5.3870e+000 +1.4300e+000
18 +7.338051832e+000 +7.338051832e+000 -1.232719482e+002 -1.232719482e+002 -8.5635e-001 +4.2469e+000 -7.8586e-002 +4.7256e+000 +2.4030e+000
33 +7.185517255e+000 +7.185517255e+000 -1.234244827e+002 -1.234244827e+002 -1.3504e+000 +5.7801e+000 -3.1045e+000 +2.4790e+000 +1.7093e+000
58 +6.701043259e+000 +6.701043259e+000 -1.239089567e+002 -1.239089567e+002 -8.3204e-001 -1.8748e+000 -1.3138e+000 -4.3949e-001 +7.6447e-001
76 +6.155071911e+000 +6.155071911e+000 -1.244549281e+002 -1.244549281e+002 -9.0973e-001 +2.1945e+000 -2.3363e+000 -3.8502e-001 -4.2060e-001
90 +4.589227159e+000 +4.589227159e+000 -1.260207728e+002 -1.260207728e+002 -1.0422e+000 +9.8691e-001 -2.8564e+000 -3.7493e-001 -5.4504e+000
204 +3.992133972e+000 +3.992133972e+000 -1.266178660e+002 -1.266178660e+002 +1.4500e-002 +1.5864e+000 +4.5036e+000 +2.3027e+000 +1.2207e+000
426 +3.956906504e+000 +3.956906504e+000 -1.266530935e+002 -1.266530935e+002 -5.7980e+000 +3.2412e+000 +5.2086e+000 -2.8911e+000 +8.4834e-002
638 +2.246238065e+000 +2.246238065e+000 -1.283637619e+002 -1.283637619e+002 +3.2954e+000 +2.7902e+000 -3.8437e+000 -5.5968e+000 +3.9677e-001
2010 +1.364968953e+000 +1.364968953e+000 -1.292450310e+002 -1.292450310e+002 -2.0574e-001 -1.5916e+000 -3.4784e+000 +1.4571e+000 -1.2900e+000
2250 +1.039938605e+000 +1.039938605e+000 -1.295700614e+002 -1.295700614e+002 +5.4780e-001 -8.8219e-001 +2.4122e-001 -4.6146e-001 +9.7972e-001
55330 +7.716230520e-001 +7.716230520e-001 -1.298383769e+002 -1.298383769e+002 -2.9523e+000 -2.7965e+000 -1.9155e+000 -1.1483e+000 -9.3121e-001
110089 +6.298137253e-001 +6.298137253e-001 -1.299801863e+002 -1.299801863e+002 -2.0030e+000 -4.8181e+000 +9.6532e-001 +3.5434e+000 +1.5903e-001
314167 +5.793750685e-001 +5.793750685e-001 -1.300306249e+002 -1.300306249e+002 -1.2142e+000 +2.4496e+000 -8.6953e-001 -2.0885e+000 +4.9438e+000
% function evaluation | noise-free fitness - Fopt (-2.231200000000e+002) | best noise-free fitness - Fopt | measured fitness | best measured fitness | x1 | x2...
1 +2.427764430e+001 +2.427764430e+001 -1.988423557e+002 -1.988423557e+002 +1.5985e+000 +7.8892e+000 +2.5900e+000 -7.3100e+000 +3.6646e+000
2 +7.411392667e+000 +7.411392667e+000 -2.157086073e+002 -2.157086073e+002 +7.3573e-001 +4.3440e+000 +2.7629e+000 -5.3569e+000 +3.6193e+000
46 +6.785473347e+000 +6.785473347e+000 -2.163345267e+002 -2.163345267e+002 +6.6464e-001 +4.4875e+000 +1.8320e+000 -4.6335e+000 +4.9650e+000
102 +5.361239899e+000 +5.361239899e+000 -2.177587601e+002 -2.177587601e+002 +1.0782e+000 +1.5743e+000 +2.4818e+000 -4.8233e+000 +3.6499e+000
126 +5.074235302e+000 +5.074235302e+000 -2.180457647e+002 -2.180457647e+002 +1.3840e+000 +3.3616e+000 +4.9191e-001 -5.1613e+000 +4.9774e+000
215 +2.498613829e+000 +2.498613829e+000 -2.206213862e+002 -2.206213862e+002 -3.1234e+000 +5.7277e+000 +5.4956e+000 -7.9570e-002 +2.3144e+000
333 +2.151627237e+000 +2.151627237e+000 -2.209683728e+002 -2.209683728e+002 -2.6485e+000 +7.6909e-001 +2.1757e+000 -3.2175e+000 +2.7151e+000
1931 +2.076485284e+000 +2.076485284e+000 -2.210435147e+002 -2.210435147e+002 -3.0244e-001 -2.6597e+000 +4.8198e-001 -4.2675e+000 -2.8674e+000
5909 +8.318838925e-001 +8.318838925e-001 -2.222881161e+002 -2.222881161e+002 +6.6696e-001 +3.0710e+000 -2.0277e+000 -2.0418e+000 -1.9763e+000
218049 +5.195673921e-001 +5.195673921e-001 -2.226004326e+002 -2.226004326e+002 +8.4303e-001 -5.0342e+000 +4.1314e+000 -1.7239e+000 +9.4991e-001
375092 +3.556516211e-001 +3.556516211e-001 -2.227643484e+002 -2.227643484e+002 -1.8141e+000 -1.4923e+000 +5.8486e-001 +1.2259e+000 +2.3311e+000
% function evaluation | noise-free fitness - Fopt (-4.443000000000e+001) | best noise-free fitness - Fopt | measured fitness | best measured fitness | x1 | x2...
1 +1.705824824e+001 +1.705824824e+001 -2.737175176e+001 -2.737175176e+001 -3.2251e+000 +3.3998e+000 +5.1192e+000 -3.7955e+000 +4.4085e+000
4 +1.309563524e+001 +1.309563524e+001 -3.133436476e+001 -3.133436476e+001 -4.7920e+000 +3.7858e-001 +3.5326e+000 -2.9885e-001 +3.9415e+000
8 +1.081036917e+001 +1.081036917e+001 -3.361963083e+001 -3.361963083e+001 -3.1456e+000 +2.1575e+000 +4.6874e+000 -7.3030e+000 +4.6892e+000
15 +7.492993232e+000 +7.492993232e+000 -3.693700677e+001 -3.693700677e+001 -4.7398e+000 +5.8779e-001 +4.1449e+000 -4.4305e+000 +3.2281e+000
99 +6.710246187e+000 +6.710246187e+000 -3.771975381e+001 -3.771975381e+001 -3.4660e+000 +1.6794e+000 +3.1511e+000 -4.6895e+000 -5.0883e-001
111 +5.862558280e+000 +5.862558280e+000 -3.856744172e+001 -3.856744172e+001 -1.5139e+000 +4.0899e-002 +2.5951e+000 -2.0236e+000 -2.2764e-002
289 +5.344861846e+000 +5.344861846e+000 -3.908513815e+001 -3.908513815e+001 +2.4361e+000 +7.9442e-001 +3.0715e+000 -6.8678e-001 +4.1014e+000
354 +5.126154696e+000 +5.126154696e+000 -3.930384530e+001 -3.930384530e+001 -3.7174e+000 +2.1994e+000 +2.0459e+000 -8.5983e-001 +3.8012e+000
390 +4.557808236e+000 +4.557808236e+000 -3.987219176e+001 -3.987219176e+001 -1.6887e-001 +3.6924e+000 +4.8469e-001 -1.1484e+000 +3.3864e+000
391 +3.937808762e+000 +3.937808762e+000 -4.049219124e+001 -4.049219124e+001 -1.1110e+000 +2.1531e-001 -5.0851e-001 -1.5232e+000 +5.9166e+000
553 +3.724939797e+000 +3.724939797e+000 -4.070506020e+001 -4.070506020e+001 +2.7479e-001 -1.0982e+000 +4.4579e+000 -2.4173e+000 +2.9848e-001
817 +3.608611641e+000 +3.608611641e+000 -4.082138836e+001 -4.082138836e+001 +5.4597e+000 -2.1159e+000 +3.7294e+000 -2.8209e+000 -2.1681e+000
1149 +2.830182793e+000 +2.830182793e+000 -4.159981721e+001 -4.159981721e+001 -5.1787e+000 +1.2658e+000 +3.0752e+000 +2.1027e+000 -3.5931e+000
1775 +1.924785979e+000 +1.924785979e+000 -4.250521402e+001 -4.250521402e+001 -1.8941e+000 -6.8862e-001 -1.2334e+000 +4.8810e+000 -9.8144e-001
5398 +1.746894819e+000 +1.746894819e+000 -4.268310518e+001 -4.268310518e+001 +1.9880e+000 -1.0140e+000 +4.1479e+000 +1.9531e+000 +2.6999e-001
14190 +1.443729076e+000 +1.443729076e+000 -4.298627092e+001 -4.298627092e+001 -1.3754e+000 -7.0069e-001 +5.8820e-001 +3.5266e+000 +2.1693e+000
39431 +1.167149501e+000 +1.167149501e+000 -4.326285050e+001 -4.326285050e+001 -2.5161e+000 -8.4578e-001 +2.1001e+000 -1.6723e+000 -1.0589e+000
39937 +8.815887813e-001 +8.815887813e-001 -4.354841122e+001 -4.354841122e+001 +7.3933e-001 -1.2311e+000 +1.8712e+000 -3.3732e+000 -7.8117e-001
147262 +6.122473597e-001 +6.122473597e-001 -4.381775264e+001 -4.381775264e+001 -3.3312e+000 -1.7454e+000 +3.6316e+000 -7.2608e-001 +1.8119e+000
% function evaluation | noise-free fitness - Fopt (-3.845400000000e+002) | best noise-free fitness - Fopt | measured fitness | best measured fitness | x1 | x2...
1 +2.914466620e+001 +2.914466620e+001 -3.553953338e+002 -3.553953338e+002 -2.9658e+000 +3.7080e+000 -5.7358e+000 +2.2413e+000 -8.4732e-001
3 +2.678444468e+001 +2.678444468e+001 -3.577555553e+002 -3.577555553e+002 +1.8565e+000 -5.9105e+000 -5.0428e+000 +1.3050e+000 -3.4879e+000
4 +1.608721510e+001 +1.608721510e+001 -3.684527849e+002 -3.684527849e+002 -2.8882e+000 -3.1584e+000 -3.8886e+000 +6.7681e-001 -9.6590e-001
5 +1.300012859e+001 +1.300012859e+001 -3.715398714e+002 -3.715398714e+002 -2.3819e-001 -3.8831e+000 -4.2109e+000 +3.0967e+000 +5.0534e-001
6 +9.382432438e+000 +9.382432438e+000 -3.751575676e+002 -3.751575676e+002 +3.6594e+000 -1.6890e+000 -5.0715e+000 +1.2918e+000 -5.3959e+000
13 +6.290167082e+000 +6.290167082e+000 -3.782498329e+002 -3.782498329e+002 +1.0780e+000 -3.1620e+000 -4.0277e+000 -1.0522e-001 +2.0075e-001
26 +5.655858535e+000 +5.655858535e+000 -3.788841415e+002 -3.788841415e+002 +1.4441e+000 -3.5411e+000 -7.8220e-001 +9.6852e-001 +6.8982e-001
41 +3.165857486e+000 +3.165857486e+000 -3.813741425e+002 -3.813741425e+002 -1.5225e+000 -4.4450e-001 -4.1130e+000 +1.3242e+000 -3.3959e+000
826 +1.723325958e+000 +1.723325958e+000 -3.828166740e+002 -3.828166740e+002 +7.5087e-001 -3.3389e+000 +1.0069e+000 +4.5709e+000 +2.3577e+000
19311 +1.063830531e+000 +1.063830531e+000 -3.834761695e+002 -3.834761695e+002 +1.6415e+000 -2.3753e+000 -8.3317e-001 -1.1997e+000 +1.3050e+000
37225 +9.429219400e-001 +9.429219400e-001 -3.835970781e+002 -3.835970781e+002 +3.6679e+000 +1.9921e+000 +1.6405e-002 -1.8962e+000 -1.7679e+000
51109 +6.376950381e-001 +6.376950381e-001 -3.839023050e+002 -3.839023050e+002 +2.5729e+000 +2.0091e+000 -1.1404e+000 -1.3509e+000 +9.8284e-001
121911 +2.674075919e-001 +2.674075919e-001 -3.842725924e+002 -3.842725924e+002 +2.6702e+000 -2.7898e+000 +3.6369e+000 +2.7223e+000 +6.8279e-001
% function evaluation | noise-free fitness - Fopt (-6.071200000000e+002) | best noise-free fitness - Fopt | measured fitness | best measured fitness | x1 | x2...
1 +2.857513666e+003 +2.857513666e+003 +2.250393666e+003 +2.250393666e+003 +2.2341e+000 +5.8262e+001 +4.5036e+000 +1.7140e+000 -7.8890e+000
2 +3.405218676e+001 +3.405218676e+001 -5.730678132e+002 -5.730678132e+002 +4.5404e+000 -2.4801e-001 +9.1423e+000 +5.7661e+000 +3.7933e+000
4 +1.499451976e+001 +1.499451976e+001 -5.921254802e+002 -5.921254802e+002 -2.4087e+000 +4.2172e+000 -9.1064e-001 +4.3657e+000 +4.3167e+000
15 +1.079425923e+001 +1.079425923e+001 -5.963257408e+002 -5.963257408e+002 -2.4445e+000 +6.9239e-001 +2.9074e+000 +4.2856e+000 +4.7251e+000
20 +8.559829108e+000 +8.559829108e+000 -5.985601709e+002 -5.985601709e+002 +6.1903e-001 +4.6585e+000 +2.1387e+000 +4.2298e+000 +3.6508e+000
27 +4.403015686e+000 +4.403015686e+000 -6.027169843e+002 -6.027169843e+002 +1.7009e-001 +3.2355e+000 +8.1896e-001 +3.6635e+000 +2.4376e+000
614 +4.340029986e+000 +4.340029986e+000 -6.027799700e+002 -6.027799700e+002 +1.9870e+000 -3.6124e+000 -3.0240e+000 +7.7314e-001 -2.8207e+000
624 +2.788680006e+000 +2.788680006e+000 -6.043313200e+002 -6.043313200e+002 +3.5582e+000 -2.4963e+000 -1.6356e+000 +9.4960e-001 -1.3674e+000
1126 +2.496380738e+000 +2.496380738e+000 -6.046236193e+002 -6.046236193e+002 +1.8766e-003 +1.2426e+000 +1.7635e+000 +2.3072e+000 -4.8362e+000
1620 +2.247761030e+000 +2.247761030e+000 -6.048722390e+002 -6.048722390e+002 +3.3897e+000 -4.3523e+000 -2.6107e-001 -3.6306e+000 +2.8899e-002
2559 +1.706414451e+000 +1.706414451e+000 -6.054135855e+002 -6.054135855e+002 -1.4351e+000 +2.1559e+000 -4.4136e+000 -2.3174e+000 +6.5959e-001
3172 +1.451805437e+000 +1.451805437e+000 -6.056681946e+002 -6.056681946e+002 -6.2112e-001 -3.4624e+000 +2.4304e+000 +2.8738e+000 -2.4604e+000
7471 +1.398859803e+000 +1.398859803e+000 -6.057211402e+002 -6.057211402e+002 +4.3352e+000 -3.1693e-001 +2.4263e+000 -1.6847e+000 +8.0438e-001
29116 +1.253616351e+000 +1.253616351e+000 -6.058663836e+002 -6.058663836e+002 +2.5018e+000 -2.3749e+000 +2.9552e+000 +6.7908e-001 +3.5073e+000
54510 +1.170039354e+000 +1.170039354e+000 -6.059499606e+002 -6.059499606e+002 -5.3881e+000 +1.6100e-001 +2.3848e-001 +1.6756e-001 -2.0095e+000
123663 +9.589260871e-001 +9.589260871e-001 -6.061610739e+002 -6.061610739e+002 -4.8129e+000 +2.9393e+000 -1.4863e+000 +1.5994e+000 -4.7438e-002
235531 +9.373607000e-001 +9.373607000e-001 -6.061826393e+002 -6.061826393e+002 +1.7008e+000 -3.1120e+000 +2.1014e+000 -1.1835e+000 -1.9489e+000
244413 +8.983988162e-001 +8.983988162e-001 -6.062216012e+002 -6.062216012e+002 +5.1960e-003 +3.5785e+000 -1.0648e+000 -1.1832e-001 +1.4741e+000
307620 +4.415665320e-001 +4.415665320e-001 -6.066784335e+002 -6.066784335e+002 +4.8489e+000 -4.8592e+000 +4.3767e-001 -3.5522e+000 -4.6032e+000
% function evaluation | noise-free fitness - Fopt (-2.955000000000e+001) | best noise-free fitness - Fopt | measured fitness | best measured fitness | x1 | x2...
1 +1.764061192e+001 +1.764061192e+001 -1.190938808e+001 -1.190938808e+001 -4.9567e-001 -1.1803e+000 +4.8470e+000 +1.8780e+000 -1.8463e+000
11 +1.707605697e+001 +1.707605697e+001 -1.247394303e+001 -1.247394303e+001 +7.6998e+000 -3.5305e+000 +4.6344e+000 +6.9682e-001 -1.5154e+000
14 +1.270820843e+001 +1.270820843e+001 -1.684179157e+001 -1.684179157e+001 +4.6905e+000 -2.3460e-001 +6.5053e+000 -4.4190e+000 +1.3507e+000
22 +5.030294439e+000 +5.030294439e+000 -2.451970556e+001 -2.451970556e+001 +1.5257e+000 +4.5658e-002 +3.8980e+000 +7.3883e-001 -3.8630e+000
49 +4.014849276e+000 +4.014849276e+000 -2.553515072e+001 -2.553515072e+001 +5.1191e+000 -1.8523e+000 +5.7013e+000 +7.8014e-001 -1.9184e+000
472 +2.541204157e+000 +2.541204157e+000 -2.700879584e+001 -2.700879584e+001 +1.8522e+000 -2.0631e-001 +3.1729e+000 +4.4339e+000 -3.3929e+000
514 +2.174121462e+000 +2.174121462e+000 -2.737587854e+001 -2.737587854e+001 -2.0162e+000 -2.1536e+000 +3.0523e+000 +2.9039e+000 -5.2881e-001
1145 +8.628668368e-001 +8.628668368e-001 -2.868713316e+001 -2.868713316e+001 +2.7411e+000 -4.1303e+000 +3.0408e+000 +2.6409e+000 +3.9879e+000
93049 +8.013635604e-001 +8.013635604e-001 -2.874863644e+001 -2.874863644e+001 -7.3907e-001 +1.5347e-001 -4.6569e+000 +1.2485e+000 +3.2433e-001
% function evaluation | noise-free fitness - Fopt (1.000000000000e+003) | best noise-free fitness - Fopt | measured fitness | best measured fitness | x1 | x2...
1 +8.833281430e+000 +8.833281430e+000 +1.008833281e+003 +1.008833281e+003 +2.4855e+000 -7.5910e-001 +6.0263e+000 +2.8689e+000 -1.7950e+000
19 +3.162887463e+000 +3.162887463e+000 +1.003162887e+003 +1.003162887e+003 -2.1585e+000 -2.3036e+000 +1.4419e+000 +3.8525e+000 -2.7835e+000
375 +3.014897915e+000 +3.014897915e+000 +1.003014898e+003 +1.003014898e+003 -2.5381e+000 -2.5534e+000 -1.0686e-003 +3.1876e+000 -1.8706e+000
1165 +2.513367728e+000 +2.513367728e+000 +1.002513368e+003 +1.002513368e+003 +9.1703e-001 -2.9210e+000 +2.6865e+000 -1.0480e+000 -4.0344e+000
1365 +8.342514381e-001 +8.342514381e-001 +1.000834251e+003 +1.000834251e+003 +7.2609e-001 +4.7714e+000 -2.7047e+000 -2.1671e+000 -4.0186e+000
110711 +2.364041849e-001 +2.364041849e-001 +1.000236404e+003 +1.000236404e+003 -8.2712e-001 +1.4324e+000 -5.6938e-002 +3.9372e+000 -3.6541e+000
% function evaluation | noise-free fitness - Fopt (-4.456000000000e+001) | best noise-free fitness - Fopt | measured fitness | best measured fitness | x1 | x2...
1 +2.475016239e+001 +2.475016239e+001 -1.980983761e+001 -1.980983761e+001 -4.6587e+000 -3.2832e+000 -8.0580e-001 -1.6498e+000 +2.7442e+000
2 +2.248131456e+000 +2.248131456e+000 -4.231186854e+001 -4.231186854e+001 -4.2330e+000 -1.8540e+000 -2.3704e-001 -2.0619e+000 +3.3094e+000
1414 +1.859000460e+000 +1.859000460e+000 -4.270099954e+001 -4.270099954e+001 -2.6509e+000 -5.2048e-001 +1.8797e+000 -1.9069e+000 -4.7055e+000
5061 +8.283081896e-001 +8.283081896e-001 -4.373169181e+001 -4.373169181e+001 +9.2906e-001 -7.7665e-002 -1.2713e+000 +5.0678e+000 -3.0618e+000
140120 +6.193945048e-001 +6.193945048e-001 -4.394060550e+001 -4.394060550e+001 -6.1488e-001 -4.6130e+000 -4.7052e+000 -6.4922e-002 +9.1127e-001
% function evaluation | noise-free fitness - Fopt (6.442000000000e+001) | best noise-free fitness - Fopt | measured fitness | best measured fitness | x1 | x2...
1 +1.182516936e+001 +1.182516936e+001 +7.624516936e+001 +7.624516936e+001 -4.0481e+000 -2.8879e+000 +5.6109e+000 -2.1360e+000 -1.3700e+000
15 +1.013848867e+001 +1.013848867e+001 +7.455848867e+001 +7.455848867e+001 -4.2423e+000 -4.3688e+000 +2.3099e+000 -1.2441e+000 -2.7210e+000
20 +6.718049523e+000 +6.718049523e+000 +7.113804952e+001 +7.113804952e+001 -4.0396e+000 +3.1736e+000 +3.5846e+000 -3.9908e+000 -2.8424e+000
63 +6.446221410e+000 +6.446221410e+000 +7.086622141e+001 +7.086622141e+001 -1.9423e+000 -5.3714e+000 +3.9799e+000 -3.5789e+000 -3.0180e+000
67 +6.215696267e+000 +6.215696267e+000 +7.063569627e+001 +7.063569627e+001 +4.1216e-001 -1.7531e+000 +2.6278e+000 -4.6038e+000 -3.4117e+000
80 +3.777281297e+000 +3.777281297e+000 +6.819728130e+001 +6.819728130e+001 -2.3456e+000 +5.5896e-001 +5.6702e+000 -4.9442e+000 -4.6688e+000
127 +3.178570118e+000 +3.178570118e+000 +6.759857012e+001 +6.759857012e+001 -2.2368e+000 +2.5082e+000 -1.2980e+000 +3.2228e+000 -3.1935e+000
183 +1.920741501e+000 +1.920741501e+000 +6.634074150e+001 +6.634074150e+001 -8.3258e-001 -3.5778e-001 +2.7880e+000 -1.7934e+000 +5.3308e-001
8565 +1.315765458e+000 +1.315765458e+000 +6.573576546e+001 +6.573576546e+001 -3.0704e+000 +3.3520e+000 -3.3841e+000 +2.2773e+000 +3.0748e+000
9082 +9.526581667e-001 +9.526581667e-001 +6.537265817e+001 +6.537265817e+001 -3.3538e+000 -2.2679e-001 +5.0249e-001 -2.6627e+000 -3.6929e-001
158715 +8.567245936e-001 +8.567245936e-001 +6.527672459e+001 +6.527672459e+001 -3.1470e+000 -1.0129e+000 +1.7770e+000 +6.5456e-001 -1.5320e+000
284730 +6.401736447e-001 +6.401736447e-001 +6.506017364e+001 +6.506017364e+001 -3.4090e+000 +4.2245e+000 -3.8118e+000 -2.4074e+000 +1.9889e+000
% function evaluation | noise-free fitness - Fopt (7.514000000000e+001) | best noise-free fitness - Fopt | measured fitness | best measured fitness | x1 | x2...
1 +9.891005177e+001 +9.891005177e+001 +1.740500518e+002 +1.740500518e+002 -1.2706e+001 -6.1112e+000 +4.5970e+000 +4.4255e+000 -3.3334e+000
2 +2.484018246e+001 +2.484018246e+001 +9.998018246e+001 +9.998018246e+001 +4.6291e+000 -4.4547e+000 +4.5111e+000 +2.7657e+000 +1.8098e+000
3 +2.351372896e+001 +2.351372896e+001 +9.865372896e+001 +9.865372896e+001 +6.5734e-001 -2.6607e+000 +3.7011e+000 +1.2281e-001 +2.7452e+000
5 +1.645535639e+001 +1.645535639e+001 +9.159535639e+001 +9.159535639e+001 -1.7383e+000 -5.2877e+000 +1.6133e+000 +2.3341e+000 +1.1642e+000
9 +6.834642199e+000 +6.834642199e+000 +8.197464220e+001 +8.197464220e+001 -1.0196e+000 -4.6359e+000 +1.1060e+000 +3.9321e+000 +1.9264e+000
34 +5.449209442e+000 +5.449209442e+000 +8.058920944e+001 +8.058920944e+001 -1.4520e-001 -5.8327e+000 +2.2637e+000 -8.5297e-002 +1.7639e+000
51 +5.097158123e+000 +5.097158123e+000 +8.023715812e+001 +8.023715812e+001 +5.3960e-002 -2.6674e+000 +1.9110e+000 +4.3716e+000 -6.7243e-001
143 +5.004723896e+000 +5.004723896e+000 +8.014472390e+001 +8.014472390e+001 -2.3360e-001 +1.3054e+000 -3.7659e+000 +2.7827e+000 +3.3986e+000
187 +1.431365435e+000 +1.431365435e+000 +7.657136543e+001 +7.657136543e+001 +3.0387e+000 -4.7301e+000 -2.1176e-001 +1.9024e+000 +3.1935e+000
2568 +1.158852074e+000 +1.158852074e+000 +7.629885207e+001 +7.629885207e+001 -4.3125e-001 -1.2151e+000 -1.0189e-001 +1.9724e+000 +3.4303e-001
49354 +8.498180959e-001 +8.498180959e-001 +7.598981810e+001 +7.598981810e+001 +1.0607e+000 +4.1095e+000 -4.1669e+000 +3.1659e-001 +2.6127e-001
387707 +8.098033052e-001 +8.098033052e-001 +7.594980331e+001 +7.594980331e+001 -2.1510e+000 +3.0467e+000 -3.1295e+000 +1.5857e+000 -2.3014e+000
% function evaluation | noise-free fitness - Fopt (1.042500000000e+002) | best noise-free fitness - Fopt | measured fitness | best measured fitness | x1 | x2...
1 +2.292498091e+001 +2.292498091e+001 +1.271749809e+002 +1.271749809e+002 -5.6660e-001 +2.8697e+000 +4.4098e+000 +3.1773e+000 -2.6620e+000
2 +1.608517586e+001 +1.608517586e+001 +1.203351759e+002 +1.203351759e+002 +1.5039e+000 +4.4159e+000 +3.8537e+000 +2.6887e+000 +5.5937e+000
3 +8.665498383e+000 +8.665498383e+000 +1.129154984e+002 +1.129154984e+002 +4.6228e+000 -3.5325e+000 +6.4096e+000 +2.1155e-001 +4.4132e+000
16 +7.767483766e+000 +7.767483766e+000 +1.120174838e+002 +1.120174838e+002 +4.2573e-001 +3.4141e+000 +6.4733e-001 +2.0574e+000 +4.5788e+000
30 +5.993251174e+000 +5.993251174e+000 +1.102432512e+002 +1.102432512e+002 -3.1390e-001 +1.4588e+000 +4.3869e+000 +4.7983e+000 +6.5339e+000
55 +2.080340641e+000 +2.080340641e+000 +1.063303406e+002 +1.063303406e+002 -1.7395e+000 -2.2638e+000 +7.2452e-001 -1.1090e+000 +3.4628e+000
8401 +1.094550300e+000 +1.094550300e+000 +1.053445503e+002 +1.053445503e+002 +5.2830e+000 +5.3734e-001 +1.8214e-002 -5.1079e-001 +1.6753e+000
70403 +9.649660069e-001 +9.649660069e-001 +1.052149660e+002 +1.052149660e+002 +1.6179e+000 -6.8860e-001 -6.1335e-001 -1.8895e+000 +1.1113e+000
83487 +8.039045575e-001 +8.039045575e-001 +1.050539046e+002 +1.050539046e+002 -4.4793e+000 -1.8448e-001 -1.2136e+000 +3.9131e+000 -1.5681e+000
155465 +6.547854744e-001 +6.547854744e-001 +1.049047855e+002 +1.049047855e+002 -1.7502e-001 +1.0392e+000 -3.1108e+000 -5.0816e-001 +2.4012e+000
% function evaluation | noise-free fitness - Fopt (-8.550000000000e+000) | best noise-free fitness - Fopt | measured fitness | best measured fitness | x1 | x2...
1 +2.525938413e+001 +2.525938413e+001 +1.670938413e+001 +1.670938413e+001 +1.5243e-001 -7.1598e-001 -4.0249e+000 -4.8476e+000 +2.4813e+000
2 +2.132753699e+001 +2.132753699e+001 +1.277753699e+001 +1.277753699e+001 +3.4582e+000 -1.8843e+000 -5.3444e+000 -3.4797e+000 +3.8131e+000
3 +2.064266815e+001 +2.064266815e+001 +1.209266815e+001 +1.209266815e+001 -6.8054e-001 +3.2017e+000 +4.3460e-001 -3.7863e+000 -8.1949e-002
5 +9.157271838e+000 +9.157271838e+000 +6.072718376e-001 +6.072718376e-001 +1.7820e+000 +3.3676e+000 -4.1455e+000 -5.5224e+000 +1.2115e+000
25 +8.880448405e+000 +8.880448405e+000 +3.304484045e-001 +3.304484045e-001 -3.7483e+000 +4.2574e+000 -4.3231e+000 -5.7969e+000 +2.1440e+000
35 +6.368961376e+000 +6.368961376e+000 -2.181038624e+000 -2.181038624e+000 +8.4281e-001 +1.7334e+000 -2.0541e+000 -2.4766e+000 -5.2776e-001
199 +4.155061402e+000 +4.155061402e+000 -4.394938598e+000 -4.394938598e+000 +2.5977e+000 +1.4493e+000 +7.5492e-001 -4.1293e+000 +1.6180e+000
283 +3.687105135e+000 +3.687105135e+000 -4.862894865e+000 -4.862894865e+000 +4.7225e-002 +4.0795e+000 -4.8044e-002 -5.4406e+000 +5.9438e+000
322 +2.298055332e+000 +2.298055332e+000 -6.251944668e+000 -6.251944668e+000 +9.5050e-002 +3.2523e+000 +4.6585e-002 -4.2221e+000 +5.3544e-001
643 +1.134624878e+000 +1.134624878e+000 -7.415375122e+000 -7.415375122e+000 +1.5735e-001 +3.3302e+000 +1.8915e-002 -1.5248e+000 -3.7250e+000
47037 +1.102803961e+000 +1.102803961e+000 -7.447196039e+000 -7.447196039e+000 +3.4245e+000 -4.8946e-001 -1.0005e+000 +5.6351e-001 +9.3104e-001
78019 +1.037048605e+000 +1.037048605e+000 -7.512951395e+000 -7.512951395e+000 -2.3663e-001 +1.1137e+000 -4.1557e+000 -1.0396e+000 -7.8919e-001
121112 +8.104975009e-001 +8.104975009e-001 -7.739502499e+000 -7.739502499e+000 +5.5408e-002 -3.9701e+000 -2.6117e+000 -1.5438e+000 +9.0988e-001
451251 +6.662725224e-001 +6.662725224e-001 -7.883727478e+000 -7.883727478e+000 -9.6531e-001 +1.1417e+000 +1.1625e+000 -1.4656e+000 -7.4545e-001
% function evaluation | noise-free fitness - Fopt (-1.014500000000e+002) | best noise-free fitness - Fopt | measured fitness | best measured fitness | x1 | x2...
1 +2.091940822e+001 +2.091940822e+001 -8.053059178e+001 -8.053059178e+001 -7.6082e+000 -2.3476e+000 +5.4998e+000 +5.7295e+000 -4.2646e+000
2 +1.622304652e+001 +1.622304652e+001 -8.522695348e+001 -8.522695348e+001 -5.1090e+000 +2.7647e-001 +6.7608e+000 +5.2601e+000 -4.0268e+000
14 +1.392453639e+001 +1.392453639e+001 -8.752546361e+001 -8.752546361e+001 -4.1286e+000 -4.8180e+000 +8.9649e-001 +1.6673e+000 -4.6064e+000
56 +1.353172284e+001 +1.353172284e+001 -8.791827716e+001 -8.791827716e+001 -3.5946e+000 -3.0836e+000 +3.1019e+000 +3.7706e+000 -4.9710e+000
64 +4.735006375e+000 +4.735006375e+000 -9.671499363e+001 -9.671499363e+001 -5.7409e+000 -5.3132e+000 +4.4035e+000 +3.1267e+000 -5.1252e+000
73 +3.645359383e+000 +3.645359383e+000 -9.780464062e+001 -9.780464062e+001 -4.6982e+000 -2.2717e+000 +4.6826e+000 +3.0549e+000 -5.5514e+000
556 +3.370363047e+000 +3.370363047e+000 -9.807963695e+001 -9.807963695e+001 -2.4133e-001 +4.8972e+000 -2.0251e+000 +2.6027e+000 -2.2166e+000
785 +1.827417139e+000 +1.827417139e+000 -9.962258286e+001 -9.962258286e+001 -5.7489e-001 +4.7303e+000 +1.1787e-001 -2.5812e+000 -2.0273e+000
4473 +1.583736921e+000 +1.583736921e+000 -9.986626308e+001 -9.986626308e+001 +2.1381e-001 -1.2178e-001 +1.5076e+000 -2.0651e+000 -9.8316e-001
10073 +1.360834697e+000 +1.360834697e+000 -1.000891653e+002 -1.000891653e+002 +6.8994e-001 +3.1890e+000 +7.6714e-002 -2.2122e+000 +4.0927e-003
14901 +1.304484744e+000 +1.304484744e+000 -1.001455153e+002 -1.001455153e+002 -1.3787e-002 +3.1823e-001 -1.6071e-002 +6.6927e-001 -3.2830e+000
74977 +8.928827380e-001 +8.928827380e-001 -1.005571173e+002 -1.005571173e+002 +4.8233e+000 -1.7141e+000 +1.9933e+000 +2.7030e+000 -2.5723e+000
163438 +7.654391541e-001 +7.654391541e-001 -1.006845608e+002 -1.006845608e+002 -2.6593e+000 +1.1216e+000 -1.3925e+000 +2.4590e-001 -1.4216e+000
