% function evaluation | noise-free fitness - Fopt (-9.210000000000e+000) | best noise-free fitness - Fopt | measured fitness | best measured fitness | x1 | x2...
1 +2.099268299e+002 +2.099268299e+002 +2.007168299e+002 +2.007168299e+002 +1.5831e-001 +3.8140e+000 -1.9387e+000 +2.7112e+000 +2.8059e+000 +3.6311e+000 +2.0482e+000 -4.2612e-001 +1.8242e+000 +3.9589e+000
2 +2.052663425e+002 +2.052663425e+002 +1.960563425e+002 +1.960563425e+002 +1.3687e-001 +3.7773e+000 -1.7968e+000 +2.5858e+000 +2.9029e+000 +4.0703e+000 +1.9628e+000 +5.7011e-001 +1.9360e+000 +4.2576e+000
5 +2.013661497e+002 +2.013661497e+002 +1.921561497e+002 +1.921561497e+002 -1.0900e-001 +3.1610e+000 -1.2915e+000 +1.4357e+000 +2.8120e+000 +4.4219e+000 +9.9014e-001 +1.9200e+000 +2.2615e+000 +4.3614e+000
6 +1.937310394e+002 +1.937310394e+002 +1.845210394e+002 +1.845210394e+002 +1.8340e-001 +3.9618e+000 -2.7058e-001 +1.9923e+000 +2.2302e+000 +2.2947e+000 +3.6301e+000 +2.5206e-001 +2.8872e+000 +4.1280e+000
23 +1.885335929e+002 +1.885335929e+002 +1.793235929e+002 +1.793235929e+002 +9.6010e-001 +4.0684e+000 -2.7466e+000 +3.0311e+000 +1.8178e+000 +4.5347e+000 +1.7579e+000 +9.0671e-001 +1.5078e+000 +2.8857e+000
53 +1.832036523e+002 +1.832036523e+002 +1.739936523e+002 +1.739936523e+002 -1.3269e-001 +3.7360e+000 -1.8971e+000 +3.2839e+000 +4.0075e+000 +5.1559e+000 +2.6271e+000 +2.2824e+000 +1.7564e+000 +3.3753e+000
64 +1.781834121e+002 +1.781834121e+002 +1.689734121e+002 +1.689734121e+002 -5.0445e-002 +4.4214e+000 -6.4484e-001 +3.6806e+000 +2.8823e+000 +4.1600e+000 +2.4736e+000 +9.7186e-001 +2.5926e+000 +3.0661e+000
72 +1.764087510e+002 +1.764087510e+002 +1.671987510e+002 +1.671987510e+002 +2.1730e+000 +2.9998e+000 -7.7009e-001 +4.1580e+000 +3.0701e+000 +4.6535e+000 +2.8096e+000 +1.3292e+000 +2.1251e+000 +3.1426e+000
79 +1.646287719e+002 +1.646287719e+002 +1.554187719e+002 +1.554187719e+002 +1.4128e+000 +2.8292e+000 +6.1946e-001 +4.7049e+000 +1.3617e+000 +3.1875e+000 +2.4085e+000 +1.0022e+000 +2.8223e+000 +2.3223e+000
85 +1.531808228e+002 +1.531808228e+002 +1.439708228e+002 +1.439708228e+002 -1.8818e-002 +4.1508e+000 -4.2121e-001 +2.9112e+000 +2.2799e+000 +4.9162e+000 +2.7646e+000 +2.3290e+000 +3.7003e-001 +7.2815e-002
95 +1.359752564e+002 +1.359752564e+002 +1.267652564e+002 +1.267652564e+002 -9.1310e-001 +3.5824e+000 -1.3759e+000 +2.7060e+000 +2.8550e+000 +4.5180e+000 +4.4909e+000 +9.6237e-001 +2.2417e+000 -8.8599e-001
136 +1.345901608e+002 +1.345901608e+002 +1.253801608e+002 +1.253801608e+002 +4.5539e-001 +3.4050e+000 +2.8894e-001 +2.9934e+000 +3.4992e+000 +3.8098e+000 +2.5246e+000 +3.0510e+000 +5.0069e+000 +1.4703e+000
153 +6.336534150e+001 +6.336534150e+001 +5.415534150e+001 +5.415534150e+001 +8.1235e+000 +3.2629e+000 +3.7493e-001 +2.8400e+000 +3.6255e+000 +5.1332e+000 +2.3551e+000 +4.0535e+000 +4.1215e+000 -6.0939e+000
204 +5.510513796e+001 +5.510513796e+001 +4.589513796e+001 +4.589513796e+001 +5.5169e+000 +6.4827e+000 -6.0190e-001 +3.9641e+000 +2.3925e+000 +8.1303e+000 +3.4657e+000 +3.8007e+000 +1.3980e+001 -4.1352e+000
209 +5.027229888e+001 +5.027229888e+001 +4.106229888e+001 +4.106229888e+001 +4.7285e+000 +8.6515e+000 +1.1153e+000 +3.4155e+000 +1.3474e+000 +2.4488e+000 +3.1317e+000 +1.4107e+001 +4.4053e+000 -6.7736e+000
260 +4.684076117e+001 +4.684076117e+001 +3.763076117e+001 +3.763076117e+001 +2.3488e-001 +1.8489e+000 +1.5198e+000 +4.4997e+000 +1.8588e+000 +5.8582e+000 +5.4275e+000 +7.2730e+000 +3.4453e+000 -5.2275e+000
265 +4.040487130e+001 +4.040487130e+001 +3.119487130e+001 +3.119487130e+001 +1.5825e+001 +1.5474e+000 +6.7549e+000 +3.8554e+000 +5.9702e+000 +5.1413e+000 +4.3635e+000 +5.8250e+000 +7.9651e+000 -1.4839e+001
287 +1.604960662e+001 +1.604960662e+001 +6.839606621e+000 +6.839606621e+000 -4.8234e+000 +4.3976e+000 +1.1042e+001 +4.0127e+000 -8.5280e+000 +1.1015e+001 +4.2845e+000 +5.0188e+000 +5.5759e+000 -1.0022e+001
303 +1.401867842e+001 +1.401867842e+001 +4.808678417e+000 +4.808678417e+000 +9.9138e+000 +8.2699e+000 +2.8383e+000 +3.5139e+000 -2.6820e+000 +1.2341e+001 +6.1006e+000 +4.8730e+000 +6.8929e+000 -1.5382e+001
354 +1.320142902e+001 +1.320142902e+001 +3.991429025e+000 +3.991429025e+000 +6.9713e+000 +1.7198e+000 +8.4064e+000 +5.0048e+000 -1.7782e+000 +5.0229e+000 +5.4096e+000 +6.6160e+000 +1.0214e+001 -1.1090e+001
356 +1.070158014e+001 +1.070158014e+001 +1.491580141e+000 +1.491580141e+000 +9.5003e+000 +3.3042e+000 +6.8172e+000 +4.2883e+000 -4.5727e+000 +6.6413e+000 +3.7528e+000 +7.6464e+000 +9.1503e+000 -1.0949e+001
402 +1.007689904e+000 +1.007689904e+000 -8.202310096e+000 -8.202310096e+000 +1.0457e+001 +8.4371e+000 +6.1654e+000 +4.7806e+000 -5.7474e+000 +6.3428e+000 +4.8848e+000 +8.5645e+000 +7.2749e+000 -1.0600e+001
464 +7.884701152e-001 +7.884701152e-001 -8.421529885e+000 -8.421529885e+000 +8.9671e+000 +5.1966e+000 +7.8696e+000 +5.3200e+000 -9.3763e+000 +6.5445e+000 +4.8301e+000 +6.3732e+000 +8.7910e+000 -1.1483e+001
465 +8.447397145e-003 +8.447397145e-003 -9.201552603e+000 -9.201552603e+000 +1.0130e+001 +6.4217e+000 +4.9949e+000 +5.7771e+000 -5.0676e+000 +6.0568e+000 +5.3227e+000 +7.1945e+000 +1.0577e+001 -8.6791e+000
466 +0.000000000e+000 +0.000000000e+000 -9.210000000e+000 -9.210000000e+000 +5.6019e+000 +1.1055e+001 +1.4621e+001 +5.1500e+000 -8.4927e+000 +5.5162e+000 +6.5960e+000 +6.8626e+000 +6.6067e+000 -1.6706e+001
558769 +1.#INF00000e+000 +0.000000000e+000 +1.#INF00000e+000 -9.210000000e+000 +1.5754e+290 +1.7353e+296 +3.9759e+289 +1.2579e+288 -1.6906e+302 -8.0274e+307 +3.9106e+300 +2.1016e+304 +1.4181e+296 -1.6894e+304
% function evaluation | noise-free fitness - Fopt (6.559900000000e+002) | best noise-free fitness - Fopt | measured fitness | best measured fitness | x1 | x2...
1 +1.673346157e+002 +1.673346157e+002 +8.233246157e+002 +8.233246157e+002 -2.2476e+000 +4.0935e+000 -3.3989e-001 -2.7920e+000 +2.6836e+000 -3.8548e+000 -1.0955e+000 +4.2801e+000 +3.6879e+000 -4.1421e+000
2 +1.338548128e+002 +1.338548128e+002 +7.898448128e+002 +7.898448128e+002 -2.6117e+000 +4.2388e+000 +4.1680e-001 -3.4113e+000 +1.8661e+000 -2.9997e+000 -5.1614e-001 +3.9982e+000 -1.0485e+000 -4.6553e+000
5 +1.234768251e+002 +1.234768251e+002 +7.794668251e+002 +7.794668251e+002 -2.7069e+000 +3.7517e+000 -8.4396e-001 -3.2280e+000 +1.4428e+000 -4.5382e+000 -9.5734e-001 +4.9619e+000 -6.3006e-001 -4.2607e+000
7 +1.210530538e+002 +1.210530538e+002 +7.770430538e+002 +7.770430538e+002 -2.9804e+000 +3.7785e+000 +4.7432e-003 -3.4545e+000 +2.6683e+000 -6.2140e+000 -1.6934e+000 +4.9847e+000 -9.0153e-001 -4.3338e+000
9 +1.092208867e+002 +1.092208867e+002 +7.652108867e+002 +7.652108867e+002 -2.7595e+000 +3.2679e+000 -5.0116e-001 -3.2796e+000 +1.6763e+000 -4.1253e+000 -1.8201e+000 +5.0705e+000 -1.2597e+000 -5.1140e+000
27 +1.003731874e+002 +1.003731874e+002 +7.563631874e+002 +7.563631874e+002 -2.9109e+000 +4.9734e+000 +1.4570e-001 -3.3215e+000 +1.7784e+000 -6.5633e+000 -1.3802e+000 +6.9109e+000 -2.7518e+000 -5.0586e+000
52 +9.689036793e+001 +9.689036793e+001 +7.528803679e+002 +7.528803679e+002 -3.5560e+000 +3.0611e+000 -9.8993e-001 -4.1901e+000 +1.3729e+000 -5.3891e+000 -1.6055e+000 +5.1310e+000 -3.0262e+000 -4.7337e+000
64 +8.624312950e+001 +8.624312950e+001 +7.422331295e+002 +7.422331295e+002 -2.2778e+000 +2.7083e+000 -3.2429e-001 -2.3483e+000 -4.5779e+000 -3.7074e+000 -3.1634e+000 +3.9693e+000 -1.7898e+000 -9.9823e+000
120 +8.348124555e+001 +8.348124555e+001 +7.394712455e+002 +7.394712455e+002 -2.7720e+000 +2.2315e+000 -2.0129e+000 -3.9759e+000 -1.5060e-001 -3.9565e+000 -3.8146e+000 +4.2253e+000 -3.1068e+000 -5.4929e+000
129 +8.143646452e+001 +8.143646452e+001 +7.374264645e+002 +7.374264645e+002 -4.3659e+000 +1.7985e+000 +2.9326e-001 -2.6883e+000 +1.4158e+000 -4.7533e+000 -2.4460e+000 +5.9948e+000 -4.0568e+000 -5.4748e+000
141 +7.337531624e+001 +7.337531624e+001 +7.293653162e+002 +7.293653162e+002 -2.8334e+000 +2.8224e+000 -2.8903e-001 -1.5735e+000 +6.1986e-001 -5.3852e+000 -1.3058e+000 +6.7810e+000 -5.6799e+000 -4.9366e+000
161 +6.463075370e+001 +6.463075370e+001 +7.206207537e+002 +7.206207537e+002 -3.9489e+000 +3.1425e+000 -1.2130e+000 -2.3226e+000 +2.2053e+000 -5.3663e+000 -4.3486e+000 +7.6962e+000 -5.0238e+000 -8.9103e+000
171 +5.887700599e+001 +5.887700599e+001 +7.148670060e+002 +7.148670060e+002 -3.4032e+000 +3.8664e+000 -6.4294e-002 +7.3797e+000 +5.4268e-001 -6.5098e+000 -1.6894e+000 +7.9266e+000 -5.6577e+000 -6.9099e+000
187 +5.239799221e+001 +5.239799221e+001 +7.083879922e+002 +7.083879922e+002 -1.7210e+000 +4.0325e+000 +1.7379e-001 -2.9241e+000 -7.2645e+000 -5.0105e+000 -3.7335e+000 +4.5946e+000 -7.1158e+000 -5.2407e+000
237 +4.662463295e+001 +4.662463295e+001 +7.026146330e+002 +7.026146330e+002 -3.5770e+000 +4.4609e+000 +1.7501e-001 -1.0160e+000 -4.2875e+000 -5.9920e+000 -4.5148e+000 +6.2678e+000 -7.0364e+000 -1.2683e+001
270 +4.310268273e+001 +4.310268273e+001 +6.990926827e+002 +6.990926827e+002 -2.5730e+000 +1.0723e+000 -7.1650e-001 -1.3633e+000 -2.5445e+000 -5.3080e+000 -5.4102e+000 +6.7249e+000 -6.3716e+000 -7.9931e+000
305 +3.928511330e+001 +3.928511330e+001 +6.952751133e+002 +6.952751133e+002 -4.1076e+000 +3.2268e+000 -1.0540e+000 +1.3275e+000 -3.1824e+000 -5.3990e+000 -6.8039e+000 +7.6061e+000 -5.1448e+000 -8.3997e+000
352 +3.033509196e+001 +3.033509196e+001 +6.863250920e+002 +6.863250920e+002 +3.3254e-001 -5.3671e+000 +1.2322e+000 +4.8939e-001 -3.0040e+000 -1.1710e+001 -5.4659e+000 +9.8263e+000 -7.9534e+000 -9.4224e+000
404 +2.556014534e+001 +2.556014534e+001 +6.815501453e+002 +6.815501453e+002 +7.2762e-001 -2.8753e+000 -3.0610e-001 +1.6131e-001 -4.8961e+000 -6.9795e+000 -1.1009e+001 +1.1280e+001 -6.0641e+000 -7.4542e+000
424 +1.997192335e+001 +1.997192335e+001 +6.759619233e+002 +6.759619233e+002 +4.4399e-001 -6.8997e+000 -1.4543e+000 +1.2768e+000 -4.4682e+000 -6.7805e+000 -7.7041e+000 +9.6552e+000 -1.3092e+001 -6.0808e+000
463 +8.917282404e+000 +8.917282404e+000 +6.649072824e+002 +6.649072824e+002 +2.9377e+000 -1.3824e+000 -6.4300e+000 +4.3462e+000 -4.7218e+000 -7.7531e+000 -1.1933e+001 +1.3408e+001 -1.3236e+001 -9.4539e+000
556 +7.596480389e+000 +7.596480389e+000 +6.635864804e+002 +6.635864804e+002 +4.4396e+000 -8.0542e+000 -3.3000e+000 +3.0504e+000 -7.2251e+000 -8.9862e+000 -1.5724e+001 +1.1998e+001 -2.2732e+001 -6.5244e+000
569 +2.152696683e+000 +2.152696683e+000 +6.581426967e+002 +6.581426967e+002 +5.0561e+000 -8.5698e+000 -4.1874e+000 +7.0591e+000 -4.7135e+000 -5.8495e+000 -1.3288e+001 +9.8411e+000 -1.2249e+001 -1.5190e+001
652 +6.669317067e-001 +6.669317067e-001 +6.566569317e+002 +6.566569317e+002 +4.3331e+000 -9.5402e+000 -5.3394e+000 +5.5632e+000 -1.1541e+001 -5.7989e+000 -1.2714e+001 +1.4882e+001 -1.9484e+001 -1.2137e+001
708 +0.000000000e+000 +0.000000000e+000 +6.559900000e+002 +6.559900000e+002 +6.1891e+000 -1.2828e+001 -6.6834e+000 +7.7092e+000 -1.3943e+001 -6.4378e+000 -1.6275e+001 +2.0417e+001 -1.9512e+001 -9.2080e+000
540659 +1.#INF00000e+000 +0.000000000e+000 +1.#INF00000e+000 +6.559900000e+002 +3.5276e+295 -2.2769e+283 -7.0782e+279 +1.8822e+282 +8.1579e+307 -6.6482e+298 -1.0762e+288 +1.3419e+295 -5.1458e+288 -9.5152e+274
% function evaluation | noise-free fitness - Fopt (6.671000000000e+001) | best noise-free fitness - Fopt | measured fitness | best measured fitness | x1 | x2...
1 +1.752186580e+002 +1.752186580e+002 +2.419286580e+002 +2.419286580e+002 -2.4232e+000 +1.1098e-003 +2.8545e+000 +1.2127e+000 -2.6555e-002 +3.9422e+000 -5.0878e+000 +4.8415e+000 -2.1886e+000 -3.7377e+000
9 +1.589378490e+002 +1.589378490e+002 +2.256478490e+002 +2.256478490e+002 -2.4431e+000 -3.6265e-001 +2.9639e+000 +2.1844e+000 -2.9169e-001 +3.6944e+000 -5.2201e+000 +4.7990e+000 +6.6710e-002 -3.3692e+000
20 +1.545383818e+002 +1.545383818e+002 +2.212483818e+002 +2.212483818e+002 -2.5782e+000 -8.8136e-001 +3.5815e+000 +2.6221e+000 -2.1235e-001 +3.5005e+000 -5.4617e+000 +3.7796e+000 -2.1848e+000 -4.9613e+000
72 +1.458370998e+002 +1.458370998e+002 +2.125470998e+002 +2.125470998e+002 -3.1029e+000 -4.5519e-001 +3.6378e+000 +2.1762e+000 -2.5681e+000 +4.2934e+000 -5.2426e+000 +4.5796e+000 -1.1747e+000 -4.6965e+000
103 +1.315921742e+002 +1.315921742e+002 +1.983021742e+002 +1.983021742e+002 -2.1451e+000 -2.8719e-001 +5.7786e+000 +2.7071e+000 +4.8896e-001 +4.8896e+000 -4.9495e+000 +6.2443e-001 -1.4717e+000 -5.1408e+000
119 +1.179985114e+002 +1.179985114e+002 +1.847085114e+002 +1.847085114e+002 -3.8970e+000 -3.8100e-001 +3.1660e+000 +3.7927e+000 -4.5657e-002 +5.1287e+000 -4.3231e+000 -9.5459e-001 -1.1528e+000 -4.4111e+000
195 +9.734859297e+001 +9.734859297e+001 +1.640585930e+002 +1.640585930e+002 -2.0850e+000 -2.7945e-001 +2.7377e+000 +1.8228e+000 -1.6346e-002 +5.3465e+000 -6.9009e+000 -1.8881e+000 +3.4247e-001 -6.0136e+000
262 +8.742520546e+001 +8.742520546e+001 +1.541352055e+002 +1.541352055e+002 -2.0119e+000 -2.1262e+000 +2.2318e+000 +1.8536e+000 -1.1064e+000 +6.2688e+000 -6.5271e+000 -4.5186e+000 -1.2205e+000 -7.1557e+000
288 +8.220406746e+001 +8.220406746e+001 +1.489140675e+002 +1.489140675e+002 -4.1713e+000 -1.0344e+000 -2.5659e+000 +4.8195e+000 -4.8364e+000 +4.3472e+000 -5.3833e+000 -2.1546e+000 -1.7090e+000 -6.4556e+000
315 +6.994330040e+001 +6.994330040e+001 +1.366533004e+002 +1.366533004e+002 -2.5896e+000 +7.1077e-001 +1.3468e+000 +4.5648e+000 -1.4553e+000 +4.9951e+000 -6.4438e+000 -6.4550e+000 -4.9618e-003 -9.2338e+000
355 +5.282196941e+001 +5.282196941e+001 +1.195319694e+002 +1.195319694e+002 -1.4687e+000 -1.3573e+000 -3.3340e+000 +4.6967e+000 -4.1736e+000 +3.9786e+000 -7.6793e+000 -5.4990e+000 +4.5591e-001 -5.9235e+000
406 +4.940955330e+001 +4.940955330e+001 +1.161195533e+002 +1.161195533e+002 -5.1561e+000 +3.8324e-001 -3.3956e+000 +6.0031e+000 -3.8958e+000 +5.5647e+000 -9.1378e+000 -4.5016e+000 +6.4487e-001 -7.8382e+000
411 +4.449697648e+001 +4.449697648e+001 +1.112069765e+002 +1.112069765e+002 -8.1399e+000 -3.8391e-001 -4.0180e+000 +3.4064e+000 -5.8683e+000 +6.0017e+000 -8.1272e+000 -5.8986e+000 +6.7801e-001 -6.6970e+000
428 +2.401350677e+001 +2.401350677e+001 +9.072350677e+001 +9.072350677e+001 -2.4439e+000 +2.7882e+000 -5.3284e+000 +7.6550e+000 -1.8703e+000 +4.2515e+000 -5.3873e+000 -6.8327e+000 +5.4876e+000 -1.0459e+001
462 +1.647853684e+001 +1.647853684e+001 +8.318853684e+001 +8.318853684e+001 -6.3441e+000 -7.2372e-001 -1.1974e+000 +6.9157e+000 -3.5125e+000 +5.3236e+000 -8.7066e+000 -4.9211e+000 +8.4607e+000 -9.1054e+000
511 +3.342627342e+000 +3.342627342e+000 +7.005262734e+001 +7.005262734e+001 -8.8094e+000 -3.6381e+000 -4.0506e+000 +6.1251e+000 -5.1708e+000 +5.5938e+000 -7.8935e+000 -1.0682e+001 +5.4701e+000 -1.0508e+001
567 +2.309093073e+000 +2.309093073e+000 +6.901909307e+001 +6.901909307e+001 -2.7834e+000 -6.6450e+000 -7.8345e+000 +1.1494e+001 -4.9668e+000 +5.6051e+000 -9.3785e+000 -1.0343e+001 +6.3474e+000 -8.7866e+000
581 +1.294837652e+000 +1.294837652e+000 +6.800483765e+001 +6.800483765e+001 -5.0883e+000 -3.9975e+000 -7.0537e+000 +5.1746e+000 -6.0225e+000 +6.3706e+000 -1.4716e+001 -1.1423e+001 +6.8058e+000 -1.3993e+001
606 +0.000000000e+000 +0.000000000e+000 +6.671000000e+001 +6.671000000e+001 -3.6489e+001 -7.8786e+000 -9.5939e+000 +9.4615e+000 -8.2304e+000 +6.9572e+000 -1.1227e+001 -5.6928e+000 +1.3300e+001 -1.0569e+001
540197 +1.#INF00000e+000 +0.000000000e+000 +1.#INF00000e+000 +6.671000000e+001 -8.0363e+276 -1.8973e+282 +1.1957e+308 +9.0274e+284 -1.3022e+273 +1.4032e+292 -6.9123e+285 -8.3159e+291 +2.2873e+277 -7.2359e+284
% function evaluation | noise-free fitness - Fopt (9.416700000000e+002) | best noise-free fitness - Fopt | measured fitness | best measured fitness | x1 | x2...
1 +1.626909156e+002 +1.626909156e+002 +1.104360916e+003 +1.104360916e+003 -1.3336e+000 +4.2378e+000 -4.4362e+000 -2.0400e+000 +1.6485e+000 +1.9411e+000 -8.9872e-001 -2.0103e+000 +2.2448e+000 -3.5550e+000
6 +1.552519880e+002 +1.552519880e+002 +1.096921988e+003 +1.096921988e+003 +1.5914e-001 +3.9844e+000 -4.4357e+000 -1.7430e+000 +1.7030e+000 +1.2362e+000 -2.0587e+000 -8.5500e-001 +2.1927e+000 -4.3078e+000
59 +1.492178158e+002 +1.492178158e+002 +1.090887816e+003 +1.090887816e+003 -3.4932e-001 +3.9046e+000 -3.9355e+000 -2.0802e+000 +1.0222e+000 +2.5817e+000 -5.6539e+000 -5.4102e-001 +2.2116e+000 -3.9417e+000
68 +1.470254201e+002 +1.470254201e+002 +1.088695420e+003 +1.088695420e+003 -2.1130e-001 +3.7100e+000 -3.3353e+000 -1.9169e+000 +1.6845e+000 +2.4661e+000 -2.4189e+000 -1.3382e+000 +2.8614e+000 -4.3741e+000
78 +1.371262877e+002 +1.371262877e+002 +1.078796288e+003 +1.078796288e+003 +3.3831e-001 +1.0381e+000 -4.4664e+000 -1.0805e+000 +1.0401e-001 +4.6736e+000 -5.9508e+000 -1.1959e+000 +2.7798e+000 -4.3864e+000
90 +1.281398784e+002 +1.281398784e+002 +1.069809878e+003 +1.069809878e+003 -2.2508e-001 +4.0116e+000 -3.4286e+000 +4.8648e-001 -4.4833e+000 +3.0206e+000 -1.9931e+000 -8.1898e-001 +2.5902e+000 -5.5504e+000
102 +1.248759545e+002 +1.248759545e+002 +1.066545954e+003 +1.066545954e+003 -7.5254e-002 +4.5031e+000 -1.2408e+000 -5.8771e-001 +8.9612e-001 +2.3706e+000 -2.7902e+000 -1.3560e+000 +3.6786e+000 -5.7651e+000
115 +1.229364127e+002 +1.229364127e+002 +1.064606413e+003 +1.064606413e+003 +3.9813e-001 +3.4026e+000 -2.1985e+000 -6.5589e-001 +5.8235e-001 +1.7801e+000 -2.1476e+000 -3.1399e+000 +3.7286e+000 -4.1641e+000
131 +1.157493550e+002 +1.157493550e+002 +1.057419355e+003 +1.057419355e+003 -1.5275e+000 +3.1083e+000 -2.9693e+000 -6.9956e-001 -2.4376e+000 +2.3832e+000 -5.3848e+000 -5.7950e-001 +2.9248e+000 -5.9858e+000
153 +1.108159546e+002 +1.108159546e+002 +1.052485955e+003 +1.052485955e+003 -1.0423e+000 +3.2677e+000 -5.9231e+000 +1.7044e-001 -1.7531e-001 +1.0922e+000 -3.6871e+000 -2.3501e+000 +4.5916e+000 -4.2907e+000
163 +1.044850698e+002 +1.044850698e+002 +1.046155070e+003 +1.046155070e+003 +1.8564e+000 +3.8264e+000 -2.9696e+000 -6.8478e-001 -3.0916e+000 +1.9460e+000 -2.8215e+000 -1.9172e+000 +4.7646e+000 -5.6371e+000
181 +8.892641555e+001 +8.892641555e+001 +1.030596416e+003 +1.030596416e+003 -2.9138e-001 -3.4195e-002 +4.4633e+000 +5.0519e-001 -2.4720e+000 +2.2389e+000 -3.7514e+000 -3.2332e+000 +4.5758e+000 -3.5496e+000
221 +8.350947802e+001 +8.350947802e+001 +1.025179478e+003 +1.025179478e+003 -5.5751e+000 +2.3976e+000 -1.1512e+000 +1.5456e-001 -8.1090e-001 +3.3047e+000 -4.1493e+000 -3.8386e+000 +4.8912e+000 -5.5088e+000
235 +8.020825569e+001 +8.020825569e+001 +1.021878256e+003 +1.021878256e+003 -4.1235e-001 +3.4099e+000 -3.3646e+000 -2.6075e+000 -2.8669e-001 -4.2302e-001 -4.5700e+000 -8.2952e+000 +5.5357e+000 -4.7144e+000
250 +7.549459504e+001 +7.549459504e+001 +1.017164595e+003 +1.017164595e+003 -7.2530e-001 +2.5539e+000 +4.3871e+000 +2.7180e+000 +4.1477e-001 +8.7525e-001 -2.6010e+000 -6.5563e+000 +4.5664e+000 -4.5149e+000
251 +6.515548768e+001 +6.515548768e+001 +1.006825488e+003 +1.006825488e+003 +1.5272e+000 +7.4472e-001 +3.7736e+000 +2.2711e+000 -8.3542e-001 +3.2811e+000 -4.9944e+000 -4.6817e+000 +6.4699e+000 -6.2261e+000
277 +5.492169973e+001 +5.492169973e+001 +9.965916997e+002 +9.965916997e+002 -2.7876e-001 +5.9362e+000 +1.0512e+001 -3.5369e-001 -4.0360e+000 +8.3092e-001 -4.8052e+000 -1.0011e+001 +5.5402e+000 -5.9842e+000
314 +3.507479143e+001 +3.507479143e+001 +9.767447914e+002 +9.767447914e+002 -1.7401e+000 +1.9545e+000 +7.1063e+000 +4.3262e+000 -8.6162e+000 +9.4938e-001 -6.5196e+000 -5.8407e+000 +5.0507e+000 -5.7310e+000
411 +1.327299044e+001 +1.327299044e+001 +9.549429904e+002 +9.549429904e+002 -2.6752e+000 +1.5230e+000 +5.5107e+000 +9.7699e+000 -7.3600e+000 -4.2979e+000 -5.4619e+000 -1.2784e+001 +6.0719e+000 -7.1223e+000
565 +8.152592885e+000 +8.152592885e+000 +9.498225929e+002 +9.498225929e+002 -9.1737e+000 +2.3369e-001 +8.1946e+000 +1.4644e+001 -8.5397e+000 -4.6124e+000 -1.1983e+001 -2.1180e+001 +7.6006e+000 -1.5394e+001
638 +7.878287527e+000 +7.878287527e+000 +9.495482875e+002 +9.495482875e+002 -6.8763e+000 +7.2931e-001 +1.1152e+001 +9.1642e+000 -1.4585e+001 -1.2148e+001 -4.8969e+000 -2.2142e+001 +7.5457e+000 -1.0404e+001
655 +7.706339505e+000 +7.706339505e+000 +9.493763395e+002 +9.493763395e+002 -7.3390e+000 +4.0845e-001 +9.4679e+000 +1.2359e+001 -4.7409e+000 -5.8810e+000 -1.0891e+001 -1.8810e+001 +6.9598e+000 -9.0099e+000
658 +4.323545952e+000 +4.323545952e+000 +9.459935460e+002 +9.459935460e+002 -7.0738e+000 -1.6524e+000 +8.6368e+000 +1.4426e+001 -6.8163e+000 -5.2238e+000 -1.2180e+001 -1.3142e+001 +7.2973e+000 -5.5345e+000
670 +1.315288071e+000 +1.315288071e+000 +9.429852881e+002 +9.429852881e+002 -5.3409e+000 -3.9816e+000 +1.0752e+001 +1.6616e+001 -1.4536e+001 -5.1412e+000 -1.0889e+001 -2.5430e+001 +6.6096e+000 -1.1106e+001
746 +0.000000000e+000 +0.000000000e+000 +9.416700000e+002 +9.416700000e+002 -6.8783e+000 -6.7867e+000 +1.2486e+001 +1.8742e+001 -1.5898e+001 -5.9181e+000 -1.4470e+001 -1.9196e+001 +5.7379e+000 -6.2462e+000
553556 +1.#INF00000e+000 +0.000000000e+000 +1.#INF00000e+000 +9.416700000e+002 -1.4905e+289 -1.3455e+299 +4.9348e+300 +6.3760e+302 -8.3085e+304 -1.0559e+301 +4.6943e+307 -6.8244e+288 +5.0601e+298 -8.4206e+296
% function evaluation | noise-free fitness - Fopt (-3.745000000000e+001) | best noise-free fitness - Fopt | measured fitness | best measured fitness | x1 | x2...
1 +2.423018569e+002 +2.423018569e+002 +2.048518569e+002 +2.048518569e+002 -9.0969e-001 +4.5588e+000 +4.6888e+000 +3.5274e+000 -7.0362e-001 +4.7993e+000 -6.7589e-001 +1.7943e+000 +5.4625e-001 -5.2696e+000
2 +2.141166372e+002 +2.141166372e+002 +1.766666372e+002 +1.766666372e+002 -1.4662e+000 +3.4302e+000 +4.2807e+000 +3.2433e+000 -1.1759e+000 +5.6669e+000 +4.7836e-001 +1.8400e+000 +1.2525e+000 -3.5015e+000
24 +2.101996823e+002 +2.101996823e+002 +1.727496823e+002 +1.727496823e+002 -6.3493e-001 +4.5520e+000 +3.5762e+000 +2.9320e+000 -1.2532e+000 +4.1090e+000 -1.2028e-001 +1.8951e+000 +5.4829e-001 -2.1325e+000
62 +1.880352892e+002 +1.880352892e+002 +1.505852892e+002 +1.505852892e+002 -6.4892e-001 +3.4660e+000 +7.7167e+000 +3.4760e+000 -1.0290e+000 +4.6369e+000 -1.0002e+000 +1.2910e+000 +4.0032e+000 -2.6507e+000
110 +1.776247855e+002 +1.776247855e+002 +1.401747855e+002 +1.401747855e+002 -1.0067e+000 +4.8693e+000 +2.5840e+000 +3.2883e+000 -1.7610e+000 +5.0328e+000 +5.8917e-001 +1.4885e+000 +2.3720e+000 -1.0831e+000
111 +1.241593708e+002 +1.241593708e+002 +8.670937075e+001 +8.670937075e+001 -8.2956e-001 +2.9164e+000 +4.9900e+000 +2.9427e+000 -1.0879e+000 +5.5764e+000 +4.7433e-001 +1.2293e+000 +5.6609e+000 +2.0726e+000
163 +1.033664778e+002 +1.033664778e+002 +6.591647778e+001 +6.591647778e+001 +4.0791e+000 +4.1534e+000 +5.6585e+000 +3.8062e+000 -5.1247e+000 +4.8819e+000 +9.7863e-001 +1.0610e+000 +4.1102e+000 +2.9934e+000
185 +7.150218557e+001 +7.150218557e+001 +3.405218557e+001 +3.405218557e+001 -1.6267e-002 +5.2531e+000 +8.2743e+000 +3.8965e+000 -5.3233e+000 +4.7456e+000 -1.0731e+000 -4.9531e+000 +3.5367e+000 +4.3395e+000
232 +6.776805430e+001 +6.776805430e+001 +3.031805430e+001 +3.031805430e+001 +9.0810e-001 +2.1150e+000 +9.7245e+000 +3.3366e+000 -7.0703e+000 +3.2022e+000 -4.3138e-001 -3.2788e+000 +9.8662e+000 +7.6446e+000
265 +4.579839191e+001 +4.579839191e+001 +8.348391906e+000 +8.348391906e+000 +1.6791e+000 +5.6393e+000 +2.8583e+000 +1.9129e+000 -8.2235e+000 +4.9405e+000 +2.9605e+000 -3.7304e+000 +4.1320e+000 +1.0235e+001
306 +2.399083158e+001 +2.399083158e+001 -1.345916842e+001 -1.345916842e+001 +3.4493e+000 +5.7625e+000 +2.7163e+000 +1.4597e+000 -3.3060e+000 +5.1577e+000 +5.1375e+000 -5.7004e+000 +7.9612e+000 +7.8499e+000
351 +1.567063901e+001 +1.567063901e+001 -2.177936099e+001 -2.177936099e+001 +3.7397e+000 +3.5758e+000 +2.5782e+001 -2.9320e-001 -1.7372e+001 +4.8434e+000 +4.5976e+000 -6.1266e+000 +6.6826e+000 +1.0631e+001
383 +1.490788853e+001 +1.490788853e+001 -2.254211147e+001 -2.254211147e+001 +2.6595e+000 +4.8391e+000 +1.0084e+001 -5.7248e-001 -8.3851e+000 +4.2151e+000 +5.0939e+000 -6.5833e+000 +6.7664e+000 +7.8533e+000
395 +7.275646475e+000 +7.275646475e+000 -3.017435353e+001 -3.017435353e+001 +1.7098e+000 +4.3119e+000 +9.8290e+000 -4.4300e+000 -1.0454e+001 +4.4800e+000 +5.6013e+000 -5.3776e+000 +5.3377e+000 +1.2697e+001
405 +6.206712103e+000 +6.206712103e+000 -3.124328790e+001 -3.124328790e+001 +1.4159e+000 +3.7762e+000 +1.7262e+001 -6.5212e+000 -5.7970e+000 +5.1764e+000 +4.7755e+000 -9.8509e+000 +7.1084e+000 +5.0024e+000
486 +2.958289913e+000 +2.958289913e+000 -3.449171009e+001 -3.449171009e+001 +4.3940e+000 +8.0912e+000 +1.1540e+001 -4.5962e+000 -4.4673e+000 +6.5432e+000 +6.3544e+000 -9.5746e+000 +6.8015e+000 +9.9203e+000
508 +2.831419181e+000 +2.831419181e+000 -3.461858082e+001 -3.461858082e+001 +4.1026e+000 +5.4950e+000 +1.0185e+001 -6.1429e+000 -5.9942e+000 +6.0885e+000 +7.0713e+000 -4.6774e+000 +8.3227e+000 +9.2694e+000
511 +9.028597244e-001 +9.028597244e-001 -3.654714028e+001 -3.654714028e+001 +4.0971e+000 +6.5238e+000 +1.7698e+001 -1.1711e+001 -1.0746e+001 +5.5431e+000 +7.2717e+000 -1.1144e+001 +7.5293e+000 +7.1172e+000
560 +0.000000000e+000 +0.000000000e+000 -3.745000000e+001 -3.745000000e+001 +1.1183e+001 +7.9812e+000 +8.4123e+000 -7.5076e+000 -1.1990e+001 +6.6081e+000 +9.0025e+000 -1.4494e+001 +6.6120e+000 +1.1785e+001
565111 +1.#INF00000e+000 +0.000000000e+000 +1.#INF00000e+000 -3.745000000e+001 +5.7842e+302 +1.1586e+307 -1.5823e+304 +1.2939e+308 -1.1398e+294 +6.6863e+294 +1.2365e+300 -4.3538e+290 +1.3294e+302 +1.3655e+306
% function evaluation | noise-free fitness - Fopt (3.680300000000e+002) | best noise-free fitness - Fopt | measured fitness | best measured fitness | x1 | x2...
1 +1.623919920e+002 +1.623919920e+002 +5.304219920e+002 +5.304219920e+002 -1.7215e+000 +5.2349e+000 +5.3255e+000 -8.4764e-001 -3.8217e+000 +2.0337e+000 -3.8432e+000 +1.5436e+000 -4.5926e+000 +6.5287e-001
5 +1.450403035e+002 +1.450403035e+002 +5.130703035e+002 +5.130703035e+002 -2.2065e+000 +4.6305e+000 +4.5260e+000 +1.1031e+000 -4.3940e+000 +2.4809e+000 -3.5168e+000 +3.0232e+000 -2.7729e+000 +3.1328e+000
32 +1.350510179e+002 +1.350510179e+002 +5.030810179e+002 +5.030810179e+002 +1.6583e-002 +4.1138e+000 +7.3439e+000 -8.8885e-001 -5.0608e+000 +2.3278e+000 -4.6634e+000 +2.7913e+000 -2.3875e+000 +4.5251e+000
68 +1.348053204e+002 +1.348053204e+002 +5.028353204e+002 +5.028353204e+002 -2.0068e+000 +3.7677e+000 +4.2019e+000 -9.4839e-001 -4.4257e+000 +2.0659e+000 -2.0397e+000 +2.2583e+000 -5.5562e+000 +1.5675e+000
71 +1.135157761e+002 +1.135157761e+002 +4.815457761e+002 +4.815457761e+002 +2.1764e-001 +4.6041e+000 +5.8252e+000 -6.2526e-001 -4.6160e+000 +6.4261e-001 -3.4780e+000 +2.8046e+000 -4.7544e+000 +3.9292e+000
101 +1.023714235e+002 +1.023714235e+002 +4.704014235e+002 +4.704014235e+002 +4.4215e-001 +4.7517e+000 +6.0976e+000 -9.1820e-001 -5.9612e+000 +9.3034e-001 -3.1364e+000 +9.6925e+000 -3.7933e+000 +4.2881e+000
132 +9.287213346e+001 +9.287213346e+001 +4.609021335e+002 +4.609021335e+002 -3.3458e-001 +3.2353e+000 +9.5499e+000 -1.2686e+000 -5.0321e+000 +1.6795e+000 -2.7955e+000 +3.4415e+000 -5.1871e+000 +5.3338e+000
142 +8.369176899e+001 +8.369176899e+001 +4.517217690e+002 +4.517217690e+002 -3.7088e+000 +4.8799e+000 +6.1839e+000 -9.7035e-001 -4.8983e+000 -2.9836e+000 -4.1146e+000 +3.6784e+000 -4.5924e+000 +4.9956e+000
160 +5.961378339e+001 +5.961378339e+001 +4.276437834e+002 +4.276437834e+002 -4.7577e+000 +4.8741e+000 +7.4693e+000 -4.8374e+000 -4.0719e+000 -5.6319e+000 -2.1811e+000 +3.8778e+000 -4.5316e+000 +9.0976e+000
254 +5.872770485e+001 +5.872770485e+001 +4.267577048e+002 +4.267577048e+002 -3.1292e+000 +2.5350e-001 +6.5599e-001 +1.1154e+000 -5.6520e+000 -3.6217e+000 +1.3148e-001 +4.6498e+000 -6.6543e+000 +1.7056e+001
260 +5.357494003e+001 +5.357494003e+001 +4.216049400e+002 +4.216049400e+002 +9.8777e-001 -7.3268e+000 +4.2940e+000 -4.6395e+000 -7.0862e+000 -1.1637e+000 -1.8610e+000 +8.2732e+000 -9.9033e+000 +1.2197e+001
266 +4.381541231e+001 +4.381541231e+001 +4.118454123e+002 +4.118454123e+002 -3.2062e+000 +4.0264e+000 +4.7353e+000 -1.7220e+000 -5.9923e+000 -7.5167e-001 +3.3644e+000 +6.3799e+000 -7.8492e+000 +5.5079e+001
315 +4.039572529e+001 +4.039572529e+001 +4.084257253e+002 +4.084257253e+002 -7.5371e+000 -5.8670e+000 +5.3946e+000 -7.6413e+000 -6.7639e+000 +2.2528e-001 +3.4275e-001 +7.5501e+000 -7.3958e+000 +1.9862e+001
319 +3.909890621e+001 +3.909890621e+001 +4.071289062e+002 +4.071289062e+002 -4.1435e-001 +7.0188e+000 +6.0145e+000 -2.5368e+000 -4.8785e+000 -3.0829e+000 +3.6091e+000 +6.6718e+000 -6.3867e+000 +2.3579e+001
328 +3.725543633e+001 +3.725543633e+001 +4.052854363e+002 +4.052854363e+002 -2.2973e+000 +5.3908e+000 +8.8496e+000 -8.8305e+000 -6.8210e+000 -1.3480e+000 +4.1944e+000 +9.5130e+000 -4.4487e+000 +8.5856e+000
331 +3.007522666e+001 +3.007522666e+001 +3.981052267e+002 +3.981052267e+002 +4.7963e-001 +3.3899e+000 +7.8016e+000 -5.7044e+000 -3.8187e+000 -2.0860e+000 +6.2354e+000 +8.0989e+000 -6.7313e+000 +2.0448e+001
351 +2.626129512e+001 +2.626129512e+001 +3.942912951e+002 +3.942912951e+002 +1.6225e+000 +1.0954e+000 +8.6142e+000 -7.3934e+000 -4.5491e+000 -5.2830e+000 +2.7353e+000 +8.6099e+000 -8.7219e+000 +4.1553e+001
360 +1.504686444e+001 +1.504686444e+001 +3.830768644e+002 +3.830768644e+002 -1.0641e+000 -7.8782e-001 +9.4218e+000 -1.1329e+001 -5.7094e+000 -1.0917e+001 +3.7783e+000 +6.0126e+000 -5.9431e+000 +9.5277e+000
412 +1.433254863e+001 +1.433254863e+001 +3.823625486e+002 +3.823625486e+002 -6.4837e+000 +5.6811e+000 +7.3466e+000 -6.5831e+000 -4.9856e+000 -4.8617e+000 +6.0220e+000 +2.9710e+001 -5.8715e+000 +1.5305e+001
420 +1.128160377e+001 +1.128160377e+001 +3.793116038e+002 +3.793116038e+002 -1.5189e+000 -1.9538e+000 +4.6803e+000 -8.1156e+000 -1.1113e+001 -4.0726e+000 +1.9256e+001 +1.3195e+001 -6.0509e+000 +2.8356e+001
423 +9.733563874e+000 +9.733563874e+000 +3.777635639e+002 +3.777635639e+002 +1.8205e+000 -5.6438e+000 +6.3063e+000 -7.3383e+000 -3.9531e+000 -8.6532e+000 +5.6380e+000 +8.1200e+000 -7.2123e+000 +3.3491e+001
448 +6.032441570e+000 +6.032441570e+000 +3.740624416e+002 +3.740624416e+002 -3.5799e+000 -5.7556e+000 +1.0454e+001 -7.2295e+000 -7.4908e+000 -3.7166e+000 +7.5170e+000 +6.6626e+000 -5.8777e+000 +2.3968e+001
465 +3.434738151e+000 +3.434738151e+000 +3.714647382e+002 +3.714647382e+002 -4.8505e+000 -2.4563e+000 +9.9175e+000 -8.1348e+000 -1.1787e+001 -5.3850e+000 +6.6036e+000 +9.2800e+000 -8.1881e+000 +1.3479e+001
485 +3.043819990e+000 +3.043819990e+000 +3.710738200e+002 +3.710738200e+002 -5.8877e+000 -5.1904e+000 +1.2352e+001 -3.5872e+000 -1.2110e+001 -8.1029e+000 +6.8486e+000 +9.2004e+000 -6.9932e+000 +8.2738e+001
495 +0.000000000e+000 +0.000000000e+000 +3.680300000e+002 +3.680300000e+002 -9.5643e+000 -8.4856e+000 +7.1320e+000 -7.2221e+000 -8.3391e+000 -5.5211e+000 +6.9925e+000 +7.9274e+000 -7.2785e+000 +2.5355e+001
558665 +1.#INF00000e+000 +0.000000000e+000 +1.#INF00000e+000 +3.680300000e+002 -2.6334e+284 -4.1040e+293 +1.7715e+297 -1.6107e+304 -6.3537e+288 +1.8706e+305 +1.0832e+292 -5.6616e+307 -7.8860e+306 +7.8435e+293
% function evaluation | noise-free fitness - Fopt (1.426000000000e+001) | best noise-free fitness - Fopt | measured fitness | best measured fitness | x1 | x2...
1 +1.683768403e+002 +1.683768403e+002 +1.826368403e+002 +1.826368403e+002 -1.4171e+000 -4.4875e+000 -6.3116e-001 -2.5084e+000 +2.0173e+000 +3.7210e+000 -4.1877e+000 -7.3371e-002 +5.2103e-001 -3.4786e+000
2 +1.605815198e+002 +1.605815198e+002 +1.748415198e+002 +1.748415198e+002 -1.4488e+000 -3.4915e+000 -7.4916e-001 -2.3169e+000 +2.2839e+000 +5.7458e+000 -4.6435e+000 +9.3677e-001 +1.4318e+000 -3.4732e+000
5 +1.538591631e+002 +1.538591631e+002 +1.681191631e+002 +1.681191631e+002 -1.0420e+000 -3.4249e+000 -2.7732e-001 -3.7123e+000 +1.7314e+000 +4.8155e+000 -3.7889e+000 +1.4724e+000 +1.2967e+000 -3.4089e+000
7 +1.492000794e+002 +1.492000794e+002 +1.634600794e+002 +1.634600794e+002 -7.8893e-001 -4.1331e+000 +1.6620e-001 -3.9323e+000 +1.7989e+000 +4.0593e+000 -3.3963e+000 +1.0321e+000 +1.3874e+000 -3.9426e+000
16 +1.292525147e+002 +1.292525147e+002 +1.435125147e+002 +1.435125147e+002 -1.7849e+000 -3.2555e+000 -6.8037e-001 -3.5973e+000 +1.8563e+000 +3.2618e+000 -3.5951e+000 +5.5284e+000 +9.0000e-001 -3.7728e+000
51 +1.267478962e+002 +1.267478962e+002 +1.410078962e+002 +1.410078962e+002 -1.3733e+000 -4.4839e+000 -3.1134e-001 -3.1641e+000 +2.0387e+000 +3.9889e+000 -3.4555e+000 +2.4111e+000 +3.1817e+000 -4.3347e+000
62 +1.197373517e+002 +1.197373517e+002 +1.339973517e+002 +1.339973517e+002 -1.2422e+000 -5.9484e+000 -2.1264e-001 -3.4150e+000 +1.2359e+000 +4.0927e+000 -3.2992e+000 +2.7793e+000 +3.1362e+000 -4.8422e+000
107 +1.063725784e+002 +1.063725784e+002 +1.206325784e+002 +1.206325784e+002 -1.1219e+000 -3.3697e+000 -4.9561e-001 -4.6129e+000 +3.0929e+000 +3.3537e+000 -4.0270e+000 +3.6193e+000 +3.5742e+000 -4.6933e+000
113 +1.006889037e+002 +1.006889037e+002 +1.149489037e+002 +1.149489037e+002 +2.0840e+000 -2.8053e+000 -2.1874e-003 -3.7528e+000 +1.8307e+000 +3.5886e+000 -4.0506e+000 +5.3526e+000 +2.1093e+000 -5.3386e+000
156 +7.473706066e+001 +7.473706066e+001 +8.899706066e+001 +8.899706066e+001 -2.8197e+000 -1.7007e+000 +9.8220e-003 -4.8896e+000 +1.4179e+000 +2.1692e+000 -4.0832e+000 +4.6960e+000 +5.6985e+000 -5.7780e+000
201 +6.626482093e+001 +6.626482093e+001 +8.052482093e+001 +8.052482093e+001 -3.4209e-001 -2.0271e+000 +1.1446e+000 -7.0151e+000 -1.4143e+000 +3.4048e+000 -5.3584e+000 +6.2077e+000 +4.3241e+000 -5.5899e+000
295 +4.949009390e+001 +4.949009390e+001 +6.375009390e+001 +6.375009390e+001 -1.3775e+000 -3.3485e+000 +5.2201e-001 -4.6159e+000 -1.7583e+000 -1.8300e+000 -4.2200e+000 +6.8862e+000 +5.6722e+000 -6.0962e+000
402 +3.525334395e+001 +3.525334395e+001 +4.951334395e+001 +4.951334395e+001 -1.0356e+000 -2.9084e+000 +3.5647e+000 -4.6314e+000 -3.4193e+000 -1.8744e+000 -4.9603e+000 +8.7836e+000 +8.0590e+000 -7.2413e+000
451 +3.426868623e+001 +3.426868623e+001 +4.852868623e+001 +4.852868623e+001 -1.3710e+000 -8.8088e-001 +1.8641e+000 -4.2043e+000 -1.9982e-001 -7.6789e+000 -5.6063e+000 +7.1702e+000 +6.2343e+000 -9.5057e+000
452 +3.146254848e+001 +3.146254848e+001 +4.572254848e+001 +4.572254848e+001 -5.3754e+000 +4.9263e+000 +4.1588e+000 -8.4734e+000 -3.6405e+000 -1.5941e+000 -5.0291e+000 +4.4052e+000 +6.0636e+000 -5.6496e+000
458 +2.610937482e+001 +2.610937482e+001 +4.036937482e+001 +4.036937482e+001 -1.7362e+000 -2.7134e+000 +6.1677e+000 -8.2673e+000 -2.6097e+000 -7.5298e+000 -5.2190e+000 +4.5396e+000 +7.7124e+000 -1.2773e+001
463 +1.886334966e+001 +1.886334966e+001 +3.312334966e+001 +3.312334966e+001 -2.7269e-001 -5.1805e-001 +6.4218e+000 -1.2294e+001 -3.6260e+000 -4.2652e+000 -6.7773e+000 +5.7124e+000 +6.9670e+000 -8.3675e+000
501 +1.838060226e+001 +1.838060226e+001 +3.264060226e+001 +3.264060226e+001 -4.5813e+000 -2.6517e-001 +1.2826e+001 -7.4243e+000 -4.7039e+000 -2.0217e+001 -4.7468e+000 +6.8059e+000 +7.1569e+000 -9.1355e+000
504 +8.414471677e+000 +8.414471677e+000 +2.267447168e+001 +2.267447168e+001 +1.5679e+000 +3.8867e+000 +4.4903e+000 -4.5695e+000 -6.4345e+000 -5.1432e+000 -4.6193e+000 +8.2404e+000 +8.6640e+000 -5.0170e+000
565 +5.531209683e+000 +5.531209683e+000 +1.979120968e+001 +1.979120968e+001 +3.8876e+000 +1.5787e+000 +7.3320e+000 -7.8479e+000 -5.6976e+000 -1.2309e+001 -5.9316e+000 +6.4196e+000 +6.8649e+000 -9.4116e+000
606 +3.652309004e+000 +3.652309004e+000 +1.791230900e+001 +1.791230900e+001 +2.8580e+000 +3.8306e+000 +1.2317e+001 -5.9902e+000 -7.6734e+000 -7.3978e+000 -7.8463e+000 +9.0598e+000 +2.2061e+001 -1.0013e+001
655 +2.302666957e+000 +2.302666957e+000 +1.656266696e+001 +1.656266696e+001 +5.5171e+000 +3.2171e+000 +7.7173e+000 -8.9599e+000 -8.7274e+000 -1.2521e+001 -8.0708e+000 +1.1203e+001 +1.0122e+001 -1.2733e+001
696 +1.814499254e+000 +1.814499254e+000 +1.607449925e+001 +1.607449925e+001 +3.1855e+000 +6.4288e+000 +1.0585e+001 -1.1703e+001 -6.0415e+000 -1.6878e+001 -6.2168e+000 +6.4207e+000 +6.7143e+000 -1.4763e+001
709 +1.718438207e+000 +1.718438207e+000 +1.597843821e+001 +1.597843821e+001 +3.2816e+000 +9.6070e+000 +1.4162e+001 -7.2517e+000 -1.1295e+001 -2.0508e+001 -5.7509e+000 +8.2624e+000 +1.0062e+001 -1.2798e+001
711 +1.242394403e+000 +1.242394403e+000 +1.550239440e+001 +1.550239440e+001 +3.7576e+000 +6.7877e+000 +1.3319e+001 -6.0760e+000 -7.8132e+000 -3.5515e+001 -5.2889e+000 +9.7474e+000 +8.1457e+000 -1.1678e+001
712 +9.206228206e-001 +9.206228206e-001 +1.518062282e+001 +1.518062282e+001 +4.0794e+000 +8.5353e+000 +1.6657e+001 -8.5037e+000 -6.6459e+000 -1.8505e+001 -7.1974e+000 +5.2241e+000 +1.1030e+001 -1.0938e+001
755 +0.000000000e+000 +0.000000000e+000 +1.426000000e+001 +1.426000000e+001 +5.0556e+000 +8.2657e+000 +7.6731e+000 -6.0516e+000 -1.0269e+001 -3.1527e+001 -5.8121e+000 +1.3745e+001 +1.2357e+001 -1.5127e+001
559062 +1.#INF00000e+000 +0.000000000e+000 +1.#INF00000e+000 +1.426000000e+001 +1.1073e+308 +8.5758e+294 +5.3346e+303 -4.0879e+284 +8.7785e+307 -1.4513e+303 -3.0133e+299 +5.0851e+291 +2.3234e+301 -1.5105e+304
% function evaluation | noise-free fitness - Fopt (6.240000000000e+001) | best noise-free fitness - Fopt | measured fitness | best measured fitness | x1 | x2...
1 +1.970431465e+002 +1.970431465e+002 +2.594431465e+002 +2.594431465e+002 -2.1362e+000 -5.6077e-001 +1.1927e+000 -1.4345e+000 -1.0754e+000 -1.2987e+000 +1.0820e-001 +4.5819e-001 +1.1591e-001 -3.4387e-001
3 +1.789342971e+002 +1.789342971e+002 +2.413342971e+002 +2.413342971e+002 -1.2787e+000 -2.1158e+000 +1.4748e+000 +3.0374e-001 -1.3699e+000 -2.6456e+000 -2.0459e+000 +8.6314e-001 +4.8697e-001 -1.8462e+000
18 +1.596792830e+002 +1.596792830e+002 +2.220792830e+002 +2.220792830e+002 -2.9939e+000 +3.3651e-002 +2.6119e+000 -7.5262e-001 -1.5413e+000 -5.5089e-001 -1.5625e+000 -2.6517e-001 +7.9698e-001 -5.0131e+000
103 +1.449640237e+002 +1.449640237e+002 +2.073640237e+002 +2.073640237e+002 -3.1003e+000 -1.1086e+000 +2.3414e+000 -1.2027e+000 -2.0484e+000 -3.4878e+000 -9.2980e-002 +6.5650e-001 +3.6277e+000 -2.0586e+000
106 +1.404557023e+002 +1.404557023e+002 +2.028557023e+002 +2.028557023e+002 -4.7048e+000 -7.7205e-001 +1.0170e+001 -1.0020e+001 -4.2322e+000 -3.1382e+000 -4.9927e-001 +2.2214e+000 +3.1115e+000 -6.3366e+000
115 +1.356273341e+002 +1.356273341e+002 +1.980273341e+002 +1.980273341e+002 -2.4659e+000 -1.6463e+000 +1.8137e+000 +1.6514e+000 -1.9170e+000 -2.0184e+000 +5.1637e+000 +3.7611e+000 +4.7194e-001 -1.0783e+000
121 +1.233800185e+002 +1.233800185e+002 +1.857800185e+002 +1.857800185e+002 -2.6862e+000 -1.5833e-001 +1.0520e+000 +6.2655e-001 -2.3083e+000 -8.9545e+000 +1.3338e+000 +7.1534e+000 +1.5432e+000 -1.1758e+000
151 +9.911185408e+001 +9.911185408e+001 +1.615118541e+002 +1.615118541e+002 -2.7199e+000 -1.7821e+000 +2.1574e+000 +4.4653e-001 -5.1885e+000 -2.8957e+000 +3.0620e+000 +3.1749e+000 +4.1820e+000 -2.2949e+000
159 +8.860038459e+001 +8.860038459e+001 +1.510003846e+002 +1.510003846e+002 +5.0140e+000 -1.1573e-002 +2.0445e+000 +2.0408e+000 +1.2838e+000 -4.6258e+000 +1.8503e+000 +5.5361e+000 +3.1483e+000 -3.3785e+000
203 +7.589695924e+001 +7.589695924e+001 +1.382969592e+002 +1.382969592e+002 -2.9152e-001 -2.9064e+000 +1.8638e+000 +1.7647e+000 -1.6273e+000 -4.3047e+000 +2.1347e+000 +3.9035e+000 +3.6803e+000 -6.1461e+000
219 +5.150785248e+001 +5.150785248e+001 +1.139078525e+002 +1.139078525e+002 +6.8043e+000 -1.3701e+000 +4.7765e-001 +2.5663e+000 -1.4460e+000 -4.4477e+000 +1.3319e+000 +5.4246e+000 +6.3747e+000 -6.3390e+000
228 +4.807529751e+001 +4.807529751e+001 +1.104752975e+002 +1.104752975e+002 -4.1588e-001 -6.1502e-001 -1.3269e+001 +4.8172e-001 -5.5913e+000 -3.4779e+000 +6.4741e-001 +6.0404e+000 +6.3556e+000 -7.3713e+000
256 +4.445183995e+001 +4.445183995e+001 +1.068518399e+002 +1.068518399e+002 -6.6818e-001 -1.8335e-001 -1.1550e+000 +1.0985e-001 -6.5283e+000 -6.3597e+000 +1.7382e+000 +5.2977e+000 +5.6355e+000 -6.3462e+000
261 +3.726850350e+001 +3.726850350e+001 +9.966850350e+001 +9.966850350e+001 -4.7526e-001 -2.3128e+000 -2.0199e+001 +4.7379e+000 -1.0318e+001 -7.9696e-001 +5.1793e+000 +7.8973e+000 +4.1374e+000 -5.8957e+000
312 +2.848145932e+001 +2.848145932e+001 +9.088145932e+001 +9.088145932e+001 -3.6485e-001 -6.3556e-001 -6.5040e+000 +3.3574e+000 -7.1749e+000 -9.9743e+000 +2.3502e+000 +8.0996e+000 +6.5643e+000 -1.2989e+001
335 +2.432697113e+001 +2.432697113e+001 +8.672697113e+001 +8.672697113e+001 +1.3367e+000 -1.9171e+000 -5.3693e+000 -4.4452e-001 -6.5553e+000 -5.9355e+000 +8.4572e+000 +6.8060e+000 +5.2205e+000 -6.4094e+000
351 +2.040145059e+001 +2.040145059e+001 +8.280145059e+001 +8.280145059e+001 +2.1537e+000 -4.0672e-001 -9.7565e+000 +1.6460e+000 -4.6698e+000 -5.8627e+000 +4.4771e+000 +8.9701e+000 +7.6492e+000 -1.1232e+001
373 +1.713656370e+001 +1.713656370e+001 +7.953656370e+001 +7.953656370e+001 -1.3692e+000 +2.2513e-001 -8.4757e+000 +3.2809e+000 -5.3402e+000 -8.1236e+000 +4.8068e+000 +7.2543e+000 +7.0009e+000 -1.2887e+001
411 +1.500293920e+001 +1.500293920e+001 +7.740293920e+001 +7.740293920e+001 -6.9040e-001 +2.4033e+000 -7.5592e+000 +5.9749e+000 -6.9774e+000 -9.2791e+000 +3.7162e+000 +8.2883e+000 +1.1331e+001 -7.5139e+000
440 +1.459286976e+001 +1.459286976e+001 +7.699286976e+001 +7.699286976e+001 -1.0763e+000 -3.6140e-001 -6.7269e+000 +1.3985e+001 -6.5708e+000 -5.8566e+000 +4.6570e+000 +7.5317e+000 +7.0328e+000 -1.7067e+001
447 +6.433440172e+000 +6.433440172e+000 +6.883344017e+001 +6.883344017e+001 +5.7124e+000 +1.8821e-002 -8.7254e+000 +6.8955e+000 -6.5379e+000 -6.2947e+000 +5.7359e+000 +1.1310e+001 +5.7017e+000 -1.3500e+001
602 +5.906599391e+000 +5.906599391e+000 +6.830659939e+001 +6.830659939e+001 +4.8524e+000 +5.4099e-001 -9.7468e+000 +6.8648e+000 -9.3913e+000 -9.9379e+000 +8.4849e+000 +8.0448e+000 +1.1401e+001 -2.3541e+001
609 +3.995965230e+000 +3.995965230e+000 +6.639596523e+001 +6.639596523e+001 +3.4920e+000 +3.0736e+000 -9.7327e+000 +5.2643e+000 -8.0191e+000 -9.2043e+000 +6.7517e+000 +7.2878e+000 +9.4492e+000 -9.9690e+000
660 +1.794243979e+000 +1.794243979e+000 +6.419424398e+001 +6.419424398e+001 +5.9387e+000 +3.6108e+000 -5.5490e+000 +1.0070e+001 -6.2110e+000 -8.8072e+000 +7.9738e+000 +7.8334e+000 +7.9342e+000 -1.1013e+001
716 +4.001003393e-001 +4.001003393e-001 +6.280010034e+001 +6.280010034e+001 +8.5017e+000 +1.1501e+001 -9.9838e+000 +1.4682e+001 -4.8562e+000 -7.9648e+000 +7.0953e+000 +8.8742e+000 +8.8047e+000 -2.8773e+001
764 +3.126782623e-001 +3.126782623e-001 +6.271267826e+001 +6.271267826e+001 +6.7030e+000 +4.7579e+000 -1.8570e+001 +1.5801e+001 -9.8117e+000 -1.0775e+001 +7.1282e+000 +8.2410e+000 +1.0757e+001 -1.8903e+001
770 +0.000000000e+000 +0.000000000e+000 +6.240000000e+001 +6.240000000e+001 +8.8876e+000 +6.2087e+000 -1.4629e+001 +2.3198e+001 -1.1508e+001 -7.8339e+000 +9.4740e+000 +1.3078e+001 +1.6129e+001 -1.8129e+001
556760 +1.#INF00000e+000 +0.000000000e+000 +1.#INF00000e+000 +6.240000000e+001 +5.3175e+292 +5.1902e+300 -3.8911e+307 +2.5828e+300 -1.9212e+287 -3.4644e+295 -5.5930e+307 +7.4428e+291 +1.3660e+288 -6.8099e+284
% function evaluation | noise-free fitness - Fopt (1.145900000000e+002) | best noise-free fitness - Fopt | measured fitness | best measured fitness | x1 | x2...
1 +2.676006072e+002 +2.676006072e+002 +3.821906072e+002 +3.821906072e+002 +1.3812e-001 +1.6684e+000 -1.8761e+000 +1.3156e+000 +2.1817e+000 -1.1477e+000 -4.9223e+000 -1.0637e+000 -1.4244e+000 +3.7479e+000
2 +2.604573625e+002 +2.604573625e+002 +3.750473625e+002 +3.750473625e+002 +6.8214e-001 +1.7317e+000 -3.0338e+000 +1.1371e+000 +2.5878e+000 -1.5197e+000 -4.1870e+000 -1.2106e+000 -1.1991e+000 +3.7501e+000
5 +2.529625931e+002 +2.529625931e+002 +3.675525931e+002 +3.675525931e+002 +6.7284e-001 +1.7361e+000 -2.6472e+000 +1.0171e+000 +3.0310e+000 -8.6912e-001 -3.8238e+000 -7.3306e-001 -2.0254e-001 +3.2075e+000
7 +2.408969554e+002 +2.408969554e+002 +3.554869554e+002 +3.554869554e+002 +2.1645e-001 +3.2334e+000 -2.8219e+000 -5.0355e-001 +6.8614e-001 -1.7061e+000 -3.9397e+000 -7.3113e-001 +1.2241e+000 +3.5576e+000
51 +2.279044994e+002 +2.279044994e+002 +3.424944994e+002 +3.424944994e+002 +2.0537e+000 +1.3850e+000 -2.6715e+000 +1.9508e+000 -1.4575e+000 -3.1734e+000 -3.1261e+000 -2.0620e+000 -2.7268e-002 +4.1474e+000
57 +2.232435545e+002 +2.232435545e+002 +3.378335545e+002 +3.378335545e+002 +2.2003e+000 +3.5120e+000 -4.3061e+000 +1.4000e+000 +2.1089e+000 -1.8305e+000 -3.7104e+000 -2.1182e+000 -1.5458e+000 +6.5764e-001
113 +1.897041002e+002 +1.897041002e+002 +3.042941002e+002 +3.042941002e+002 -2.5557e+000 +2.0020e+000 -1.4418e+000 +3.4248e+000 +1.6459e+000 -2.3321e+000 -4.2414e+000 -1.2551e+000 +5.5766e+000 +2.5462e+000
152 +1.784543808e+002 +1.784543808e+002 +2.930443808e+002 +2.930443808e+002 +6.4722e-002 +9.4016e-001 -4.2021e+000 +2.7546e+000 +7.7548e-001 -2.6336e+000 -5.1719e-002 -3.1923e+000 +1.1380e+000 +2.0787e+000
169 +1.459182796e+002 +1.459182796e+002 +2.605082796e+002 +2.605082796e+002 -1.0423e+000 +3.8647e+000 -3.9457e+000 +3.1547e+000 +2.5272e+000 -4.3214e+000 +3.9086e+000 -5.3702e-001 +2.7182e+000 +1.9058e-001
230 +1.341222869e+002 +1.341222869e+002 +2.487122869e+002 +2.487122869e+002 -2.2477e+000 +3.1505e+000 -3.4023e-001 +1.8937e+000 -7.9168e+000 -2.3838e+000 -1.3990e+000 -3.1801e+000 +9.6472e+000 +6.3641e-001
251 +1.221281071e+002 +1.221281071e+002 +2.367181071e+002 +2.367181071e+002 -1.5663e+000 -3.4707e-001 -6.6953e+000 +2.9747e+000 -5.2159e+000 -6.9939e+000 -3.1212e+000 -3.2978e+000 +5.9645e+000 +1.0422e+000
253 +1.157585020e+002 +1.157585020e+002 +2.303485020e+002 +2.303485020e+002 -3.4578e-001 +1.9686e+000 -6.9303e+000 +1.7761e+000 -3.0854e+000 -3.4567e+000 +4.9525e-001 -4.0401e+000 +2.4221e+000 -1.2339e+000
259 +1.050237639e+002 +1.050237639e+002 +2.196137639e+002 +2.196137639e+002 +4.5035e-001 -2.8284e-001 -6.8233e+000 +5.5909e+000 +1.7110e+000 -6.2924e+000 +7.0342e+000 -6.0658e+000 +2.8977e+000 +8.5302e-001
293 +8.971942862e+001 +8.971942862e+001 +2.043094286e+002 +2.043094286e+002 -1.1562e+000 -1.9156e+000 -9.4620e-001 +3.1682e+000 -5.4940e+000 -3.0633e+000 -9.3390e-001 -4.8989e+000 +2.1437e+000 -3.6041e+000
307 +6.235160698e+001 +6.235160698e+001 +1.769416070e+002 +1.769416070e+002 -2.9070e+000 -2.2750e+001 -2.3020e+000 +1.4455e+000 -1.4956e+001 -7.5921e+000 +4.2430e+000 -6.3967e+000 +4.4118e+000 -9.9677e-001
327 +3.220702858e+001 +3.220702858e+001 +1.467970286e+002 +1.467970286e+002 -1.8189e+000 -5.6273e+000 -4.2044e+000 +3.1978e+000 -5.5594e+000 -4.3226e+000 +3.3891e+000 -2.6806e+000 +6.1268e+000 -1.2054e+001
370 +6.495454460e+000 +6.495454460e+000 +1.210854545e+002 +1.210854545e+002 -1.7227e+000 -8.8313e+000 -6.4805e+000 +5.2841e+000 -5.1130e+000 -5.8323e+000 +5.5582e+000 -8.0736e+000 +5.2665e+000 -4.6782e+000
468 +6.400008512e+000 +6.400008512e+000 +1.209900085e+002 +1.209900085e+002 +4.0971e-001 -5.3701e+000 -4.5433e+000 +5.3587e+000 -7.2396e+000 -7.5115e+000 +6.8034e+000 -4.9619e+000 +1.3071e+001 -6.4680e+000
560 +2.133081909e+000 +2.133081909e+000 +1.167230819e+002 +1.167230819e+002 -2.8669e+000 -8.0534e+000 -8.5686e+000 +7.0401e+000 -9.6595e+000 -9.4225e+000 +9.9041e+000 -8.2621e+000 +7.2818e+000 -8.4041e+000
664 +5.177559081e-001 +5.177559081e-001 +1.151077559e+002 +1.151077559e+002 -4.4822e+000 -1.4940e+001 -6.2974e+000 +8.7565e+000 -1.0164e+001 -7.5166e+000 +1.4669e+001 -6.3796e+000 +1.4418e+001 -1.1009e+001
716 +6.131374983e-002 +6.131374983e-002 +1.146513137e+002 +1.146513137e+002 -4.9387e+000 -2.2429e+001 -1.3112e+001 +8.2171e+000 -1.0585e+001 -7.6051e+000 +2.3359e+001 -1.0563e+001 +1.3067e+001 -8.2090e+000
745 +0.000000000e+000 +0.000000000e+000 +1.145900000e+002 +1.145900000e+002 -6.1094e+000 -1.4573e+001 -1.3050e+001 +8.5235e+000 -8.1329e+000 -8.7561e+000 +1.2480e+001 -9.9867e+000 +1.3306e+001 -8.1899e+000
548489 +1.#INF00000e+000 +0.000000000e+000 +1.#INF00000e+000 +1.145900000e+002 +4.5901e+300 +3.3366e+288 -2.2140e+295 +3.3532e+281 -3.7271e+290 -5.8402e+294 +2.9920e+299 -8.1869e+305 +1.0958e+304 +1.8643e+307
% function evaluation | noise-free fitness - Fopt (-3.698300000000e+002) | best noise-free fitness - Fopt | measured fitness | best measured fitness | x1 | x2...
1 +2.393444015e+002 +2.393444015e+002 -1.304855985e+002 -1.304855985e+002 -2.3149e+000 -3.4799e+000 -4.4410e+000 +1.5161e-001 +2.9739e-001 -2.5964e-001 -2.5689e+000 +3.1984e+000 +4.1866e+000 -7.8026e-002
2 +2.158801812e+002 +2.158801812e+002 -1.539498188e+002 -1.539498188e+002 -3.0631e+000 -4.0896e+000 -5.5024e+000 +6.4580e-001 -3.4364e+000 -2.6500e-002 -4.4217e+000 +1.5601e+000 +3.4888e+000 +6.4527e-001
12 +1.403845310e+002 +1.403845310e+002 -2.294454690e+002 -2.294454690e+002 -4.4638e+000 -3.8676e+000 -3.9036e+000 +5.3298e-001 +3.2512e+000 +3.3939e+000 -4.1905e+000 +3.0194e+000 -3.7971e+000 +4.8419e-001
154 +1.219062519e+002 +1.219062519e+002 -2.479237481e+002 -2.479237481e+002 -3.9011e+000 -3.0815e+000 -6.9279e+000 +1.8906e+000 +2.3553e+000 -1.4156e+000 -5.7132e+000 -1.0754e+001 +7.1046e-001 +2.0959e+000
157 +1.106416968e+002 +1.106416968e+002 -2.591883032e+002 -2.591883032e+002 -1.9059e+000 -2.8071e+000 +1.1715e+000 +3.9469e+000 +1.3942e+000 +1.5451e+000 -5.4186e+000 -2.1620e+000 +4.6847e-001 +4.6902e+000
176 +1.093130836e+002 +1.093130836e+002 -2.605169164e+002 -2.605169164e+002 -3.6072e+000 -2.2436e+000 -5.4735e+000 +1.0564e+000 +1.6547e+000 +1.5462e-001 -4.2112e+000 -3.6996e+000 -1.3607e+000 +2.6288e+000
202 +8.024138721e+001 +8.024138721e+001 -2.895886128e+002 -2.895886128e+002 -3.6596e+000 -8.1995e-001 -6.4625e+000 +6.3519e+000 +4.7534e+000 +1.1370e+000 -4.8032e+000 -3.8579e+000 +9.4812e-001 +4.6999e+000
205 +5.342303495e+001 +5.342303495e+001 -3.164069651e+002 -3.164069651e+002 -3.5705e+000 -2.6608e+000 -6.2852e+000 +4.7195e+000 +3.3362e+000 +6.4058e-001 -4.9510e+000 -8.6118e+000 -2.2915e+000 +7.2189e+000
301 +4.397697452e+001 +4.397697452e+001 -3.258530255e+002 -3.258530255e+002 -1.1957e+001 +1.1565e-001 -4.4898e+000 +6.1876e+000 +4.7849e+000 +5.8611e+000 -5.3554e+000 -9.6911e+000 -3.2215e-001 +7.9714e+000
309 +4.291249862e+001 +4.291249862e+001 -3.269175014e+002 -3.269175014e+002 -2.5854e+000 -2.5630e+000 -3.8962e+000 +5.4805e+000 +5.2035e+000 +4.8347e+000 -5.0377e+000 -7.7117e+000 -1.3456e+000 +6.6924e+000
314 +3.038784446e+001 +3.038784446e+001 -3.394421555e+002 -3.394421555e+002 -1.7336e+000 -1.0333e+001 -6.0206e+000 +2.0068e+000 +4.9160e+000 +6.4965e+000 -8.9271e+000 -3.3950e+001 -1.0702e+001 +4.9365e+000
351 +6.302252227e+000 +6.302252227e+000 -3.635277478e+002 -3.635277478e+002 -8.0941e+000 +3.0528e+000 -7.0605e+000 +5.2479e+000 +4.1216e+000 +6.3207e+000 -4.7106e+000 -1.2015e+001 -5.6053e+000 +8.9977e+000
405 +3.782713222e+000 +3.782713222e+000 -3.660472868e+002 -3.660472868e+002 -4.4045e+000 +2.5322e+000 -5.9518e+000 +5.0690e+000 +1.2104e+001 +5.5204e+000 -5.1558e+000 -1.8161e+001 -5.1493e+000 +7.3035e+000
463 +2.444413055e+000 +2.444413055e+000 -3.673855869e+002 -3.673855869e+002 -5.2884e+000 +3.1074e+000 -5.1479e+000 +8.1627e+000 +9.4044e+000 +5.0657e+000 -5.4663e+000 -4.3289e+001 -5.9956e+000 +7.6635e+000
507 +1.078350459e+000 +1.078350459e+000 -3.687516495e+002 -3.687516495e+002 -7.0635e+000 +4.1651e+000 -5.8949e+000 +6.7839e+000 +1.4475e+001 +9.4001e+000 -5.0217e+000 -1.9085e+001 -5.8821e+000 +8.2894e+000
529 +1.318552839e-001 +1.318552839e-001 -3.696981447e+002 -3.696981447e+002 -6.1751e+000 +4.8979e+000 -6.4652e+000 +8.7797e+000 +1.0130e+001 +6.4727e+000 -5.0280e+000 -2.0537e+001 -6.2275e+000 +7.0882e+000
556 +0.000000000e+000 +0.000000000e+000 -3.698300000e+002 -3.698300000e+002 -8.2023e+000 +6.7404e+000 -6.0110e+000 +7.1557e+000 +1.0586e+001 +8.1373e+000 -5.4956e+000 -1.1938e+001 -7.0530e+000 +5.5468e+000
564053 +1.#INF00000e+000 +0.000000000e+000 +1.#INF00000e+000 -3.698300000e+002 -7.8337e+303 +1.4033e+294 -2.2152e+297 +1.6282e+300 +8.8576e+290 +5.8855e+301 +4.5452e+307 -5.7734e+298 -3.5541e+298 +3.2429e+298
% function evaluation | noise-free fitness - Fopt (1.531800000000e+002) | best noise-free fitness - Fopt | measured fitness | best measured fitness | x1 | x2...
1 +2.249374222e+002 +2.249374222e+002 +3.781174222e+002 +3.781174222e+002 -4.4493e+000 -4.0765e+000 +5.4561e+000 -2.1392e+000 +1.6569e+000 -2.8518e+000 +2.6789e+000 -2.2192e+000 +3.5573e+000 +2.6359e+000
2 +2.232734405e+002 +2.232734405e+002 +3.764534405e+002 +3.764534405e+002 -4.2118e+000 -3.9184e+000 +3.3228e+000 -2.3621e+000 +1.9459e+000 -1.8052e+000 +4.5091e+000 -4.9306e+000 +3.6083e+000 +2.9148e+000
42 +2.164499114e+002 +2.164499114e+002 +3.696299114e+002 +3.696299114e+002 -4.6649e+000 -3.3141e+000 +1.2942e+000 -2.6020e+000 +1.5441e+000 -2.4623e+000 +3.3737e+000 -2.8437e+000 +3.9559e+000 +2.9999e+000
53 +2.004467501e+002 +2.004467501e+002 +3.536267501e+002 +3.536267501e+002 -4.8990e+000 -2.2297e+000 +2.8981e+000 -3.8358e+000 -3.8437e+000 -7.5555e-001 +2.6054e+000 -5.2458e+000 +3.4795e+000 +4.0806e+000
95 +1.914030232e+002 +1.914030232e+002 +3.445830232e+002 +3.445830232e+002 -2.9410e+000 -4.9041e+000 +4.1982e+000 -7.1866e+000 -4.9871e-001 +2.7387e-001 +5.9900e+000 -3.2645e+000 +3.0131e+000 +2.3102e+000
104 +1.896852787e+002 +1.896852787e+002 +3.428652787e+002 +3.428652787e+002 -3.7860e+000 -4.1984e+000 +4.8005e+000 -4.9822e+000 +1.6688e-001 -5.7049e-001 +6.8884e+000 -3.2764e+000 +3.7142e+000 +3.8005e+000
160 +1.820822730e+002 +1.820822730e+002 +3.352622730e+002 +3.352622730e+002 -3.9289e+000 -4.0356e+000 +3.5383e+000 -3.0602e+000 -3.7216e+000 -3.6849e+000 +4.9361e+000 -2.8494e+000 +3.2168e+000 +4.2256e+000
161 +1.572029696e+002 +1.572029696e+002 +3.103829696e+002 +3.103829696e+002 -2.1703e-001 -3.6862e+000 +3.8437e+000 -4.0740e+000 -2.4760e+000 +1.2192e+000 +3.8956e+000 -2.4648e+000 +1.3298e+000 +3.5954e+000
192 +1.462706756e+002 +1.462706756e+002 +2.994506756e+002 +2.994506756e+002 -5.4398e+000 -2.3531e+000 +6.5396e+000 -3.4719e+000 +2.9711e-001 +6.6132e+000 +5.3379e+000 +7.5343e-001 +3.9987e+000 +8.7271e+000
201 +1.248991474e+002 +1.248991474e+002 +2.780791474e+002 +2.780791474e+002 -1.9000e+000 -4.3840e+000 +5.7655e+000 -3.4905e+000 -6.2788e+000 -3.8907e+000 +9.6796e+000 -1.5784e+000 -1.8221e+000 +5.7454e+000
304 +9.524230396e+001 +9.524230396e+001 +2.484223040e+002 +2.484223040e+002 -9.9603e-001 -2.6988e+000 +3.9558e+000 -9.1412e+000 -1.8515e+000 +3.5245e+000 +1.3804e+000 +6.3496e+000 -4.0383e+000 +1.6975e+000
319 +8.944292192e+001 +8.944292192e+001 +2.426229219e+002 +2.426229219e+002 -8.8014e-001 -3.2750e+000 +1.9800e+000 -5.5720e+000 -2.0031e+000 +6.2525e+000 +8.0385e+000 +1.6372e+000 +3.2026e-001 +7.4606e+000
349 +8.713073546e+001 +8.713073546e+001 +2.403107355e+002 +2.403107355e+002 -4.1201e+000 -5.0905e+000 +7.3944e+000 -7.4587e+000 +1.3610e-001 +7.6698e+000 +6.3499e+000 -2.1802e+000 -8.8287e+000 +5.9304e+000
351 +6.894785962e+001 +6.894785962e+001 +2.221278596e+002 +2.221278596e+002 -7.4922e+000 -4.1952e+000 +3.1777e-001 -6.1744e+000 -1.7892e+000 +1.1481e+001 +5.5883e+000 -1.2740e+000 -7.0870e+000 +6.7801e+000
378 +2.604203988e+001 +2.604203988e+001 +1.792220399e+002 +1.792220399e+002 -1.4510e+000 -5.3421e+000 -3.7833e-002 -5.5274e+000 -3.4076e+000 +3.0849e+000 +5.8549e+000 +1.0407e+001 -9.0718e+000 +5.5490e+000
430 +1.845473777e+001 +1.845473777e+001 +1.716347378e+002 +1.716347378e+002 -2.4164e+000 -3.2197e+000 -1.6768e+000 -4.9850e+000 -4.9169e+000 +7.9251e+000 +7.4913e+000 +4.9850e+000 -4.6330e+000 +7.1036e+000
462 +1.417441340e+001 +1.417441340e+001 +1.673544134e+002 +1.673544134e+002 +2.4961e-001 -1.2104e+001 -5.0962e+000 -7.4733e+000 -1.6132e+000 +1.2421e+001 +7.5273e+000 +5.9840e+000 -5.6922e+000 +5.0236e+000
477 +9.184028973e+000 +9.184028973e+000 +1.623640290e+002 +1.623640290e+002 -2.5128e+000 -5.5506e+000 -5.7244e+000 -4.5287e+000 -5.0843e+000 +1.8147e+001 +8.8251e+000 +4.8906e+000 -5.0988e+000 +7.1727e+000
512 +6.284265399e+000 +6.284265399e+000 +1.594642654e+002 +1.594642654e+002 +6.9376e+000 -3.1130e+000 -4.0253e+000 -3.9690e+000 -5.2702e+000 +1.1370e+001 +1.3667e+001 +5.3311e+000 -9.4971e+000 +7.0735e+000
517 +4.380969153e+000 +4.380969153e+000 +1.575609692e+002 +1.575609692e+002 +2.5029e+000 -6.7088e+000 -3.8707e+000 -9.2721e+000 -1.5292e+001 +2.6764e+001 +8.9297e+000 +6.4482e+000 -5.6741e+000 +9.7978e+000
575 +0.000000000e+000 +0.000000000e+000 +1.531800000e+002 +1.531800000e+002 +7.8670e+000 -9.3711e+000 -2.9331e+001 -8.6778e+000 -7.5028e+000 +2.2788e+001 +6.8456e+000 +1.3642e+001 -9.3538e+000 +5.0845e+000
557460 +1.#INF00000e+000 +0.000000000e+000 +1.#INF00000e+000 +1.531800000e+002 +2.1929e+294 -3.7956e+282 -3.3263e+296 -1.0215e+298 -2.5462e+297 +1.0904e+303 +6.5153e+297 +4.4215e+289 +2.4526e+307 +6.4595e+283
% function evaluation | noise-free fitness - Fopt (-7.088000000000e+002) | best noise-free fitness - Fopt | measured fitness | best measured fitness | x1 | x2...
1 +1.814708022e+002 +1.814708022e+002 -5.273291978e+002 -5.273291978e+002 +3.5924e-001 -1.1250e+000 +4.9762e+000 +2.6996e+000 +1.8004e+000 +3.8490e+000 -4.0416e+000 -7.2111e-001 -4.6459e+000 +3.2711e+000
51 +1.683592895e+002 +1.683592895e+002 -5.404407105e+002 -5.404407105e+002 +4.8748e-001 -1.8314e+000 +4.1562e+000 +3.0636e+000 +1.2628e+000 +5.3607e+000 -2.4063e+000 -1.0493e+000 -4.5514e+000 +3.1267e+000
101 +1.542287673e+002 +1.542287673e+002 -5.545712327e+002 -5.545712327e+002 -1.5102e-001 -1.7556e+000 +4.2174e+000 +6.3312e-001 +3.2022e+000 +4.5039e+000 -3.4579e+000 -2.3066e+000 -5.3408e+000 +2.2286e+000
117 +1.429799755e+002 +1.429799755e+002 -5.658200245e+002 -5.658200245e+002 -8.9342e-001 +8.8564e-001 +5.6906e+000 +1.6621e+000 +3.9351e+000 +6.4620e+000 -1.4025e+000 -1.8383e+000 -4.0046e+000 +1.4739e+000
119 +1.357718945e+002 +1.357718945e+002 -5.730281055e+002 -5.730281055e+002 +6.7762e-001 -1.8286e+000 +4.7029e+000 +2.6764e+000 +2.9660e+000 +5.4100e+000 -7.6492e-001 -3.1862e+000 -4.5694e+000 +2.3871e+000
151 +1.181090583e+002 +1.181090583e+002 -5.906909417e+002 -5.906909417e+002 -3.4111e+000 -1.3377e+000 +4.3923e+000 +3.2800e+000 +1.7037e+000 +5.1481e+000 -2.3357e+000 -1.6330e+000 -5.6421e+000 -6.3353e-001
181 +1.153638300e+002 +1.153638300e+002 -5.934361700e+002 -5.934361700e+002 -1.1719e+000 -9.3993e-001 +9.1324e+000 +5.2882e+000 +3.2722e+000 +4.5571e+000 +6.6275e-001 -1.8691e+000 -6.0392e+000 +1.0992e+000
204 +1.063417515e+002 +1.063417515e+002 -6.024582485e+002 -6.024582485e+002 -7.6537e-001 -2.2835e+000 +4.7852e+000 +1.3857e+000 +5.5873e-001 +6.0854e+000 -7.1183e+000 -4.1622e+000 -6.0776e+000 -3.3175e+000
205 +8.370784383e+001 +8.370784383e+001 -6.250921562e+002 -6.250921562e+002 -1.8145e+000 -4.9054e-001 +4.7412e+000 +1.3784e+001 +1.7684e+000 +6.4900e+000 +4.5617e+000 -2.8891e+000 -5.6448e+000 +5.8583e-002
209 +8.084876413e+001 +8.084876413e+001 -6.279512359e+002 -6.279512359e+002 -1.0304e+000 -9.8133e-001 +7.2719e+000 +5.3354e+000 +3.0644e+000 +5.3047e+000 +1.0420e+000 -4.3262e+000 -5.7196e+000 -6.1082e-001
231 +7.912822086e+001 +7.912822086e+001 -6.296717791e+002 -6.296717791e+002 +2.8942e+000 +2.1036e+000 +5.5450e+000 +2.4305e+000 +3.5724e+000 +5.6637e+000 +2.4356e-001 -5.7377e+000 -6.3119e+000 -1.9526e+000
261 +3.759375846e+001 +3.759375846e+001 -6.712062415e+002 -6.712062415e+002 -1.8080e+000 -8.5132e-002 +4.4099e+000 +3.9049e+000 +4.0828e+000 +6.7217e+000 +6.1554e-001 -4.6985e+000 -5.4655e+000 -5.0126e+000
310 +1.875447849e+001 +1.875447849e+001 -6.900455215e+002 -6.900455215e+002 +2.1480e+000 -2.5260e+000 +1.1933e+001 +1.2603e+000 +1.0405e+001 +7.9521e+000 +5.7879e+000 -5.1735e+000 -4.9543e+000 -6.0494e+000
351 +1.333095942e+001 +1.333095942e+001 -6.954690406e+002 -6.954690406e+002 -3.5250e+000 -1.3670e+000 +3.0549e+000 +3.9550e+000 +7.5182e+000 +8.5896e+000 +8.0434e+000 -4.7218e+000 -6.2548e+000 -6.4100e+000
365 +1.225772791e+001 +1.225772791e+001 -6.965422721e+002 -6.965422721e+002 -6.2953e+000 -2.6139e+000 +6.6946e+000 +2.6441e+001 +6.0294e+000 +9.4448e+000 +6.1953e+000 -3.4694e+000 -6.5871e+000 -6.0719e+000
401 +7.368108615e+000 +7.368108615e+000 -7.014318914e+002 -7.014318914e+002 -1.9921e+000 -1.6240e+000 +7.6127e+000 +6.9648e+000 +8.4434e+000 +8.7745e+000 +1.9722e+001 -6.8254e+000 -5.5601e+000 -5.1342e+000
404 +6.324460186e+000 +6.324460186e+000 -7.024755398e+002 -7.024755398e+002 -2.7258e+000 -1.8640e+000 +8.4849e+000 +9.0095e+000 +9.2758e+000 +1.0880e+001 +1.1509e+001 -5.7520e+000 -1.2458e+001 -7.8665e+000
411 +3.360762268e+000 +3.360762268e+000 -7.054392377e+002 -7.054392377e+002 -4.6903e+000 -2.6377e+000 +7.5060e+000 +8.3726e+000 +1.0724e+001 +5.9975e+000 +7.5005e+000 -5.8257e+000 -5.1319e+000 -7.1306e+000
473 +2.674025791e+000 +2.674025791e+000 -7.061259742e+002 -7.061259742e+002 -5.0647e+000 -2.9296e+000 +7.0052e+000 +5.3036e+000 +1.1140e+001 +8.2099e+000 +8.6032e+000 -6.3132e+000 -5.6150e+000 -6.0471e+000
523 +2.277958868e+000 +2.277958868e+000 -7.065220411e+002 -7.065220411e+002 -5.2200e+000 -3.2363e+000 +8.0228e+000 +1.2246e+001 +1.0768e+001 +7.2931e+000 +8.9167e+000 -5.4685e+000 -8.3870e+000 -7.0728e+000
529 +1.970332962e+000 +1.970332962e+000 -7.068296670e+002 -7.068296670e+002 -5.0871e+000 -3.4744e+000 +6.9158e+000 +1.2226e+001 +1.1051e+001 +7.5077e+000 +8.7662e+000 -7.7308e+000 -1.1502e+001 -6.8587e+000
561 +1.884923883e+000 +1.884923883e+000 -7.069150761e+002 -7.069150761e+002 -4.5174e+000 -3.9143e+000 +8.2232e+000 +1.1418e+001 +1.1651e+001 +7.3355e+000 +8.4504e+000 -9.0317e+000 -8.0877e+000 -8.6636e+000
566 +0.000000000e+000 +0.000000000e+000 -7.088000000e+002 -7.088000000e+002 -7.2892e+000 -5.9074e+000 +8.6056e+000 +1.8171e+001 +1.4099e+001 +6.2383e+000 +1.0345e+001 -5.2442e+000 -8.7284e+000 -1.0326e+001
560563 +1.#INF00000e+000 +0.000000000e+000 +1.#INF00000e+000 -7.088000000e+002 -4.2853e+307 -3.7571e+294 +8.2669e+299 +3.4854e+289 +1.2997e+301 +4.1108e+289 -5.4037e+307 -1.9704e+304 -7.2689e+301 -1.7129e+287
% function evaluation | noise-free fitness - Fopt (8.793000000000e+001) | best noise-free fitness - Fopt | measured fitness | best measured fitness | x1 | x2...
1 +1.678811941e+002 +1.678811941e+002 +2.558111941e+002 +2.558111941e+002 +1.3208e+000 +1.7763e+000 +3.5133e+000 -2.9038e+000 -8.5606e-001 -1.1848e+000 +2.7766e-002 -4.4280e+000 -3.6134e+000 -3.0434e-001
2 +1.593976671e+002 +1.593976671e+002 +2.473276671e+002 +2.473276671e+002 +1.4954e+000 +2.5361e+000 +3.4520e+000 -2.8423e+000 -5.9159e-001 -1.8380e+000 -3.7974e-001 -5.0053e+000 -3.8826e+000 +2.0394e-001
5 +1.566523919e+002 +1.566523919e+002 +2.445823919e+002 +2.445823919e+002 +1.3889e+000 +2.3357e+000 +1.8534e+000 -2.9477e+000 -6.7711e-001 -1.9194e+000 -3.9950e-001 -4.8577e+000 -4.4053e+000 +1.3823e-002
7 +1.490884519e+002 +1.490884519e+002 +2.370184519e+002 +2.370184519e+002 +1.8156e+000 +2.0331e+000 +3.1183e+000 -2.1491e+000 -1.3033e+000 -1.0138e+000 -6.6756e-001 -4.8054e+000 -4.3925e+000 +8.2014e-001
42 +1.278857487e+002 +1.278857487e+002 +2.158157487e+002 +2.158157487e+002 +1.1894e+000 +2.1792e+000 +2.2229e+000 -2.0872e+000 -4.6024e-001 -2.1236e+000 -4.4224e-001 -4.9675e+000 -4.1350e+000 +2.9832e+000
77 +1.223331604e+002 +1.223331604e+002 +2.102631604e+002 +2.102631604e+002 +2.8836e+000 +3.4880e+000 +3.5577e+000 -7.4488e-001 -1.3897e+000 +5.9265e+000 +9.0811e-001 -4.3353e+000 -4.6013e+000 +2.2322e-001
108 +1.168307020e+002 +1.168307020e+002 +2.047607020e+002 +2.047607020e+002 +4.2850e+000 +2.3459e+000 -4.3642e+000 -4.3934e+000 +2.2868e+000 +1.2633e+000 -1.4128e+000 -4.8826e+000 -5.5268e+000 +1.0058e+000
118 +1.145826648e+002 +1.145826648e+002 +2.025126648e+002 +2.025126648e+002 +2.5562e+000 +1.8202e+000 +2.7042e+000 -1.5767e+000 +1.0763e+000 +8.8259e-001 +8.2798e-002 -5.2425e+000 -5.3679e+000 +1.7527e+000
134 +9.924713793e+001 +9.924713793e+001 +1.871771379e+002 +1.871771379e+002 +1.8559e+000 +1.6836e+000 +2.5038e+000 -2.4318e+000 +1.0723e+000 -1.3061e+000 -4.5483e-001 -6.7786e+000 -4.7308e+000 +4.7705e+000
150 +8.971028700e+001 +8.971028700e+001 +1.776402870e+002 +1.776402870e+002 +1.3486e+000 +2.3849e+000 +2.8286e+000 +7.8093e-001 -4.6406e-001 -2.8469e-001 +4.5537e+000 -4.6521e+000 -4.7645e+000 +2.9644e+000
200 +8.047809024e+001 +8.047809024e+001 +1.684080902e+002 +1.684080902e+002 +3.0817e+000 +1.9745e+000 +1.3021e+000 -2.4066e+000 -6.9885e-001 +3.7395e+000 +1.7408e-001 -5.3712e+000 -4.3032e+000 +5.7273e+000
216 +6.690608078e+001 +6.690608078e+001 +1.548360808e+002 +1.548360808e+002 +3.5763e+000 +2.3830e+000 +3.7221e+000 -2.7015e+000 -7.9955e-001 +4.9470e+000 +1.8475e+000 -5.0785e+000 -7.9679e+000 +7.0611e+000
248 +6.540622079e+001 +6.540622079e+001 +1.533362208e+002 +1.533362208e+002 +4.0438e+000 +1.3809e+000 +1.8819e+000 -7.0110e-001 +1.0486e+000 +1.8896e+001 +1.0108e+000 -4.9299e+000 -6.4828e+000 +4.3918e+000
266 +5.484765460e+001 +5.484765460e+001 +1.427776546e+002 +1.427776546e+002 +4.3149e+000 +1.9200e+000 -1.4116e+000 -1.0461e+000 +2.2814e-001 +7.4103e+000 +1.1446e+000 -5.5355e+000 -6.9276e+000 +5.3152e+000
290 +5.351347225e+001 +5.351347225e+001 +1.414434722e+002 +1.414434722e+002 +3.2302e+000 +3.9067e+000 +1.4537e+000 -4.0070e-001 +3.2878e+000 +2.2837e+000 +2.1121e+000 -9.7652e+000 -8.4696e+000 +8.1532e+000
300 +4.814373190e+001 +4.814373190e+001 +1.360737319e+002 +1.360737319e+002 +2.1821e+000 +2.9296e+000 -4.1399e-001 -9.5347e-001 +2.1152e+000 +5.9523e+000 +1.9518e+000 -6.5701e+000 -5.6365e+000 +1.6573e+001
308 +4.569421738e+001 +4.569421738e+001 +1.336242174e+002 +1.336242174e+002 +3.1669e+000 +2.6980e+000 -1.6410e+000 -2.7508e+000 +1.4726e+000 +4.7153e+000 +3.3308e+000 -1.6321e+001 -8.0172e+000 +9.7347e+000
314 +4.418478644e+001 +4.418478644e+001 +1.321147864e+002 +1.321147864e+002 +8.6838e+000 +3.0478e+000 -4.3890e-001 -1.6978e+000 +1.3381e+000 +6.4339e+000 +2.9672e+000 -1.1997e+001 -7.3700e+000 +8.3970e+000
322 +4.112873236e+001 +4.112873236e+001 +1.290587324e+002 +1.290587324e+002 -7.4653e-001 +2.7479e+000 -1.5223e+000 -1.0217e+000 +1.0069e+000 +5.2038e+000 +4.4424e+000 -7.0626e+000 -5.3795e+000 +7.2662e+000
328 +3.929345683e+001 +3.929345683e+001 +1.272234568e+002 +1.272234568e+002 +2.8721e+000 +2.5717e+000 -5.2728e-002 +4.1733e+000 +2.4250e+000 +3.5247e+000 +2.5163e+000 -6.3467e+000 -7.1595e+000 +6.4992e+000
334 +3.014320308e+001 +3.014320308e+001 +1.180732031e+002 +1.180732031e+002 +2.4488e+000 +1.6672e+000 -1.2567e+001 -1.6855e-001 +6.3274e-001 +9.7206e+000 +8.7131e+000 -5.1345e+000 -5.2056e+000 +9.2886e+000
385 +2.317113297e+001 +2.317113297e+001 +1.111011330e+002 +1.111011330e+002 +2.2206e+000 +3.6180e+000 -2.6096e+000 -1.7857e+000 +5.4772e+000 +1.3925e+001 +8.8320e+000 -1.1675e+001 -6.2941e+000 +6.8252e+000
401 +1.993632892e+001 +1.993632892e+001 +1.078663289e+002 +1.078663289e+002 +3.8009e+000 +3.0584e+000 -8.1350e-001 +7.0836e-001 +5.8867e+000 +9.5207e+000 +6.7614e+000 -1.2581e+001 -9.7845e+000 +7.5018e+000
415 +1.585873009e+001 +1.585873009e+001 +1.037887301e+002 +1.037887301e+002 +4.0300e+000 +3.4791e+000 -3.2462e+000 +1.0276e+000 +4.4823e+000 +7.5217e+000 +8.2069e+000 -8.5747e+000 -7.8991e+000 +8.9894e+000
453 +1.158505342e+001 +1.158505342e+001 +9.951505342e+001 +9.951505342e+001 +3.0396e+000 +3.2233e+000 -3.6638e+000 +4.5481e+000 +4.8819e+000 +1.3709e+001 +1.0116e+001 -8.7491e+000 -4.5094e+000 +6.8028e+000
504 +1.078868111e+001 +1.078868111e+001 +9.871868111e+001 +9.871868111e+001 +4.9106e+000 +2.3484e+000 -4.8738e+000 +3.4937e+000 +3.9274e+000 +4.7679e+000 +1.1551e+001 -1.0306e+001 -8.3516e+000 +7.1465e+000
528 +7.748686697e+000 +7.748686697e+000 +9.567868670e+001 +9.567868670e+001 +6.2829e+000 +2.5645e+000 -3.7215e+000 +3.8533e+000 +5.0529e+000 +1.4299e+001 +7.8032e+000 -8.0284e+000 -9.4513e+000 +1.0733e+001
545 +6.174754040e+000 +6.174754040e+000 +9.410475404e+001 +9.410475404e+001 +3.9779e+000 +2.2693e+000 -4.9979e+000 +4.4301e+000 +4.8582e+000 +1.0437e+001 +1.5345e+001 -8.4922e+000 -8.8199e+000 +1.0864e+001
563 +5.685829315e+000 +5.685829315e+000 +9.361582932e+001 +9.361582932e+001 +3.3485e+000 +2.4742e+000 -8.0139e+000 +4.7103e+000 +4.9468e+000 +2.7547e+001 +2.0161e+001 -9.2085e+000 -9.8758e+000 +6.5219e+000
567 +5.097103343e+000 +5.097103343e+000 +9.302710334e+001 +9.302710334e+001 +5.4613e+000 +2.7070e+000 -6.3686e+000 +4.0088e+000 +5.1236e+000 +1.0564e+001 +8.9675e+000 -9.1500e+000 -8.0836e+000 +1.1524e+001
584 +3.796662774e+000 +3.796662774e+000 +9.172666277e+001 +9.172666277e+001 +4.7128e+000 +2.2827e+000 -7.1444e+000 +6.9759e+000 +1.0576e+001 +2.0010e+001 +1.2176e+001 -1.9311e+001 -7.8372e+000 +7.7286e+000
595 +3.540382847e+000 +3.540382847e+000 +9.147038285e+001 +9.147038285e+001 +5.8339e+000 +2.2588e+000 -8.3252e+000 +5.6813e+000 +8.1278e+000 +1.8663e+001 +8.4216e+000 -7.9290e+000 -6.4974e+000 +7.4668e+000
608 +2.695890287e+000 +2.695890287e+000 +9.062589029e+001 +9.062589029e+001 +6.3870e+000 +2.9127e+000 -6.0089e+000 +5.6127e+000 +6.2540e+000 +1.3559e+001 +1.9573e+001 -9.8396e+000 -9.0973e+000 +9.7534e+000
649 +2.486601250e+000 +2.486601250e+000 +9.041660125e+001 +9.041660125e+001 +3.2907e+000 +4.3981e+000 -6.5170e+000 +6.5329e+000 +1.0850e+001 +1.1373e+001 +1.0855e+001 -1.0264e+001 -8.5095e+000 +1.6889e+001
684 +2.332090258e+000 +2.332090258e+000 +9.026209026e+001 +9.026209026e+001 +4.4833e+000 +3.5944e+000 -7.6575e+000 +8.2862e+000 +6.2097e+000 +1.5484e+001 +1.3968e+001 -1.0546e+001 -9.6651e+000 +1.3363e+001
687 +1.202039958e+000 +1.202039958e+000 +8.913203996e+001 +8.913203996e+001 +6.5393e+000 +4.0693e+000 -6.1501e+000 +9.6693e+000 +6.0236e+000 +1.4914e+001 +9.8989e+000 -1.0792e+001 -1.0786e+001 +7.2570e+000
717 +7.537252856e-002 +7.537252856e-002 +8.800537253e+001 +8.800537253e+001 +4.9246e+000 +5.0062e+000 -7.5331e+000 +1.0669e+001 +6.0623e+000 +1.2803e+001 +1.8432e+001 -1.2455e+001 -1.0003e+001 +8.9311e+000
784 +0.000000000e+000 +0.000000000e+000 +8.793000000e+001 +8.793000000e+001 +6.2518e+000 +6.4408e+000 -7.8421e+000 +1.0968e+001 +6.2598e+000 +1.3328e+001 +1.8096e+001 -1.2572e+001 -1.2044e+001 +1.2685e+001
557392 +1.#INF00000e+000 +0.000000000e+000 +1.#INF00000e+000 +8.793000000e+001 +8.7000e+296 +3.2402e+290 +1.1648e+308 +1.2735e+300 +2.4593e+291 +8.3108e+300 +2.5483e+305 +1.4262e+301 -5.9736e+306 +2.4041e+305
% function evaluation | noise-free fitness - Fopt (3.370000000000e+001) | best noise-free fitness - Fopt | measured fitness | best measured fitness | x1 | x2...
1 +1.858894739e+002 +1.858894739e+002 +2.195894739e+002 +2.195894739e+002 +3.2497e+000 +9.7897e-001 -6.6351e-004 -2.3443e+000 +4.3451e+000 -4.2618e+000 +1.7283e+000 +4.4009e+000 -2.0585e+000 +1.8601e+000
2 +1.575576791e+002 +1.575576791e+002 +1.912576791e+002 +1.912576791e+002 +4.5120e-001 +9.8841e-001 -6.6580e-001 -2.1497e+000 +3.9511e+000 -4.7837e+000 +2.4283e-001 +5.0050e+000 -3.0922e+000 +2.4882e+000
52 +1.490084044e+002 +1.490084044e+002 +1.827084044e+002 +1.827084044e+002 +2.0689e+000 -3.4846e-001 -2.6683e-001 -1.8927e+000 +3.5277e+000 -4.2034e+000 +1.2261e+000 +5.9125e+000 -5.7808e+000 +2.3417e+000
73 +1.462319657e+002 +1.462319657e+002 +1.799319657e+002 +1.799319657e+002 +1.9835e+000 +1.3669e+000 +8.1227e-002 -1.1409e+000 +5.6134e+000 -5.4957e+000 -2.0552e+000 +3.4499e+000 -3.7732e+000 +3.6862e+000
95 +1.285297170e+002 +1.285297170e+002 +1.622297170e+002 +1.622297170e+002 +2.3601e+000 +3.5557e-001 +1.1932e-001 -1.2902e+000 +3.3698e+000 -4.1615e+000 +1.4800e+000 +4.8217e+000 -4.2613e+000 +5.7995e+000
130 +1.243087428e+002 +1.243087428e+002 +1.580087428e+002 +1.580087428e+002 +2.8204e+000 +1.4787e+000 -1.1941e+000 -3.3938e-001 +2.6138e+000 -4.2367e+000 +2.4402e+000 +4.7746e+000 -6.1949e+000 +4.6178e+000
147 +9.898524503e+001 +9.898524503e+001 +1.326852450e+002 +1.326852450e+002 +2.1114e+000 +6.3976e-001 -3.1788e-001 -1.8638e+000 -3.7638e-001 -1.4890e+000 -1.9562e+000 +5.3565e+000 -5.7239e+000 +3.6670e+000
199 +9.387338730e+001 +9.387338730e+001 +1.275733873e+002 +1.275733873e+002 +1.4896e+000 +2.8172e-001 +2.6378e-001 +5.5239e-001 -4.0789e+000 -3.6569e+000 -2.7598e+000 +4.6065e+000 -5.5461e+000 +3.3504e+000
241 +8.394787836e+001 +8.394787836e+001 +1.176478784e+002 +1.176478784e+002 +4.9875e-001 +1.0285e+000 -3.3282e+000 -7.3470e-001 -1.1187e+000 -1.5146e+000 +1.6285e-001 +5.1768e+000 -7.4752e+000 +8.7495e+000
242 +8.251501395e+001 +8.251501395e+001 +1.162150140e+002 +1.162150140e+002 -3.0294e+000 +2.4549e+000 +1.7830e-002 +1.7045e+000 -1.0251e+001 -4.5343e+000 +9.2962e-001 +6.8409e+000 -8.3365e+000 +5.4747e+000
247 +7.930046395e+001 +7.930046395e+001 +1.130004640e+002 +1.130004640e+002 +2.5079e-001 -2.0589e-005 -2.2044e-001 +7.4763e-002 -3.6252e+000 -3.7660e+000 -2.5554e+000 +4.6109e+000 -5.8990e+000 +5.1560e+000
252 +6.149170149e+001 +6.149170149e+001 +9.519170149e+001 +9.519170149e+001 +8.8546e-001 +4.6545e-001 -5.6183e-001 +5.3883e-001 -2.4300e+000 -2.1189e+000 -8.7403e+000 +6.4715e+000 -6.4815e+000 +6.6069e+000
315 +5.638374331e+001 +5.638374331e+001 +9.008374331e+001 +9.008374331e+001 -9.1139e-002 +9.8656e-002 -9.4062e-001 -3.4928e+000 -5.4326e+000 -1.2749e-001 -4.6448e+000 +7.3062e+000 -5.7213e+000 +7.2001e+000
320 +5.524550348e+001 +5.524550348e+001 +8.894550348e+001 +8.894550348e+001 +9.7824e-001 +3.1289e-001 -8.0269e-001 +2.4405e-002 -6.5170e+000 -2.0934e+000 -1.2706e+001 +8.1236e+000 -7.3951e+000 +8.5816e+000
354 +4.712029096e+001 +4.712029096e+001 +8.082029096e+001 +8.082029096e+001 -9.7954e-001 +1.6466e-001 +3.0584e+000 -1.2751e+000 -4.3142e+000 +2.7781e+000 -1.3842e+001 +5.9037e+000 -7.5771e+000 +6.0465e+000
374 +4.069963101e+001 +4.069963101e+001 +7.439963101e+001 +7.439963101e+001 -1.8264e+000 +2.3205e+000 -2.5387e+000 +3.1626e+000 -1.3439e+001 +4.5141e+000 +2.2551e-001 +7.5476e+000 -6.4536e+000 +1.0009e+001
378 +3.383534424e+001 +3.383534424e+001 +6.753534424e+001 +6.753534424e+001 -7.2181e-001 +5.5497e-001 +3.8705e-001 +5.1715e+000 -5.9414e+000 +8.7346e-001 -1.1456e+001 +8.0303e+000 -6.2857e+000 +5.1674e+000
387 +2.991176026e+001 +2.991176026e+001 +6.361176026e+001 +6.361176026e+001 -5.6236e+000 +1.8417e+000 +1.0283e+000 +1.0274e+000 -5.9249e+000 +2.9915e+000 -1.3426e+001 +1.5064e+001 -8.2615e+000 +5.6242e+000
427 +2.883544131e+001 +2.883544131e+001 +6.253544131e+001 +6.253544131e+001 +1.2054e+000 +4.6600e+000 -9.0157e-001 +1.1524e+001 -1.9625e+001 +7.2756e-001 -1.1741e+001 +1.4636e+001 -6.8757e+000 +6.9384e+000
433 +2.745882203e+001 +2.745882203e+001 +6.115882203e+001 +6.115882203e+001 -1.1350e+000 +9.1733e-001 -1.0281e+000 +1.0906e+000 -4.3709e+000 +6.2006e+000 -4.6720e+000 +9.1185e+000 -7.6692e+000 +5.4642e+000
453 +2.583302441e+001 +2.583302441e+001 +5.953302441e+001 +5.953302441e+001 -9.4705e-001 +1.9102e+000 -2.4419e+000 +2.6977e+000 -9.6204e+000 +2.6175e+000 -1.1420e+001 +1.5073e+001 -7.8666e+000 +7.8812e+000
458 +2.510563930e+001 +2.510563930e+001 +5.880563930e+001 +5.880563930e+001 -1.3089e+000 +1.8543e+000 -9.7916e-001 +5.0898e+000 -1.3171e+001 +2.0381e+000 -1.2077e+001 +1.0834e+001 -7.7574e+000 +7.0934e+000
467 +1.932690752e+001 +1.932690752e+001 +5.302690752e+001 +5.302690752e+001 -1.2596e+000 +1.9104e+000 -6.6272e-001 +5.6004e+000 -8.2161e+000 +3.7865e+000 -8.9674e+000 +1.3914e+001 -7.7420e+000 +5.3349e+000
470 +1.594466288e+001 +1.594466288e+001 +4.964466288e+001 +4.964466288e+001 +1.9018e+000 +2.8250e+000 -2.3346e+000 +5.3486e+000 -1.0923e+001 +5.0430e+000 -9.3936e+000 +1.4443e+001 -7.1356e+000 +4.8212e+000
482 +1.296749621e+001 +1.296749621e+001 +4.666749621e+001 +4.666749621e+001 -1.9252e+000 +1.2464e+000 -1.9758e+000 +6.3017e+000 -1.6591e+001 +1.2015e+001 -1.7636e+001 +8.0051e+000 -6.2045e+000 +6.9362e+000
514 +1.121486249e+001 +1.121486249e+001 +4.491486249e+001 +4.491486249e+001 -5.6915e+000 +6.7437e+000 -1.4464e+000 +6.1584e+000 -1.0743e+001 +3.5288e+000 -1.7897e+001 +8.1184e+000 -1.0201e+001 +7.9590e+000
559 +7.766346662e+000 +7.766346662e+000 +4.146634666e+001 +4.146634666e+001 -5.3280e+000 +6.5765e+000 -5.6403e-001 +5.5161e+000 -2.6750e+001 +4.8980e+000 -2.0726e+001 +7.2370e+000 -8.0000e+000 +1.1278e+001
578 +6.121088428e+000 +6.121088428e+000 +3.982108843e+001 +3.982108843e+001 -2.1939e+001 +4.9930e+000 -1.9882e+000 +4.4950e+000 -5.6613e+000 +5.6751e+000 -7.3463e+000 +5.1318e+000 -9.1982e+000 +8.8926e+000
634 +4.109628411e+000 +4.109628411e+000 +3.780962841e+001 +3.780962841e+001 -7.0004e+000 +9.8508e+000 -2.5363e+000 +5.5752e+000 -7.6034e+000 +9.5450e+000 -2.3878e+001 +1.4808e+001 -6.7129e+000 +1.8600e+001
652 +0.000000000e+000 +0.000000000e+000 +3.370000000e+001 +3.370000000e+001 -5.8587e+000 +6.8306e+000 -8.3352e+000 +9.9121e+000 -1.0925e+001 +6.5562e+000 -1.3228e+001 +1.0186e+001 -7.0017e+000 +9.2972e+000
541621 +1.#INF00000e+000 +0.000000000e+000 +1.#INF00000e+000 +3.370000000e+001 -2.6130e+294 +1.1639e+296 +1.1759e+308 +1.6450e+293 -1.4779e+295 +2.0152e+288 -3.2663e+301 +3.2060e+303 -1.6065e+288 +1.7494e+296
% function evaluation | noise-free fitness - Fopt (-1.618300000000e+002) | best noise-free fitness - Fopt | measured fitness | best measured fitness | x1 | x2...
1 +2.429374005e+002 +2.429374005e+002 +8.110740053e+001 +8.110740053e+001 +1.9409e+000 +1.4003e+000 -3.4200e+000 -1.9720e+000 +7.3885e-001 +2.3840e+000 -1.6802e+000 -1.0126e+000 +4.4311e+000 -3.8596e+000
2 +2.368511002e+002 +2.368511002e+002 +7.502110017e+001 +7.502110017e+001 +1.6341e+000 +5.4739e-001 -2.7901e+000 -1.5109e+000 +2.5927e+000 +2.4916e+000 -1.3577e+000 -1.6132e+000 +4.4975e+000 -3.6805e+000
6 +2.337438829e+002 +2.337438829e+002 +7.191388290e+001 +7.191388290e+001 +1.6931e+000 +3.8494e-001 -3.3654e+000 -1.7929e+000 +1.5601e+000 +2.6651e+000 -6.7991e-001 -1.0971e+000 +4.2549e+000 -2.8384e+000
25 +2.290164404e+002 +2.290164404e+002 +6.718644045e+001 +6.718644045e+001 +2.0503e-001 -3.7081e-002 -1.5507e+000 -2.6688e+000 +8.2006e-001 +2.5116e+000 -1.5378e+000 -1.1223e+000 +3.4048e+000 -3.1565e+000
52 +2.134079081e+002 +2.134079081e+002 +5.157790815e+001 +5.157790815e+001 +1.2031e+000 +8.9955e-001 -3.6029e+000 -2.5059e+000 +2.1513e+000 +2.6466e+000 -1.4802e+000 -1.1304e+000 +2.0973e+000 -3.3334e+000
53 +1.905695003e+002 +1.905695003e+002 +2.873950032e+001 +2.873950032e+001 -4.4475e+000 +1.6480e+000 -3.7621e+000 -1.4864e+000 +1.3199e+000 +2.2594e+000 -1.8315e+000 -5.9441e-001 +4.0748e+000 +5.4171e-001
72 +1.740729618e+002 +1.740729618e+002 +1.224296181e+001 +1.224296181e+001 +1.2532e+000 +1.3643e+000 -4.8934e+000 -1.3025e+000 +2.6223e+000 +1.5064e+000 -8.7852e+000 -9.6676e-001 +7.8734e-001 -1.6821e+000
110 +1.364511474e+002 +1.364511474e+002 -2.537885261e+001 -2.537885261e+001 +2.8571e+000 +9.0571e-001 -4.2263e+000 -1.8162e+000 +1.8990e+000 -9.7760e-001 -3.3024e+000 -7.7536e-001 +1.6953e+000 +8.8903e+000
163 +1.046070958e+002 +1.046070958e+002 -5.722290424e+001 -5.722290424e+001 -6.6095e+000 +7.1292e-001 -2.0413e+000 -3.6474e+000 +3.0961e+000 +3.2336e+000 -8.7157e+000 -5.2322e+000 +1.9038e+000 +2.3879e+000
164 +1.009072611e+002 +1.009072611e+002 -6.092273886e+001 -6.092273886e+001 +1.5800e+000 +1.1798e+000 -1.9012e+000 -2.7952e+000 +1.3758e+000 +2.7990e+000 -4.8182e+000 -2.5288e+000 +9.1808e-001 +6.2910e+000
218 +9.680391906e+001 +9.680391906e+001 -6.502608094e+001 -6.502608094e+001 -1.2627e-001 -4.7998e-001 -8.7444e-001 -6.4808e+000 +3.1873e+000 +3.2528e+000 -2.1318e+001 -8.7823e-001 +4.1657e-001 +1.9536e+001
237 +6.427371915e+001 +6.427371915e+001 -9.755628085e+001 -9.755628085e+001 -3.5946e+000 +5.9193e-001 -4.2089e+000 -2.2368e+000 +1.9360e+000 +2.4611e+000 -2.2927e+001 -9.9935e-001 -3.9320e+000 +7.1036e+000
273 +5.577588421e+001 +5.577588421e+001 -1.060541158e+002 -1.060541158e+002 -5.8164e-001 +1.4246e+000 -5.0084e+000 -4.3231e+000 +3.7390e+000 +4.0216e+000 -1.1712e+001 -2.3068e+000 -2.1443e+000 +1.8132e+001
284 +4.696388217e+001 +4.696388217e+001 -1.148661178e+002 -1.148661178e+002 -4.1342e+000 +2.2071e+000 -4.7636e+000 -9.6441e-002 +2.5429e+000 +4.1698e+000 -6.1917e+000 -2.1499e+000 -4.4026e+000 +7.1376e+000
308 +4.511110627e+001 +4.511110627e+001 -1.167188937e+002 -1.167188937e+002 -2.8042e-001 +2.2861e+000 -4.0927e+000 -6.1269e+000 +2.7780e+000 +4.5486e+000 -7.3963e+000 -5.5337e+000 -1.4395e+000 +9.1868e+000
310 +2.959051937e+001 +2.959051937e+001 -1.322394806e+002 -1.322394806e+002 +1.0231e+000 -8.5859e-002 -3.9491e+000 +1.0834e+000 +4.2312e+000 +5.5248e+000 -6.3969e+000 -9.0835e+000 -6.4672e+000 +6.9676e+000
328 +2.146684269e+001 +2.146684269e+001 -1.403631573e+002 -1.403631573e+002 +2.0941e-001 +7.0475e-001 -2.1223e+000 -4.2679e+000 +3.4431e+000 +5.2466e+000 -1.2886e+001 -5.0271e+000 -7.2938e+000 +9.5086e+000
385 +1.531372946e+001 +1.531372946e+001 -1.465162705e+002 -1.465162705e+002 +7.3588e-002 -8.7360e-001 -5.2541e+000 -6.4305e+000 +4.0462e+000 +5.2277e+000 -1.1214e+001 -1.0155e+001 -6.0102e+000 +8.4361e+000
403 +1.362352674e+001 +1.362352674e+001 -1.482064733e+002 -1.482064733e+002 -1.5244e+000 +1.4446e+000 -2.4135e+000 -1.0340e+001 +1.0062e+001 +4.6546e+000 -1.2922e+001 -7.4351e+000 -6.0064e+000 +2.1534e+001
405 +9.250933612e+000 +9.250933612e+000 -1.525790664e+002 -1.525790664e+002 -1.6591e+000 +1.2110e+000 -4.3907e+000 -5.7183e+000 +5.0987e+000 +5.1255e+000 -1.2006e+001 -6.7094e+000 -8.6362e+000 +1.1420e+001
408 +7.684488920e+000 +7.684488920e+000 -1.541455111e+002 -1.541455111e+002 -7.1458e-001 +7.3096e+000 -4.7788e+000 -5.5516e+000 +4.5951e+000 +6.5190e+000 -9.3738e+000 -3.4257e+001 -4.7542e+000 +1.9340e+001
462 +7.289652109e+000 +7.289652109e+000 -1.545403479e+002 -1.545403479e+002 +1.3920e+000 +4.3050e+000 -1.1368e+001 -8.6609e+000 +5.4427e+000 +6.7285e+000 -1.3799e+001 -1.3686e+001 -7.5595e+000 +7.6141e+000
463 +5.782681164e+000 +5.782681164e+000 -1.560473188e+002 -1.560473188e+002 -3.4274e+000 +1.7403e+000 -6.1186e+000 -7.5496e+000 +7.3402e+000 +7.2145e+000 -1.2968e+001 -6.3048e+000 -6.1283e+000 +1.1376e+001
490 +4.786086824e+000 +4.786086824e+000 -1.570439132e+002 -1.570439132e+002 -8.6378e-001 +4.6654e+000 -4.8695e+000 -5.4564e+000 +1.2295e+001 +5.2239e+000 -1.4635e+001 -1.5331e+001 -7.5446e+000 +1.1745e+001
501 +2.879830754e+000 +2.879830754e+000 -1.589501692e+002 -1.589501692e+002 -4.9793e+000 +3.6190e+000 -7.8462e+000 -6.1168e+000 +7.1029e+000 +4.7007e+000 -1.4346e+001 -1.0948e+001 -1.2350e+001 +1.3269e+001
526 +2.122119440e+000 +2.122119440e+000 -1.597078806e+002 -1.597078806e+002 -6.5247e+000 +3.3569e+000 -7.6476e+000 -7.4329e+000 +9.7007e+000 +6.0807e+000 -1.1456e+001 -1.0297e+001 -6.8738e+000 +1.2480e+001
557 +1.418092564e+000 +1.418092564e+000 -1.604119074e+002 -1.604119074e+002 -1.0653e+001 +3.9020e+000 -9.9790e+000 -1.1050e+001 +9.6548e+000 +5.3696e+000 -1.7501e+001 -1.0754e+001 -5.8461e+000 +5.8213e+000
563 +1.829403766e-001 +1.829403766e-001 -1.616470596e+002 -1.616470596e+002 -1.0645e+001 +5.9417e+000 -7.4065e+000 -4.9151e+000 +5.6287e+000 +5.5598e+000 -8.7586e+000 -2.4907e+001 -1.1388e+001 +5.8433e+001
573 +3.236409445e-002 +3.236409445e-002 -1.617976359e+002 -1.617976359e+002 -1.3868e+001 +4.9749e+000 -1.0689e+001 -9.9514e+000 +1.1242e+001 +5.9777e+000 -1.4532e+001 -2.0572e+001 -8.3267e+000 +1.4197e+001
643 +0.000000000e+000 +0.000000000e+000 -1.618300000e+002 -1.618300000e+002 -1.0195e+001 +6.3764e+000 -1.7290e+001 -1.0358e+001 +1.3568e+001 +7.9089e+000 -1.1205e+001 -2.1840e+001 -7.9469e+000 +1.4164e+001
559683 +1.#INF00000e+000 +0.000000000e+000 +1.#INF00000e+000 -1.618300000e+002 -1.7816e+296 +3.1681e+295 -5.8378e+305 -5.0210e+299 +4.2005e+304 -6.3026e+307 -1.5758e+307 -4.2916e+293 -7.8091e+296 +1.4043e+305
