% function evaluation | noise-free fitness - Fopt (-1.694000000000e+001) | best noise-free fitness - Fopt | measured fitness | best measured fitness | x1 | x2...
1 +2.303730606e+001 +2.303730606e+001 +6.097306059e+000 +6.097306059e+000 +2.9480e+000 -3.5998e+000 -4.7117e-001
10 +2.091411347e+001 +2.091411347e+001 +3.974113474e+000 +3.974113474e+000 +7.7226e-001 -9.7204e-001 +5.1259e+000
18 +1.654646046e+001 +1.654646046e+001 -3.935395425e-001 -3.935395425e-001 +3.6083e-001 -1.3033e+000 -3.3125e+000
31 +9.436020367e+000 +9.436020367e+000 -7.503979633e+000 -7.503979633e+000 +2.3244e+000 -5.6304e-002 -5.0994e-001
59 +9.030776965e+000 +9.030776965e+000 -7.909223035e+000 -7.909223035e+000 +1.4981e+000 +1.1352e+000 -1.5256e+000
61 +8.759354742e+000 +8.759354742e+000 -8.180645258e+000 -8.180645258e+000 +1.4046e+000 +1.0731e+000 -2.8940e+000
75 +8.080415917e+000 +8.080415917e+000 -8.859584083e+000 -8.859584083e+000 +1.1747e+000 +2.0423e+000 -2.3406e+000
76 +3.869636248e+000 +3.869636248e+000 -1.307036375e+001 -1.307036375e+001 +1.5401e+000 +8.0087e-001 -3.9120e-001
93 +3.198803153e+000 +3.198803153e+000 -1.374119685e+001 -1.374119685e+001 +1.9776e+000 +2.0690e+000 -1.6013e+000
99 +2.632428028e+000 +2.632428028e+000 -1.430757197e+001 -1.430757197e+001 +3.8422e+000 +2.4422e+000 -4.2371e-001
123 +1.883841789e+000 +1.883841789e+000 -1.505615821e+001 -1.505615821e+001 +3.0587e+000 +2.0009e+000 -6.9553e-001
137 +1.411839332e+000 +1.411839332e+000 -1.552816067e+001 -1.552816067e+001 +2.8693e+000 +1.8317e+000 -7.3071e-001
142 +1.293041396e+000 +1.293041396e+000 -1.564695860e+001 -1.564695860e+001 +2.9438e+000 +1.9684e+000 -4.9762e-001
179 +1.034523733e+000 +1.034523733e+000 -1.590547627e+001 -1.590547627e+001 +2.7088e+000 +1.8777e+000 -8.2988e-001
190 +8.020354850e-001 +8.020354850e-001 -1.613796451e+001 -1.613796451e+001 +2.7493e+000 +1.7514e+000 -8.8019e-001
259 +4.022347020e-001 +4.022347020e-001 -1.653776530e+001 -1.653776530e+001 +2.9979e+000 +1.9089e+000 -9.7170e-001
407 +3.936878743e-001 +3.936878743e-001 -1.654631213e+001 -1.654631213e+001 +3.0409e+000 +1.8776e+000 -9.8406e-001
409 +3.572423055e-001 +3.572423055e-001 -1.658275769e+001 -1.658275769e+001 +3.0096e+000 +1.8881e+000 -9.5681e-001
491 +3.070275254e-001 +3.070275254e-001 -1.663297247e+001 -1.663297247e+001 +3.0126e+000 +1.8948e+000 -9.6341e-001
670 +3.007965787e-001 +3.007965787e-001 -1.663920342e+001 -1.663920342e+001 +3.0117e+000 +1.8953e+000 -9.6192e-001
686 +2.925324943e-001 +2.925324943e-001 -1.664746751e+001 -1.664746751e+001 +3.0155e+000 +1.8980e+000 -9.6341e-001
839 +2.774803117e-001 +2.774803117e-001 -1.666251969e+001 -1.666251969e+001 +3.0136e+000 +1.8951e+000 -9.6285e-001
966 +2.717192006e-001 +2.717192006e-001 -1.666828080e+001 -1.666828080e+001 +3.0137e+000 +1.8953e+000 -9.6288e-001
% function evaluation | noise-free fitness - Fopt (1.881000000000e+001) | best noise-free fitness - Fopt | measured fitness | best measured fitness | x1 | x2...
1 +1.754033162e+002 +1.754033162e+002 +1.942133162e+002 +1.942133162e+002 +8.6765e+000 -2.9232e-001 +2.2956e+000
2 +8.303459744e+001 +8.303459744e+001 +1.018445974e+002 +1.018445974e+002 +3.8354e+000 -6.9409e+000 -3.3322e+000
3 +6.253312440e+001 +6.253312440e+001 +8.134312440e+001 +8.134312440e+001 +5.6515e+000 -5.2671e+000 +1.1169e+000
5 +5.259072480e+001 +5.259072480e+001 +7.140072480e+001 +7.140072480e+001 +4.9063e+000 -4.7946e+000 +2.8722e+000
9 +3.285390699e+001 +3.285390699e+001 +5.166390699e+001 +5.166390699e+001 +2.9419e+000 -5.4928e+000 +8.0882e-001
10 +1.397394378e+001 +1.397394378e+001 +3.278394378e+001 +3.278394378e+001 +5.4931e+000 +1.3394e+000 -1.7537e+000
59 +6.535190414e+000 +6.535190414e+000 +2.534519041e+001 +2.534519041e+001 +1.9905e-001 -1.9504e+000 -8.8997e-001
75 +3.300910297e+000 +3.300910297e+000 +2.211091030e+001 +2.211091030e+001 -1.2668e+000 +1.5947e+000 -2.4905e+000
91 +2.673678906e+000 +2.673678906e+000 +2.148367891e+001 +2.148367891e+001 +3.8095e-002 +9.7028e-001 -6.2125e-001
124 +1.846660374e+000 +1.846660374e+000 +2.065666037e+001 +2.065666037e+001 +1.2307e-002 +1.9806e+000 -1.4827e+000
136 +1.546820540e+000 +1.546820540e+000 +2.035682054e+001 +2.035682054e+001 -7.7776e-001 +1.5494e+000 -4.6763e-001
174 +1.269785012e+000 +1.269785012e+000 +2.007978501e+001 +2.007978501e+001 -1.0917e+000 +1.7046e+000 -4.6729e-001
191 +1.069354279e+000 +1.069354279e+000 +1.987935428e+001 +1.987935428e+001 -1.0649e+000 +1.7735e+000 -4.4780e-001
204 +9.270956043e-001 +9.270956043e-001 +1.973709560e+001 +1.973709560e+001 -7.0653e-001 +1.8263e+000 -1.1764e+000
225 +8.134379229e-001 +8.134379229e-001 +1.962343792e+001 +1.962343792e+001 -7.5834e-001 +1.6791e+000 -4.0397e-001
230 +6.105089190e-001 +6.105089190e-001 +1.942050892e+001 +1.942050892e+001 -3.6324e-001 +1.5116e+000 -4.8738e-001
235 +5.877824611e-001 +5.877824611e-001 +1.939778246e+001 +1.939778246e+001 -6.9281e-001 +1.7496e+000 -5.6820e-001
242 +4.909184414e-001 +4.909184414e-001 +1.930091844e+001 +1.930091844e+001 -5.4756e-001 +1.6695e+000 -5.4722e-001
257 +4.447226887e-001 +4.447226887e-001 +1.925472269e+001 +1.925472269e+001 -4.4656e-001 +1.7004e+000 -4.6779e-001
265 +3.027172831e-001 +3.027172831e-001 +1.911271728e+001 +1.911271728e+001 -4.4380e-001 +1.6654e+000 -7.7192e-001
278 +2.754829558e-001 +2.754829558e-001 +1.908548296e+001 +1.908548296e+001 -4.0041e-001 +1.7155e+000 -6.5429e-001
300 +1.987975955e-001 +1.987975955e-001 +1.900879760e+001 +1.900879760e+001 -1.5369e-001 +1.7504e+000 -6.9054e-001
304 +1.840649512e-001 +1.840649512e-001 +1.899406495e+001 +1.899406495e+001 -3.6744e-001 +1.6414e+000 -6.4168e-001
367 +1.000083018e-001 +1.000083018e-001 +1.891000830e+001 +1.891000830e+001 -2.8331e-001 +1.7492e+000 -7.6790e-001
525 +7.328035327e-002 +7.328035327e-002 +1.888328035e+001 +1.888328035e+001 -3.3038e-001 +1.7105e+000 -6.9465e-001
% function evaluation | noise-free fitness - Fopt (2.731500000000e+002) | best noise-free fitness - Fopt | measured fitness | best measured fitness | x1 | x2...
1 +9.644748170e+002 +9.644748170e+002 +1.237624817e+003 +1.237624817e+003 -5.2153e+000 -1.2990e+000 +1.3023e+001
2 +7.125854416e+002 +7.125854416e+002 +9.857354416e+002 +9.857354416e+002 +4.1417e+000 -9.2021e+000 -3.0532e-001
3 +3.453107011e+002 +3.453107011e+002 +6.184607011e+002 +6.184607011e+002 +1.1002e+000 -6.8335e+000 +1.1401e+000
4 +2.559817251e+002 +2.559817251e+002 +5.291317251e+002 +5.291317251e+002 +1.5813e+000 -2.9465e+000 +4.8142e+000
9 +2.293427415e+002 +2.293427415e+002 +5.024927415e+002 +5.024927415e+002 +3.0116e+000 -3.6862e+000 +1.4648e+000
10 +2.133075638e+002 +2.133075638e+002 +4.864575638e+002 +4.864575638e+002 +1.2199e+000 -4.5088e+000 +1.8231e+000
14 +1.004295637e+002 +1.004295637e+002 +3.735795637e+002 +3.735795637e+002 +2.9468e+000 -3.5878e+000 +2.0703e+000
15 +5.401884263e+001 +5.401884263e+001 +3.271688426e+002 +3.271688426e+002 +3.7936e+000 -9.4781e-001 +5.5476e-001
25 +3.770455589e+001 +3.770455589e+001 +3.108545559e+002 +3.108545559e+002 +1.3712e+000 +1.7861e+000 +1.7264e+000
30 +3.551332802e+001 +3.551332802e+001 +3.086633280e+002 +3.086633280e+002 +9.7145e-001 +4.1523e+000 -8.4535e-001
37 +1.296036812e+001 +1.296036812e+001 +2.861103681e+002 +2.861103681e+002 -1.3740e+000 +2.4803e+000 +1.8668e+000
40 +1.074195654e+001 +1.074195654e+001 +2.838919565e+002 +2.838919565e+002 -2.6160e+000 +9.4488e-001 +1.3056e+000
43 +7.750875836e+000 +7.750875836e+000 +2.809008758e+002 +2.809008758e+002 -2.2707e+000 +2.0644e+000 -1.1553e+000
61 +3.130138519e+000 +3.130138519e+000 +2.762801385e+002 +2.762801385e+002 -2.5705e+000 +2.6191e+000 -9.0358e-002
108 +2.408615733e+000 +2.408615733e+000 +2.755586157e+002 +2.755586157e+002 -2.5413e+000 +2.9903e+000 -2.6785e-001
141 +2.326163232e+000 +2.326163232e+000 +2.754761632e+002 +2.754761632e+002 -2.4966e+000 +3.0907e+000 +2.4999e-001
157 +1.878004365e+000 +1.878004365e+000 +2.750280044e+002 +2.750280044e+002 -2.5780e+000 +2.9943e+000 +2.9132e-001
187 +1.839615045e+000 +1.839615045e+000 +2.749896150e+002 +2.749896150e+002 -2.4616e+000 +3.0787e+000 +2.1885e-001
213 +1.670994355e+000 +1.670994355e+000 +2.748209944e+002 +2.748209944e+002 -2.3899e+000 +3.0996e+000 +1.9994e-001
218 +1.585423887e+000 +1.585423887e+000 +2.747354239e+002 +2.747354239e+002 -2.4170e+000 +3.0659e+000 +2.0215e-001
232 +1.552369072e+000 +1.552369072e+000 +2.747023691e+002 +2.747023691e+002 -2.4051e+000 +3.0729e+000 +1.7819e-001
299 +1.502976739e+000 +1.502976739e+000 +2.746529767e+002 +2.746529767e+002 -2.4335e+000 +3.0400e+000 +1.9169e-001
462 +1.450050758e+000 +1.450050758e+000 +2.746000508e+002 +2.746000508e+002 -2.4261e+000 +3.0264e+000 +1.7648e-001
550 +1.434947865e+000 +1.434947865e+000 +2.745849479e+002 +2.745849479e+002 -2.4246e+000 +3.0262e+000 +1.6753e-001
586 +1.400653955e+000 +1.400653955e+000 +2.745506540e+002 +2.745506540e+002 -2.4298e+000 +3.0288e+000 +1.7588e-001
597 +1.339637573e+000 +1.339637573e+000 +2.744896376e+002 +2.744896376e+002 -2.4319e+000 +3.0279e+000 +1.7090e-001
740 +1.309857465e+000 +1.309857465e+000 +2.744598575e+002 +2.744598575e+002 -2.4380e+000 +3.0264e+000 +1.6716e-001
779 +1.284174994e+000 +1.284174994e+000 +2.744341750e+002 +2.744341750e+002 -2.4389e+000 +3.0281e+000 +1.6692e-001
% function evaluation | noise-free fitness - Fopt (3.718000000000e+001) | best noise-free fitness - Fopt | measured fitness | best measured fitness | x1 | x2...
1 +4.217380698e+001 +4.217380698e+001 +7.935380698e+001 +7.935380698e+001 +3.5964e+000 +2.0313e+000 -2.5524e+000
14 +3.928111929e+001 +3.928111929e+001 +7.646111929e+001 +7.646111929e+001 -9.6657e-001 -2.4318e-001 -4.4158e+000
25 +1.085153075e+001 +1.085153075e+001 +4.803153075e+001 +4.803153075e+001 +1.1478e+000 +1.2830e+000 -4.9653e-001
46 +9.936911321e+000 +9.936911321e+000 +4.711691132e+001 +4.711691132e+001 -1.1363e+000 +6.0218e-002 +5.2616e+000
51 +6.104279436e+000 +6.104279436e+000 +4.328427944e+001 +4.328427944e+001 -3.5648e+000 +5.1304e-001 -1.7527e-001
74 +5.554349085e+000 +5.554349085e+000 +4.273434908e+001 +4.273434908e+001 -1.6916e+000 +2.8901e+000 +3.4348e-001
91 +2.396307062e+000 +2.396307062e+000 +3.957630706e+001 +3.957630706e+001 -2.0339e+000 +2.3268e+000 +1.8560e+000
111 +1.965852871e+000 +1.965852871e+000 +3.914585287e+001 +3.914585287e+001 -1.9862e+000 +2.4249e+000 +2.2027e+000
117 +1.826629340e+000 +1.826629340e+000 +3.900662934e+001 +3.900662934e+001 -2.2856e+000 +2.4454e+000 +2.4399e+000
127 +1.715673647e+000 +1.715673647e+000 +3.889567365e+001 +3.889567365e+001 -1.5237e+000 +2.3871e+000 +2.2510e+000
152 +1.064349412e+000 +1.064349412e+000 +3.824434941e+001 +3.824434941e+001 -2.5112e+000 +2.1731e+000 +2.0321e+000
215 +1.002360669e+000 +1.002360669e+000 +3.818236067e+001 +3.818236067e+001 -2.9307e+000 +2.2033e+000 +1.7881e+000
223 +8.063037047e-001 +8.063037047e-001 +3.798630370e+001 +3.798630370e+001 -2.8591e+000 +2.2489e+000 +1.9207e+000
252 +7.532331801e-001 +7.532331801e-001 +3.793323318e+001 +3.793323318e+001 -4.4257e+000 +2.1398e+000 +1.8385e+000
258 +6.004189243e-001 +6.004189243e-001 +3.778041892e+001 +3.778041892e+001 -3.8944e+000 +2.2960e+000 +1.8826e+000
283 +3.464999296e-001 +3.464999296e-001 +3.752649993e+001 +3.752649993e+001 -3.9270e+000 +2.3581e+000 +1.9698e+000
292 +3.164450603e-001 +3.164450603e-001 +3.749644506e+001 +3.749644506e+001 -3.8656e+000 +2.0555e+000 +1.8848e+000
299 +3.126077782e-001 +3.126077782e-001 +3.749260778e+001 +3.749260778e+001 -3.9829e+000 +2.3284e+000 +1.9535e+000
307 +2.110032557e-001 +2.110032557e-001 +3.739100326e+001 +3.739100326e+001 -3.9703e+000 +2.1429e+000 +1.9327e+000
407 +1.232835032e-001 +1.232835032e-001 +3.730328350e+001 +3.730328350e+001 -3.8616e+000 +2.0515e+000 +1.9814e+000
426 +1.131536505e-001 +1.131536505e-001 +3.729315365e+001 +3.729315365e+001 -3.9232e+000 +2.0351e+000 +1.9880e+000
455 +5.782021731e-002 +5.782021731e-002 +3.723782022e+001 +3.723782022e+001 -3.9545e+000 +2.0691e+000 +2.0441e+000
518 +5.186473231e-002 +5.186473231e-002 +3.723186473e+001 +3.723186473e+001 -3.8489e+000 +2.0850e+000 +2.0468e+000
521 +3.266805296e-002 +3.266805296e-002 +3.721266805e+001 +3.721266805e+001 -3.8444e+000 +2.0776e+000 +2.0401e+000
562 +1.534781506e-002 +1.534781506e-002 +3.719534782e+001 +3.719534782e+001 -3.8921e+000 +2.0679e+000 +2.0400e+000
580 +1.414982963e-002 +1.414982963e-002 +3.719414983e+001 +3.719414983e+001 -3.8957e+000 +2.0674e+000 +2.0421e+000
610 +9.311755827e-003 +9.311755827e-003 +3.718931176e+001 +3.718931176e+001 -3.9033e+000 +2.0598e+000 +2.0401e+000
649 +3.098960813e-003 +3.098960813e-003 +3.718309896e+001 +3.718309896e+001 -3.9020e+000 +2.0597e+000 +2.0407e+000
697 +1.856978365e-003 +1.856978365e-003 +3.718185698e+001 +3.718185698e+001 -3.8992e+000 +2.0596e+000 +2.0398e+000
709 +1.560488945e-003 +1.560488945e-003 +3.718156049e+001 +3.718156049e+001 -3.8997e+000 +2.0600e+000 +2.0404e+000
714 +1.480294922e-003 +1.480294922e-003 +3.718148029e+001 +3.718148029e+001 -3.8999e+000 +2.0602e+000 +2.0399e+000
716 +1.420896589e-003 +1.420896589e-003 +3.718142090e+001 +3.718142090e+001 -3.8992e+000 +2.0604e+000 +2.0402e+000
722 +1.221202924e-003 +1.221202924e-003 +3.718122120e+001 +3.718122120e+001 -3.9001e+000 +2.0603e+000 +2.0402e+000
725 +1.135473322e-003 +1.135473322e-003 +3.718113547e+001 +3.718113547e+001 -3.9000e+000 +2.0599e+000 +2.0402e+000
730 +3.492031694e-004 +3.492031694e-004 +3.718034920e+001 +3.718034920e+001 -3.8992e+000 +2.0601e+000 +2.0400e+000
753 +3.158048133e-004 +3.158048133e-004 +3.718031580e+001 +3.718031580e+001 -3.8993e+000 +2.0599e+000 +2.0401e+000
812 +1.917956612e-004 +1.917956612e-004 +3.718019180e+001 +3.718019180e+001 -3.8992e+000 +2.0601e+000 +2.0400e+000
1061 +1.780479035e-004 +1.780479035e-004 +3.718017805e+001 +3.718017805e+001 -3.8991e+000 +2.0600e+000 +2.0400e+000
1082 +1.727863817e-004 +1.727863817e-004 +3.718017279e+001 +3.718017279e+001 -3.8992e+000 +2.0600e+000 +2.0400e+000
1089 +4.857045969e-005 +4.857045969e-005 +3.718004857e+001 +3.718004857e+001 -3.8992e+000 +2.0600e+000 +2.0400e+000
1096 +4.475981870e-005 +4.475981870e-005 +3.718004476e+001 +3.718004476e+001 -3.8992e+000 +2.0600e+000 +2.0400e+000
1103 +3.451687920e-005 +3.451687920e-005 +3.718003452e+001 +3.718003452e+001 -3.8992e+000 +2.0600e+000 +2.0400e+000
1108 +2.931310473e-005 +2.931310473e-005 +3.718002931e+001 +3.718002931e+001 -3.8992e+000 +2.0600e+000 +2.0400e+000
1163 +2.879205852e-005 +2.879205852e-005 +3.718002879e+001 +3.718002879e+001 -3.8992e+000 +2.0600e+000 +2.0400e+000
% function evaluation | noise-free fitness - Fopt (-1.479000000000e+002) | best noise-free fitness - Fopt | measured fitness | best measured fitness | x1 | x2...
1 +7.008331617e+001 +7.008331617e+001 -7.781668383e+001 -7.781668383e+001 +6.9258e+000 -1.9661e+000 +2.6225e-001
3 +1.994359937e+001 +1.994359937e+001 -1.279564006e+002 -1.279564006e+002 +3.8749e+000 -3.1661e+000 -2.6980e+000
5 +1.585251770e+001 +1.585251770e+001 -1.320474823e+002 -1.320474823e+002 +2.9770e+000 -1.6390e+000 -2.7264e-001
16 +1.044426736e+001 +1.044426736e+001 -1.374557326e+002 -1.374557326e+002 +1.9832e+000 -3.1302e+000 +3.8330e-001
23 +9.590998876e+000 +9.590998876e+000 -1.383090011e+002 -1.383090011e+002 +1.0362e+000 -9.0137e-001 -7.8562e-001
26 +6.957421157e+000 +6.957421157e+000 -1.409425788e+002 -1.409425788e+002 +9.9275e-001 +6.4051e-001 +7.2034e-001
50 +3.118554047e+000 +3.118554047e+000 -1.447814460e+002 -1.447814460e+002 -1.3792e+000 +1.5594e+000 +9.5266e-001
63 +2.695514270e+000 +2.695514270e+000 -1.452044857e+002 -1.452044857e+002 -1.5548e+000 -4.0517e-001 +9.5061e-001
80 +1.969586957e+000 +1.969586957e+000 -1.459304130e+002 -1.459304130e+002 -1.7096e+000 -5.1139e-001 +2.0023e-001
81 +1.508043108e+000 +1.508043108e+000 -1.463919569e+002 -1.463919569e+002 -1.4709e+000 -8.2844e-001 +5.5831e-001
108 +1.473173067e+000 +1.473173067e+000 -1.464268269e+002 -1.464268269e+002 -1.3300e+000 -3.2746e-001 +4.5556e-001
125 +9.955132008e-001 +9.955132008e-001 -1.469044868e+002 -1.469044868e+002 -1.6988e+000 -3.1226e-001 +2.6227e-001
136 +7.437586810e-001 +7.437586810e-001 -1.471562413e+002 -1.471562413e+002 -1.7073e+000 -3.5408e-001 +2.3491e-001
171 +7.135718821e-001 +7.135718821e-001 -1.471864281e+002 -1.471864281e+002 -1.9510e+000 -3.6214e-001 +3.2852e-001
209 +6.205188394e-001 +6.205188394e-001 -1.472794812e+002 -1.472794812e+002 -1.8953e+000 -1.9120e-001 +4.9294e-001
216 +5.375749443e-001 +5.375749443e-001 -1.473624251e+002 -1.473624251e+002 -1.5750e+000 +7.5569e-002 +6.4570e-001
249 +4.848119460e-001 +4.848119460e-001 -1.474151881e+002 -1.474151881e+002 -1.8560e+000 -1.6527e-001 +4.6825e-001
273 +4.611814764e-001 +4.611814764e-001 -1.474388185e+002 -1.474388185e+002 -1.7961e+000 -1.6334e-001 +4.5470e-001
299 +4.051505462e-001 +4.051505462e-001 -1.474948495e+002 -1.474948495e+002 -1.7964e+000 -1.6960e-001 +4.5014e-001
319 +3.932719739e-001 +3.932719739e-001 -1.475067280e+002 -1.475067280e+002 -1.7673e+000 -1.7495e-001 +4.6437e-001
356 +2.956678114e-001 +2.956678114e-001 -1.476043322e+002 -1.476043322e+002 -1.7497e+000 -1.9784e-001 +4.7460e-001
386 +2.602776956e-001 +2.602776956e-001 -1.476397223e+002 -1.476397223e+002 -1.7466e+000 -2.0233e-001 +4.6874e-001
418 +2.296237404e-001 +2.296237404e-001 -1.476703763e+002 -1.476703763e+002 -1.7475e+000 -2.0396e-001 +4.7042e-001
475 +2.171091489e-001 +2.171091489e-001 -1.476828909e+002 -1.476828909e+002 -1.7480e+000 -2.0612e-001 +4.6341e-001
694 +2.128787273e-001 +2.128787273e-001 -1.476871213e+002 -1.476871213e+002 -1.7479e+000 -2.0776e-001 +4.6086e-001
724 +2.060808315e-001 +2.060808315e-001 -1.476939192e+002 -1.476939192e+002 -1.7498e+000 -2.0803e-001 +4.6116e-001
739 +2.017630414e-001 +2.017630414e-001 -1.476982370e+002 -1.476982370e+002 -1.7498e+000 -2.0804e-001 +4.6144e-001
815 +1.994138773e-001 +1.994138773e-001 -1.477005861e+002 -1.477005861e+002 -1.7493e+000 -2.0832e-001 +4.6104e-001
857 +1.942563875e-001 +1.942563875e-001 -1.477057436e+002 -1.477057436e+002 -1.7493e+000 -2.0844e-001 +4.6113e-001
895 +1.899467714e-001 +1.899467714e-001 -1.477100532e+002 -1.477100532e+002 -1.7494e+000 -2.0847e-001 +4.6101e-001
% function evaluation | noise-free fitness - Fopt (-6.080000000000e+000) | best noise-free fitness - Fopt | measured fitness | best measured fitness | x1 | x2...
1 +4.525777970e+001 +4.525777970e+001 +3.917777970e+001 +3.917777970e+001 +3.8375e+000 -4.6777e+000 +1.9252e+000
4 +2.031989506e+001 +2.031989506e+001 +1.423989506e+001 +1.423989506e+001 -4.9115e-001 +3.3254e-001 -5.6956e-001
29 +1.441243645e+001 +1.441243645e+001 +8.332436446e+000 +8.332436446e+000 +4.4457e-001 -8.3041e-001 -1.2053e-001
31 +1.141135349e+001 +1.141135349e+001 +5.331353485e+000 +5.331353485e+000 +2.3930e+000 +7.0774e-001 -1.4987e+000
49 +6.708965838e+000 +6.708965838e+000 +6.289658380e-001 +6.289658380e-001 +1.1201e+000 +2.6098e+000 -8.2627e-001
84 +5.960135397e+000 +5.960135397e+000 -1.198646035e-001 -1.198646035e-001 +1.5046e+000 -1.3885e-001 -3.5140e+000
114 +5.639863239e+000 +5.639863239e+000 -4.401367606e-001 -4.401367606e-001 +1.8147e+000 -6.7686e-001 -3.8578e+000
149 +3.159157766e+000 +3.159157766e+000 -2.920842234e+000 -2.920842234e+000 -1.9298e-001 +2.3802e+000 -4.4649e+000
198 +2.363025146e+000 +2.363025146e+000 -3.716974854e+000 -3.716974854e+000 +6.6117e-001 +1.8755e+000 -3.7561e+000
208 +1.005727027e+000 +1.005727027e+000 -5.074272973e+000 -5.074272973e+000 +9.7953e-001 +2.2508e+000 -3.8120e+000
300 +9.700809913e-001 +9.700809913e-001 -5.109919009e+000 -5.109919009e+000 +1.5693e+000 +2.4861e+000 -4.0854e+000
321 +9.281246785e-001 +9.281246785e-001 -5.151875321e+000 -5.151875321e+000 +1.2985e+000 +2.3378e+000 -3.9432e+000
381 +8.523623286e-001 +8.523623286e-001 -5.227637671e+000 -5.227637671e+000 +9.9295e-001 +2.1632e+000 -3.1567e+000
387 +5.813063389e-001 +5.813063389e-001 -5.498693661e+000 -5.498693661e+000 +8.1118e-001 +2.1621e+000 -3.6216e+000
392 +4.626199715e-001 +4.626199715e-001 -5.617380029e+000 -5.617380029e+000 +6.5841e-001 +2.0164e+000 -3.3065e+000
393 +4.061935585e-001 +4.061935585e-001 -5.673806442e+000 -5.673806442e+000 +8.6671e-001 +2.0849e+000 -3.4804e+000
404 +1.833165842e-001 +1.833165842e-001 -5.896683416e+000 -5.896683416e+000 +7.0525e-001 +2.0850e+000 -3.2839e+000
427 +1.653093161e-001 +1.653093161e-001 -5.914690684e+000 -5.914690684e+000 +5.5950e-001 +2.0703e+000 -3.0669e+000
452 +1.418940010e-001 +1.418940010e-001 -5.938105999e+000 -5.938105999e+000 +6.4440e-001 +2.1211e+000 -3.2516e+000
474 +7.875731424e-002 +7.875731424e-002 -6.001242686e+000 -6.001242686e+000 +6.4474e-001 +2.0691e+000 -3.1319e+000
476 +4.304120666e-002 +4.304120666e-002 -6.036958793e+000 -6.036958793e+000 +6.3944e-001 +2.0599e+000 -3.1972e+000
586 +1.939897898e-002 +1.939897898e-002 -6.060601021e+000 -6.060601021e+000 +6.5266e-001 +2.0749e+000 -3.1973e+000
637 +1.485813132e-002 +1.485813132e-002 -6.065141869e+000 -6.065141869e+000 +6.5200e-001 +2.0726e+000 -3.1950e+000
653 +1.392535809e-002 +1.392535809e-002 -6.066074642e+000 -6.066074642e+000 +6.5242e-001 +2.0728e+000 -3.1958e+000
705 +1.375003915e-002 +1.375003915e-002 -6.066249961e+000 -6.066249961e+000 +6.5230e-001 +2.0727e+000 -3.1963e+000
722 +1.116571402e-002 +1.116571402e-002 -6.068834286e+000 -6.068834286e+000 +6.5131e-001 +2.0730e+000 -3.1958e+000
727 +1.004671210e-002 +1.004671210e-002 -6.069953288e+000 -6.069953288e+000 +6.5207e-001 +2.0735e+000 -3.1974e+000
818 +9.889069954e-003 +9.889069954e-003 -6.070110930e+000 -6.070110930e+000 +6.5192e-001 +2.0734e+000 -3.1972e+000
850 +9.503927315e-003 +9.503927315e-003 -6.070496073e+000 -6.070496073e+000 +6.5174e-001 +2.0734e+000 -3.1967e+000
968 +8.659613460e-003 +8.659613460e-003 -6.071340387e+000 -6.071340387e+000 +6.5138e-001 +2.0733e+000 -3.1964e+000
1347 +8.483251549e-003 +8.483251549e-003 -6.071516748e+000 -6.071516748e+000 +6.5128e-001 +2.0732e+000 -3.1963e+000
% function evaluation | noise-free fitness - Fopt (2.431100000000e+002) | best noise-free fitness - Fopt | measured fitness | best measured fitness | x1 | x2...
1 +7.864836008e+001 +7.864836008e+001 +3.217583601e+002 +3.217583601e+002 -7.0217e+000 -4.1545e+000 -6.3965e+000
3 +1.069585182e+001 +1.069585182e+001 +2.538058518e+002 +2.538058518e+002 -3.9746e+000 -3.2558e+000 +7.4669e-001
6 +8.030105137e+000 +8.030105137e+000 +2.511401051e+002 +2.511401051e+002 -5.5980e+000 -2.3272e+000 -2.6761e-001
8 +6.168937623e+000 +6.168937623e+000 +2.492789376e+002 +2.492789376e+002 -1.6497e+000 -1.1776e+000 +2.1912e+000
10 +3.506203135e+000 +3.506203135e+000 +2.466162031e+002 +2.466162031e+002 -3.4625e+000 -1.5805e+000 +5.5746e-001
15 +2.593878064e+000 +2.593878064e+000 +2.457038781e+002 +2.457038781e+002 -4.0583e+000 -1.8319e+000 -1.9658e+000
17 +1.509554886e+000 +1.509554886e+000 +2.446195549e+002 +2.446195549e+002 -3.8442e+000 -1.0739e+000 -4.9359e-001
19 +1.460817086e+000 +1.460817086e+000 +2.445708171e+002 +2.445708171e+002 -3.2379e+000 -1.0357e+000 +1.9518e-001
53 +1.071195236e+000 +1.071195236e+000 +2.441811952e+002 +2.441811952e+002 -3.5411e+000 -1.3618e+000 -5.9641e-001
61 +9.079275256e-001 +9.079275256e-001 +2.440179275e+002 +2.440179275e+002 -3.1388e+000 -9.7041e-001 -5.0771e-001
65 +6.873938395e-001 +6.873938395e-001 +2.437973938e+002 +2.437973938e+002 -3.4349e+000 -1.2031e+000 -4.1377e-001
81 +2.333879479e-001 +2.333879479e-001 +2.433433879e+002 +2.433433879e+002 -3.6890e+000 -1.4951e+000 -6.9169e-001
99 +2.288272640e-001 +2.288272640e-001 +2.433388273e+002 +2.433388273e+002 -3.8086e+000 -1.3588e+000 -6.9791e-001
106 +1.928544390e-001 +1.928544390e-001 +2.433028544e+002 +2.433028544e+002 -3.7672e+000 -1.4105e+000 -6.9603e-001
123 +1.002601835e-001 +1.002601835e-001 +2.432102602e+002 +2.432102602e+002 -3.7975e+000 -1.4993e+000 -6.9579e-001
147 +9.261914986e-002 +9.261914986e-002 +2.432026191e+002 +2.432026191e+002 -3.7650e+000 -1.4786e+000 -6.4188e-001
172 +6.622850255e-002 +6.622850255e-002 +2.431762285e+002 +2.431762285e+002 -3.7875e+000 -1.4863e+000 -6.6408e-001
181 +3.745879479e-002 +3.745879479e-002 +2.431474588e+002 +2.431474588e+002 -3.7771e+000 -1.4600e+000 -6.5127e-001
226 +3.501323340e-002 +3.501323340e-002 +2.431450132e+002 +2.431450132e+002 -3.7436e+000 -1.4361e+000 -6.3470e-001
250 +3.165950513e-002 +3.165950513e-002 +2.431416595e+002 +2.431416595e+002 -3.7626e+000 -1.4491e+000 -6.3140e-001
252 +2.777461006e-002 +2.777461006e-002 +2.431377746e+002 +2.431377746e+002 -3.7577e+000 -1.4514e+000 -6.4606e-001
253 +2.695335282e-002 +2.695335282e-002 +2.431369534e+002 +2.431369534e+002 -3.7629e+000 -1.4489e+000 -6.4698e-001
258 +2.383506745e-002 +2.383506745e-002 +2.431338351e+002 +2.431338351e+002 -3.7629e+000 -1.4515e+000 -6.4378e-001
269 +1.185122032e-002 +1.185122032e-002 +2.431218512e+002 +2.431218512e+002 -3.7629e+000 -1.4501e+000 -6.4255e-001
274 +1.120234011e-002 +1.120234011e-002 +2.431212023e+002 +2.431212023e+002 -3.7706e+000 -1.4470e+000 -6.4020e-001
289 +9.246208084e-003 +9.246208084e-003 +2.431192462e+002 +2.431192462e+002 -3.7646e+000 -1.4474e+000 -6.3836e-001
299 +5.989944953e-003 +5.989944953e-003 +2.431159899e+002 +2.431159899e+002 -3.7642e+000 -1.4462e+000 -6.4016e-001
306 +5.770965726e-003 +5.770965726e-003 +2.431157710e+002 +2.431157710e+002 -3.7641e+000 -1.4443e+000 -6.4029e-001
314 +2.659635948e-003 +2.659635948e-003 +2.431126596e+002 +2.431126596e+002 -3.7647e+000 -1.4446e+000 -6.3875e-001
322 +2.625437434e-003 +2.625437434e-003 +2.431126254e+002 +2.431126254e+002 -3.7657e+000 -1.4449e+000 -6.3875e-001
324 +2.375358834e-003 +2.375358834e-003 +2.431123754e+002 +2.431123754e+002 -3.7652e+000 -1.4445e+000 -6.3832e-001
332 +2.068099744e-003 +2.068099744e-003 +2.431120681e+002 +2.431120681e+002 -3.7657e+000 -1.4431e+000 -6.3967e-001
334 +1.341057563e-003 +1.341057563e-003 +2.431113411e+002 +2.431113411e+002 -3.7652e+000 -1.4449e+000 -6.3878e-001
337 +1.038368521e-003 +1.038368521e-003 +2.431110384e+002 +2.431110384e+002 -3.7654e+000 -1.4441e+000 -6.3883e-001
487 +1.006452714e-003 +1.006452714e-003 +2.431110065e+002 +2.431110065e+002 -3.7654e+000 -1.4438e+000 -6.3879e-001
488 +9.197588895e-004 +9.197588895e-004 +2.431109198e+002 +2.431109198e+002 -3.7653e+000 -1.4438e+000 -6.3882e-001
551 +9.067268673e-004 +9.067268673e-004 +2.431109067e+002 +2.431109067e+002 -3.7652e+000 -1.4437e+000 -6.3879e-001
556 +6.974345465e-004 +6.974345465e-004 +2.431106974e+002 +2.431106974e+002 -3.7653e+000 -1.4436e+000 -6.3877e-001
563 +6.821132240e-004 +6.821132240e-004 +2.431106821e+002 +2.431106821e+002 -3.7653e+000 -1.4436e+000 -6.3880e-001
585 +6.599347307e-004 +6.599347307e-004 +2.431106599e+002 +2.431106599e+002 -3.7653e+000 -1.4437e+000 -6.3880e-001
608 +6.389413475e-004 +6.389413475e-004 +2.431106389e+002 +2.431106389e+002 -3.7653e+000 -1.4436e+000 -6.3879e-001
618 +6.305280814e-004 +6.305280814e-004 +2.431106305e+002 +2.431106305e+002 -3.7653e+000 -1.4436e+000 -6.3877e-001
634 +6.116095605e-004 +6.116095605e-004 +2.431106116e+002 +2.431106116e+002 -3.7653e+000 -1.4436e+000 -6.3878e-001
661 +5.534117382e-004 +5.534117382e-004 +2.431105534e+002 +2.431105534e+002 -3.7652e+000 -1.4436e+000 -6.3875e-001
691 +4.812169804e-004 +4.812169804e-004 +2.431104812e+002 +2.431104812e+002 -3.7652e+000 -1.4436e+000 -6.3875e-001
879 +4.711373750e-004 +4.711373750e-004 +2.431104711e+002 +2.431104711e+002 -3.7652e+000 -1.4436e+000 -6.3868e-001
892 +4.612856284e-004 +4.612856284e-004 +2.431104613e+002 +2.431104613e+002 -3.7652e+000 -1.4436e+000 -6.3869e-001
922 +4.380142027e-004 +4.380142027e-004 +2.431104380e+002 +2.431104380e+002 -3.7652e+000 -1.4436e+000 -6.3869e-001
924 +4.314313196e-004 +4.314313196e-004 +2.431104314e+002 +2.431104314e+002 -3.7652e+000 -1.4436e+000 -6.3870e-001
933 +4.095647493e-004 +4.095647493e-004 +2.431104096e+002 +2.431104096e+002 -3.7652e+000 -1.4436e+000 -6.3869e-001
1040 +4.070023054e-004 +4.070023054e-004 +2.431104070e+002 +2.431104070e+002 -3.7652e+000 -1.4435e+000 -6.3865e-001
1073 +3.912788800e-004 +3.912788800e-004 +2.431103913e+002 +2.431103913e+002 -3.7652e+000 -1.4435e+000 -6.3868e-001
1172 +3.861531131e-004 +3.861531131e-004 +2.431103862e+002 +2.431103862e+002 -3.7652e+000 -1.4435e+000 -6.3865e-001
1179 +3.226886943e-004 +3.226886943e-004 +2.431103227e+002 +2.431103227e+002 -3.7652e+000 -1.4435e+000 -6.3866e-001
1908 +3.088181924e-004 +3.088181924e-004 +2.431103088e+002 +2.431103088e+002 -3.7651e+000 -1.4435e+000 -6.3860e-001
1926 +2.809369940e-004 +2.809369940e-004 +2.431102809e+002 +2.431102809e+002 -3.7651e+000 -1.4435e+000 -6.3861e-001
1947 +2.728597355e-004 +2.728597355e-004 +2.431102729e+002 +2.431102729e+002 -3.7651e+000 -1.4435e+000 -6.3861e-001
1952 +2.664847806e-004 +2.664847806e-004 +2.431102665e+002 +2.431102665e+002 -3.7651e+000 -1.4435e+000 -6.3861e-001
2006 +2.627138427e-004 +2.627138427e-004 +2.431102627e+002 +2.431102627e+002 -3.7651e+000 -1.4435e+000 -6.3861e-001
2244 +2.567183331e-004 +2.567183331e-004 +2.431102567e+002 +2.431102567e+002 -3.7651e+000 -1.4435e+000 -6.3861e-001
% function evaluation | noise-free fitness - Fopt (-1.436200000000e+002) | best noise-free fitness - Fopt | measured fitness | best measured fitness | x1 | x2...
1 +1.746808602e+002 +1.746808602e+002 +3.106086025e+001 +3.106086025e+001 -8.3171e-001 -4.5672e+000 -7.6014e-001
6 +5.513464133e+000 +5.513464133e+000 -1.381065359e+002 -1.381065359e+002 -1.3615e+000 +3.3705e+000 +4.1613e-001
31 +6.699460292e-001 +6.699460292e-001 -1.429500540e+002 -1.429500540e+002 -2.6046e+000 +3.6088e+000 +1.1592e+000
46 +4.257771547e-001 +4.257771547e-001 -1.431942228e+002 -1.431942228e+002 -2.5608e+000 +3.1733e+000 +8.2834e-001
111 +3.031910950e-001 +3.031910950e-001 -1.433168089e+002 -1.433168089e+002 -2.5065e+000 +3.4407e+000 +1.0228e+000
173 +2.525051040e-001 +2.525051040e-001 -1.433674949e+002 -1.433674949e+002 -2.7028e+000 +3.0424e+000 +7.0090e-001
178 +2.396854516e-001 +2.396854516e-001 -1.433803145e+002 -1.433803145e+002 -2.7161e+000 +3.0528e+000 +7.2491e-001
192 +2.317055964e-001 +2.317055964e-001 -1.433882944e+002 -1.433882944e+002 -2.7212e+000 +3.0267e+000 +6.9365e-001
197 +1.947275935e-001 +1.947275935e-001 -1.434252724e+002 -1.434252724e+002 -2.6979e+000 +3.0453e+000 +7.0124e-001
219 +1.547940098e-001 +1.547940098e-001 -1.434652060e+002 -1.434652060e+002 -2.6974e+000 +3.2073e+000 +9.3985e-001
269 +9.313262655e-002 +9.313262655e-002 -1.435268674e+002 -1.435268674e+002 -2.6991e+000 +3.2489e+000 +9.0491e-001
429 +7.511485001e-002 +7.511485001e-002 -1.435448851e+002 -1.435448851e+002 -2.6824e+000 +3.2344e+000 +8.9231e-001
449 +6.649713836e-002 +6.649713836e-002 -1.435535029e+002 -1.435535029e+002 -2.6759e+000 +3.2551e+000 +9.4263e-001
460 +6.220812753e-002 +6.220812753e-002 -1.435577919e+002 -1.435577919e+002 -2.6767e+000 +3.2834e+000 +9.3247e-001
467 +5.986790342e-002 +5.986790342e-002 -1.435601321e+002 -1.435601321e+002 -2.6773e+000 +3.2809e+000 +9.2864e-001
484 +5.848127146e-002 +5.848127146e-002 -1.435615187e+002 -1.435615187e+002 -2.6770e+000 +3.2715e+000 +9.3569e-001
% function evaluation | noise-free fitness - Fopt (4.290000000000e+001) | best noise-free fitness - Fopt | measured fitness | best measured fitness | x1 | x2...
1 +1.570149322e+001 +1.570149322e+001 +5.860149322e+001 +5.860149322e+001 +3.1082e+000 -4.0826e+000 +6.3676e-001
4 +1.001991282e+001 +1.001991282e+001 +5.291991282e+001 +5.291991282e+001 +4.6765e-001 -1.0507e+000 -2.5886e-001
20 +9.902066756e+000 +9.902066756e+000 +5.280206676e+001 +5.280206676e+001 -4.7881e-001 +7.3376e-002 -1.8232e-001
32 +5.701593188e+000 +5.701593188e+000 +4.860159319e+001 +4.860159319e+001 +3.6172e-001 -2.7480e+000 +1.2696e-001
69 +3.566514968e+000 +3.566514968e+000 +4.646651497e+001 +4.646651497e+001 +5.6071e-001 -1.7083e+000 +1.1296e-002
93 +2.802575446e+000 +2.802575446e+000 +4.570257545e+001 +4.570257545e+001 +4.8283e-001 -8.3688e-001 +2.7479e+000
100 +2.613815421e+000 +2.613815421e+000 +4.551381542e+001 +4.551381542e+001 +6.9263e-001 -4.4303e-001 +2.5339e+000
101 +2.172778717e+000 +2.172778717e+000 +4.507277872e+001 +4.507277872e+001 +6.8194e-001 -8.0607e-001 +2.4040e+000
109 +1.588795562e+000 +1.588795562e+000 +4.448879556e+001 +4.448879556e+001 +6.2123e-001 -8.8631e-001 +2.3880e+000
115 +1.525143424e+000 +1.525143424e+000 +4.442514342e+001 +4.442514342e+001 -2.2202e-001 -6.0943e-001 +2.2822e+000
136 +1.336861741e+000 +1.336861741e+000 +4.423686174e+001 +4.423686174e+001 +3.2594e-001 -2.8562e-001 +2.5230e+000
143 +1.271450756e+000 +1.271450756e+000 +4.417145076e+001 +4.417145076e+001 +2.2165e-001 -5.5413e-001 +2.9707e+000
158 +1.245335961e+000 +1.245335961e+000 +4.414533596e+001 +4.414533596e+001 +4.0662e-001 +3.0719e-002 +2.2147e+000
196 +1.122413134e+000 +1.122413134e+000 +4.402241313e+001 +4.402241313e+001 +5.1914e-001 +3.1955e-001 +2.5680e+000
211 +1.359790565e-001 +1.359790565e-001 +4.303597906e+001 +4.303597906e+001 +1.7086e-001 +3.0485e-001 +2.9699e+000
367 +1.302067293e-001 +1.302067293e-001 +4.303020673e+001 +4.303020673e+001 +1.4771e-001 +1.9600e-001 +2.7932e+000
376 +1.204168034e-001 +1.204168034e-001 +4.302041680e+001 +4.302041680e+001 +1.7169e-001 +1.8818e-001 +2.8279e+000
383 +6.636325137e-002 +6.636325137e-002 +4.296636325e+001 +4.296636325e+001 +1.5875e-001 +1.6104e-001 +2.8121e+000
402 +5.695700720e-002 +5.695700720e-002 +4.295695701e+001 +4.295695701e+001 +1.4606e-001 +1.8463e-001 +2.8651e+000
406 +2.623358913e-002 +2.623358913e-002 +4.292623359e+001 +4.292623359e+001 +1.7075e-001 +1.8729e-001 +2.8499e+000
568 +2.541805345e-002 +2.541805345e-002 +4.292541805e+001 +4.292541805e+001 +1.6331e-001 +1.7922e-001 +2.8389e+000
581 +2.457416889e-002 +2.457416889e-002 +4.292457417e+001 +4.292457417e+001 +1.6301e-001 +1.7789e-001 +2.8374e+000
595 +1.796446261e-002 +1.796446261e-002 +4.291796446e+001 +4.291796446e+001 +1.6412e-001 +1.7140e-001 +2.8387e+000
639 +1.622397634e-002 +1.622397634e-002 +4.291622398e+001 +4.291622398e+001 +1.6511e-001 +1.7122e-001 +2.8421e+000
662 +1.449585840e-002 +1.449585840e-002 +4.291449586e+001 +4.291449586e+001 +1.6641e-001 +1.7028e-001 +2.8411e+000
690 +1.399654169e-002 +1.399654169e-002 +4.291399654e+001 +4.291399654e+001 +1.6555e-001 +1.7043e-001 +2.8412e+000
696 +1.377551064e-002 +1.377551064e-002 +4.291377551e+001 +4.291377551e+001 +1.6511e-001 +1.6961e-001 +2.8408e+000
711 +1.183726851e-002 +1.183726851e-002 +4.291183727e+001 +4.291183727e+001 +1.6587e-001 +1.6678e-001 +2.8404e+000
828 +1.153187601e-002 +1.153187601e-002 +4.291153188e+001 +4.291153188e+001 +1.6587e-001 +1.6772e-001 +2.8415e+000
898 +1.010816509e-002 +1.010816509e-002 +4.291010817e+001 +4.291010817e+001 +1.6600e-001 +1.6782e-001 +2.8412e+000
917 +9.878559356e-003 +9.878559356e-003 +4.290987856e+001 +4.290987856e+001 +1.6601e-001 +1.6785e-001 +2.8412e+000
970 +9.698892277e-003 +9.698892277e-003 +4.290969889e+001 +4.290969889e+001 +1.6598e-001 +1.6810e-001 +2.8413e+000
1026 +9.514578662e-003 +9.514578662e-003 +4.290951458e+001 +4.290951458e+001 +1.6606e-001 +1.6846e-001 +2.8415e+000
1075 +8.673164221e-003 +8.673164221e-003 +4.290867316e+001 +4.290867316e+001 +1.6610e-001 +1.6822e-001 +2.8414e+000
1230 +8.503426137e-003 +8.503426137e-003 +4.290850343e+001 +4.290850343e+001 +1.6611e-001 +1.6821e-001 +2.8414e+000
1881 +8.233031920e-003 +8.233031920e-003 +4.290823303e+001 +4.290823303e+001 +1.6613e-001 +1.6830e-001 +2.8415e+000
2217 +8.126366761e-003 +8.126366761e-003 +4.290812637e+001 +4.290812637e+001 +1.6613e-001 +1.6830e-001 +2.8415e+000
% function evaluation | noise-free fitness - Fopt (6.286500000000e+002) | best noise-free fitness - Fopt | measured fitness | best measured fitness | x1 | x2...
1 +2.127386997e+002 +2.127386997e+002 +8.413886997e+002 +8.413886997e+002 -2.5043e+000 -8.2916e+000 -3.4155e-001
3 +2.096617677e+001 +2.096617677e+001 +6.496161768e+002 +6.496161768e+002 +1.3396e+000 -2.1722e-001 -4.1060e+000
4 +9.106541684e+000 +9.106541684e+000 +6.377565417e+002 +6.377565417e+002 +6.2595e-001 -4.1500e+000 -3.0698e+000
9 +8.357752331e+000 +8.357752331e+000 +6.370077523e+002 +6.370077523e+002 +1.3291e+000 -1.9467e+000 -5.3821e+000
11 +7.993620241e+000 +7.993620241e+000 +6.366436202e+002 +6.366436202e+002 +3.1825e+000 -8.5094e-001 -3.0314e+000
22 +7.106229535e+000 +7.106229535e+000 +6.357562295e+002 +6.357562295e+002 +1.5426e+000 -2.7147e+000 -4.0828e+000
30 +6.046788369e+000 +6.046788369e+000 +6.346967884e+002 +6.346967884e+002 -5.2153e-001 -3.2338e+000 -4.7132e+000
54 +3.472595590e+000 +3.472595590e+000 +6.321225956e+002 +6.321225956e+002 -3.5425e-001 -7.5387e-001 -3.8131e+000
117 +2.958872868e+000 +2.958872868e+000 +6.316088729e+002 +6.316088729e+002 +1.6487e-001 -2.4341e+000 -3.4519e+000
124 +2.385822301e+000 +2.385822301e+000 +6.310358223e+002 +6.310358223e+002 +9.1880e-002 -2.7153e+000 -3.2446e+000
153 +2.181156414e+000 +2.181156414e+000 +6.308311564e+002 +6.308311564e+002 +7.0216e-001 -3.4362e+000 -3.2472e+000
156 +1.746076160e+000 +1.746076160e+000 +6.303960762e+002 +6.303960762e+002 -2.2900e-002 -2.6185e+000 -3.3608e+000
179 +1.694788397e+000 +1.694788397e+000 +6.303447884e+002 +6.303447884e+002 +7.0318e-001 -3.4048e+000 -3.2860e+000
243 +1.592294529e+000 +1.592294529e+000 +6.302422945e+002 +6.302422945e+002 -1.9675e+000 -3.0551e-001 -3.0439e+000
259 +1.441267545e+000 +1.441267545e+000 +6.300912675e+002 +6.300912675e+002 -1.6289e+000 -5.0525e-001 -3.1530e+000
261 +8.855884432e-001 +8.855884432e-001 +6.295355884e+002 +6.295355884e+002 -1.8303e+000 -7.0342e-001 -2.9748e+000
406 +5.835881408e-001 +5.835881408e-001 +6.292335881e+002 +6.292335881e+002 -1.6955e+000 -6.1816e-001 -2.8574e+000
460 +1.040804733e-001 +1.040804733e-001 +6.287540805e+002 +6.287540805e+002 -2.6151e+000 +3.8537e-001 -2.7127e+000
811 +8.833387403e-002 +8.833387403e-002 +6.287383339e+002 +6.287383339e+002 -2.5110e+000 +2.7371e-001 -2.6964e+000
889 +7.347907082e-002 +7.347907082e-002 +6.287234791e+002 +6.287234791e+002 -2.5705e+000 +3.6564e-001 -2.6831e+000
908 +7.059214155e-002 +7.059214155e-002 +6.287205921e+002 +6.287205921e+002 -2.5605e+000 +3.6545e-001 -2.6761e+000
923 +5.123332873e-002 +5.123332873e-002 +6.287012333e+002 +6.287012333e+002 -2.5758e+000 +3.6701e-001 -2.6773e+000
932 +3.594502901e-002 +3.594502901e-002 +6.286859450e+002 +6.286859450e+002 -2.5608e+000 +3.5435e-001 -2.6792e+000
976 +2.573125179e-002 +2.573125179e-002 +6.286757313e+002 +6.286757313e+002 -2.5883e+000 +3.7108e-001 -2.6768e+000
1082 +2.054368529e-002 +2.054368529e-002 +6.286705437e+002 +6.286705437e+002 -2.5838e+000 +3.7737e-001 -2.6740e+000
1110 +1.989424151e-002 +1.989424151e-002 +6.286698942e+002 +6.286698942e+002 -2.5823e+000 +3.7702e-001 -2.6778e+000
1111 +1.618562426e-002 +1.618562426e-002 +6.286661856e+002 +6.286661856e+002 -2.5829e+000 +3.7716e-001 -2.6752e+000
1156 +1.474080892e-002 +1.474080892e-002 +6.286647408e+002 +6.286647408e+002 -2.5805e+000 +3.7321e-001 -2.6756e+000
1163 +1.328335376e-002 +1.328335376e-002 +6.286632834e+002 +6.286632834e+002 -2.5817e+000 +3.7445e-001 -2.6757e+000
1177 +1.145542926e-002 +1.145542926e-002 +6.286614554e+002 +6.286614554e+002 -2.5830e+000 +3.7612e-001 -2.6750e+000
1217 +1.110698636e-002 +1.110698636e-002 +6.286611070e+002 +6.286611070e+002 -2.5827e+000 +3.7524e-001 -2.6750e+000
1218 +1.056292167e-002 +1.056292167e-002 +6.286605629e+002 +6.286605629e+002 -2.5827e+000 +3.7561e-001 -2.6751e+000
% function evaluation | noise-free fitness - Fopt (-7.163000000000e+001) | best noise-free fitness - Fopt | measured fitness | best measured fitness | x1 | x2...
1 +4.163545034e+002 +4.163545034e+002 +3.447245034e+002 +3.447245034e+002 -1.1168e+001 +6.6911e-001 +3.0710e+000
2 +2.487738479e+001 +2.487738479e+001 -4.675261521e+001 -4.675261521e+001 -4.2575e+000 +1.4076e+000 +2.1706e+000
4 +1.185173539e+001 +1.185173539e+001 -5.977826461e+001 -5.977826461e+001 +2.6189e+000 -1.9443e+000 +2.9214e+000
21 +9.430357315e+000 +9.430357315e+000 -6.219964269e+001 -6.219964269e+001 -1.2941e+000 -3.9722e+000 +3.4935e+000
30 +7.423863236e+000 +7.423863236e+000 -6.420613676e+001 -6.420613676e+001 +3.4372e+000 -5.5085e+000 +1.8457e+000
33 +6.082413797e+000 +6.082413797e+000 -6.554758620e+001 -6.554758620e+001 -3.3995e-001 -3.4342e+000 +3.7301e+000
51 +2.916315854e+000 +2.916315854e+000 -6.871368415e+001 -6.871368415e+001 +1.3580e+000 -2.3018e+000 +2.5824e+000
76 +1.837917910e+000 +1.837917910e+000 -6.979208209e+001 -6.979208209e+001 +1.1227e+000 -2.6164e+000 +1.9921e+000
85 +1.592951407e+000 +1.592951407e+000 -7.003704859e+001 -7.003704859e+001 +1.7672e+000 -3.9203e+000 +2.5360e+000
102 +4.790102021e-001 +4.790102021e-001 -7.115098980e+001 -7.115098980e+001 +1.7187e+000 -3.4420e+000 +2.2047e+000
232 +4.573139075e-001 +4.573139075e-001 -7.117268609e+001 -7.117268609e+001 +2.0393e+000 -3.2849e+000 +1.6496e+000
236 +3.808329063e-001 +3.808329063e-001 -7.124916709e+001 -7.124916709e+001 +1.7645e+000 -3.3649e+000 +1.8608e+000
246 +3.344337498e-001 +3.344337498e-001 -7.129556625e+001 -7.129556625e+001 +1.8744e+000 -3.3016e+000 +1.6991e+000
250 +2.741605663e-001 +2.741605663e-001 -7.135583943e+001 -7.135583943e+001 +1.8820e+000 -3.3112e+000 +1.8046e+000
274 +2.085325007e-001 +2.085325007e-001 -7.142146750e+001 -7.142146750e+001 +1.8529e+000 -3.3775e+000 +1.7377e+000
283 +9.586733606e-002 +9.586733606e-002 -7.153413266e+001 -7.153413266e+001 +1.8167e+000 -3.3551e+000 +1.7552e+000
379 +5.553883366e-002 +5.553883366e-002 -7.157446117e+001 -7.157446117e+001 +1.7757e+000 -3.4328e+000 +1.8210e+000
386 +4.347273427e-002 +4.347273427e-002 -7.158652727e+001 -7.158652727e+001 +1.7769e+000 -3.4570e+000 +1.8220e+000
406 +4.113982441e-002 +4.113982441e-002 -7.158886018e+001 -7.158886018e+001 +1.7688e+000 -3.4654e+000 +1.8252e+000
410 +3.870687189e-002 +3.870687189e-002 -7.159129313e+001 -7.159129313e+001 +1.7715e+000 -3.4406e+000 +1.8078e+000
455 +3.643287630e-002 +3.643287630e-002 -7.159356712e+001 -7.159356712e+001 +1.7707e+000 -3.4846e+000 +1.8494e+000
466 +2.153531598e-002 +2.153531598e-002 -7.160846468e+001 -7.160846468e+001 +1.7710e+000 -3.4743e+000 +1.8421e+000
490 +1.896444443e-002 +1.896444443e-002 -7.161103556e+001 -7.161103556e+001 +1.7712e+000 -3.4742e+000 +1.8448e+000
504 +1.447613928e-002 +1.447613928e-002 -7.161552386e+001 -7.161552386e+001 +1.7678e+000 -3.4815e+000 +1.8414e+000
508 +1.434689847e-002 +1.434689847e-002 -7.161565310e+001 -7.161565310e+001 +1.7701e+000 -3.4603e+000 +1.8259e+000
546 +7.986581964e-003 +7.986581964e-003 -7.162201342e+001 -7.162201342e+001 +1.7660e+000 -3.4858e+000 +1.8467e+000
584 +7.082433826e-003 +7.082433826e-003 -7.162291757e+001 -7.162291757e+001 +1.7653e+000 -3.4871e+000 +1.8483e+000
616 +5.161182143e-003 +5.161182143e-003 -7.162483882e+001 -7.162483882e+001 +1.7633e+000 -3.4855e+000 +1.8507e+000
634 +2.592707687e-003 +2.592707687e-003 -7.162740729e+001 -7.162740729e+001 +1.7619e+000 -3.4839e+000 +1.8480e+000
661 +2.125729447e-003 +2.125729447e-003 -7.162787427e+001 -7.162787427e+001 +1.7620e+000 -3.4829e+000 +1.8484e+000
707 +1.582868870e-003 +1.582868870e-003 -7.162841713e+001 -7.162841713e+001 +1.7617e+000 -3.4829e+000 +1.8481e+000
709 +1.411615509e-003 +1.411615509e-003 -7.162858838e+001 -7.162858838e+001 +1.7613e+000 -3.4832e+000 +1.8482e+000
711 +1.226095305e-003 +1.226095305e-003 -7.162877390e+001 -7.162877390e+001 +1.7619e+000 -3.4829e+000 +1.8481e+000
717 +1.056750486e-003 +1.056750486e-003 -7.162894325e+001 -7.162894325e+001 +1.7617e+000 -3.4824e+000 +1.8484e+000
727 +9.313453429e-004 +9.313453429e-004 -7.162906865e+001 -7.162906865e+001 +1.7613e+000 -3.4831e+000 +1.8487e+000
765 +6.373401005e-004 +6.373401005e-004 -7.162936266e+001 -7.162936266e+001 +1.7614e+000 -3.4831e+000 +1.8490e+000
787 +5.618301265e-004 +5.618301265e-004 -7.162943817e+001 -7.162943817e+001 +1.7613e+000 -3.4831e+000 +1.8490e+000
789 +3.635947402e-004 +3.635947402e-004 -7.162963641e+001 -7.162963641e+001 +1.7616e+000 -3.4831e+000 +1.8487e+000
798 +2.725614129e-004 +2.725614129e-004 -7.162972744e+001 -7.162972744e+001 +1.7616e+000 -3.4831e+000 +1.8486e+000
816 +2.360069859e-004 +2.360069859e-004 -7.162976399e+001 -7.162976399e+001 +1.7616e+000 -3.4832e+000 +1.8489e+000
842 +1.985214820e-004 +1.985214820e-004 -7.162980148e+001 -7.162980148e+001 +1.7616e+000 -3.4832e+000 +1.8488e+000
849 +1.814242047e-004 +1.814242047e-004 -7.162981858e+001 -7.162981858e+001 +1.7615e+000 -3.4832e+000 +1.8488e+000
851 +1.110274467e-004 +1.110274467e-004 -7.162988897e+001 -7.162988897e+001 +1.7616e+000 -3.4831e+000 +1.8488e+000
876 +3.329404082e-005 +3.329404082e-005 -7.162996671e+001 -7.162996671e+001 +1.7616e+000 -3.4832e+000 +1.8488e+000
898 +3.181823466e-005 +3.181823466e-005 -7.162996818e+001 -7.162996818e+001 +1.7616e+000 -3.4832e+000 +1.8488e+000
930 +3.067774152e-005 +3.067774152e-005 -7.162996932e+001 -7.162996932e+001 +1.7616e+000 -3.4832e+000 +1.8488e+000
935 +3.005485230e-005 +3.005485230e-005 -7.162996995e+001 -7.162996995e+001 +1.7616e+000 -3.4832e+000 +1.8488e+000
950 +2.945369606e-005 +2.945369606e-005 -7.162997055e+001 -7.162997055e+001 +1.7616e+000 -3.4832e+000 +1.8488e+000
992 +1.987032719e-005 +1.987032719e-005 -7.162998013e+001 -7.162998013e+001 +1.7616e+000 -3.4832e+000 +1.8488e+000
1005 +1.553053085e-005 +1.553053085e-005 -7.162998447e+001 -7.162998447e+001 +1.7616e+000 -3.4832e+000 +1.8488e+000
1199 +1.471954484e-005 +1.471954484e-005 -7.162998528e+001 -7.162998528e+001 +1.7616e+000 -3.4832e+000 +1.8488e+000
1206 +1.061669491e-005 +1.061669491e-005 -7.162998938e+001 -7.162998938e+001 +1.7616e+000 -3.4832e+000 +1.8488e+000
1226 +9.868583717e-006 +9.868583717e-006 -7.162999013e+001 -7.162999013e+001 +1.7616e+000 -3.4832e+000 +1.8488e+000
1317 +9.472860114e-006 +9.472860114e-006 -7.162999053e+001 -7.162999053e+001 +1.7616e+000 -3.4832e+000 +1.8488e+000
1343 +8.983670924e-006 +8.983670924e-006 -7.162999102e+001 -7.162999102e+001 +1.7616e+000 -3.4832e+000 +1.8488e+000
1353 +8.825915472e-006 +8.825915472e-006 -7.162999117e+001 -7.162999117e+001 +1.7616e+000 -3.4832e+000 +1.8488e+000
1367 +8.321635050e-006 +8.321635050e-006 -7.162999168e+001 -7.162999168e+001 +1.7616e+000 -3.4832e+000 +1.8488e+000
1377 +8.099336526e-006 +8.099336526e-006 -7.162999190e+001 -7.162999190e+001 +1.7616e+000 -3.4832e+000 +1.8488e+000
1401 +7.934173610e-006 +7.934173610e-006 -7.162999207e+001 -7.162999207e+001 +1.7616e+000 -3.4832e+000 +1.8488e+000
1533 +7.714721988e-006 +7.714721988e-006 -7.162999229e+001 -7.162999229e+001 +1.7616e+000 -3.4832e+000 +1.8488e+000
% function evaluation | noise-free fitness - Fopt (1.976000000000e+001) | best noise-free fitness - Fopt | measured fitness | best measured fitness | x1 | x2...
1 +8.590408974e+003 +8.590408974e+003 +8.610168974e+003 +8.610168974e+003 -3.3575e+001 +7.6928e-001 -4.4506e+000
2 +4.714606640e+002 +4.714606640e+002 +4.912206640e+002 +4.912206640e+002 -1.1440e+001 +2.5736e+000 -3.4921e+000
3 +7.617145821e+000 +7.617145821e+000 +2.737714582e+001 +2.737714582e+001 +4.4747e+000 -2.4877e+000 -3.1117e+000
8 +3.574914399e+000 +3.574914399e+000 +2.333491440e+001 +2.333491440e+001 +1.4083e+000 +1.5444e+000 -3.7386e+000
65 +2.880584669e+000 +2.880584669e+000 +2.264058467e+001 +2.264058467e+001 +3.1155e+000 +1.3688e+000 -2.2113e+000
95 +7.564799775e-001 +7.564799775e-001 +2.051647998e+001 +2.051647998e+001 +2.6106e+000 +1.5073e+000 -3.0275e+000
126 +2.676409218e-001 +2.676409218e-001 +2.002764092e+001 +2.002764092e+001 +2.7575e+000 +1.6851e+000 -3.1770e+000
217 +2.210041558e-001 +2.210041558e-001 +1.998100416e+001 +1.998100416e+001 +2.6496e+000 +1.5571e+000 -3.1486e+000
219 +2.050195465e-001 +2.050195465e-001 +1.996501955e+001 +1.996501955e+001 +2.6810e+000 +1.5247e+000 -3.2569e+000
223 +1.444441856e-001 +1.444441856e-001 +1.990444419e+001 +1.990444419e+001 +2.7900e+000 +1.5900e+000 -3.2309e+000
230 +1.299147392e-001 +1.299147392e-001 +1.988991474e+001 +1.988991474e+001 +2.7066e+000 +1.5690e+000 -3.1969e+000
233 +3.421545838e-002 +3.421545838e-002 +1.979421546e+001 +1.979421546e+001 +2.6942e+000 +1.5493e+000 -3.2236e+000
289 +2.538964115e-002 +2.538964115e-002 +1.978538964e+001 +1.978538964e+001 +2.6938e+000 +1.5568e+000 -3.2114e+000
307 +1.758128396e-002 +1.758128396e-002 +1.977758128e+001 +1.977758128e+001 +2.6945e+000 +1.5536e+000 -3.2101e+000
330 +1.491300281e-002 +1.491300281e-002 +1.977491300e+001 +1.977491300e+001 +2.6953e+000 +1.5536e+000 -3.2106e+000
331 +1.371506898e-002 +1.371506898e-002 +1.977371507e+001 +1.977371507e+001 +2.6951e+000 +1.5529e+000 -3.2093e+000
364 +1.087559286e-002 +1.087559286e-002 +1.977087559e+001 +1.977087559e+001 +2.6957e+000 +1.5513e+000 -3.2115e+000
% function evaluation | noise-free fitness - Fopt (6.100000000000e-001) | best noise-free fitness - Fopt | measured fitness | best measured fitness | x1 | x2...
1 +1.334764166e+002 +1.334764166e+002 +1.340864166e+002 +1.340864166e+002 -5.4041e+000 +8.1532e+000 +2.6263e+000
3 +1.154829317e+002 +1.154829317e+002 +1.160929317e+002 +1.160929317e+002 +9.4706e-001 +3.7290e+000 +4.4156e+000
14 +7.465813949e+001 +7.465813949e+001 +7.526813949e+001 +7.526813949e+001 -3.9462e+000 +4.2502e+000 +3.2554e+000
16 +3.400295785e+001 +3.400295785e+001 +3.461295785e+001 +3.461295785e+001 -5.1851e-001 +7.0453e-001 +3.6608e-001
29 +1.690369924e+001 +1.690369924e+001 +1.751369924e+001 +1.751369924e+001 +9.1402e-001 +2.5041e+000 +2.9516e-001
40 +6.136301906e+000 +6.136301906e+000 +6.746301906e+000 +6.746301906e+000 -9.6864e-001 +3.3583e-001 -2.4456e+000
54 +4.414277042e+000 +4.414277042e+000 +5.024277042e+000 +5.024277042e+000 -1.6010e-001 +2.8775e+000 -1.8770e+000
151 +3.277802766e+000 +3.277802766e+000 +3.887802766e+000 +3.887802766e+000 -3.8856e-001 +1.0152e+000 -2.8316e+000
165 +3.054612774e+000 +3.054612774e+000 +3.664612774e+000 +3.664612774e+000 -6.8769e-001 +2.5484e+000 -4.6016e+000
208 +2.662069167e+000 +2.662069167e+000 +3.272069167e+000 +3.272069167e+000 +9.8288e-002 +1.8216e+000 -4.7922e+000
211 +1.721667574e+000 +1.721667574e+000 +2.331667574e+000 +2.331667574e+000 +4.8265e-001 +2.0056e+000 -3.1247e+000
251 +1.220314921e+000 +1.220314921e+000 +1.830314921e+000 +1.830314921e+000 +6.6645e-001 +1.7081e+000 -3.5622e+000
276 +1.091374860e+000 +1.091374860e+000 +1.701374860e+000 +1.701374860e+000 +6.7865e-001 +1.7906e+000 -3.3170e+000
284 +9.383879150e-001 +9.383879150e-001 +1.548387915e+000 +1.548387915e+000 +8.0356e-001 +1.7708e+000 -3.1456e+000
286 +9.045580381e-001 +9.045580381e-001 +1.514558038e+000 +1.514558038e+000 +8.9377e-001 +2.0245e+000 -3.3756e+000
289 +7.501863549e-001 +7.501863549e-001 +1.360186355e+000 +1.360186355e+000 +1.0589e+000 +1.8536e+000 -3.2038e+000
304 +6.482558296e-001 +6.482558296e-001 +1.258255830e+000 +1.258255830e+000 +9.5583e-001 +1.9719e+000 -3.2529e+000
327 +4.514859238e-001 +4.514859238e-001 +1.061485924e+000 +1.061485924e+000 +1.1439e+000 +1.8617e+000 -3.2196e+000
330 +3.725918952e-001 +3.725918952e-001 +9.825918952e-001 +9.825918952e-001 +1.0017e+000 +2.0415e+000 -3.1537e+000
331 +3.065817253e-001 +3.065817253e-001 +9.165817253e-001 +9.165817253e-001 +9.6760e-001 +2.2041e+000 -3.3630e+000
347 +1.723192517e-001 +1.723192517e-001 +7.823192517e-001 +7.823192517e-001 +9.6782e-001 +2.1694e+000 -3.2210e+000
360 +8.019969566e-002 +8.019969566e-002 +6.901996957e-001 +6.901996957e-001 +1.0421e+000 +2.0267e+000 -3.0418e+000
423 +6.326855593e-002 +6.326855593e-002 +6.732685559e-001 +6.732685559e-001 +1.1060e+000 +1.9590e+000 -2.9613e+000
453 +6.149832461e-002 +6.149832461e-002 +6.714983246e-001 +6.714983246e-001 +1.1059e+000 +1.9689e+000 -2.9509e+000
474 +5.591074911e-002 +5.591074911e-002 +6.659107491e-001 +6.659107491e-001 +1.1132e+000 +1.9741e+000 -2.9487e+000
481 +4.953686472e-002 +4.953686472e-002 +6.595368647e-001 +6.595368647e-001 +1.1156e+000 +1.9844e+000 -2.9549e+000
506 +4.578279564e-002 +4.578279564e-002 +6.557827956e-001 +6.557827956e-001 +1.1155e+000 +1.9786e+000 -2.9590e+000
510 +4.354266274e-002 +4.354266274e-002 +6.535426627e-001 +6.535426627e-001 +1.1182e+000 +1.9782e+000 -2.9535e+000
525 +4.233228138e-002 +4.233228138e-002 +6.523322814e-001 +6.523322814e-001 +1.1145e+000 +1.9699e+000 -2.9592e+000
567 +3.512146644e-002 +3.512146644e-002 +6.451214664e-001 +6.451214664e-001 +1.1153e+000 +1.9762e+000 -2.9567e+000
597 +3.050627269e-002 +3.050627269e-002 +6.405062727e-001 +6.405062727e-001 +1.1151e+000 +1.9764e+000 -2.9599e+000
615 +2.975785993e-002 +2.975785993e-002 +6.397578599e-001 +6.397578599e-001 +1.1154e+000 +1.9763e+000 -2.9591e+000
648 +2.775150126e-002 +2.775150126e-002 +6.377515013e-001 +6.377515013e-001 +1.1147e+000 +1.9763e+000 -2.9603e+000
847 +2.724934233e-002 +2.724934233e-002 +6.372493423e-001 +6.372493423e-001 +1.1147e+000 +1.9762e+000 -2.9601e+000
1008 +2.610087031e-002 +2.610087031e-002 +6.361008703e-001 +6.361008703e-001 +1.1146e+000 +1.9763e+000 -2.9604e+000
1035 +2.561815362e-002 +2.561815362e-002 +6.356181536e-001 +6.356181536e-001 +1.1147e+000 +1.9763e+000 -2.9604e+000
1368 +2.485308368e-002 +2.485308368e-002 +6.348530837e-001 +6.348530837e-001 +1.1148e+000 +1.9761e+000 -2.9602e+000
% function evaluation | noise-free fitness - Fopt (-8.634400000000e+002) | best noise-free fitness - Fopt | measured fitness | best measured fitness | x1 | x2...
1 +4.428873439e+002 +4.428873439e+002 -4.205526561e+002 -4.205526561e+002 -7.0988e+000 +7.5429e+000 -1.0085e+001
4 +1.449283688e+001 +1.449283688e+001 -8.489471631e+002 -8.489471631e+002 -1.7731e+000 -1.3060e+000 -2.7482e+000
10 +7.846190628e+000 +7.846190628e+000 -8.555938094e+002 -8.555938094e+002 -5.3521e+000 -2.5515e+000 -2.5515e-001
62 +7.311307525e+000 +7.311307525e+000 -8.561286925e+002 -8.561286925e+002 -2.6889e+000 -4.3334e+000 -1.6536e-001
64 +5.746591377e+000 +5.746591377e+000 -8.576934086e+002 -8.576934086e+002 -2.7433e+000 -4.2251e+000 +4.9748e-001
66 +4.910058147e+000 +4.910058147e+000 -8.585299419e+002 -8.585299419e+002 -2.6342e+000 -1.3768e+000 +2.3320e-001
80 +4.231743190e+000 +4.231743190e+000 -8.592082568e+002 -8.592082568e+002 -3.8849e+000 -1.2719e+000 +3.1363e+000
94 +2.483613608e+000 +2.483613608e+000 -8.609563864e+002 -8.609563864e+002 -3.7534e+000 -1.6545e+000 +1.1314e+000
138 +1.441641748e+000 +1.441641748e+000 -8.619983583e+002 -8.619983583e+002 -1.7326e+000 -1.6876e+000 +1.6688e+000
176 +1.306468851e+000 +1.306468851e+000 -8.621335311e+002 -8.621335311e+002 -1.9238e+000 -1.5734e+000 +1.5495e+000
259 +1.242109741e+000 +1.242109741e+000 -8.621978903e+002 -8.621978903e+002 -2.5300e+000 -1.6090e+000 +1.8106e+000
348 +9.031011885e-001 +9.031011885e-001 -8.625368988e+002 -8.625368988e+002 -2.2647e+000 -1.8419e+000 +1.7964e+000
349 +6.673611329e-001 +6.673611329e-001 -8.627726389e+002 -8.627726389e+002 -3.3073e+000 -2.4254e+000 +1.8488e+000
408 +5.699188566e-001 +5.699188566e-001 -8.628700811e+002 -8.628700811e+002 -3.2033e+000 -2.4408e+000 +2.0436e+000
436 +3.132890547e-001 +3.132890547e-001 -8.631267109e+002 -8.631267109e+002 -3.4010e+000 -2.5661e+000 +2.0110e+000
476 +3.030974614e-001 +3.030974614e-001 -8.631369025e+002 -8.631369025e+002 -3.6260e+000 -2.5990e+000 +2.0948e+000
485 +2.172239367e-001 +2.172239367e-001 -8.632227761e+002 -8.632227761e+002 -3.6331e+000 -2.7013e+000 +2.0929e+000
508 +1.727175421e-001 +1.727175421e-001 -8.632672825e+002 -8.632672825e+002 -3.6394e+000 -2.7014e+000 +2.1116e+000
546 +1.314828974e-001 +1.314828974e-001 -8.633085171e+002 -8.633085171e+002 -3.6643e+000 -2.7854e+000 +2.1100e+000
587 +1.077461399e-001 +1.077461399e-001 -8.633322539e+002 -8.633322539e+002 -3.8260e+000 -2.8902e+000 +2.1761e+000
591 +5.460548023e-002 +5.460548023e-002 -8.633853945e+002 -8.633853945e+002 -3.7719e+000 -2.8753e+000 +2.1990e+000
611 +5.062714358e-002 +5.062714358e-002 -8.633893729e+002 -8.633893729e+002 -3.7695e+000 -2.8606e+000 +2.1944e+000
627 +1.730514376e-002 +1.730514376e-002 -8.634226949e+002 -8.634226949e+002 -3.7806e+000 -2.8634e+000 +2.1810e+000
633 +7.890129191e-003 +7.890129191e-003 -8.634321099e+002 -8.634321099e+002 -3.7867e+000 -2.8672e+000 +2.1880e+000
657 +7.588807558e-003 +7.588807558e-003 -8.634324112e+002 -8.634324112e+002 -3.7852e+000 -2.8660e+000 +2.1879e+000
707 +5.619675484e-003 +5.619675484e-003 -8.634343803e+002 -8.634343803e+002 -3.7822e+000 -2.8600e+000 +2.1854e+000
713 +3.563062266e-003 +3.563062266e-003 -8.634364369e+002 -8.634364369e+002 -3.7826e+000 -2.8593e+000 +2.1849e+000
757 +3.449558388e-003 +3.449558388e-003 -8.634365504e+002 -8.634365504e+002 -3.7821e+000 -2.8586e+000 +2.1844e+000
814 +3.361600278e-003 +3.361600278e-003 -8.634366384e+002 -8.634366384e+002 -3.7832e+000 -2.8591e+000 +2.1846e+000
846 +2.552640853e-003 +2.552640853e-003 -8.634374474e+002 -8.634374474e+002 -3.7829e+000 -2.8591e+000 +2.1845e+000
1086 +2.501889613e-003 +2.501889613e-003 -8.634374981e+002 -8.634374981e+002 -3.7827e+000 -2.8590e+000 +2.1845e+000
1100 +2.047600539e-003 +2.047600539e-003 -8.634379524e+002 -8.634379524e+002 -3.7827e+000 -2.8590e+000 +2.1845e+000
% function evaluation | noise-free fitness - Fopt (1.318500000000e+002) | best noise-free fitness - Fopt | measured fitness | best measured fitness | x1 | x2...
1 +8.310364493e+001 +8.310364493e+001 +2.149536449e+002 +2.149536449e+002 +6.8467e+000 +1.1637e+000 -1.5556e+000
4 +1.172524436e+001 +1.172524436e+001 +1.435752444e+002 +1.435752444e+002 -1.5002e+000 +2.4090e+000 +3.3931e+000
6 +4.457241295e+000 +4.457241295e+000 +1.363072413e+002 +1.363072413e+002 +1.1252e+000 -1.9124e+000 +3.1793e+000
119 +4.340992406e+000 +4.340992406e+000 +1.361909924e+002 +1.361909924e+002 +7.5469e-001 -1.8845e+000 +1.6684e+000
120 +3.244183146e+000 +3.244183146e+000 +1.350941831e+002 +1.350941831e+002 +1.2862e+000 +5.1321e-001 +2.0972e+000
141 +3.104496232e+000 +3.104496232e+000 +1.349544962e+002 +1.349544962e+002 +1.0043e+000 -4.6952e-001 +2.4472e+000
149 +2.805647064e+000 +2.805647064e+000 +1.346556471e+002 +1.346556471e+002 +4.6315e-001 -1.7182e+000 +2.4135e+000
162 +1.420063613e+000 +1.420063613e+000 +1.332700636e+002 +1.332700636e+002 -1.2087e-001 -5.5683e-001 +1.9666e+000
221 +1.406323038e+000 +1.406323038e+000 +1.332563230e+002 +1.332563230e+002 -1.3206e-001 +3.7544e-002 +1.3759e+000
228 +1.290397058e+000 +1.290397058e+000 +1.331403971e+002 +1.331403971e+002 -1.9907e-001 -1.0939e+000 +1.3675e+000
230 +1.252197462e+000 +1.252197462e+000 +1.331021975e+002 +1.331021975e+002 -1.6369e-001 -4.6634e-001 +1.1679e+000
243 +1.222223872e+000 +1.222223872e+000 +1.330722239e+002 +1.330722239e+002 +2.3931e-001 -4.0606e-001 +1.2867e+000
256 +8.757360975e-001 +8.757360975e-001 +1.327257361e+002 +1.327257361e+002 -2.7475e-001 -1.0282e-001 +1.3116e+000
297 +6.192586367e-001 +6.192586367e-001 +1.324692586e+002 +1.324692586e+002 -1.1792e-001 -3.3812e-001 +1.7092e+000
316 +4.762658338e-001 +4.762658338e-001 +1.323262658e+002 +1.323262658e+002 -2.1810e-001 -3.8871e-001 +1.5600e+000
361 +1.527113172e-001 +1.527113172e-001 +1.320027113e+002 +1.320027113e+002 -1.9608e-002 +1.3701e-001 +1.7562e+000
443 +5.293233667e-002 +5.293233667e-002 +1.319029323e+002 +1.319029323e+002 -4.5577e-002 +4.1894e-002 +1.7100e+000
484 +3.697439994e-002 +3.697439994e-002 +1.318869744e+002 +1.318869744e+002 -4.1129e-002 +1.4744e-001 +1.7160e+000
516 +2.535818918e-002 +2.535818918e-002 +1.318753582e+002 +1.318753582e+002 -3.5239e-002 +1.5710e-001 +1.7044e+000
536 +2.456289898e-002 +2.456289898e-002 +1.318745629e+002 +1.318745629e+002 -3.2680e-002 +1.3589e-001 +1.7090e+000
547 +1.536389116e-002 +1.536389116e-002 +1.318653639e+002 +1.318653639e+002 -2.1754e-002 +1.4665e-001 +1.7124e+000
554 +1.106385267e-002 +1.106385267e-002 +1.318610639e+002 +1.318610639e+002 -2.8719e-002 +1.5326e-001 +1.7089e+000
593 +8.464329032e-003 +8.464329032e-003 +1.318584643e+002 +1.318584643e+002 -1.7194e-002 +1.5138e-001 +1.7090e+000
614 +5.560550823e-003 +5.560550823e-003 +1.318555606e+002 +1.318555606e+002 -1.7898e-002 +1.4995e-001 +1.7151e+000
649 +5.115158887e-003 +5.115158887e-003 +1.318551152e+002 +1.318551152e+002 -1.8827e-002 +1.4578e-001 +1.7139e+000
678 +3.395610505e-003 +3.395610505e-003 +1.318533956e+002 +1.318533956e+002 -1.7711e-002 +1.5027e-001 +1.7146e+000
786 +3.051025892e-003 +3.051025892e-003 +1.318530510e+002 +1.318530510e+002 -1.7463e-002 +1.5495e-001 +1.7122e+000
861 +2.436901081e-003 +2.436901081e-003 +1.318524369e+002 +1.318524369e+002 -1.7073e-002 +1.5546e-001 +1.7138e+000
863 +2.052510181e-003 +2.052510181e-003 +1.318520525e+002 +1.318520525e+002 -1.7536e-002 +1.5534e-001 +1.7143e+000
875 +1.969255236e-003 +1.969255236e-003 +1.318519693e+002 +1.318519693e+002 -1.7641e-002 +1.5544e-001 +1.7141e+000
876 +1.425757451e-003 +1.425757451e-003 +1.318514258e+002 +1.318514258e+002 -1.7315e-002 +1.5544e-001 +1.7139e+000
917 +1.398095298e-003 +1.398095298e-003 +1.318513981e+002 +1.318513981e+002 -1.7283e-002 +1.5563e-001 +1.7138e+000
938 +1.289510313e-003 +1.289510313e-003 +1.318512895e+002 +1.318512895e+002 -1.7214e-002 +1.5562e-001 +1.7138e+000
953 +1.010575613e-003 +1.010575613e-003 +1.318510106e+002 +1.318510106e+002 -1.7306e-002 +1.5553e-001 +1.7138e+000
1051 +9.651102930e-004 +9.651102930e-004 +1.318509651e+002 +1.318509651e+002 -1.7258e-002 +1.5583e-001 +1.7138e+000
1063 +9.451766025e-004 +9.451766025e-004 +1.318509452e+002 +1.318509452e+002 -1.7284e-002 +1.5569e-001 +1.7137e+000
1081 +9.280995928e-004 +9.280995928e-004 +1.318509281e+002 +1.318509281e+002 -1.7266e-002 +1.5578e-001 +1.7137e+000
1127 +9.113189584e-004 +9.113189584e-004 +1.318509113e+002 +1.318509113e+002 -1.7273e-002 +1.5574e-001 +1.7137e+000
1169 +8.823246596e-004 +8.823246596e-004 +1.318508823e+002 +1.318508823e+002 -1.7285e-002 +1.5571e-001 +1.7138e+000
1183 +8.002050822e-004 +8.002050822e-004 +1.318508002e+002 +1.318508002e+002 -1.7287e-002 +1.5568e-001 +1.7138e+000
