% function evaluation | noise-free fitness - Fopt (-1.694000000000e+001) | best noise-free fitness - Fopt | measured fitness | best measured fitness | x1 | x2...
1 +1.480888478e+003 +1.480888478e+003 +1.463948478e+003 +1.463948478e+003 +3.3930e+000 +6.9035e+000 -1.3015e+001 +6.0800e+000 -2.4016e+000
2 +6.253455706e+001 +6.253455706e+001 +4.559455706e+001 +4.559455706e+001 -4.4339e-001 -1.9550e+000 -4.1930e+000 +1.5781e+000 +2.4314e+000
5 +5.133486775e+001 +5.133486775e+001 +3.439486775e+001 +3.439486775e+001 +3.5629e+000 +1.6270e-002 +9.1667e-001 -5.5953e+000 -1.3991e+000
8 +4.723319518e+001 +4.723319518e+001 +3.029319518e+001 +3.029319518e+001 +2.9122e+000 +2.6985e+000 -3.9150e+000 +1.0347e-001 -2.1433e+000
9 +4.452123332e+001 +4.452123332e+001 +2.758123332e+001 +2.758123332e+001 +4.6423e+000 +3.1837e+000 +3.7391e-001 +3.5240e+000 -5.0891e-001
18 +3.219964507e+001 +3.219964507e+001 +1.525964507e+001 +1.525964507e+001 +2.0552e+000 +3.7910e-002 -2.2309e+000 -2.5954e+000 -1.2462e-001
20 +2.447375297e+001 +2.447375297e+001 +7.533752966e+000 +7.533752966e+000 +2.4241e+000 -7.0582e-001 -2.9803e+000 -1.2881e+000 -7.4877e-001
43 +9.266151433e+000 +9.266151433e+000 -7.673848567e+000 -7.673848567e+000 +3.6839e+000 +2.6119e+000 -2.0660e+000 +6.2240e-001 +4.5946e-001
121 +5.444571719e+000 +5.444571719e+000 -1.149542828e+001 -1.149542828e+001 +3.2253e+000 +1.8452e+000 -1.6158e+000 +2.1419e+000 +1.4482e+000
552 +4.978170392e+000 +4.978170392e+000 -1.196182961e+001 -1.196182961e+001 +4.3903e+000 +2.8959e+000 -8.6187e-001 +9.0843e-001 +1.4543e+000
563 +3.816162530e+000 +3.816162530e+000 -1.312383747e+001 -1.312383747e+001 +4.4577e+000 +3.2774e+000 -1.1679e+000 +6.9917e-001 +1.4277e+000
595 +3.388036437e+000 +3.388036437e+000 -1.355196356e+001 -1.355196356e+001 +4.3484e+000 +2.5264e+000 -1.0619e+000 +1.1933e+000 +1.4552e+000
649 +2.186971837e+000 +2.186971837e+000 -1.475302816e+001 -1.475302816e+001 +4.5513e+000 +3.1667e+000 -8.9995e-001 +9.5835e-001 +1.7575e+000
662 +1.876489373e+000 +1.876489373e+000 -1.506351063e+001 -1.506351063e+001 +4.0107e+000 +3.3027e+000 -1.2125e+000 +1.0470e+000 +1.4685e+000
736 +1.828781220e+000 +1.828781220e+000 -1.511121878e+001 -1.511121878e+001 +4.3526e+000 +2.8315e+000 -1.1527e+000 +1.1493e+000 +1.5273e+000
755 +1.618122641e+000 +1.618122641e+000 -1.532187736e+001 -1.532187736e+001 +4.3532e+000 +3.4940e+000 -1.0055e+000 +8.2058e-001 +1.5456e+000
760 +1.525378364e+000 +1.525378364e+000 -1.541462164e+001 -1.541462164e+001 +4.3653e+000 +3.4815e+000 -1.0496e+000 +9.2823e-001 +1.7315e+000
876 +8.400816386e-001 +8.400816386e-001 -1.609991836e+001 -1.609991836e+001 +4.3575e+000 +3.1326e+000 -1.0737e+000 +1.0273e+000 +1.5672e+000
933 +6.812993607e-001 +6.812993607e-001 -1.625870064e+001 -1.625870064e+001 +4.3245e+000 +3.1296e+000 -1.0951e+000 +1.0038e+000 +1.5896e+000
1054 +6.352982579e-001 +6.352982579e-001 -1.630470174e+001 -1.630470174e+001 +4.3154e+000 +3.0425e+000 -1.1382e+000 +1.0697e+000 +1.6006e+000
1078 +5.703920983e-001 +5.703920983e-001 -1.636960790e+001 -1.636960790e+001 +4.3050e+000 +3.0776e+000 -1.1517e+000 +1.0491e+000 +1.5891e+000
1098 +5.592558018e-001 +5.592558018e-001 -1.638074420e+001 -1.638074420e+001 +4.3101e+000 +2.9912e+000 -1.1686e+000 +1.0729e+000 +1.6035e+000
1102 +4.614087371e-001 +4.614087371e-001 -1.647859126e+001 -1.647859126e+001 +4.3202e+000 +3.0137e+000 -1.1776e+000 +1.0639e+000 +1.6183e+000
1150 +4.475058566e-001 +4.475058566e-001 -1.649249414e+001 -1.649249414e+001 +4.3101e+000 +3.0694e+000 -1.1759e+000 +1.0527e+000 +1.5914e+000
1167 +3.330253232e-001 +3.330253232e-001 -1.660697468e+001 -1.660697468e+001 +4.3398e+000 +3.0124e+000 -1.1761e+000 +1.0722e+000 +1.6092e+000
1414 +2.836837230e-001 +2.836837230e-001 -1.665631628e+001 -1.665631628e+001 +4.3048e+000 +3.0635e+000 -1.1602e+000 +1.0500e+000 +1.6067e+000
1450 +2.743635561e-001 +2.743635561e-001 -1.666563644e+001 -1.666563644e+001 +4.3027e+000 +3.0591e+000 -1.1751e+000 +1.0467e+000 +1.6143e+000
1489 +2.616983868e-001 +2.616983868e-001 -1.667830161e+001 -1.667830161e+001 +4.3055e+000 +3.0630e+000 -1.1651e+000 +1.0484e+000 +1.6073e+000
1751 +2.445030313e-001 +2.445030313e-001 -1.669549697e+001 -1.669549697e+001 +4.3090e+000 +3.0643e+000 -1.1624e+000 +1.0482e+000 +1.6067e+000
1807 +2.292153604e-001 +2.292153604e-001 -1.671078464e+001 -1.671078464e+001 +4.3084e+000 +3.0641e+000 -1.1637e+000 +1.0486e+000 +1.6077e+000
1983 +2.155839486e-001 +2.155839486e-001 -1.672441605e+001 -1.672441605e+001 +4.3089e+000 +3.0627e+000 -1.1679e+000 +1.0464e+000 +1.6116e+000
2089 +2.023177074e-001 +2.023177074e-001 -1.673768229e+001 -1.673768229e+001 +4.3087e+000 +3.0628e+000 -1.1687e+000 +1.0469e+000 +1.6115e+000
2110 +1.867146612e-001 +1.867146612e-001 -1.675328534e+001 -1.675328534e+001 +4.3090e+000 +3.0625e+000 -1.1694e+000 +1.0460e+000 +1.6128e+000
2511 +1.842534464e-001 +1.842534464e-001 -1.675574655e+001 -1.675574655e+001 +4.3099e+000 +3.0626e+000 -1.1681e+000 +1.0463e+000 +1.6119e+000
2805 +1.817626442e-001 +1.817626442e-001 -1.675823736e+001 -1.675823736e+001 +4.3098e+000 +3.0627e+000 -1.1683e+000 +1.0463e+000 +1.6120e+000
3234 +1.775381829e-001 +1.775381829e-001 -1.676246182e+001 -1.676246182e+001 +4.3099e+000 +3.0627e+000 -1.1682e+000 +1.0463e+000 +1.6119e+000
% function evaluation | noise-free fitness - Fopt (1.881000000000e+001) | best noise-free fitness - Fopt | measured fitness | best measured fitness | x1 | x2...
1 +2.321523580e+003 +2.321523580e+003 +2.340333580e+003 +2.340333580e+003 -5.4220e+000 -3.2944e-001 +6.5099e+000 +8.2768e+000 -1.8828e+001
2 +5.705693156e+002 +5.705693156e+002 +5.893793156e+002 +5.893793156e+002 -3.7853e+000 -3.8281e+000 +4.8475e+000 -4.1490e+000 +5.8030e-001
3 +7.775966808e+001 +7.775966808e+001 +9.656966808e+001 +9.656966808e+001 -4.7146e+000 +8.0332e-001 +4.3268e+000 +1.7424e+000 -6.5019e-001
6 +7.325953735e+001 +7.325953735e+001 +9.206953735e+001 +9.206953735e+001 -3.5780e+000 +1.8371e+000 +4.7953e+000 +1.9511e+000 +4.1357e-001
14 +6.074549997e+001 +6.074549997e+001 +7.955549997e+001 +7.955549997e+001 -4.3543e+000 -2.6702e+000 +3.2878e+000 +4.0425e+000 -2.5152e-001
33 +3.310567812e+001 +3.310567812e+001 +5.191567812e+001 +5.191567812e+001 -1.4506e+000 -2.6495e+000 -1.6638e+000 +1.8492e+000 +1.6921e-001
75 +3.056682251e+001 +3.056682251e+001 +4.937682251e+001 +4.937682251e+001 -2.5108e+000 +3.1190e+000 -2.6454e-001 +2.1527e+000 +7.9249e-001
83 +2.274592303e+001 +2.274592303e+001 +4.155592303e+001 +4.155592303e+001 -1.5100e+000 +9.8880e-001 -3.1046e-001 +1.7475e+000 +5.7169e-001
87 +2.011540664e+001 +2.011540664e+001 +3.892540664e+001 +3.892540664e+001 -1.0201e+000 +1.2528e+000 +1.2206e+000 +1.1766e+000 +5.4782e-001
107 +1.790413466e+001 +1.790413466e+001 +3.671413466e+001 +3.671413466e+001 -8.5755e-001 +1.4331e+000 -2.1576e+000 +1.8269e+000 +6.3115e-001
133 +1.746886781e+001 +1.746886781e+001 +3.627886781e+001 +3.627886781e+001 -1.5476e+000 +1.8935e+000 -1.1333e+000 +2.0147e+000 +3.9352e-001
136 +1.339797530e+001 +1.339797530e+001 +3.220797530e+001 +3.220797530e+001 +5.8583e-001 +3.1620e+000 -7.3257e-001 +5.4377e-001 +8.7057e-001
159 +8.496811255e+000 +8.496811255e+000 +2.730681126e+001 +2.730681126e+001 -1.1177e+000 +1.8734e+000 -1.5910e+000 +1.4693e+000 -1.5368e-001
169 +7.911728211e+000 +7.911728211e+000 +2.672172821e+001 +2.672172821e+001 -4.2011e-001 +1.8732e+000 +3.9315e-002 +1.7190e+000 +7.9096e-001
195 +7.191172313e+000 +7.191172313e+000 +2.600117231e+001 +2.600117231e+001 -6.2689e-001 +1.9259e+000 -1.0844e+000 +1.1781e+000 +3.7129e-001
233 +5.599928686e+000 +5.599928686e+000 +2.440992869e+001 +2.440992869e+001 -6.2868e-001 +2.3543e+000 -8.3684e-001 +5.8676e-001 +8.5098e-001
265 +4.769113746e+000 +4.769113746e+000 +2.357911375e+001 +2.357911375e+001 -6.0194e-001 +1.9343e+000 -1.2655e+000 +1.3327e+000 +3.0320e-001
267 +2.959685861e+000 +2.959685861e+000 +2.176968586e+001 +2.176968586e+001 -4.5594e-001 +2.2520e+000 -1.0597e+000 +8.5562e-001 +1.2701e+000
350 +2.315139839e+000 +2.315139839e+000 +2.112513984e+001 +2.112513984e+001 -6.4848e-001 +2.7006e+000 -1.2963e+000 +1.4054e+000 +2.3368e-001
484 +1.275561784e+000 +1.275561784e+000 +2.008556178e+001 +2.008556178e+001 -5.4537e-001 +2.9415e+000 -1.0180e+000 +1.0714e+000 +6.4925e-001
550 +1.203401849e+000 +1.203401849e+000 +2.001340185e+001 +2.001340185e+001 -5.7508e-001 +2.8584e+000 -1.0281e+000 +1.0989e+000 +5.8588e-001
563 +1.022553107e+000 +1.022553107e+000 +1.983255311e+001 +1.983255311e+001 -5.7733e-001 +2.8033e+000 -1.0240e+000 +1.0054e+000 +6.8920e-001
591 +9.197194136e-001 +9.197194136e-001 +1.972971941e+001 +1.972971941e+001 -5.7708e-001 +2.8442e+000 -1.0189e+000 +1.0238e+000 +7.0345e-001
597 +8.521246177e-001 +8.521246177e-001 +1.966212462e+001 +1.966212462e+001 -5.5915e-001 +2.7966e+000 -1.0069e+000 +1.0492e+000 +6.7042e-001
639 +7.203289471e-001 +7.203289471e-001 +1.953032895e+001 +1.953032895e+001 -5.6854e-001 +2.8057e+000 -1.0339e+000 +1.0435e+000 +6.2983e-001
643 +6.987149877e-001 +6.987149877e-001 +1.950871499e+001 +1.950871499e+001 -5.3169e-001 +2.8421e+000 -1.0296e+000 +1.0192e+000 +6.6690e-001
651 +5.362864437e-001 +5.362864437e-001 +1.934628644e+001 +1.934628644e+001 -5.4069e-001 +2.8251e+000 -1.0226e+000 +9.9057e-001 +6.9292e-001
677 +4.674554069e-001 +4.674554069e-001 +1.927745541e+001 +1.927745541e+001 -5.5337e-001 +2.8574e+000 -1.0275e+000 +1.0181e+000 +6.8173e-001
1112 +4.496597385e-001 +4.496597385e-001 +1.925965974e+001 +1.925965974e+001 -5.5669e-001 +2.8613e+000 -1.0336e+000 +1.0358e+000 +6.8093e-001
1152 +4.412115036e-001 +4.412115036e-001 +1.925121150e+001 +1.925121150e+001 -5.5564e-001 +2.8599e+000 -1.0333e+000 +1.0353e+000 +6.7950e-001
1154 +4.186638055e-001 +4.186638055e-001 +1.922866381e+001 +1.922866381e+001 -5.5509e-001 +2.8612e+000 -1.0316e+000 +1.0310e+000 +6.8695e-001
1159 +4.123607240e-001 +4.123607240e-001 +1.922236072e+001 +1.922236072e+001 -5.5308e-001 +2.8605e+000 -1.0291e+000 +1.0294e+000 +6.7726e-001
1184 +3.880973065e-001 +3.880973065e-001 +1.919809731e+001 +1.919809731e+001 -5.5524e-001 +2.8606e+000 -1.0313e+000 +1.0320e+000 +6.7951e-001
1477 +3.704989656e-001 +3.704989656e-001 +1.918049897e+001 +1.918049897e+001 -5.5361e-001 +2.8622e+000 -1.0289e+000 +1.0309e+000 +6.7569e-001
1478 +3.361228052e-001 +3.361228052e-001 +1.914612281e+001 +1.914612281e+001 -5.5338e-001 +2.8626e+000 -1.0288e+000 +1.0297e+000 +6.7566e-001
1851 +3.262021865e-001 +3.262021865e-001 +1.913620219e+001 +1.913620219e+001 -5.5344e-001 +2.8641e+000 -1.0286e+000 +1.0306e+000 +6.7506e-001
1911 +3.229500596e-001 +3.229500596e-001 +1.913295006e+001 +1.913295006e+001 -5.5351e-001 +2.8634e+000 -1.0288e+000 +1.0305e+000 +6.7485e-001
1965 +3.161490197e-001 +3.161490197e-001 +1.912614902e+001 +1.912614902e+001 -5.5346e-001 +2.8637e+000 -1.0287e+000 +1.0305e+000 +6.7488e-001
3708 +3.090060366e-001 +3.090060366e-001 +1.911900604e+001 +1.911900604e+001 -5.5345e-001 +2.8637e+000 -1.0287e+000 +1.0305e+000 +6.7488e-001
% function evaluation | noise-free fitness - Fopt (2.731500000000e+002) | best noise-free fitness - Fopt | measured fitness | best measured fitness | x1 | x2...
1 +1.907994011e+002 +1.907994011e+002 +4.639494011e+002 +4.639494011e+002 +1.0796e+000 -1.1428e+000 -2.4632e+000 -6.0588e+000 -3.1119e+000
3 +1.551191054e+002 +1.551191054e+002 +4.282691054e+002 +4.282691054e+002 +4.1957e+000 -6.1311e-001 -1.6669e+000 +1.6758e+000 -4.7094e+000
4 +9.901143311e+001 +9.901143311e+001 +3.721614331e+002 +3.721614331e+002 +8.7966e-002 +1.5484e+000 -5.4354e+000 -2.9326e+000 -1.9233e+000
8 +7.123156860e+001 +7.123156860e+001 +3.443815686e+002 +3.443815686e+002 +4.9003e-001 -1.3174e+000 -5.1260e+000 -3.8353e+000 +1.1277e-001
43 +5.909259226e+001 +5.909259226e+001 +3.322425923e+002 +3.322425923e+002 +2.1467e+000 +5.4153e+000 -1.1316e+000 -3.1163e+000 +1.1811e+000
80 +5.546102701e+001 +5.546102701e+001 +3.286110270e+002 +3.286110270e+002 +3.5014e+000 +2.9103e+000 -2.7252e+000 -4.2106e+000 -7.8996e-002
92 +4.469771010e+001 +4.469771010e+001 +3.178477101e+002 +3.178477101e+002 -2.2148e+000 +2.3986e+000 -1.4386e+000 -3.2099e+000 +2.6752e+000
129 +4.413725377e+001 +4.413725377e+001 +3.172872538e+002 +3.172872538e+002 +1.2654e+000 +7.6062e-001 -1.9296e+000 -3.4238e+000 +2.1111e+000
140 +3.718227182e+001 +3.718227182e+001 +3.103322718e+002 +3.103322718e+002 +4.7512e+000 +1.1288e+000 +8.6758e-001 -3.7722e+000 +1.1012e+000
149 +3.713557007e+001 +3.713557007e+001 +3.102855701e+002 +3.102855701e+002 +3.9943e+000 +2.7025e+000 -1.9287e+000 -3.1634e+000 +2.0979e+000
201 +3.601372100e+001 +3.601372100e+001 +3.091637210e+002 +3.091637210e+002 +7.5501e-001 +3.1187e+000 -1.1674e+000 -2.8334e+000 +2.4687e+000
271 +3.048233943e+001 +3.048233943e+001 +3.036323394e+002 +3.036323394e+002 +1.4301e+000 +2.0655e+000 -5.5168e-003 -1.6694e+000 +1.7754e+000
274 +2.706712128e+001 +2.706712128e+001 +3.002171213e+002 +3.002171213e+002 +9.0337e-001 +5.0182e+000 -5.5352e-001 -6.4544e-001 +1.9988e+000
295 +2.372639865e+001 +2.372639865e+001 +2.968763987e+002 +2.968763987e+002 +1.3206e+000 +2.4172e+000 -1.2342e+000 -1.6556e+000 +2.1013e+000
301 +2.044599183e+001 +2.044599183e+001 +2.935959918e+002 +2.935959918e+002 +1.4138e+000 +1.9939e+000 -8.6259e-001 +1.9152e+000 +2.7162e+000
324 +9.014971378e+000 +9.014971378e+000 +2.821649714e+002 +2.821649714e+002 +3.0185e+000 +3.7924e+000 +5.8523e-001 +1.7665e+000 +1.3112e+000
471 +7.138194840e+000 +7.138194840e+000 +2.802881948e+002 +2.802881948e+002 +2.3141e+000 +4.0617e+000 -5.7947e-002 +1.3889e+000 +1.1418e+000
478 +5.591696377e+000 +5.591696377e+000 +2.787416964e+002 +2.787416964e+002 +1.0410e+000 +3.2882e+000 +8.2716e-003 +1.9890e+000 +1.5695e+000
659 +3.135333809e+000 +3.135333809e+000 +2.762853338e+002 +2.762853338e+002 -7.1022e-001 +3.3994e+000 -8.7735e-001 +2.0053e+000 +1.7330e+000
701 +2.127357875e+000 +2.127357875e+000 +2.752773579e+002 +2.752773579e+002 -7.2344e-001 +3.8516e+000 +8.3351e-002 +2.0598e+000 +1.4799e+000
886 +1.348336270e+000 +1.348336270e+000 +2.744983363e+002 +2.744983363e+002 +2.9405e-001 +3.9049e+000 +5.1344e-002 +1.9580e+000 +1.2863e+000
1130 +1.060225860e+000 +1.060225860e+000 +2.742102259e+002 +2.742102259e+002 +2.3359e-001 +3.9041e+000 -1.0639e-001 +1.9407e+000 +1.3301e+000
1184 +9.549413600e-001 +9.549413600e-001 +2.741049414e+002 +2.741049414e+002 +2.8402e-001 +3.8828e+000 +4.8703e-002 +1.9545e+000 +1.2756e+000
1204 +7.813650081e-001 +7.813650081e-001 +2.739313650e+002 +2.739313650e+002 +2.5448e-001 +3.8909e+000 -8.8911e-003 +1.9523e+000 +1.2959e+000
1245 +6.719248628e-001 +6.719248628e-001 +2.738219249e+002 +2.738219249e+002 +2.8785e-001 +3.8569e+000 -1.4416e-002 +1.9631e+000 +1.3118e+000
1272 +5.981835574e-001 +5.981835574e-001 +2.737481836e+002 +2.737481836e+002 +3.1772e-001 +3.8634e+000 -1.4787e-002 +1.9507e+000 +1.3075e+000
1323 +5.799323260e-001 +5.799323260e-001 +2.737299323e+002 +2.737299323e+002 +2.8923e-001 +3.8535e+000 -3.0459e-002 +1.9491e+000 +1.3063e+000
1382 +5.373021461e-001 +5.373021461e-001 +2.736873021e+002 +2.736873021e+002 +2.7559e-001 +3.8679e+000 -1.3358e-002 +1.9500e+000 +1.3032e+000
1421 +4.828551904e-001 +4.828551904e-001 +2.736328552e+002 +2.736328552e+002 +3.0279e-001 +3.8653e+000 -1.2781e-002 +1.9505e+000 +1.3014e+000
1446 +3.930780624e-001 +3.930780624e-001 +2.735430781e+002 +2.735430781e+002 +3.0219e-001 +3.8696e+000 -1.7842e-002 +1.9499e+000 +1.2999e+000
1772 +3.874487364e-001 +3.874487364e-001 +2.735374487e+002 +2.735374487e+002 +2.9615e-001 +3.8650e+000 -1.6231e-002 +1.9529e+000 +1.3013e+000
1793 +3.666023280e-001 +3.666023280e-001 +2.735166023e+002 +2.735166023e+002 +2.9616e-001 +3.8656e+000 -1.8229e-002 +1.9526e+000 +1.3009e+000
1871 +3.600180045e-001 +3.600180045e-001 +2.735100180e+002 +2.735100180e+002 +2.9593e-001 +3.8655e+000 -1.2547e-002 +1.9533e+000 +1.3003e+000
1933 +3.462286078e-001 +3.462286078e-001 +2.734962286e+002 +2.734962286e+002 +2.9562e-001 +3.8655e+000 -5.7233e-003 +1.9575e+000 +1.3003e+000
1991 +3.343239049e-001 +3.343239049e-001 +2.734843239e+002 +2.734843239e+002 +2.9541e-001 +3.8665e+000 -1.1251e-002 +1.9552e+000 +1.3006e+000
2013 +3.292905139e-001 +3.292905139e-001 +2.734792905e+002 +2.734792905e+002 +2.9600e-001 +3.8655e+000 -9.8586e-003 +1.9552e+000 +1.3007e+000
2099 +3.213614895e-001 +3.213614895e-001 +2.734713615e+002 +2.734713615e+002 +2.9396e-001 +3.8668e+000 -9.8340e-003 +1.9553e+000 +1.3004e+000
2136 +3.069551657e-001 +3.069551657e-001 +2.734569552e+002 +2.734569552e+002 +2.9495e-001 +3.8662e+000 -1.0486e-002 +1.9555e+000 +1.3005e+000
2257 +2.950281244e-001 +2.950281244e-001 +2.734450281e+002 +2.734450281e+002 +2.9561e-001 +3.8662e+000 -1.0418e-002 +1.9554e+000 +1.3004e+000
2494 +2.854263136e-001 +2.854263136e-001 +2.734354263e+002 +2.734354263e+002 +2.9528e-001 +3.8664e+000 -1.0433e-002 +1.9554e+000 +1.3003e+000
3501 +2.815856287e-001 +2.815856287e-001 +2.734315856e+002 +2.734315856e+002 +2.9511e-001 +3.8663e+000 -1.0555e-002 +1.9554e+000 +1.3004e+000
% function evaluation | noise-free fitness - Fopt (3.718000000000e+001) | best noise-free fitness - Fopt | measured fitness | best measured fitness | x1 | x2...
1 +6.917528400e+002 +6.917528400e+002 +7.289328400e+002 +7.289328400e+002 +1.5468e+000 +2.6762e+000 -4.1704e+000 +5.1616e+000 +2.1609e+000
3 +4.523806819e+002 +4.523806819e+002 +4.895606819e+002 +4.895606819e+002 +1.1419e+000 +1.7834e+000 -3.2598e+000 +1.2294e+000 +4.2987e+000
6 +3.837291412e+002 +3.837291412e+002 +4.209091412e+002 +4.209091412e+002 +1.4831e+000 +1.9295e+000 -2.2618e+000 -2.4710e-001 +2.9130e+000
7 +2.422822721e+002 +2.422822721e+002 +2.794622721e+002 +2.794622721e+002 +3.6947e+000 +4.9427e+000 -1.6524e+000 +4.5458e+000 -2.0881e-001
12 +1.795051615e+002 +1.795051615e+002 +2.166851615e+002 +2.166851615e+002 +2.6824e+000 -4.5045e+000 +7.3771e-001 -8.1677e-001 +7.9718e-001
19 +1.752673931e+002 +1.752673931e+002 +2.124473931e+002 +2.124473931e+002 +1.1545e+000 +5.7882e+000 -2.6420e-001 +7.7742e-001 +1.0118e+000
21 +1.121628532e+002 +1.121628532e+002 +1.493428532e+002 +1.493428532e+002 +4.3389e+000 +7.6409e-001 +1.7266e+000 +1.7385e+000 -2.5975e-001
29 +6.442306582e+001 +6.442306582e+001 +1.016030658e+002 +1.016030658e+002 +2.5883e+000 +2.1190e-001 +5.5260e+000 +2.9900e+000 +8.4415e-001
54 +3.341750789e+001 +3.341750789e+001 +7.059750789e+001 +7.059750789e+001 +2.3063e-001 +2.1843e+000 +2.4733e+000 -2.7933e-001 -2.8967e+000
86 +1.877190540e+001 +1.877190540e+001 +5.595190540e+001 +5.595190540e+001 -6.6711e-001 +1.4869e+000 +2.5675e+000 -7.7874e-002 -1.5677e+000
210 +1.531096577e+001 +1.531096577e+001 +5.249096577e+001 +5.249096577e+001 -9.2583e-001 +8.6871e-001 +3.4089e+000 +1.8556e+000 -2.3735e+000
222 +1.446281071e+001 +1.446281071e+001 +5.164281071e+001 +5.164281071e+001 -1.2593e+000 +3.0700e-001 +3.7721e+000 +8.6874e-001 -2.6483e+000
226 +1.070688129e+001 +1.070688129e+001 +4.788688129e+001 +4.788688129e+001 -7.8146e-001 -2.5486e-001 +3.4644e+000 +9.9251e-001 -2.3464e+000
230 +1.028495616e+001 +1.028495616e+001 +4.746495616e+001 +4.746495616e+001 -8.3031e-001 +1.9234e-001 +3.8517e+000 +9.5158e-001 -1.5377e+000
251 +9.321772351e+000 +9.321772351e+000 +4.650177235e+001 +4.650177235e+001 -1.2181e+000 +7.1823e-001 +3.7013e+000 +7.5317e-001 -2.5791e+000
322 +5.301764516e+000 +5.301764516e+000 +4.248176452e+001 +4.248176452e+001 -1.7689e+000 +3.7078e-001 +3.7920e+000 +1.0669e+000 -2.4012e+000
362 +5.057671040e+000 +5.057671040e+000 +4.223767104e+001 +4.223767104e+001 -1.7558e+000 +3.2482e-001 +3.7842e+000 +1.2106e+000 -2.5860e+000
436 +4.597853618e+000 +4.597853618e+000 +4.177785362e+001 +4.177785362e+001 -1.5122e+000 +5.3313e-001 +3.9294e+000 +1.0497e+000 -2.4153e+000
488 +3.414183418e+000 +3.414183418e+000 +4.059418342e+001 +4.059418342e+001 -1.3685e+000 +5.4383e-001 +4.1266e+000 +1.1354e+000 -2.7435e+000
678 +3.175143560e+000 +3.175143560e+000 +4.035514356e+001 +4.035514356e+001 -1.3064e+000 +5.6187e-001 +4.3237e+000 +1.0831e+000 -2.6970e+000
773 +3.049453981e+000 +3.049453981e+000 +4.022945398e+001 +4.022945398e+001 -1.2289e+000 +4.9544e-001 +4.3289e+000 +1.0305e+000 -2.6562e+000
907 +2.919650179e+000 +2.919650179e+000 +4.009965018e+001 +4.009965018e+001 -1.2812e+000 +6.1315e-001 +4.4229e+000 +9.5315e-001 -2.3457e+000
913 +2.778123521e+000 +2.778123521e+000 +3.995812352e+001 +3.995812352e+001 -1.3213e+000 +5.7637e-001 +4.2729e+000 +1.0353e+000 -2.4027e+000
1002 +2.598192165e+000 +2.598192165e+000 +3.977819217e+001 +3.977819217e+001 -1.3082e+000 +6.3694e-001 +4.3333e+000 +1.0211e+000 -2.3475e+000
1033 +2.530479593e+000 +2.530479593e+000 +3.971047959e+001 +3.971047959e+001 -1.3151e+000 +6.8405e-001 +4.3572e+000 +1.0186e+000 -2.3562e+000
1039 +2.151070861e+000 +2.151070861e+000 +3.933107086e+001 +3.933107086e+001 -1.3110e+000 +6.5621e-001 +4.4156e+000 +9.9710e-001 -2.3662e+000
1064 +2.135315690e+000 +2.135315690e+000 +3.931531569e+001 +3.931531569e+001 -1.3302e+000 +6.9521e-001 +4.3660e+000 +1.0078e+000 -2.3633e+000
1079 +2.015383234e+000 +2.015383234e+000 +3.919538323e+001 +3.919538323e+001 -1.3267e+000 +6.5759e-001 +4.3930e+000 +1.0182e+000 -2.3602e+000
1107 +1.953536671e+000 +1.953536671e+000 +3.913353667e+001 +3.913353667e+001 -1.3370e+000 +6.9572e-001 +4.3580e+000 +9.8790e-001 -2.3678e+000
1115 +1.877591179e+000 +1.877591179e+000 +3.905759118e+001 +3.905759118e+001 -1.3132e+000 +6.5890e-001 +4.3726e+000 +1.0079e+000 -2.3814e+000
1132 +1.783767860e+000 +1.783767860e+000 +3.896376786e+001 +3.896376786e+001 -1.3186e+000 +6.5806e-001 +4.3711e+000 +1.0090e+000 -2.3757e+000
1140 +1.728457004e+000 +1.728457004e+000 +3.890845700e+001 +3.890845700e+001 -1.3106e+000 +6.5939e-001 +4.3707e+000 +1.0025e+000 -2.3719e+000
1155 +1.689704761e+000 +1.689704761e+000 +3.886970476e+001 +3.886970476e+001 -1.3057e+000 +6.5809e-001 +4.3935e+000 +1.0032e+000 -2.3562e+000
1173 +1.645961897e+000 +1.645961897e+000 +3.882596190e+001 +3.882596190e+001 -1.3080e+000 +6.6319e-001 +4.3953e+000 +1.0037e+000 -2.3639e+000
1203 +1.524947250e+000 +1.524947250e+000 +3.870494725e+001 +3.870494725e+001 -1.3092e+000 +6.7208e-001 +4.3935e+000 +9.9966e-001 -2.3627e+000
1224 +1.507196608e+000 +1.507196608e+000 +3.868719661e+001 +3.868719661e+001 -1.3232e+000 +6.7601e-001 +4.3778e+000 +1.0000e+000 -2.3710e+000
1244 +1.416039755e+000 +1.416039755e+000 +3.859603975e+001 +3.859603975e+001 -1.3115e+000 +6.7303e-001 +4.3938e+000 +9.9868e-001 -2.3672e+000
1371 +1.360586192e+000 +1.360586192e+000 +3.854058619e+001 +3.854058619e+001 -1.3118e+000 +6.7506e-001 +4.3946e+000 +9.9773e-001 -2.3673e+000
1462 +1.343573615e+000 +1.343573615e+000 +3.852357361e+001 +3.852357361e+001 -1.3122e+000 +6.7493e-001 +4.3945e+000 +9.9710e-001 -2.3664e+000
1601 +1.278586376e+000 +1.278586376e+000 +3.845858638e+001 +3.845858638e+001 -1.3118e+000 +6.7513e-001 +4.3961e+000 +9.9709e-001 -2.3689e+000
1656 +1.248329790e+000 +1.248329790e+000 +3.842832979e+001 +3.842832979e+001 -1.3118e+000 +6.7505e-001 +4.3962e+000 +9.9709e-001 -2.3691e+000
2144 +1.228295958e+000 +1.228295958e+000 +3.840829596e+001 +3.840829596e+001 -1.3117e+000 +6.7499e-001 +4.3961e+000 +9.9698e-001 -2.3684e+000
3433 +1.201673419e+000 +1.201673419e+000 +3.838167342e+001 +3.838167342e+001 -1.3116e+000 +6.7501e-001 +4.3963e+000 +9.9698e-001 -2.3685e+000
% function evaluation | noise-free fitness - Fopt (-1.479000000000e+002) | best noise-free fitness - Fopt | measured fitness | best measured fitness | x1 | x2...
1 +1.894037643e+002 +1.894037643e+002 +4.150376428e+001 +4.150376428e+001 +4.4997e-002 +2.1071e+000 +1.6008e-001 -9.7957e-001 -7.9529e+000
3 +1.330273091e+002 +1.330273091e+002 -1.487269093e+001 -1.487269093e+001 -2.7920e+000 -3.4559e-001 -7.5340e+000 +2.4399e+000 -3.2490e+000
4 +6.524203495e+001 +6.524203495e+001 -8.265796505e+001 -8.265796505e+001 +1.6374e+000 -2.2687e-001 -1.0737e+000 -2.9566e+000 -4.3512e-001
6 +4.792090756e+001 +4.792090756e+001 -9.997909244e+001 -9.997909244e+001 -2.4538e-001 +2.7037e-001 +2.8453e+000 +2.6758e+000 -3.1106e+000
10 +4.694252607e+001 +4.694252607e+001 -1.009574739e+002 -1.009574739e+002 -5.4956e+000 +4.5364e+000 -6.3763e+000 -9.8736e-001 -1.9851e+000
15 +4.272580292e+001 +4.272580292e+001 -1.051741971e+002 -1.051741971e+002 -1.6533e+000 +8.0703e-001 +3.7897e-001 +3.4881e+000 +1.3382e+000
26 +3.535960868e+001 +3.535960868e+001 -1.125403913e+002 -1.125403913e+002 -3.6074e+000 +1.0624e+000 +2.2599e+000 -5.2306e-001 -1.8451e+000
59 +3.095347092e+001 +3.095347092e+001 -1.169465291e+002 -1.169465291e+002 -2.6230e+000 +1.0975e+000 +2.9643e+000 +6.6337e-001 -2.0536e+000
73 +2.053982107e+001 +2.053982107e+001 -1.273601789e+002 -1.273601789e+002 -1.9233e+000 -3.7898e-001 -1.5948e-001 -3.8191e+000 -2.1821e+000
92 +1.378023314e+001 +1.378023314e+001 -1.341197669e+002 -1.341197669e+002 -2.7674e+000 +1.3180e+000 -1.3642e+000 -7.7830e-001 -3.2928e+000
106 +1.009990145e+001 +1.009990145e+001 -1.378000986e+002 -1.378000986e+002 -1.0895e+000 -4.5082e-002 +1.8587e+000 -2.0437e+000 -1.9347e+000
139 +5.429874599e+000 +5.429874599e+000 -1.424701254e+002 -1.424701254e+002 -1.5473e+000 -3.7437e-001 +1.3485e+000 -1.5049e+000 -2.4677e+000
230 +5.177959527e+000 +5.177959527e+000 -1.427220405e+002 -1.427220405e+002 -1.3142e+000 -2.1880e-001 +1.5914e+000 -1.9030e+000 -2.5866e+000
277 +4.596945007e+000 +4.596945007e+000 -1.433030550e+002 -1.433030550e+002 -1.2958e+000 -7.8801e-002 +1.3838e+000 -2.3912e+000 -2.8800e+000
281 +3.969261957e+000 +3.969261957e+000 -1.439307380e+002 -1.439307380e+002 -1.4426e+000 -8.5878e-002 +1.6329e+000 -1.7115e+000 -2.7934e+000
284 +3.533278396e+000 +3.533278396e+000 -1.443667216e+002 -1.443667216e+002 -1.2811e+000 -4.5905e-001 +1.5974e+000 -2.1880e+000 -3.1667e+000
290 +3.426749575e+000 +3.426749575e+000 -1.444732504e+002 -1.444732504e+002 -1.8544e+000 -3.5216e-001 +1.3629e+000 -1.8236e+000 -2.4248e+000
317 +3.110309938e+000 +3.110309938e+000 -1.447896901e+002 -1.447896901e+002 -1.3014e+000 -5.1800e-001 +2.5886e+000 -1.7747e+000 -2.8886e+000
319 +2.709690363e+000 +2.709690363e+000 -1.451903096e+002 -1.451903096e+002 -1.4933e+000 -2.3582e-001 +1.5609e+000 -1.6470e+000 -2.7429e+000
363 +1.389410932e+000 +1.389410932e+000 -1.465105891e+002 -1.465105891e+002 -1.6115e+000 -3.4224e-001 +1.9277e+000 -1.7817e+000 -2.7751e+000
434 +1.176816776e+000 +1.176816776e+000 -1.467231832e+002 -1.467231832e+002 -1.6441e+000 -2.8413e-001 +1.8347e+000 -1.7548e+000 -2.8932e+000
526 +1.098453804e+000 +1.098453804e+000 -1.468015462e+002 -1.468015462e+002 -1.6785e+000 -2.0065e-001 +1.8038e+000 -1.7501e+000 -2.8803e+000
531 +6.476112651e-001 +6.476112651e-001 -1.472523887e+002 -1.472523887e+002 -1.7350e+000 -1.8699e-001 +1.7179e+000 -1.7837e+000 -2.7994e+000
534 +4.082267047e-001 +4.082267047e-001 -1.474917733e+002 -1.474917733e+002 -1.6800e+000 -2.3165e-001 +1.8020e+000 -1.7664e+000 -2.8041e+000
666 +2.531296616e-001 +2.531296616e-001 -1.476468703e+002 -1.476468703e+002 -1.7343e+000 -2.0611e-001 +1.7299e+000 -1.7548e+000 -2.7781e+000
859 +2.424665974e-001 +2.424665974e-001 -1.476575334e+002 -1.476575334e+002 -1.7108e+000 -2.1268e-001 +1.7724e+000 -1.7546e+000 -2.7884e+000
971 +1.984480704e-001 +1.984480704e-001 -1.477015519e+002 -1.477015519e+002 -1.7104e+000 -2.1295e-001 +1.7738e+000 -1.7532e+000 -2.7883e+000
1013 +1.605956482e-001 +1.605956482e-001 -1.477394044e+002 -1.477394044e+002 -1.7144e+000 -2.0663e-001 +1.7618e+000 -1.7539e+000 -2.7895e+000
1063 +1.541347035e-001 +1.541347035e-001 -1.477458653e+002 -1.477458653e+002 -1.7132e+000 -2.0539e-001 +1.7583e+000 -1.7563e+000 -2.7921e+000
1175 +1.451502081e-001 +1.451502081e-001 -1.477548498e+002 -1.477548498e+002 -1.7139e+000 -2.0540e-001 +1.7581e+000 -1.7554e+000 -2.7907e+000
1426 +1.445039996e-001 +1.445039996e-001 -1.477554960e+002 -1.477554960e+002 -1.7146e+000 -2.0592e-001 +1.7599e+000 -1.7535e+000 -2.7888e+000
1430 +1.382285744e-001 +1.382285744e-001 -1.477617714e+002 -1.477617714e+002 -1.7144e+000 -2.0626e-001 +1.7596e+000 -1.7538e+000 -2.7889e+000
1523 +1.364034635e-001 +1.364034635e-001 -1.477635965e+002 -1.477635965e+002 -1.7147e+000 -2.0623e-001 +1.7601e+000 -1.7533e+000 -2.7887e+000
1547 +1.348250911e-001 +1.348250911e-001 -1.477651749e+002 -1.477651749e+002 -1.7148e+000 -2.0628e-001 +1.7601e+000 -1.7534e+000 -2.7887e+000
1563 +1.311235856e-001 +1.311235856e-001 -1.477688764e+002 -1.477688764e+002 -1.7146e+000 -2.0628e-001 +1.7601e+000 -1.7535e+000 -2.7888e+000
2282 +1.286172440e-001 +1.286172440e-001 -1.477713828e+002 -1.477713828e+002 -1.7146e+000 -2.0634e-001 +1.7602e+000 -1.7535e+000 -2.7888e+000
% function evaluation | noise-free fitness - Fopt (-6.080000000000e+000) | best noise-free fitness - Fopt | measured fitness | best measured fitness | x1 | x2...
1 +7.331221168e+002 +7.331221168e+002 +7.270421168e+002 +7.270421168e+002 +9.2455e+000 -7.8660e-001 +7.0567e+000 -9.4336e-001 +2.5829e+000
2 +3.624012045e+002 +3.624012045e+002 +3.563212045e+002 +3.563212045e+002 +6.3163e-001 -8.8581e-001 +2.1272e+000 -6.3624e+000 +3.3961e+000
3 +2.685713698e+002 +2.685713698e+002 +2.624913698e+002 +2.624913698e+002 -1.5470e+000 -1.1886e-001 +4.3643e+000 -2.7378e+000 +3.5245e+000
8 +9.602627266e+001 +9.602627266e+001 +8.994627266e+001 +8.994627266e+001 +3.0104e+000 -6.4069e-001 +5.7896e+000 +2.0629e+000 +5.0613e+000
11 +8.277389439e+001 +8.277389439e+001 +7.669389439e+001 +7.669389439e+001 +3.8873e-001 -5.2199e-001 +1.3363e+000 -7.3491e-002 +5.8671e-001
30 +1.860722245e+001 +1.860722245e+001 +1.252722245e+001 +1.252722245e+001 +1.4275e+000 +2.4706e+000 -3.6502e+000 +2.5732e+000 -6.0912e-001
136 +1.368688902e+001 +1.368688902e+001 +7.606889019e+000 +7.606889019e+000 +2.6932e+000 +8.4295e-001 +8.1551e-001 -3.8952e-001 +3.0163e+000
236 +1.037216761e+001 +1.037216761e+001 +4.292167615e+000 +4.292167615e+000 +2.7563e+000 +9.8763e-001 -2.0782e-001 -5.8408e-001 +2.8572e+000
476 +8.884986519e+000 +8.884986519e+000 +2.804986519e+000 +2.804986519e+000 +2.0014e+000 +9.4537e-001 -1.6892e+000 -9.6612e-001 +2.0623e+000
498 +5.006410217e+000 +5.006410217e+000 -1.073589783e+000 -1.073589783e+000 +1.9355e+000 +1.4452e+000 -1.0269e+000 -8.6304e-001 +2.3325e+000
506 +4.434490409e+000 +4.434490409e+000 -1.645509591e+000 -1.645509591e+000 +1.6978e+000 +1.3282e+000 -1.3412e+000 -1.0059e+000 +2.2483e+000
671 +4.155942100e+000 +4.155942100e+000 -1.924057900e+000 -1.924057900e+000 +1.5955e+000 +1.6251e+000 -9.9130e-001 -8.9056e-001 +2.3051e+000
946 +3.715471958e+000 +3.715471958e+000 -2.364528042e+000 -2.364528042e+000 +1.2982e+000 +1.8166e+000 -1.4904e+000 -1.1010e+000 +2.1931e+000
962 +3.460203706e+000 +3.460203706e+000 -2.619796294e+000 -2.619796294e+000 +1.3921e+000 +1.8098e+000 -1.4195e+000 -9.9849e-001 +2.1700e+000
1001 +2.873007990e+000 +2.873007990e+000 -3.206992010e+000 -3.206992010e+000 +1.3010e+000 +1.8115e+000 -1.3312e+000 -1.0115e+000 +2.1643e+000
1089 +2.632316263e+000 +2.632316263e+000 -3.447683737e+000 -3.447683737e+000 +1.2045e+000 +1.8995e+000 -1.3781e+000 -1.0067e+000 +2.1471e+000
1115 +2.339152580e+000 +2.339152580e+000 -3.740847420e+000 -3.740847420e+000 +1.1891e+000 +1.9058e+000 -1.3495e+000 -1.0190e+000 +2.1736e+000
1156 +2.097219084e+000 +2.097219084e+000 -3.982780916e+000 -3.982780916e+000 +1.1636e+000 +1.9412e+000 -1.3646e+000 -1.0112e+000 +2.1592e+000
1326 +2.039403582e+000 +2.039403582e+000 -4.040596418e+000 -4.040596418e+000 +1.1605e+000 +1.9547e+000 -1.3288e+000 -9.9990e-001 +2.1512e+000
1374 +1.972598189e+000 +1.972598189e+000 -4.107401811e+000 -4.107401811e+000 +1.1564e+000 +1.9606e+000 -1.3247e+000 -9.9423e-001 +2.1551e+000
1405 +1.947203752e+000 +1.947203752e+000 -4.132796248e+000 -4.132796248e+000 +1.1482e+000 +1.9691e+000 -1.3429e+000 -9.9669e-001 +2.1523e+000
1408 +1.827054941e+000 +1.827054941e+000 -4.252945059e+000 -4.252945059e+000 +1.1509e+000 +1.9602e+000 -1.3545e+000 -9.9488e-001 +2.1378e+000
1526 +1.733104373e+000 +1.733104373e+000 -4.346895627e+000 -4.346895627e+000 +1.1553e+000 +1.9718e+000 -1.3275e+000 -9.7594e-001 +2.1423e+000
1702 +1.672866321e+000 +1.672866321e+000 -4.407133679e+000 -4.407133679e+000 +1.1627e+000 +1.9647e+000 -1.3282e+000 -9.8328e-001 +2.1411e+000
1778 +1.627354159e+000 +1.627354159e+000 -4.452645841e+000 -4.452645841e+000 +1.1572e+000 +1.9667e+000 -1.3328e+000 -9.8695e-001 +2.1403e+000
2220 +1.550051333e+000 +1.550051333e+000 -4.529948667e+000 -4.529948667e+000 +1.1450e+000 +1.9733e+000 -1.3444e+000 -9.8776e-001 +2.1366e+000
2264 +1.507418102e+000 +1.507418102e+000 -4.572581898e+000 -4.572581898e+000 +1.1402e+000 +1.9806e+000 -1.3409e+000 -9.8684e-001 +2.1355e+000
2526 +1.478512008e+000 +1.478512008e+000 -4.601487992e+000 -4.601487992e+000 +1.1414e+000 +1.9787e+000 -1.3385e+000 -9.8758e-001 +2.1376e+000
2734 +1.414561679e+000 +1.414561679e+000 -4.665438321e+000 -4.665438321e+000 +1.1412e+000 +1.9786e+000 -1.3400e+000 -9.8784e-001 +2.1374e+000
2806 +1.393775470e+000 +1.393775470e+000 -4.686224530e+000 -4.686224530e+000 +1.1418e+000 +1.9783e+000 -1.3391e+000 -9.8771e-001 +2.1378e+000
3135 +1.379217037e+000 +1.379217037e+000 -4.700782963e+000 -4.700782963e+000 +1.1419e+000 +1.9780e+000 -1.3393e+000 -9.8778e-001 +2.1378e+000
% function evaluation | noise-free fitness - Fopt (2.431100000000e+002) | best noise-free fitness - Fopt | measured fitness | best measured fitness | x1 | x2...
1 +2.088221747e+003 +2.088221747e+003 +2.331331747e+003 +2.331331747e+003 +1.4267e+000 -6.1513e+000 +3.2120e+000 -1.8098e+001 +2.5208e+000
2 +3.093451461e+002 +3.093451461e+002 +5.524551461e+002 +5.524551461e+002 +2.2312e+000 -2.0999e+000 +4.4208e+000 +4.0107e+000 +2.5384e+000
3 +8.308423239e+001 +8.308423239e+001 +3.261942324e+002 +3.261942324e+002 +1.4020e+000 -5.1755e+000 +4.4023e+000 +3.9521e+000 +3.2614e+000
15 +3.260198014e+001 +3.260198014e+001 +2.757119801e+002 +2.757119801e+002 +5.8890e-001 -2.2310e+000 +1.4592e-001 +2.5300e+000 +4.9446e+000
62 +1.352889775e+001 +1.352889775e+001 +2.566388977e+002 +2.566388977e+002 -1.3059e-001 -3.3456e+000 +1.7136e+000 +6.0566e-002 -1.0414e+000
111 +7.763091757e+000 +7.763091757e+000 +2.508730918e+002 +2.508730918e+002 -1.8909e-001 -3.6413e+000 +3.3148e-001 -4.8697e-001 -1.6485e+000
332 +6.490175860e+000 +6.490175860e+000 +2.496001759e+002 +2.496001759e+002 +8.2580e-001 -2.4386e+000 +1.5910e+000 -6.6184e-001 +6.3702e-001
376 +4.919497316e+000 +4.919497316e+000 +2.480294973e+002 +2.480294973e+002 +2.9725e-002 -2.1143e+000 +1.5206e+000 -6.1351e-001 +4.5419e-001
468 +3.627171528e+000 +3.627171528e+000 +2.467371715e+002 +2.467371715e+002 +6.8771e-001 -2.5626e+000 +1.7301e+000 -5.9691e-001 +3.8062e-001
593 +3.113412589e+000 +3.113412589e+000 +2.462234126e+002 +2.462234126e+002 +2.8918e-001 -2.5850e+000 +1.4916e+000 -5.6608e-001 +1.1795e-001
610 +2.785319442e+000 +2.785319442e+000 +2.458953194e+002 +2.458953194e+002 +2.9561e-001 -2.6403e+000 +1.3919e+000 -5.6228e-001 -1.0879e-001
724 +2.391413774e+000 +2.391413774e+000 +2.455014138e+002 +2.455014138e+002 +3.3384e-001 -2.5580e+000 +1.4595e+000 -5.4530e-001 +3.5282e-002
803 +2.271124533e+000 +2.271124533e+000 +2.453811245e+002 +2.453811245e+002 +2.3177e-001 -2.5432e+000 +1.4226e+000 -5.5973e-001 +8.0848e-002
814 +2.222881800e+000 +2.222881800e+000 +2.453328818e+002 +2.453328818e+002 +1.0645e-001 -2.5381e+000 +1.4102e+000 -4.9781e-001 -1.0463e-002
871 +1.972405202e+000 +1.972405202e+000 +2.450824052e+002 +2.450824052e+002 +2.4002e-001 -2.5336e+000 +1.3987e+000 -5.5686e-001 +3.0016e-002
917 +1.414902757e+000 +1.414902757e+000 +2.445249028e+002 +2.445249028e+002 +1.3514e-001 -2.5207e+000 +1.3775e+000 -5.7532e-001 -8.4014e-002
968 +1.184784099e+000 +1.184784099e+000 +2.442947841e+002 +2.442947841e+002 +1.3044e-001 -2.5265e+000 +1.3307e+000 -5.4797e-001 -1.0338e-001
1007 +9.670108746e-001 +9.670108746e-001 +2.440770109e+002 +2.440770109e+002 +1.3151e-001 -2.4931e+000 +1.3496e+000 -5.7144e-001 -3.4362e-002
1067 +8.918805977e-001 +8.918805977e-001 +2.440018806e+002 +2.440018806e+002 +1.2495e-001 -2.5039e+000 +1.3379e+000 -5.8360e-001 -7.6596e-002
1133 +7.806458799e-001 +7.806458799e-001 +2.438906459e+002 +2.438906459e+002 +1.4139e-001 -2.5179e+000 +1.3566e+000 -5.6178e-001 -5.5065e-002
1259 +7.051112141e-001 +7.051112141e-001 +2.438151112e+002 +2.438151112e+002 +1.2055e-001 -2.4973e+000 +1.3500e+000 -5.6683e-001 -5.5462e-002
1317 +6.742880485e-001 +6.742880485e-001 +2.437842880e+002 +2.437842880e+002 +1.1506e-001 -2.4947e+000 +1.3568e+000 -5.6929e-001 -5.7626e-002
1362 +6.340422073e-001 +6.340422073e-001 +2.437440422e+002 +2.437440422e+002 +1.2129e-001 -2.4984e+000 +1.3512e+000 -5.7175e-001 -5.8870e-002
1370 +5.494567754e-001 +5.494567754e-001 +2.436594568e+002 +2.436594568e+002 +1.1566e-001 -2.4913e+000 +1.3513e+000 -5.7386e-001 -5.9061e-002
1657 +5.274941850e-001 +5.274941850e-001 +2.436374942e+002 +2.436374942e+002 +1.1597e-001 -2.4903e+000 +1.3534e+000 -5.7772e-001 -6.2179e-002
1965 +5.172875929e-001 +5.172875929e-001 +2.436272876e+002 +2.436272876e+002 +1.1680e-001 -2.4917e+000 +1.3533e+000 -5.7681e-001 -6.1798e-002
2166 +5.091596925e-001 +5.091596925e-001 +2.436191597e+002 +2.436191597e+002 +1.1561e-001 -2.4895e+000 +1.3534e+000 -5.7742e-001 -6.0889e-002
2524 +4.952134769e-001 +4.952134769e-001 +2.436052135e+002 +2.436052135e+002 +1.1601e-001 -2.4903e+000 +1.3532e+000 -5.7740e-001 -6.1671e-002
% function evaluation | noise-free fitness - Fopt (-1.436200000000e+002) | best noise-free fitness - Fopt | measured fitness | best measured fitness | x1 | x2...
1 +2.414725071e+003 +2.414725071e+003 +2.271105071e+003 +2.271105071e+003 +1.7310e+000 -8.6545e+000 +3.1231e+000 +3.2229e-001 -2.3428e+000
4 +5.596526395e+002 +5.596526395e+002 +4.160326395e+002 +4.160326395e+002 +2.9296e+000 -5.0919e+000 +4.5000e+000 -1.7353e+000 +6.0876e+000
5 +3.763421046e+002 +3.763421046e+002 +2.327221046e+002 +2.327221046e+002 -2.0594e+000 -2.9521e+000 -1.7620e+000 +9.9315e+000 -3.1175e+000
27 +2.905818853e+002 +2.905818853e+002 +1.469618853e+002 +1.469618853e+002 +3.0276e+000 -4.2195e+000 +1.9821e+000 -2.5545e-001 +2.5545e+000
28 +2.808342398e+002 +2.808342398e+002 +1.372142398e+002 +1.372142398e+002 -8.2942e+000 -4.8018e+000 +3.1041e+000 -9.3373e-001 +4.0810e+000
32 +2.401696492e+002 +2.401696492e+002 +9.654964921e+001 +9.654964921e+001 +2.0111e+000 +9.1376e-001 +3.3641e+000 +2.5264e+000 +4.9187e-001
37 +2.112301039e+002 +2.112301039e+002 +6.761010387e+001 +6.761010387e+001 -4.4090e+000 -7.7796e+000 +1.0386e+000 +5.4115e+000 +5.4301e+000
49 +1.912661755e+002 +1.912661755e+002 +4.764617547e+001 +4.764617547e+001 +7.2482e-001 -1.5662e+000 +1.7588e+000 -6.0099e-001 +3.6124e+000
54 +1.282108746e+002 +1.282108746e+002 -1.540912540e+001 -1.540912540e+001 -3.1300e+000 -3.9634e+000 +2.3301e+000 +1.2987e+000 +3.5100e+000
65 +4.030527198e+001 +4.030527198e+001 -1.033147280e+002 -1.033147280e+002 -1.3961e+000 +2.4005e+000 -1.2322e+000 -3.8554e+000 +3.9300e+000
114 +2.653794697e+001 +2.653794697e+001 -1.170820530e+002 -1.170820530e+002 -1.4741e+000 +1.8821e+000 -1.2222e+000 +3.2496e-001 -1.5724e+000
120 +2.115890693e+001 +2.115890693e+001 -1.224610931e+002 -1.224610931e+002 +4.8652e-001 +3.0136e+000 +6.9812e-002 -1.5057e-003 +2.5842e+000
141 +1.180049374e+001 +1.180049374e+001 -1.318195063e+002 -1.318195063e+002 -2.7726e+000 +3.5638e+000 +8.6184e-001 +1.2803e+000 +4.0923e+000
212 +1.147572949e+001 +1.147572949e+001 -1.321442705e+002 -1.321442705e+002 -1.1529e+000 +2.7522e+000 +3.4364e-001 -8.5452e-003 +2.8360e+000
226 +4.964939672e+000 +4.964939672e+000 -1.386550603e+002 -1.386550603e+002 -2.9473e+000 +2.9715e+000 +1.2600e+000 +1.5935e+000 +2.9388e+000
445 +4.894901260e+000 +4.894901260e+000 -1.387250987e+002 -1.387250987e+002 -1.2253e+000 +3.0570e+000 +7.3354e-001 +1.7281e-002 +2.7877e+000
462 +4.153678519e+000 +4.153678519e+000 -1.394663215e+002 -1.394663215e+002 -1.2615e+000 +3.1031e+000 +5.2115e-001 -1.7353e-001 +2.8545e+000
487 +2.636683106e+000 +2.636683106e+000 -1.409833169e+002 -1.409833169e+002 -1.2533e+000 +3.1069e+000 +3.3868e-001 -3.2959e-001 +2.2128e+000
602 +2.132083670e+000 +2.132083670e+000 -1.414879163e+002 -1.414879163e+002 -1.7151e+000 +3.0679e+000 +5.2186e-001 +2.0995e-001 +2.0622e+000
641 +1.873584650e+000 +1.873584650e+000 -1.417464153e+002 -1.417464153e+002 -1.5946e+000 +3.1486e+000 +5.2234e-001 +2.6880e-001 +2.2014e+000
651 +1.681762733e+000 +1.681762733e+000 -1.419382373e+002 -1.419382373e+002 -1.8381e+000 +3.2092e+000 +5.7341e-001 +3.4738e-001 +2.1566e+000
660 +1.342120100e+000 +1.342120100e+000 -1.422778799e+002 -1.422778799e+002 -1.8400e+000 +3.1801e+000 +6.8268e-001 +4.2019e-001 +2.3510e+000
743 +1.120492285e+000 +1.120492285e+000 -1.424995077e+002 -1.424995077e+002 -1.9648e+000 +3.1991e+000 +7.0421e-001 +6.3227e-001 +2.3585e+000
897 +1.077860048e+000 +1.077860048e+000 -1.425421400e+002 -1.425421400e+002 -2.0419e+000 +3.2319e+000 +6.7082e-001 +6.2513e-001 +2.2332e+000
915 +1.039735696e+000 +1.039735696e+000 -1.425802643e+002 -1.425802643e+002 -1.9424e+000 +3.2170e+000 +6.3902e-001 +5.2953e-001 +2.1225e+000
1177 +9.485062304e-001 +9.485062304e-001 -1.426714938e+002 -1.426714938e+002 -1.8182e+000 +3.1997e+000 +5.8640e-001 +3.6930e-001 +2.1049e+000
1202 +8.935447305e-001 +8.935447305e-001 -1.427264553e+002 -1.427264553e+002 -1.8392e+000 +3.1831e+000 +5.6527e-001 +4.1923e-001 +2.1231e+000
1250 +6.188725498e-001 +6.188725498e-001 -1.430011275e+002 -1.430011275e+002 -1.7563e+000 +3.1752e+000 +5.7110e-001 +3.4994e-001 +2.1815e+000
1327 +5.383015573e-001 +5.383015573e-001 -1.430816984e+002 -1.430816984e+002 -1.8057e+000 +3.1558e+000 +5.6586e-001 +3.5468e-001 +2.0935e+000
1365 +2.977744792e-001 +2.977744792e-001 -1.433222255e+002 -1.433222255e+002 -1.8277e+000 +3.1539e+000 +5.6792e-001 +3.6652e-001 +2.1213e+000
1545 +2.884385217e-001 +2.884385217e-001 -1.433315615e+002 -1.433315615e+002 -1.8041e+000 +3.1424e+000 +5.6926e-001 +3.4128e-001 +2.1522e+000
1578 +2.715890456e-001 +2.715890456e-001 -1.433484110e+002 -1.433484110e+002 -1.7965e+000 +3.1436e+000 +5.7192e-001 +3.3985e-001 +2.1568e+000
1620 +1.823171327e-001 +1.823171327e-001 -1.434376829e+002 -1.434376829e+002 -1.8038e+000 +3.1475e+000 +5.7069e-001 +3.4341e-001 +2.1541e+000
1953 +1.703925194e-001 +1.703925194e-001 -1.434496075e+002 -1.434496075e+002 -1.8024e+000 +3.1489e+000 +5.6929e-001 +3.4277e-001 +2.1516e+000
1963 +1.687877297e-001 +1.687877297e-001 -1.434512123e+002 -1.434512123e+002 -1.8024e+000 +3.1500e+000 +5.6968e-001 +3.4324e-001 +2.1521e+000
1999 +1.631329136e-001 +1.631329136e-001 -1.434568671e+002 -1.434568671e+002 -1.8024e+000 +3.1497e+000 +5.6954e-001 +3.4304e-001 +2.1516e+000
2012 +1.590128503e-001 +1.590128503e-001 -1.434609871e+002 -1.434609871e+002 -1.8027e+000 +3.1506e+000 +5.6975e-001 +3.4400e-001 +2.1514e+000
2032 +1.573529113e-001 +1.573529113e-001 -1.434626471e+002 -1.434626471e+002 -1.8025e+000 +3.1503e+000 +5.6967e-001 +3.4356e-001 +2.1514e+000
2041 +1.522262002e-001 +1.522262002e-001 -1.434677738e+002 -1.434677738e+002 -1.8024e+000 +3.1502e+000 +5.6966e-001 +3.4350e-001 +2.1517e+000
2128 +1.488621535e-001 +1.488621535e-001 -1.434711378e+002 -1.434711378e+002 -1.8026e+000 +3.1503e+000 +5.6961e-001 +3.4359e-001 +2.1514e+000
2375 +1.468519384e-001 +1.468519384e-001 -1.434731481e+002 -1.434731481e+002 -1.8026e+000 +3.1505e+000 +5.6952e-001 +3.4365e-001 +2.1511e+000
2442 +1.433104771e-001 +1.433104771e-001 -1.434766895e+002 -1.434766895e+002 -1.8027e+000 +3.1504e+000 +5.6958e-001 +3.4367e-001 +2.1513e+000
2526 +1.404258373e-001 +1.404258373e-001 -1.434795742e+002 -1.434795742e+002 -1.8027e+000 +3.1503e+000 +5.6959e-001 +3.4371e-001 +2.1512e+000
3689 +1.379038353e-001 +1.379038353e-001 -1.434820962e+002 -1.434820962e+002 -1.8028e+000 +3.1503e+000 +5.6960e-001 +3.4376e-001 +2.1512e+000
% function evaluation | noise-free fitness - Fopt (4.290000000000e+001) | best noise-free fitness - Fopt | measured fitness | best measured fitness | x1 | x2...
1 +2.247365646e+002 +2.247365646e+002 +2.676365646e+002 +2.676365646e+002 +1.7671e+000 +2.9726e+000 -4.2977e+000 -4.5168e+000 +1.7590e+000
3 +8.310638582e+001 +8.310638582e+001 +1.260063858e+002 +1.260063858e+002 +2.8262e+000 +2.0875e+000 -1.4353e+000 -2.1664e+000 -3.8653e+000
9 +4.908540074e+001 +4.908540074e+001 +9.198540074e+001 +9.198540074e+001 +3.3623e+000 +7.9524e-002 +1.2184e+000 -1.3808e+000 -3.1846e+000
16 +1.266186534e+001 +1.266186534e+001 +5.556186534e+001 +5.556186534e+001 +1.9632e+000 -3.6817e-001 +2.0690e+000 -2.2164e-003 -4.0954e-001
117 +1.214062773e+001 +1.214062773e+001 +5.504062773e+001 +5.504062773e+001 +2.5013e-001 -2.7087e-001 +3.1894e+000 -1.0909e+000 -1.5809e+000
168 +8.960812507e+000 +8.960812507e+000 +5.186081251e+001 +5.186081251e+001 +2.9760e-001 -5.1982e-001 +2.7210e+000 -1.0504e+000 -1.2015e+000
186 +6.641288972e+000 +6.641288972e+000 +4.954128897e+001 +4.954128897e+001 +5.9550e-001 -4.9214e-001 +9.4479e-001 -1.9977e+000 -7.5218e-001
216 +6.407663247e+000 +6.407663247e+000 +4.930766325e+001 +4.930766325e+001 +3.8202e-001 +1.2390e-001 +2.9045e+000 -1.5691e+000 -4.5724e-001
280 +5.591193639e+000 +5.591193639e+000 +4.849119364e+001 +4.849119364e+001 +6.2148e-001 -3.8485e-001 +1.9601e+000 -1.6088e+000 -4.9186e-001
296 +4.556689294e+000 +4.556689294e+000 +4.745668929e+001 +4.745668929e+001 +1.9830e-001 +2.5417e-001 +2.0128e+000 -1.3072e+000 +1.5151e-001
382 +3.672731571e+000 +3.672731571e+000 +4.657273157e+001 +4.657273157e+001 +7.0749e-001 -9.1700e-001 +2.0092e+000 -8.2915e-001 -2.3419e-001
405 +2.430332713e+000 +2.430332713e+000 +4.533033271e+001 +4.533033271e+001 +6.6170e-001 -4.7035e-001 +2.3483e+000 -1.0254e+000 -1.8529e-001
413 +2.151838688e+000 +2.151838688e+000 +4.505183869e+001 +4.505183869e+001 +5.2205e-001 -5.3515e-001 +2.1580e+000 -1.0565e+000 -3.7866e-001
442 +1.751132352e+000 +1.751132352e+000 +4.465113235e+001 +4.465113235e+001 +5.9682e-001 -4.7277e-001 +2.6537e+000 -6.4278e-001 -4.8177e-002
531 +1.455801968e+000 +1.455801968e+000 +4.435580197e+001 +4.435580197e+001 +5.2185e-001 -3.9017e-001 +2.2527e+000 -1.2272e+000 -3.0559e-001
615 +1.177859286e+000 +1.177859286e+000 +4.407785929e+001 +4.407785929e+001 +5.3039e-001 -4.8717e-001 +2.2457e+000 -1.1424e+000 -3.9578e-001
740 +1.122855107e+000 +1.122855107e+000 +4.402285511e+001 +4.402285511e+001 +5.6435e-001 -5.2170e-001 +2.2635e+000 -1.1317e+000 -4.8200e-001
755 +1.084905845e+000 +1.084905845e+000 +4.398490585e+001 +4.398490585e+001 +5.4197e-001 -4.9043e-001 +2.3871e+000 -9.9157e-001 -3.2662e-001
776 +1.016227170e+000 +1.016227170e+000 +4.391622717e+001 +4.391622717e+001 +5.5992e-001 -5.1257e-001 +2.3922e+000 -9.7427e-001 -3.4965e-001
802 +9.877478335e-001 +9.877478335e-001 +4.388774783e+001 +4.388774783e+001 +5.2698e-001 -4.8193e-001 +2.3925e+000 -9.9924e-001 -3.0615e-001
913 +9.141143683e-001 +9.141143683e-001 +4.381411437e+001 +4.381411437e+001 +5.5089e-001 -5.0136e-001 +2.3865e+000 -9.9283e-001 -3.3164e-001
926 +8.857413512e-001 +8.857413512e-001 +4.378574135e+001 +4.378574135e+001 +5.5049e-001 -5.0497e-001 +2.4025e+000 -9.8155e-001 -3.2757e-001
947 +7.516917725e-001 +7.516917725e-001 +4.365169177e+001 +4.365169177e+001 +5.4448e-001 -5.0163e-001 +2.3781e+000 -9.8854e-001 -3.0778e-001
1083 +7.349770419e-001 +7.349770419e-001 +4.363497704e+001 +4.363497704e+001 +5.4822e-001 -5.0975e-001 +2.3760e+000 -9.8881e-001 -3.2704e-001
1087 +7.022974004e-001 +7.022974004e-001 +4.360229740e+001 +4.360229740e+001 +5.4608e-001 -5.0814e-001 +2.3706e+000 -9.9114e-001 -3.2343e-001
1244 +6.800613824e-001 +6.800613824e-001 +4.358006138e+001 +4.358006138e+001 +5.4750e-001 -5.0904e-001 +2.3755e+000 -9.8438e-001 -3.2413e-001
1305 +6.676399002e-001 +6.676399002e-001 +4.356763990e+001 +4.356763990e+001 +5.4730e-001 -5.0930e-001 +2.3730e+000 -9.8709e-001 -3.2374e-001
1315 +6.485392487e-001 +6.485392487e-001 +4.354853925e+001 +4.354853925e+001 +5.4777e-001 -5.0906e-001 +2.3719e+000 -9.8867e-001 -3.2400e-001
1498 +6.444463620e-001 +6.444463620e-001 +4.354444636e+001 +4.354444636e+001 +5.4810e-001 -5.0938e-001 +2.3742e+000 -9.8544e-001 -3.2322e-001
1543 +6.259250144e-001 +6.259250144e-001 +4.352592501e+001 +4.352592501e+001 +5.4822e-001 -5.1043e-001 +2.3742e+000 -9.8450e-001 -3.2279e-001
1636 +6.099842263e-001 +6.099842263e-001 +4.350998423e+001 +4.350998423e+001 +5.4786e-001 -5.0945e-001 +2.3729e+000 -9.8710e-001 -3.2390e-001
1774 +6.002788453e-001 +6.002788453e-001 +4.350027885e+001 +4.350027885e+001 +5.4787e-001 -5.0947e-001 +2.3733e+000 -9.8647e-001 -3.2321e-001
2270 +5.834107826e-001 +5.834107826e-001 +4.348341078e+001 +4.348341078e+001 +5.4788e-001 -5.0948e-001 +2.3738e+000 -9.8597e-001 -3.2298e-001
3735 +5.752524667e-001 +5.752524667e-001 +4.347525247e+001 +4.347525247e+001 +5.4788e-001 -5.0948e-001 +2.3738e+000 -9.8599e-001 -3.2299e-001
% function evaluation | noise-free fitness - Fopt (6.286500000000e+002) | best noise-free fitness - Fopt | measured fitness | best measured fitness | x1 | x2...
1 +1.510762751e+002 +1.510762751e+002 +7.797262751e+002 +7.797262751e+002 +5.5747e+000 +2.7052e+000 +4.7824e+000 +2.2956e+000 +2.2990e+000
2 +1.436576195e+002 +1.436576195e+002 +7.723076195e+002 +7.723076195e+002 +4.4876e+000 -6.6170e+000 +3.8094e+000 +2.7910e+000 +3.1348e+000
4 +1.313274227e+002 +1.313274227e+002 +7.599774227e+002 +7.599774227e+002 +6.0765e+000 -1.5429e+000 +3.3782e+000 +2.8824e+000 +3.1695e+000
11 +8.138739846e+001 +8.138739846e+001 +7.100373985e+002 +7.100373985e+002 +1.9010e+000 +4.8978e+000 +3.6926e+000 +1.0062e+000 +3.2179e+000
21 +6.291344825e+001 +6.291344825e+001 +6.915634482e+002 +6.915634482e+002 +1.2307e+000 +2.7278e+000 +7.1151e-001 +1.6925e+000 +4.0097e+000
43 +3.422660319e+001 +3.422660319e+001 +6.628766032e+002 +6.628766032e+002 -4.5828e+000 +5.8797e+000 +2.0252e-001 +1.6002e+000 +3.4200e+000
163 +1.297707079e+001 +1.297707079e+001 +6.416270708e+002 +6.416270708e+002 -2.8601e+000 -4.2904e-001 -1.0314e+000 +1.9827e+000 -9.3945e-002
182 +1.285914314e+001 +1.285914314e+001 +6.415091431e+002 +6.415091431e+002 -2.0131e+000 -1.0285e+000 -4.7959e+000 -3.3783e+000 +1.5157e+000
231 +1.036681399e+001 +1.036681399e+001 +6.390168140e+002 +6.390168140e+002 -2.3038e+000 -1.1375e+000 -3.0462e+000 -4.8235e-001 +1.3956e+000
297 +8.896138475e+000 +8.896138475e+000 +6.375461385e+002 +6.375461385e+002 -2.1923e+000 -7.2912e-001 -2.8343e+000 -7.0228e-001 +7.4445e-001
424 +7.066206295e+000 +7.066206295e+000 +6.357162063e+002 +6.357162063e+002 -3.3147e+000 -8.9549e-001 -2.8007e+000 -6.9816e-001 +9.2301e-001
452 +3.160039824e+000 +3.160039824e+000 +6.318100398e+002 +6.318100398e+002 -3.3511e+000 -8.0538e-001 -2.4522e+000 +3.2592e-001 +1.0266e+000
453 +2.285505169e+000 +2.285505169e+000 +6.309355052e+002 +6.309355052e+002 -3.2421e+000 -6.6170e-001 -2.3821e+000 -7.4913e-002 +1.0625e+000
606 +2.204632205e+000 +2.204632205e+000 +6.308546322e+002 +6.308546322e+002 -3.0987e+000 -7.1568e-001 -2.5656e+000 -1.1067e-001 +9.7865e-001
641 +1.662222580e+000 +1.662222580e+000 +6.303122226e+002 +6.303122226e+002 -3.1050e+000 -6.1284e-001 -2.5395e+000 -2.7677e-001 +1.0359e+000
666 +1.039032242e+000 +1.039032242e+000 +6.296890322e+002 +6.296890322e+002 -3.1081e+000 -6.4716e-001 -2.5893e+000 -1.8176e-001 +1.0331e+000
743 +9.804457538e-001 +9.804457538e-001 +6.296304458e+002 +6.296304458e+002 -3.0961e+000 -6.5966e-001 -2.5955e+000 -1.6619e-001 +1.0322e+000
796 +7.062316206e-001 +7.062316206e-001 +6.293562316e+002 +6.293562316e+002 -3.1210e+000 -6.6891e-001 -2.5736e+000 -1.7425e-001 +1.0375e+000
1565 +6.556380073e-001 +6.556380073e-001 +6.293056380e+002 +6.293056380e+002 -3.1345e+000 -6.9108e-001 -2.5705e+000 -1.6244e-001 +1.0254e+000
1578 +6.307121963e-001 +6.307121963e-001 +6.292807122e+002 +6.292807122e+002 -3.1352e+000 -6.9386e-001 -2.5679e+000 -1.5835e-001 +1.0231e+000
1711 +6.130188686e-001 +6.130188686e-001 +6.292630189e+002 +6.292630189e+002 -3.1347e+000 -6.9411e-001 -2.5682e+000 -1.6043e-001 +1.0224e+000
1783 +5.931365679e-001 +5.931365679e-001 +6.292431366e+002 +6.292431366e+002 -3.1345e+000 -6.9414e-001 -2.5692e+000 -1.6134e-001 +1.0226e+000
1936 +5.866172107e-001 +5.866172107e-001 +6.292366172e+002 +6.292366172e+002 -3.1340e+000 -6.9287e-001 -2.5694e+000 -1.6162e-001 +1.0234e+000
2052 +5.666849776e-001 +5.666849776e-001 +6.292166850e+002 +6.292166850e+002 -3.1341e+000 -6.9277e-001 -2.5690e+000 -1.6166e-001 +1.0235e+000
% function evaluation | noise-free fitness - Fopt (-7.163000000000e+001) | best noise-free fitness - Fopt | measured fitness | best measured fitness | x1 | x2...
1 +2.419247533e+002 +2.419247533e+002 +1.702947533e+002 +1.702947533e+002 -2.1416e+000 -1.2603e+000 -9.3446e-001 -1.9936e+000 -1.1303e+000
4 +1.887903217e+002 +1.887903217e+002 +1.171603217e+002 +1.171603217e+002 -1.0213e+000 +2.2473e-001 -8.5417e-001 +3.7974e-001 -4.2838e-002
10 +1.381031082e+002 +1.381031082e+002 +6.647310823e+001 +6.647310823e+001 -4.4997e-001 -3.0844e+000 -2.0685e+000 -2.1333e+000 +4.4686e+000
13 +1.107414901e+002 +1.107414901e+002 +3.911149011e+001 +3.911149011e+001 -2.1902e+000 -2.1853e+000 -1.9887e+000 +3.4834e+000 -9.7695e-001
14 +1.093651615e+002 +1.093651615e+002 +3.773516146e+001 +3.773516146e+001 +2.2445e+000 -1.1169e-001 +2.4433e-001 +1.5959e-001 +4.1835e+000
27 +2.464007218e+001 +2.464007218e+001 -4.698992782e+001 -4.698992782e+001 -8.7942e-001 -1.4143e+000 +8.2948e-003 +2.1788e-001 +5.5583e+000
86 +2.374913421e+001 +2.374913421e+001 -4.788086579e+001 -4.788086579e+001 +4.2652e-001 -4.0185e+000 -6.9131e-001 +4.3022e-001 +2.7679e+000
105 +1.744058340e+001 +1.744058340e+001 -5.418941660e+001 -5.418941660e+001 +1.1135e-001 -3.5481e+000 +1.1783e-001 +1.7601e+000 +2.5182e+000
168 +1.437796834e+001 +1.437796834e+001 -5.725203166e+001 -5.725203166e+001 +2.7356e-001 -3.1292e+000 +3.2591e-001 +1.1905e+000 +3.9029e+000
213 +7.965073860e+000 +7.965073860e+000 -6.366492614e+001 -6.366492614e+001 +1.1303e+000 -3.8434e+000 +8.9904e-001 +2.5397e+000 +4.1274e+000
249 +4.984738314e+000 +4.984738314e+000 -6.664526169e+001 -6.664526169e+001 +1.1920e+000 -3.7955e+000 +1.4685e+000 +3.1934e+000 +3.9902e+000
276 +4.153481993e+000 +4.153481993e+000 -6.747651801e+001 -6.747651801e+001 +1.4881e+000 -3.1672e+000 +1.7613e+000 +3.0726e+000 +3.2942e+000
316 +3.390388411e+000 +3.390388411e+000 -6.823961159e+001 -6.823961159e+001 +1.8632e+000 -3.4644e+000 +1.6928e+000 +2.5963e+000 +3.9062e+000
351 +1.759080179e+000 +1.759080179e+000 -6.987091982e+001 -6.987091982e+001 +1.8450e+000 -3.2636e+000 +2.0430e+000 +2.8772e+000 +3.5959e+000
402 +1.408373795e+000 +1.408373795e+000 -7.022162620e+001 -7.022162620e+001 +1.8595e+000 -3.4187e+000 +1.9160e+000 +2.9135e+000 +3.7275e+000
435 +1.278263310e+000 +1.278263310e+000 -7.035173669e+001 -7.035173669e+001 +1.7722e+000 -3.5431e+000 +1.8917e+000 +3.0741e+000 +3.7829e+000
462 +1.169671783e+000 +1.169671783e+000 -7.046032822e+001 -7.046032822e+001 +1.6422e+000 -3.4536e+000 +1.7585e+000 +2.8707e+000 +3.7728e+000
471 +1.095856002e+000 +1.095856002e+000 -7.053414400e+001 -7.053414400e+001 +1.7659e+000 -3.4450e+000 +1.8791e+000 +3.1149e+000 +3.7483e+000
479 +7.516584332e-001 +7.516584332e-001 -7.087834157e+001 -7.087834157e+001 +1.7094e+000 -3.4303e+000 +1.8516e+000 +2.9940e+000 +3.7446e+000
521 +6.703666279e-001 +6.703666279e-001 -7.095963337e+001 -7.095963337e+001 +1.7654e+000 -3.4181e+000 +1.8109e+000 +3.0446e+000 +3.7375e+000
527 +3.070107685e-001 +3.070107685e-001 -7.132298923e+001 -7.132298923e+001 +1.7970e+000 -3.4541e+000 +1.8449e+000 +2.9672e+000 +3.7414e+000
667 +2.273658331e-001 +2.273658331e-001 -7.140263417e+001 -7.140263417e+001 +1.7875e+000 -3.4103e+000 +1.8387e+000 +2.9608e+000 +3.7329e+000
680 +1.658928001e-001 +1.658928001e-001 -7.146410720e+001 -7.146410720e+001 +1.7638e+000 -3.4061e+000 +1.8350e+000 +2.9589e+000 +3.7281e+000
695 +1.519322984e-001 +1.519322984e-001 -7.147806770e+001 -7.147806770e+001 +1.7711e+000 -3.4069e+000 +1.8317e+000 +2.9640e+000 +3.7285e+000
774 +1.369242749e-001 +1.369242749e-001 -7.149307573e+001 -7.149307573e+001 +1.7428e+000 -3.3894e+000 +1.8030e+000 +2.9458e+000 +3.7333e+000
799 +1.345955071e-001 +1.345955071e-001 -7.149540449e+001 -7.149540449e+001 +1.7472e+000 -3.3915e+000 +1.8021e+000 +2.9545e+000 +3.7317e+000
807 +1.007355547e-001 +1.007355547e-001 -7.152926445e+001 -7.152926445e+001 +1.7426e+000 -3.3797e+000 +1.8015e+000 +2.9478e+000 +3.7362e+000
833 +9.332537682e-002 +9.332537682e-002 -7.153667462e+001 -7.153667462e+001 +1.7433e+000 -3.3838e+000 +1.8096e+000 +2.9370e+000 +3.7442e+000
901 +7.028158053e-002 +7.028158053e-002 -7.155971842e+001 -7.155971842e+001 +1.7434e+000 -3.3805e+000 +1.8019e+000 +2.9436e+000 +3.7380e+000
940 +6.049866313e-002 +6.049866313e-002 -7.156950134e+001 -7.156950134e+001 +1.7427e+000 -3.3812e+000 +1.8048e+000 +2.9350e+000 +3.7466e+000
985 +5.584105105e-002 +5.584105105e-002 -7.157415895e+001 -7.157415895e+001 +1.7464e+000 -3.3840e+000 +1.8066e+000 +2.9379e+000 +3.7431e+000
992 +3.596706768e-002 +3.596706768e-002 -7.159403293e+001 -7.159403293e+001 +1.7447e+000 -3.3832e+000 +1.8050e+000 +2.9378e+000 +3.7452e+000
1083 +3.175909791e-002 +3.175909791e-002 -7.159824090e+001 -7.159824090e+001 +1.7460e+000 -3.3871e+000 +1.8061e+000 +2.9407e+000 +3.7440e+000
1131 +3.019009022e-002 +3.019009022e-002 -7.159980991e+001 -7.159980991e+001 +1.7461e+000 -3.3839e+000 +1.8060e+000 +2.9411e+000 +3.7435e+000
1208 +2.638005462e-002 +2.638005462e-002 -7.160361995e+001 -7.160361995e+001 +1.7468e+000 -3.3842e+000 +1.8067e+000 +2.9421e+000 +3.7415e+000
1347 +2.177484628e-002 +2.177484628e-002 -7.160822515e+001 -7.160822515e+001 +1.7464e+000 -3.3853e+000 +1.8066e+000 +2.9408e+000 +3.7432e+000
1499 +1.807905136e-002 +1.807905136e-002 -7.161192095e+001 -7.161192095e+001 +1.7470e+000 -3.3865e+000 +1.8076e+000 +2.9413e+000 +3.7433e+000
1528 +1.677846405e-002 +1.677846405e-002 -7.161322154e+001 -7.161322154e+001 +1.7469e+000 -3.3865e+000 +1.8073e+000 +2.9410e+000 +3.7434e+000
1614 +1.589394155e-002 +1.589394155e-002 -7.161410606e+001 -7.161410606e+001 +1.7473e+000 -3.3865e+000 +1.8076e+000 +2.9417e+000 +3.7427e+000
1758 +1.574320959e-002 +1.574320959e-002 -7.161425679e+001 -7.161425679e+001 +1.7473e+000 -3.3861e+000 +1.8075e+000 +2.9420e+000 +3.7426e+000
1772 +1.422284776e-002 +1.422284776e-002 -7.161577715e+001 -7.161577715e+001 +1.7472e+000 -3.3862e+000 +1.8074e+000 +2.9419e+000 +3.7426e+000
2132 +1.371255698e-002 +1.371255698e-002 -7.161628744e+001 -7.161628744e+001 +1.7472e+000 -3.3860e+000 +1.8075e+000 +2.9420e+000 +3.7424e+000
2158 +1.319685013e-002 +1.319685013e-002 -7.161680315e+001 -7.161680315e+001 +1.7472e+000 -3.3861e+000 +1.8075e+000 +2.9420e+000 +3.7425e+000
2276 +1.298790290e-002 +1.298790290e-002 -7.161701210e+001 -7.161701210e+001 +1.7472e+000 -3.3861e+000 +1.8075e+000 +2.9420e+000 +3.7425e+000
2315 +1.260154869e-002 +1.260154869e-002 -7.161739845e+001 -7.161739845e+001 +1.7472e+000 -3.3861e+000 +1.8075e+000 +2.9420e+000 +3.7425e+000
2631 +1.223089605e-002 +1.223089605e-002 -7.161776910e+001 -7.161776910e+001 +1.7473e+000 -3.3861e+000 +1.8075e+000 +2.9420e+000 +3.7425e+000
3179 +1.200328685e-002 +1.200328685e-002 -7.161799671e+001 -7.161799671e+001 +1.7473e+000 -3.3861e+000 +1.8075e+000 +2.9420e+000 +3.7424e+000
3612 +1.174079923e-002 +1.174079923e-002 -7.161825920e+001 -7.161825920e+001 +1.7473e+000 -3.3861e+000 +1.8075e+000 +2.9420e+000 +3.7425e+000
% function evaluation | noise-free fitness - Fopt (1.976000000000e+001) | best noise-free fitness - Fopt | measured fitness | best measured fitness | x1 | x2...
1 +1.311787255e+003 +1.311787255e+003 +1.331547255e+003 +1.331547255e+003 -6.6307e+000 -3.8686e+000 -6.2144e-001 +3.3170e+000 +3.7528e+000
2 +5.165158757e+002 +5.165158757e+002 +5.362758757e+002 +5.362758757e+002 -6.2345e+000 -6.6911e+000 +6.2106e+000 +7.6331e-001 -9.9114e+000
3 +1.214307001e+002 +1.214307001e+002 +1.411907001e+002 +1.411907001e+002 -4.4616e+000 -3.6877e+000 +4.6785e-001 -2.1952e+000 -4.5261e+000
5 +1.180521346e+002 +1.180521346e+002 +1.378121346e+002 +1.378121346e+002 -5.5402e+000 -5.3222e+000 +4.8267e-001 +3.4717e+000 -2.9423e+000
10 +8.849551547e+001 +8.849551547e+001 +1.082555155e+002 +1.082555155e+002 -1.2537e+000 -4.1764e-001 -4.3674e+000 -3.6587e+000 -4.8043e+000
31 +3.507729350e+001 +3.507729350e+001 +5.483729350e+001 +5.483729350e+001 -4.8217e-001 -3.7948e-002 -4.4994e+000 +1.3426e+000 -4.9818e+000
61 +3.094663714e+001 +3.094663714e+001 +5.070663714e+001 +5.070663714e+001 +4.2959e+000 -2.3229e+000 -4.8043e+000 +1.8090e+000 -3.7009e+000
81 +2.689135370e+001 +2.689135370e+001 +4.665135370e+001 +4.665135370e+001 -5.6242e-001 -1.2516e+000 -3.2738e+000 +3.7522e+000 -4.0894e+000
128 +2.480914136e+001 +2.480914136e+001 +4.456914136e+001 +4.456914136e+001 +1.8178e+000 -4.6247e-001 -2.5518e+000 +2.6408e+000 -4.5212e+000
142 +2.299472218e+001 +2.299472218e+001 +4.275472218e+001 +4.275472218e+001 +2.4574e+000 -1.2420e+000 -3.0208e+000 +1.6724e+000 -4.1961e+000
154 +2.150011997e+001 +2.150011997e+001 +4.126011997e+001 +4.126011997e+001 +4.2159e+000 -4.4337e+000 -1.4817e+000 +1.5449e+000 -5.5193e+000
166 +2.022990041e+001 +2.022990041e+001 +3.998990041e+001 +3.998990041e+001 +2.2465e+000 -2.3792e+000 -2.0283e+000 +1.9503e+000 -4.4274e+000
206 +1.281901047e+001 +1.281901047e+001 +3.257901047e+001 +3.257901047e+001 +3.9861e+000 -1.1415e+000 -2.9218e+000 +1.7794e+000 -4.6076e+000
419 +6.466015930e+000 +6.466015930e+000 +2.622601593e+001 +2.622601593e+001 +3.4433e+000 -1.5423e+000 -3.1594e+000 +2.0451e+000 -4.7761e+000
707 +5.881863643e+000 +5.881863643e+000 +2.564186364e+001 +2.564186364e+001 +3.9474e+000 -1.4589e+000 -3.0885e+000 +1.9779e+000 -4.6600e+000
794 +5.678448144e+000 +5.678448144e+000 +2.543844814e+001 +2.543844814e+001 +4.0716e+000 -1.4667e+000 -3.0067e+000 +1.8550e+000 -4.5769e+000
802 +5.613515367e+000 +5.613515367e+000 +2.537351537e+001 +2.537351537e+001 +4.1091e+000 -1.4465e+000 -2.9952e+000 +1.8720e+000 -4.5403e+000
839 +4.701420895e+000 +4.701420895e+000 +2.446142090e+001 +2.446142090e+001 +4.0092e+000 -1.4620e+000 -2.9858e+000 +1.9049e+000 -4.5628e+000
936 +4.582783355e+000 +4.582783355e+000 +2.434278335e+001 +2.434278335e+001 +3.9396e+000 -1.4495e+000 -3.0147e+000 +1.9117e+000 -4.5425e+000
1081 +4.293433129e+000 +4.293433129e+000 +2.405343313e+001 +2.405343313e+001 +4.0415e+000 -1.4677e+000 -2.9698e+000 +1.8780e+000 -4.5413e+000
1153 +4.167927599e+000 +4.167927599e+000 +2.392792760e+001 +2.392792760e+001 +3.9986e+000 -1.4618e+000 -2.9652e+000 +1.8803e+000 -4.4962e+000
1165 +4.054336106e+000 +4.054336106e+000 +2.381433611e+001 +2.381433611e+001 +4.0039e+000 -1.4602e+000 -2.9586e+000 +1.8781e+000 -4.4850e+000
1274 +3.787519814e+000 +3.787519814e+000 +2.354751981e+001 +2.354751981e+001 +4.0159e+000 -1.4783e+000 -2.9471e+000 +1.8762e+000 -4.5001e+000
1589 +3.691410040e+000 +3.691410040e+000 +2.345141004e+001 +2.345141004e+001 +4.0168e+000 -1.4771e+000 -2.9469e+000 +1.8752e+000 -4.4978e+000
1656 +3.622695740e+000 +3.622695740e+000 +2.338269574e+001 +2.338269574e+001 +4.0176e+000 -1.4768e+000 -2.9473e+000 +1.8753e+000 -4.4984e+000
2904 +3.541442461e+000 +3.541442461e+000 +2.330144246e+001 +2.330144246e+001 +4.0182e+000 -1.4765e+000 -2.9474e+000 +1.8751e+000 -4.4986e+000
% function evaluation | noise-free fitness - Fopt (6.100000000000e-001) | best noise-free fitness - Fopt | measured fitness | best measured fitness | x1 | x2...
1 +4.313240831e+002 +4.313240831e+002 +4.319340831e+002 +4.319340831e+002 -7.4476e+000 +5.7572e+000 -2.6598e+000 -4.5336e+000 -1.7195e+000
2 +2.142605488e+002 +2.142605488e+002 +2.148705488e+002 +2.148705488e+002 -2.1766e+000 -3.6274e+000 -8.3573e-001 -1.2102e+000 +6.2369e-002
3 +1.325694257e+001 +1.325694257e+001 +1.386694257e+001 +1.386694257e+001 -3.2474e-001 +9.7758e-001 -4.8062e+000 -1.5724e+000 -9.2609e-001
108 +8.861418375e+000 +8.861418375e+000 +9.471418375e+000 +9.471418375e+000 -4.1674e-001 +4.8011e-001 -3.5332e+000 -2.2239e+000 -2.7256e+000
192 +8.707393203e+000 +8.707393203e+000 +9.317393203e+000 +9.317393203e+000 +1.0524e+000 +9.3265e-001 -2.2771e+000 -2.7184e+000 -2.3555e+000
197 +7.483137545e+000 +7.483137545e+000 +8.093137545e+000 +8.093137545e+000 -7.6274e-001 +7.1603e-001 -4.1731e+000 -2.4649e+000 -2.5868e+000
234 +7.342189491e+000 +7.342189491e+000 +7.952189491e+000 +7.952189491e+000 -2.8515e-001 +9.0102e-001 -3.5883e+000 -2.7843e+000 -2.7100e+000
243 +7.181001161e+000 +7.181001161e+000 +7.791001161e+000 +7.791001161e+000 -5.4137e-001 +7.6038e-001 -3.2373e+000 -2.7529e+000 -2.4805e+000
265 +4.837610386e+000 +4.837610386e+000 +5.447610386e+000 +5.447610386e+000 -3.5355e-001 +8.0249e-001 -3.4910e+000 -2.6762e+000 -2.7624e+000
277 +4.426156596e+000 +4.426156596e+000 +5.036156596e+000 +5.036156596e+000 -8.1074e-002 +7.8016e-001 -3.4059e+000 -2.7472e+000 -2.8553e+000
297 +4.064574767e+000 +4.064574767e+000 +4.674574767e+000 +4.674574767e+000 -1.0048e-001 +7.1084e-001 -3.6502e+000 -2.6891e+000 -2.4518e+000
304 +3.262764258e+000 +3.262764258e+000 +3.872764258e+000 +3.872764258e+000 -1.6196e-001 +7.2568e-001 -3.4911e+000 -2.6992e+000 -2.6357e+000
310 +2.437126142e+000 +2.437126142e+000 +3.047126142e+000 +3.047126142e+000 -9.6680e-002 +5.8972e-001 -3.4712e+000 -2.6192e+000 -2.4219e+000
311 +1.402583232e+000 +1.402583232e+000 +2.012583232e+000 +2.012583232e+000 -4.9885e-003 +6.6525e-001 -3.5701e+000 -2.6067e+000 -2.3947e+000
649 +8.792016791e-001 +8.792016791e-001 +1.489201679e+000 +1.489201679e+000 +4.1848e-002 +6.6950e-001 -3.5402e+000 -2.6031e+000 -2.4431e+000
664 +8.154165962e-001 +8.154165962e-001 +1.425416596e+000 +1.425416596e+000 +3.4687e-002 +6.5278e-001 -3.5909e+000 -2.5822e+000 -2.4182e+000
750 +7.507092139e-001 +7.507092139e-001 +1.360709214e+000 +1.360709214e+000 +1.6785e-001 +6.8433e-001 -3.4995e+000 -2.6512e+000 -2.4635e+000
805 +6.171476379e-001 +6.171476379e-001 +1.227147638e+000 +1.227147638e+000 +1.2725e-001 +6.6740e-001 -3.5683e+000 -2.6199e+000 -2.3868e+000
911 +5.753486791e-001 +5.753486791e-001 +1.185348679e+000 +1.185348679e+000 +1.3989e-001 +6.6073e-001 -3.5869e+000 -2.6082e+000 -2.3915e+000
1054 +5.592554907e-001 +5.592554907e-001 +1.169255491e+000 +1.169255491e+000 +1.4959e-001 +6.7838e-001 -3.5961e+000 -2.6095e+000 -2.3566e+000
1160 +5.057642266e-001 +5.057642266e-001 +1.115764227e+000 +1.115764227e+000 +1.2980e-001 +6.6910e-001 -3.6038e+000 -2.6062e+000 -2.3452e+000
1341 +4.780239818e-001 +4.780239818e-001 +1.088023982e+000 +1.088023982e+000 +1.4481e-001 +6.7220e-001 -3.5858e+000 -2.6110e+000 -2.3716e+000
1611 +4.644628602e-001 +4.644628602e-001 +1.074462860e+000 +1.074462860e+000 +1.3424e-001 +6.6657e-001 -3.5770e+000 -2.6067e+000 -2.3853e+000
1714 +4.551217531e-001 +4.551217531e-001 +1.065121753e+000 +1.065121753e+000 +1.2718e-001 +6.6552e-001 -3.5743e+000 -2.6082e+000 -2.3847e+000
1728 +3.894940916e-001 +3.894940916e-001 +9.994940916e-001 +9.994940916e-001 +1.3154e-001 +6.6596e-001 -3.5753e+000 -2.6118e+000 -2.3838e+000
1753 +3.862873200e-001 +3.862873200e-001 +9.962873200e-001 +9.962873200e-001 +1.3129e-001 +6.6526e-001 -3.5725e+000 -2.6125e+000 -2.3894e+000
1902 +3.770583003e-001 +3.770583003e-001 +9.870583003e-001 +9.870583003e-001 +1.2806e-001 +6.6088e-001 -3.5772e+000 -2.6121e+000 -2.3874e+000
1967 +3.554573352e-001 +3.554573352e-001 +9.654573352e-001 +9.654573352e-001 +1.2098e-001 +6.5067e-001 -3.5834e+000 -2.6097e+000 -2.3860e+000
2003 +3.218530735e-001 +3.218530735e-001 +9.318530735e-001 +9.318530735e-001 +1.2171e-001 +6.5171e-001 -3.5785e+000 -2.6098e+000 -2.3884e+000
2041 +2.853522406e-001 +2.853522406e-001 +8.953522406e-001 +8.953522406e-001 +1.3247e-001 +6.5169e-001 -3.5800e+000 -2.6116e+000 -2.3844e+000
2203 +2.680349648e-001 +2.680349648e-001 +8.780349648e-001 +8.780349648e-001 +1.2678e-001 +6.4341e-001 -3.5812e+000 -2.6108e+000 -2.3867e+000
2356 +2.619347289e-001 +2.619347289e-001 +8.719347289e-001 +8.719347289e-001 +1.2725e-001 +6.4393e-001 -3.5810e+000 -2.6107e+000 -2.3870e+000
2726 +2.559175078e-001 +2.559175078e-001 +8.659175078e-001 +8.659175078e-001 +1.2746e-001 +6.4467e-001 -3.5809e+000 -2.6109e+000 -2.3867e+000
2982 +2.493936042e-001 +2.493936042e-001 +8.593936042e-001 +8.593936042e-001 +1.2779e-001 +6.4482e-001 -3.5810e+000 -2.6109e+000 -2.3865e+000
3282 +2.449917379e-001 +2.449917379e-001 +8.549917379e-001 +8.549917379e-001 +1.2764e-001 +6.4465e-001 -3.5811e+000 -2.6108e+000 -2.3865e+000
% function evaluation | noise-free fitness - Fopt (-8.634400000000e+002) | best noise-free fitness - Fopt | measured fitness | best measured fitness | x1 | x2...
1 +3.765858059e+002 +3.765858059e+002 -4.868541941e+002 -4.868541941e+002 -9.6005e-001 +1.1698e+000 +9.6483e+000 +3.9750e+000 -8.0083e+000
4 +8.760611496e+001 +8.760611496e+001 -7.758338850e+002 -7.758338850e+002 -3.2978e+000 -5.2833e+000 +6.1759e+000 +5.6885e+000 -2.0933e+000
10 +6.725012116e+001 +6.725012116e+001 -7.961898788e+002 -7.961898788e+002 -2.4437e+000 -2.0913e+000 +6.1831e+000 +1.8053e+000 -1.4214e+000
11 +6.154444585e+001 +6.154444585e+001 -8.018955541e+002 -8.018955541e+002 -4.9785e+000 -3.7492e+000 +4.5467e+000 +1.0620e+000 +1.2232e+000
18 +4.244484227e+001 +4.244484227e+001 -8.209951577e+002 -8.209951577e+002 -3.1891e+000 -4.8248e+000 +3.9062e+000 +2.6744e+000 +4.2174e-002
26 +1.915434619e+001 +1.915434619e+001 -8.442856538e+002 -8.442856538e+002 -2.1001e+000 -3.8383e+000 +3.0864e+000 +2.0793e+000 +1.6942e+000
53 +1.145014059e+001 +1.145014059e+001 -8.519898594e+002 -8.519898594e+002 -2.0761e+000 -2.6994e+000 +3.5165e+000 +1.6255e+000 -4.9928e-002
136 +1.050461361e+001 +1.050461361e+001 -8.529353864e+002 -8.529353864e+002 -6.9883e-001 -2.6163e+000 +3.2039e+000 +1.7018e+000 +1.1764e+000
162 +8.536747694e+000 +8.536747694e+000 -8.549032523e+002 -8.549032523e+002 -2.5753e+000 -2.9797e+000 +2.8506e+000 +5.7212e-001 -1.8003e-001
294 +7.497062798e+000 +7.497062798e+000 -8.559429372e+002 -8.559429372e+002 -6.7087e-002 -1.1638e+000 +3.3664e+000 +1.7079e+000 +4.3572e-001
302 +7.122969818e+000 +7.122969818e+000 -8.563170302e+002 -8.563170302e+002 +2.3142e-001 -1.2266e+000 +3.3553e+000 +1.6711e+000 +5.4748e-001
319 +6.392585598e+000 +6.392585598e+000 -8.570474144e+002 -8.570474144e+002 +2.0399e-001 -1.2743e+000 +3.3463e+000 +1.7357e+000 +3.6380e-001
333 +5.074255989e+000 +5.074255989e+000 -8.583657440e+002 -8.583657440e+002 +2.0083e-001 -1.4516e+000 +3.2612e+000 +1.3365e+000 +5.3761e-001
357 +4.200044584e+000 +4.200044584e+000 -8.592399554e+002 -8.592399554e+002 +1.7127e-001 -1.3446e+000 +3.2716e+000 +1.6365e+000 +4.1921e-001
512 +3.955076875e+000 +3.955076875e+000 -8.594849231e+002 -8.594849231e+002 -5.8575e-002 -1.4338e+000 +3.2031e+000 +1.4800e+000 +5.8182e-001
535 +3.118439820e+000 +3.118439820e+000 -8.603215602e+002 -8.603215602e+002 -3.3090e-002 -1.3992e+000 +3.1318e+000 +1.3979e+000 +5.8347e-001
600 +1.724593156e+000 +1.724593156e+000 -8.617154068e+002 -8.617154068e+002 +3.1072e-002 -1.2567e+000 +3.0338e+000 +1.4721e+000 +6.5164e-001
675 +1.561430004e+000 +1.561430004e+000 -8.618785700e+002 -8.618785700e+002 +2.4308e-003 -1.3231e+000 +3.0994e+000 +1.4338e+000 +6.1979e-001
700 +1.477171401e+000 +1.477171401e+000 -8.619628286e+002 -8.619628286e+002 +1.3787e-002 -1.2883e+000 +3.1014e+000 +1.4188e+000 +6.0894e-001
731 +1.413632236e+000 +1.413632236e+000 -8.620263678e+002 -8.620263678e+002 -1.3002e-004 -1.2716e+000 +3.0737e+000 +1.3386e+000 +5.9898e-001
734 +1.325596983e+000 +1.325596983e+000 -8.621144030e+002 -8.621144030e+002 +5.2482e-003 -1.3043e+000 +3.0623e+000 +1.3734e+000 +5.9735e-001
793 +1.210942459e+000 +1.210942459e+000 -8.622290575e+002 -8.622290575e+002 +3.3058e-002 -1.2898e+000 +3.0816e+000 +1.4321e+000 +6.0624e-001
828 +1.184163716e+000 +1.184163716e+000 -8.622558363e+002 -8.622558363e+002 +2.6479e-002 -1.2672e+000 +3.0742e+000 +1.4202e+000 +6.1193e-001
840 +1.106033765e+000 +1.106033765e+000 -8.623339662e+002 -8.623339662e+002 +1.3978e-002 -1.2633e+000 +3.0770e+000 +1.3602e+000 +6.0554e-001
893 +1.002161423e+000 +1.002161423e+000 -8.624378386e+002 -8.624378386e+002 -8.8858e-003 -1.2928e+000 +3.0724e+000 +1.4003e+000 +6.2663e-001
906 +9.441611691e-001 +9.441611691e-001 -8.624958388e+002 -8.624958388e+002 +1.6044e-002 -1.2734e+000 +3.0805e+000 +1.4062e+000 +6.2695e-001
934 +9.056358519e-001 +9.056358519e-001 -8.625343641e+002 -8.625343641e+002 +4.7715e-004 -1.2678e+000 +3.0772e+000 +1.3544e+000 +6.2023e-001
977 +6.645536401e-001 +6.645536401e-001 -8.627754464e+002 -8.627754464e+002 +5.4863e-003 -1.2711e+000 +3.0763e+000 +1.3810e+000 +6.2801e-001
1045 +6.092595251e-001 +6.092595251e-001 -8.628307405e+002 -8.628307405e+002 +3.3341e-003 -1.2733e+000 +3.0727e+000 +1.3815e+000 +6.2847e-001
1383 +5.813038101e-001 +5.813038101e-001 -8.628586962e+002 -8.628586962e+002 -1.7981e-003 -1.2784e+000 +3.0715e+000 +1.3766e+000 +6.3116e-001
1437 +5.653254886e-001 +5.653254886e-001 -8.628746745e+002 -8.628746745e+002 -2.6184e-003 -1.2780e+000 +3.0716e+000 +1.3753e+000 +6.2971e-001
1486 +5.606894680e-001 +5.606894680e-001 -8.628793105e+002 -8.628793105e+002 -2.0872e-003 -1.2779e+000 +3.0714e+000 +1.3756e+000 +6.3036e-001
1549 +5.381566122e-001 +5.381566122e-001 -8.629018434e+002 -8.629018434e+002 -2.0604e-003 -1.2778e+000 +3.0713e+000 +1.3753e+000 +6.3027e-001
1683 +5.229156142e-001 +5.229156142e-001 -8.629170844e+002 -8.629170844e+002 -1.8641e-003 -1.2778e+000 +3.0713e+000 +1.3758e+000 +6.3059e-001
2475 +5.111747874e-001 +5.111747874e-001 -8.629288252e+002 -8.629288252e+002 -1.5565e-003 -1.2778e+000 +3.0713e+000 +1.3763e+000 +6.3079e-001
% function evaluation | noise-free fitness - Fopt (1.318500000000e+002) | best noise-free fitness - Fopt | measured fitness | best measured fitness | x1 | x2...
1 +1.076719915e+002 +1.076719915e+002 +2.395219915e+002 +2.395219915e+002 -2.9822e+000 -1.6897e-001 -2.4994e+000 +1.1023e+000 -6.2708e+000
2 +7.019710520e+001 +7.019710520e+001 +2.020471052e+002 +2.020471052e+002 -3.2641e+000 +1.0839e+000 -1.7690e+000 -6.9540e-002 -3.1645e+000
11 +5.659143608e+001 +5.659143608e+001 +1.884414361e+002 +1.884414361e+002 -3.2939e+000 -2.3205e+000 -3.0731e-001 +6.8996e-001 -4.3915e+000
32 +2.690343324e+001 +2.690343324e+001 +1.587534332e+002 +1.587534332e+002 -1.0502e+000 +4.4900e-001 -1.0436e+000 -8.4809e-001 -3.2277e+000
76 +2.605086482e+001 +2.605086482e+001 +1.579008648e+002 +1.579008648e+002 -1.4089e+000 +1.4192e+000 +1.3728e+000 +2.3570e-002 -1.6356e+000
98 +1.777467197e+001 +1.777467197e+001 +1.496246720e+002 +1.496246720e+002 -1.4578e+000 -6.5509e-001 +1.5127e+000 -1.7852e+000 -2.7518e+000
145 +1.370237726e+001 +1.370237726e+001 +1.455523773e+002 +1.455523773e+002 -6.6949e-001 +2.8923e-001 +7.0600e-001 -7.9814e-001 -1.5302e+000
174 +1.293943282e+001 +1.293943282e+001 +1.447894328e+002 +1.447894328e+002 -4.3957e-001 -5.6507e-001 +6.9541e-001 -1.3316e+000 -1.9539e+000
177 +1.226200477e+001 +1.226200477e+001 +1.441120048e+002 +1.441120048e+002 -3.8101e-001 +2.4066e-001 +3.7005e-001 -1.9031e+000 -9.8788e-001
196 +1.081356941e+001 +1.081356941e+001 +1.426635694e+002 +1.426635694e+002 -5.0682e-001 -7.8228e-001 +3.5478e-001 -5.6615e-001 -1.2371e+000
207 +5.166409203e+000 +5.166409203e+000 +1.370164092e+002 +1.370164092e+002 -2.6583e-001 +3.3615e-001 +2.7175e-001 -2.2649e+000 -1.1562e+000
338 +3.905424166e+000 +3.905424166e+000 +1.357554242e+002 +1.357554242e+002 -1.7016e-001 +6.0403e-001 +1.2468e+000 -4.3193e+000 -1.9266e+000
354 +3.574270846e+000 +3.574270846e+000 +1.354242708e+002 +1.354242708e+002 -1.5688e-001 +9.4254e-002 +1.2517e+000 -3.2482e+000 -1.3927e+000
416 +2.863089556e+000 +2.863089556e+000 +1.347130896e+002 +1.347130896e+002 -4.6825e-002 +4.3831e-001 +7.6861e-001 -3.1015e+000 -1.4798e+000
453 +2.399934479e+000 +2.399934479e+000 +1.342499345e+002 +1.342499345e+002 +4.6011e-002 +2.6094e-001 +1.6126e+000 -3.3261e+000 -1.8627e+000
454 +2.337033483e+000 +2.337033483e+000 +1.341870335e+002 +1.341870335e+002 -1.2359e-001 +1.9798e-001 +1.6848e+000 -3.1197e+000 -1.6739e+000
480 +1.975721706e+000 +1.975721706e+000 +1.338257217e+002 +1.338257217e+002 -1.8515e-001 +2.0819e-001 +1.6833e+000 -3.3382e+000 -1.4866e+000
504 +1.533594878e+000 +1.533594878e+000 +1.333835949e+002 +1.333835949e+002 +4.3546e-003 +3.0404e-001 +1.5629e+000 -3.6995e+000 -1.6343e+000
517 +1.102814538e+000 +1.102814538e+000 +1.329528145e+002 +1.329528145e+002 -2.4415e-002 +3.3610e-001 +1.5721e+000 -3.6383e+000 -1.7811e+000
542 +5.235411703e-001 +5.235411703e-001 +1.323735412e+002 +1.323735412e+002 -4.7529e-002 +1.7046e-001 +1.6447e+000 -3.6513e+000 -1.7250e+000
644 +4.371165496e-001 +4.371165496e-001 +1.322871165e+002 +1.322871165e+002 -5.9163e-002 +1.7190e-001 +1.7007e+000 -3.6671e+000 -1.7671e+000
787 +2.410215734e-001 +2.410215734e-001 +1.320910216e+002 +1.320910216e+002 -4.2914e-002 +1.7002e-001 +1.7135e+000 -3.6846e+000 -1.7879e+000
880 +2.318769444e-001 +2.318769444e-001 +1.320818769e+002 +1.320818769e+002 -4.9834e-002 +1.8902e-001 +1.6562e+000 -3.7118e+000 -1.7599e+000
895 +2.273118455e-001 +2.273118455e-001 +1.320773118e+002 +1.320773118e+002 -5.0169e-002 +1.8684e-001 +1.7084e+000 -3.7081e+000 -1.7631e+000
905 +1.567685265e-001 +1.567685265e-001 +1.320067685e+002 +1.320067685e+002 -3.9616e-002 +1.9440e-001 +1.6816e+000 -3.6931e+000 -1.7624e+000
946 +1.142919709e-001 +1.142919709e-001 +1.319642920e+002 +1.319642920e+002 -3.9249e-002 +1.9380e-001 +1.6624e+000 -3.6993e+000 -1.7623e+000
976 +1.121263082e-001 +1.121263082e-001 +1.319621263e+002 +1.319621263e+002 -3.7049e-002 +1.9421e-001 +1.6568e+000 -3.6900e+000 -1.7596e+000
1031 +1.091446498e-001 +1.091446498e-001 +1.319591446e+002 +1.319591446e+002 -3.6850e-002 +1.9994e-001 +1.6489e+000 -3.7018e+000 -1.7662e+000
1048 +6.409343374e-002 +6.409343374e-002 +1.319140934e+002 +1.319140934e+002 -3.7520e-002 +1.9695e-001 +1.6602e+000 -3.7074e+000 -1.7633e+000
1066 +6.082201499e-002 +6.082201499e-002 +1.319108220e+002 +1.319108220e+002 -3.7913e-002 +2.0485e-001 +1.6512e+000 -3.7059e+000 -1.7661e+000
1136 +5.726353934e-002 +5.726353934e-002 +1.319072635e+002 +1.319072635e+002 -3.6432e-002 +2.0107e-001 +1.6620e+000 -3.7119e+000 -1.7679e+000
1164 +5.282295088e-002 +5.282295088e-002 +1.319028230e+002 +1.319028230e+002 -3.7766e-002 +1.9966e-001 +1.6635e+000 -3.7085e+000 -1.7661e+000
1214 +4.314811371e-002 +4.314811371e-002 +1.318931481e+002 +1.318931481e+002 -3.8919e-002 +2.0001e-001 +1.6650e+000 -3.7179e+000 -1.7665e+000
1402 +3.927172339e-002 +3.927172339e-002 +1.318892717e+002 +1.318892717e+002 -3.6995e-002 +2.0015e-001 +1.6642e+000 -3.7094e+000 -1.7668e+000
1442 +3.519444520e-002 +3.519444520e-002 +1.318851944e+002 +1.318851944e+002 -3.6530e-002 +1.9972e-001 +1.6636e+000 -3.7084e+000 -1.7669e+000
1484 +3.400160637e-002 +3.400160637e-002 +1.318840016e+002 +1.318840016e+002 -3.6700e-002 +1.9965e-001 +1.6632e+000 -3.7089e+000 -1.7665e+000
1504 +3.148578578e-002 +3.148578578e-002 +1.318814858e+002 +1.318814858e+002 -3.6727e-002 +1.9957e-001 +1.6626e+000 -3.7080e+000 -1.7668e+000
1592 +3.061474724e-002 +3.061474724e-002 +1.318806147e+002 +1.318806147e+002 -3.6658e-002 +1.9985e-001 +1.6628e+000 -3.7085e+000 -1.7669e+000
1629 +2.870773683e-002 +2.870773683e-002 +1.318787077e+002 +1.318787077e+002 -3.6843e-002 +1.9999e-001 +1.6626e+000 -3.7090e+000 -1.7668e+000
1738 +2.802584595e-002 +2.802584595e-002 +1.318780258e+002 +1.318780258e+002 -3.7016e-002 +2.0005e-001 +1.6626e+000 -3.7091e+000 -1.7666e+000
1774 +2.448762155e-002 +2.448762155e-002 +1.318744876e+002 +1.318744876e+002 -3.6921e-002 +2.0056e-001 +1.6623e+000 -3.7092e+000 -1.7668e+000
2015 +2.395269013e-002 +2.395269013e-002 +1.318739527e+002 +1.318739527e+002 -3.6871e-002 +2.0040e-001 +1.6624e+000 -3.7090e+000 -1.7668e+000
2202 +2.335652822e-002 +2.335652822e-002 +1.318733565e+002 +1.318733565e+002 -3.6858e-002 +2.0036e-001 +1.6624e+000 -3.7089e+000 -1.7668e+000
