% function evaluation | noise-free fitness - Fopt (-1.000000000000e+003) | best noise-free fitness - Fopt | measured fitness | best measured fitness | x1 | x2...
1 +1.000546476e+002 +1.000546476e+002 -8.999453524e+002 -8.999453524e+002 -9.0091e+000 +4.3635e+000 -1.3676e+000
2 +5.138640309e+001 +5.138640309e+001 -9.486135969e+002 -9.486135969e+002 -3.7926e+000 +4.2871e+000 -2.8411e+000
9 +2.887797152e+001 +2.887797152e+001 -9.711220285e+002 -9.711220285e+002 -2.5064e+000 -7.6874e-001 -1.8913e+000
23 +2.497245785e+001 +2.497245785e+001 -9.750275421e+002 -9.750275421e+002 -2.9574e+000 +2.3807e+000 -1.9492e+000
28 +2.079168575e+001 +2.079168575e+001 -9.792083143e+002 -9.792083143e+002 -3.5411e+000 +2.0276e+000 -2.7332e+000
38 +1.681966499e+001 +1.681966499e+001 -9.831803350e+002 -9.831803350e+002 -4.3077e+000 +2.8503e+000 -2.1044e+000
50 +1.528650324e+001 +1.528650324e+001 -9.847134968e+002 -9.847134968e+002 -4.0051e+000 +2.5760e+000 -1.9651e+000
99 +1.487795090e+001 +1.487795090e+001 -9.851220491e+002 -9.851220491e+002 -4.1937e+000 +2.5440e+000 -2.1360e+000
124 +1.004709707e+001 +1.004709707e+001 -9.899529029e+002 -9.899529029e+002 -5.3880e-001 +2.7940e+000 -2.0363e+000
146 +9.399349922e+000 +9.399349922e+000 -9.906006501e+002 -9.906006501e+002 -1.0280e-001 +3.0051e+000 -1.9951e+000
150 +8.636166612e+000 +8.636166612e+000 -9.913638334e+002 -9.913638334e+002 -3.8478e-001 +2.6215e+000 -2.0146e+000
219 +7.632448900e+000 +7.632448900e+000 -9.923675511e+002 -9.923675511e+002 +2.8894e-001 +5.4232e-001 -1.9849e+000
242 +1.925873619e+000 +1.925873619e+000 -9.980741264e+002 -9.980741264e+002 -1.7699e-001 +5.9015e-001 -2.1401e+000
244 +1.718357291e+000 +1.718357291e+000 -9.982816427e+002 -9.982816427e+002 +6.8574e-002 +1.9549e-001 -1.9702e+000
245 +8.478204734e-001 +8.478204734e-001 -9.991521795e+002 -9.991521795e+002 -4.1754e-002 +2.1299e-001 -2.0875e+000
265 +7.885230616e-001 +7.885230616e-001 -9.992114769e+002 -9.992114769e+002 -1.4953e-001 +2.4955e-001 -2.0631e+000
286 +7.529438711e-001 +7.529438711e-001 -9.992470561e+002 -9.992470561e+002 -1.5946e-001 +1.8632e-001 -2.0413e+000
334 +7.217342895e-001 +7.217342895e-001 -9.992782657e+002 -9.992782657e+002 -9.0050e-002 +1.3243e-001 -2.0781e+000
471 +7.068655480e-001 +7.068655480e-001 -9.992931345e+002 -9.992931345e+002 -9.5158e-002 +1.3960e-001 -2.1313e+000
% function evaluation | noise-free fitness - Fopt (1.000000000000e+003) | best noise-free fitness - Fopt | measured fitness | best measured fitness | x1 | x2...
1 +8.445951706e+001 +8.445951706e+001 +1.084459517e+003 +1.084459517e+003 -4.3928e+000 -6.5554e-001 -4.2092e+000
6 +3.067588920e+001 +3.067588920e+001 +1.030675889e+003 +1.030675889e+003 -1.2648e+000 +3.6366e+000 -4.7819e+000
18 +1.752103817e+001 +1.752103817e+001 +1.017521038e+003 +1.017521038e+003 -2.8322e+000 +1.1359e+000 -3.5439e+000
30 +1.627409215e+001 +1.627409215e+001 +1.016274092e+003 +1.016274092e+003 -2.0298e+000 -3.3409e-001 -1.8348e+000
33 +2.108008704e+000 +2.108008704e+000 +1.002108009e+003 +1.002108009e+003 -2.2058e+000 +6.3365e-001 -2.4055e+000
64 +4.837386728e-001 +4.837386728e-001 +1.000483739e+003 +1.000483739e+003 -2.0865e+000 +1.5623e-001 -1.4557e+000
75 +1.315003377e-001 +1.315003377e-001 +1.000131500e+003 +1.000131500e+003 -1.8999e+000 -5.6735e-002 -1.6484e+000
% function evaluation | noise-free fitness - Fopt (-4.913000000000e+001) | best noise-free fitness - Fopt | measured fitness | best measured fitness | x1 | x2...
1 +7.560749590e+001 +7.560749590e+001 +2.647749590e+001 +2.647749590e+001 +4.1528e+000 +1.5628e+000 +3.7356e+000
2 +6.318330686e+001 +6.318330686e+001 +1.405330686e+001 +1.405330686e+001 +1.2977e+000 -1.6226e-001 -2.8131e+000
3 +2.157174759e+001 +2.157174759e+001 -2.755825241e+001 -2.755825241e+001 -2.4522e+000 +2.2840e+000 -1.6810e+000
13 +1.792481359e+001 +1.792481359e+001 -3.120518641e+001 -3.120518641e+001 -3.4737e+000 +1.0258e+000 -2.7193e+000
17 +1.525839837e+001 +1.525839837e+001 -3.387160163e+001 -3.387160163e+001 -3.6913e+000 +7.7471e-001 -2.6271e+000
40 +1.144886610e+001 +1.144886610e+001 -3.768113390e+001 -3.768113390e+001 -2.7450e+000 +1.2969e+000 -1.4927e+000
42 +9.118165892e+000 +9.118165892e+000 -4.001183411e+001 -4.001183411e+001 -2.9947e+000 +6.9676e-001 -3.3737e+000
56 +8.890106683e+000 +8.890106683e+000 -4.023989332e+001 -4.023989332e+001 -2.4736e+000 +1.2513e+000 -2.1501e+000
59 +7.613943642e+000 +7.613943642e+000 -4.151605636e+001 -4.151605636e+001 -2.6048e+000 +1.2046e+000 -2.6699e+000
92 +4.762946562e+000 +4.762946562e+000 -4.436705344e+001 -4.436705344e+001 -2.6061e+000 -1.7448e+000 +4.7452e+000
% function evaluation | noise-free fitness - Fopt (2.977300000000e+002) | best noise-free fitness - Fopt | measured fitness | best measured fitness | x1 | x2...
1 +4.311673480e+001 +4.311673480e+001 +3.408467348e+002 +3.408467348e+002 +9.5120e-001 +3.5403e+000 +9.1558e-001
4 +1.176077442e+001 +1.176077442e+001 +3.094907744e+002 +3.094907744e+002 +2.1198e+000 +3.0178e+000 -1.7195e-002
7 +5.661918328e+000 +5.661918328e+000 +3.033919183e+002 +3.033919183e+002 -2.6768e+000 +4.2462e+000 +1.7703e+000
9 +4.829946132e-001 +4.829946132e-001 +2.982129946e+002 +2.982129946e+002 -1.2721e+000 +9.7315e-001 +2.7970e+000
% function evaluation | noise-free fitness - Fopt (5.157000000000e+001) | best noise-free fitness - Fopt | measured fitness | best measured fitness | x1 | x2...
1 +8.657445808e+001 +8.657445808e+001 +1.381444581e+002 +1.381444581e+002 -6.3613e+000 +4.3895e+000 +1.1520e+000
2 +8.452457519e+001 +8.452457519e+001 +1.360945752e+002 +1.360945752e+002 -4.4480e+000 +6.2785e+000 +3.5339e+000
6 +8.306254890e+001 +8.306254890e+001 +1.346325489e+002 +1.346325489e+002 -4.2501e+000 +5.9828e+000 +3.6375e+000
11 +7.839225867e+001 +7.839225867e+001 +1.299622587e+002 +1.299622587e+002 -5.6357e+000 +5.2909e+000 +1.7985e+000
16 +7.507529647e+001 +7.507529647e+001 +1.266452965e+002 +1.266452965e+002 -4.9932e+000 +6.8488e+000 +1.9131e+000
26 +6.153715913e+001 +6.153715913e+001 +1.131071591e+002 +1.131071591e+002 -9.2034e-001 -4.9949e+000 +4.3181e+000
45 +9.163959113e+000 +9.163959113e+000 +6.073395911e+001 +6.073395911e+001 -4.7860e+000 +3.4178e+000 +8.9298e-001
131 +5.282967279e+000 +5.282967279e+000 +5.685296728e+001 +5.685296728e+001 -3.4254e+000 +3.5926e+000 +2.2742e+000
148 +2.055552556e+000 +2.055552556e+000 +5.362555256e+001 +5.362555256e+001 -4.9708e+000 +4.0449e+000 +5.2143e-001
395 +2.036825125e+000 +2.036825125e+000 +5.360682513e+001 +5.360682513e+001 -3.8475e+000 +3.4859e+000 +1.5473e+000
639 +1.980206505e+000 +1.980206505e+000 +5.355020650e+001 +5.355020650e+001 -4.2765e+000 +3.5297e+000 +1.0341e+000
% function evaluation | noise-free fitness - Fopt (-4.870000000000e+000) | best noise-free fitness - Fopt | measured fitness | best measured fitness | x1 | x2...
1 +2.342252308e+002 +2.342252308e+002 +2.293552308e+002 +2.293552308e+002 -6.3989e+000 -1.6758e+001 +7.7287e+000
3 +6.375893297e+001 +6.375893297e+001 +5.888893297e+001 +5.888893297e+001 -3.6462e+000 +1.9862e+000 +5.9377e+000
13 +4.599560107e+001 +4.599560107e+001 +4.112560107e+001 +4.112560107e+001 -4.7539e+000 +2.3465e+000 -3.3452e+000
16 +3.133837785e+001 +3.133837785e+001 +2.646837785e+001 +2.646837785e+001 -2.7461e+000 +2.5045e+000 +5.4751e-001
26 +2.028223965e+001 +2.028223965e+001 +1.541223965e+001 +1.541223965e+001 -2.9971e+000 +3.1943e+000 +4.0057e+000
39 +1.212003555e+001 +1.212003555e+001 +7.250035552e+000 +7.250035552e+000 -3.0442e+000 +4.3857e+000 +5.6036e+000
116 +1.179581407e+001 +1.179581407e+001 +6.925814066e+000 +6.925814066e+000 -3.6436e+000 +3.3238e+000 +4.0015e+000
133 +1.104372958e+001 +1.104372958e+001 +6.173729584e+000 +6.173729584e+000 -3.5038e+000 +3.1937e+000 +4.2702e+000
159 +1.005868355e+001 +1.005868355e+001 +5.188683551e+000 +5.188683551e+000 -3.3209e+000 +3.3032e+000 +4.6260e+000
177 +9.350890949e+000 +9.350890949e+000 +4.480890949e+000 +4.480890949e+000 -3.5364e+000 +3.4822e+000 +4.3482e+000
187 +8.627785002e+000 +8.627785002e+000 +3.757785002e+000 +3.757785002e+000 -3.2252e+000 +3.8911e+000 +4.3223e+000
213 +7.956824778e+000 +7.956824778e+000 +3.086824778e+000 +3.086824778e+000 -3.4049e+000 +3.9901e+000 +4.6962e+000
245 +7.916391363e+000 +7.916391363e+000 +3.046391363e+000 +3.046391363e+000 -3.4106e+000 +4.2556e+000 +4.4473e+000
366 +7.753521075e+000 +7.753521075e+000 +2.883521075e+000 +2.883521075e+000 -3.3749e+000 +4.2422e+000 +4.5049e+000
372 +7.485152677e+000 +7.485152677e+000 +2.615152677e+000 +2.615152677e+000 -3.2522e+000 +4.1616e+000 +4.7495e+000
403 +7.353083828e+000 +7.353083828e+000 +2.483083828e+000 +2.483083828e+000 -3.2180e+000 +4.3889e+000 +4.7182e+000
% function evaluation | noise-free fitness - Fopt (1.511400000000e+002) | best noise-free fitness - Fopt | measured fitness | best measured fitness | x1 | x2...
1 +3.782458886e+001 +3.782458886e+001 +1.889645889e+002 +1.889645889e+002 +6.5718e-001 +6.6761e-001 +5.4363e+000
2 +1.759276274e+000 +1.759276274e+000 +1.528992763e+002 +1.528992763e+002 -1.1152e+000 +4.2672e+000 +2.1352e-001
% function evaluation | noise-free fitness - Fopt (-1.332700000000e+002) | best noise-free fitness - Fopt | measured fitness | best measured fitness | x1 | x2...
1 +3.308727837e+002 +3.308727837e+002 +1.976027837e+002 +1.976027837e+002 -2.0630e+001 +4.1598e-001 -1.7566e+000
2 +8.245761320e+001 +8.245761320e+001 -5.081238680e+001 -5.081238680e+001 -1.7680e+000 +4.4827e+000 +4.7210e+000
3 +7.557712073e+001 +7.557712073e+001 -5.769287927e+001 -5.769287927e+001 -6.8562e+000 +5.7201e-001 -2.8889e+000
4 +6.811773694e+001 +6.811773694e+001 -6.515226306e+001 -6.515226306e+001 -3.8705e+000 +3.7606e+000 -2.8113e+000
6 +4.624421311e+001 +4.624421311e+001 -8.702578689e+001 -8.702578689e+001 -4.7841e+000 +9.8186e-001 -4.4652e+000
11 +3.150613101e+001 +3.150613101e+001 -1.017638690e+002 -1.017638690e+002 +1.1745e+000 +2.3368e+000 -1.0417e+000
14 +2.985847771e+001 +2.985847771e+001 -1.034115223e+002 -1.034115223e+002 -4.0598e+000 -4.4635e-001 -4.4186e+000
19 +1.979102205e+001 +1.979102205e+001 -1.134789780e+002 -1.134789780e+002 -3.1323e+000 +9.4972e-002 -5.0091e+000
42 +1.157687609e+001 +1.157687609e+001 -1.216931239e+002 -1.216931239e+002 -6.6079e-001 +2.7213e+000 -4.7490e+000
54 +2.089385304e+000 +2.089385304e+000 -1.311806147e+002 -1.311806147e+002 -5.8587e-001 +2.4020e+000 -2.3699e+000
103 +3.738757459e-002 +3.738757459e-002 -1.332326124e+002 -1.332326124e+002 +1.1442e+000 +7.4868e-001 +4.2724e+000
1979 +3.056924639e-002 +3.056924639e-002 -1.332394308e+002 -1.332394308e+002 +1.4151e-001 +1.5655e+000 +1.1320e+000
2002 +2.721873671e-002 +2.721873671e-002 -1.332427813e+002 -1.332427813e+002 +1.4295e-001 +1.5544e+000 +1.1822e+000
2022 +2.386684382e-002 +2.386684382e-002 -1.332461332e+002 -1.332461332e+002 +1.5095e-001 +1.5430e+000 +1.2163e+000
2058 +2.000606891e-002 +2.000606891e-002 -1.332499939e+002 -1.332499939e+002 +1.5315e-001 +1.5224e+000 +1.3062e+000
2075 +1.920025288e-002 +1.920025288e-002 -1.332507997e+002 -1.332507997e+002 +1.5632e-001 +1.5197e+000 +1.3368e+000
2087 +1.836419921e-002 +1.836419921e-002 -1.332516358e+002 -1.332516358e+002 +1.7321e-001 +1.5192e+000 +1.3026e+000
2112 +1.744123090e-002 +1.744123090e-002 -1.332525588e+002 -1.332525588e+002 +1.6771e-001 +1.5104e+000 +1.3838e+000
2127 +1.715639158e-002 +1.715639158e-002 -1.332528436e+002 -1.332528436e+002 +1.7420e-001 +1.5110e+000 +1.3537e+000
2135 +1.693246920e-002 +1.693246920e-002 -1.332530675e+002 -1.332530675e+002 +1.7173e-001 +1.5078e+000 +1.3764e+000
2162 +1.596983460e-002 +1.596983460e-002 -1.332540302e+002 -1.332540302e+002 +1.8436e-001 +1.4935e+000 +1.3951e+000
2163 +1.485494584e-002 +1.485494584e-002 -1.332551451e+002 -1.332551451e+002 +2.2475e-001 +1.4967e+000 +1.3775e+000
2181 +1.447974141e-002 +1.447974141e-002 -1.332555203e+002 -1.332555203e+002 +2.3594e-001 +1.4868e+000 +1.3881e+000
2213 +1.379056025e-002 +1.379056025e-002 -1.332562094e+002 -1.332562094e+002 +2.9099e-001 +1.4708e+000 +1.4091e+000
2269 +1.331830775e-002 +1.331830775e-002 -1.332566817e+002 -1.332566817e+002 +2.7321e-001 +1.4771e+000 +1.4692e+000
2285 +1.161116427e-002 +1.161116427e-002 -1.332583888e+002 -1.332583888e+002 +3.3711e-001 +1.4438e+000 +1.5002e+000
2316 +9.941206906e-003 +9.941206906e-003 -1.332600588e+002 -1.332600588e+002 +2.9100e-001 +1.4543e+000 +1.5388e+000
2327 +7.249672267e-003 +7.249672267e-003 -1.332627503e+002 -1.332627503e+002 +3.0914e-001 +1.4376e+000 +1.5905e+000
2345 +6.924051390e-003 +6.924051390e-003 -1.332630759e+002 -1.332630759e+002 +2.9299e-001 +1.4256e+000 +1.6309e+000
2358 +5.706828564e-003 +5.706828564e-003 -1.332642932e+002 -1.332642932e+002 +3.0799e-001 +1.4195e+000 +1.6524e+000
2371 +5.118395149e-003 +5.118395149e-003 -1.332648816e+002 -1.332648816e+002 +2.9116e-001 +1.4230e+000 +1.7079e+000
2383 +4.975325225e-003 +4.975325225e-003 -1.332650247e+002 -1.332650247e+002 +3.0159e-001 +1.4219e+000 +1.6808e+000
2432 +4.854187500e-003 +4.854187500e-003 -1.332651458e+002 -1.332651458e+002 +2.9733e-001 +1.4206e+000 +1.6974e+000
2436 +4.730950286e-003 +4.730950286e-003 -1.332652690e+002 -1.332652690e+002 +2.9960e-001 +1.4190e+000 +1.7000e+000
2441 +4.599779368e-003 +4.599779368e-003 -1.332654002e+002 -1.332654002e+002 +3.0410e-001 +1.4167e+000 +1.6999e+000
2446 +4.558062121e-003 +4.558062121e-003 -1.332654419e+002 -1.332654419e+002 +3.1546e-001 +1.4180e+000 +1.7310e+000
2453 +4.450132602e-003 +4.450132602e-003 -1.332655499e+002 -1.332655499e+002 +3.0937e-001 +1.4089e+000 +1.7129e+000
2465 +4.106525786e-003 +4.106525786e-003 -1.332658935e+002 -1.332658935e+002 +3.1061e-001 +1.4116e+000 +1.7503e+000
2480 +3.924862388e-003 +3.924862388e-003 -1.332660751e+002 -1.332660751e+002 +3.3192e-001 +1.4044e+000 +1.7278e+000
2567 +3.889903598e-003 +3.889903598e-003 -1.332661101e+002 -1.332661101e+002 +3.6317e-001 +1.4037e+000 +1.7260e+000
2602 +3.765408208e-003 +3.765408208e-003 -1.332662346e+002 -1.332662346e+002 +3.5321e-001 +1.4024e+000 +1.7532e+000
2633 +3.713012787e-003 +3.713012787e-003 -1.332662870e+002 -1.332662870e+002 +3.4926e-001 +1.4003e+000 +1.7671e+000
2769 +3.628540897e-003 +3.628540897e-003 -1.332663715e+002 -1.332663715e+002 +3.5685e-001 +1.3913e+000 +1.7906e+000
2827 +3.529007187e-003 +3.529007187e-003 -1.332664710e+002 -1.332664710e+002 +3.6447e-001 +1.3823e+000 +1.8230e+000
2886 +3.449372269e-003 +3.449372269e-003 -1.332665506e+002 -1.332665506e+002 +3.6267e-001 +1.3811e+000 +1.8490e+000
2916 +3.382267872e-003 +3.382267872e-003 -1.332666177e+002 -1.332666177e+002 +3.6531e-001 +1.3787e+000 +1.8732e+000
2948 +3.264467177e-003 +3.264467177e-003 -1.332667355e+002 -1.332667355e+002 +3.5874e-001 +1.3755e+000 +1.8921e+000
2962 +3.229819820e-003 +3.229819820e-003 -1.332667702e+002 -1.332667702e+002 +3.5918e-001 +1.3741e+000 +1.8759e+000
2999 +3.156989848e-003 +3.156989848e-003 -1.332668430e+002 -1.332668430e+002 +3.5590e-001 +1.3729e+000 +1.8998e+000
3042 +2.920819642e-003 +2.920819642e-003 -1.332670792e+002 -1.332670792e+002 +3.6653e-001 +1.3697e+000 +1.9037e+000
3079 +2.799875485e-003 +2.799875485e-003 -1.332672001e+002 -1.332672001e+002 +3.7674e-001 +1.3680e+000 +1.9006e+000
3129 +2.662851063e-003 +2.662851063e-003 -1.332673371e+002 -1.332673371e+002 +3.8057e-001 +1.3659e+000 +1.9054e+000
3151 +2.600589349e-003 +2.600589349e-003 -1.332673994e+002 -1.332673994e+002 +3.8235e-001 +1.3650e+000 +1.9085e+000
3168 +2.530375483e-003 +2.530375483e-003 -1.332674696e+002 -1.332674696e+002 +3.8502e-001 +1.3639e+000 +1.9110e+000
3177 +2.469224555e-003 +2.469224555e-003 -1.332675308e+002 -1.332675308e+002 +3.8164e-001 +1.3619e+000 +1.9127e+000
3181 +2.272703786e-003 +2.272703786e-003 -1.332677273e+002 -1.332677273e+002 +3.8724e-001 +1.3563e+000 +1.9232e+000
3203 +1.960264661e-003 +1.960264661e-003 -1.332680397e+002 -1.332680397e+002 +3.9396e-001 +1.3531e+000 +1.9380e+000
3221 +1.775853627e-003 +1.775853627e-003 -1.332682241e+002 -1.332682241e+002 +3.9962e-001 +1.3518e+000 +1.9885e+000
3242 +1.643227185e-003 +1.643227185e-003 -1.332683568e+002 -1.332683568e+002 +3.8556e-001 +1.3505e+000 +1.9717e+000
3244 +1.618529627e-003 +1.618529627e-003 -1.332683815e+002 -1.332683815e+002 +3.9803e-001 +1.3511e+000 +1.9679e+000
3253 +1.532452268e-003 +1.532452268e-003 -1.332684675e+002 -1.332684675e+002 +4.0269e-001 +1.3492e+000 +1.9700e+000
3263 +1.483595803e-003 +1.483595803e-003 -1.332685164e+002 -1.332685164e+002 +3.9416e-001 +1.3486e+000 +1.9949e+000
3270 +1.427905239e-003 +1.427905239e-003 -1.332685721e+002 -1.332685721e+002 +3.9785e-001 +1.3476e+000 +1.9957e+000
3273 +1.054389532e-003 +1.054389532e-003 -1.332689456e+002 -1.332689456e+002 +3.9898e-001 +1.3325e+000 +2.0870e+000
3318 +1.021046186e-003 +1.021046186e-003 -1.332689790e+002 -1.332689790e+002 +4.0215e-001 +1.3347e+000 +2.0485e+000
3354 +9.962022362e-004 +9.962022362e-004 -1.332690038e+002 -1.332690038e+002 +4.0243e-001 +1.3330e+000 +2.0547e+000
3366 +8.747164410e-004 +8.747164410e-004 -1.332691253e+002 -1.332691253e+002 +4.2143e-001 +1.3166e+000 +2.1114e+000
3432 +8.681094403e-004 +8.681094403e-004 -1.332691319e+002 -1.332691319e+002 +4.1415e-001 +1.3103e+000 +2.1380e+000
3463 +8.054999855e-004 +8.054999855e-004 -1.332691945e+002 -1.332691945e+002 +4.2187e-001 +1.3088e+000 +2.1565e+000
3490 +7.898558493e-004 +7.898558493e-004 -1.332692101e+002 -1.332692101e+002 +4.2038e-001 +1.3067e+000 +2.1747e+000
3493 +7.566182998e-004 +7.566182998e-004 -1.332692434e+002 -1.332692434e+002 +4.2577e-001 +1.3055e+000 +2.1652e+000
3504 +7.050578430e-004 +7.050578430e-004 -1.332692949e+002 -1.332692949e+002 +4.3885e-001 +1.3051e+000 +2.1584e+000
3532 +6.891589992e-004 +6.891589992e-004 -1.332693108e+002 -1.332693108e+002 +4.4890e-001 +1.3039e+000 +2.1753e+000
3543 +6.271739923e-004 +6.271739923e-004 -1.332693728e+002 -1.332693728e+002 +4.7867e-001 +1.2965e+000 +2.1821e+000
3583 +6.006235311e-004 +6.006235311e-004 -1.332693994e+002 -1.332693994e+002 +4.5722e-001 +1.2991e+000 +2.1957e+000
3586 +5.875317555e-004 +5.875317555e-004 -1.332694125e+002 -1.332694125e+002 +4.7147e-001 +1.2972e+000 +2.1776e+000
3592 +4.717369867e-004 +4.717369867e-004 -1.332695283e+002 -1.332695283e+002 +4.5997e-001 +1.2944e+000 +2.2089e+000
3600 +4.670551116e-004 +4.670551116e-004 -1.332695329e+002 -1.332695329e+002 +4.6399e-001 +1.2928e+000 +2.1913e+000
3604 +4.161530893e-004 +4.161530893e-004 -1.332695838e+002 -1.332695838e+002 +4.7354e-001 +1.2902e+000 +2.2072e+000
3697 +4.049555156e-004 +4.049555156e-004 -1.332695950e+002 -1.332695950e+002 +4.6847e-001 +1.2881e+000 +2.2052e+000
3722 +3.959802739e-004 +3.959802739e-004 -1.332696040e+002 -1.332696040e+002 +4.7399e-001 +1.2873e+000 +2.2066e+000
3760 +3.858097974e-004 +3.858097974e-004 -1.332696142e+002 -1.332696142e+002 +4.8182e-001 +1.2852e+000 +2.2105e+000
3773 +3.774065614e-004 +3.774065614e-004 -1.332696226e+002 -1.332696226e+002 +4.7224e-001 +1.2886e+000 +2.2208e+000
3781 +3.704543626e-004 +3.704543626e-004 -1.332696295e+002 -1.332696295e+002 +4.7398e-001 +1.2878e+000 +2.2181e+000
3785 +3.612304320e-004 +3.612304320e-004 -1.332696388e+002 -1.332696388e+002 +4.7358e-001 +1.2854e+000 +2.2163e+000
3799 +3.480593650e-004 +3.480593650e-004 -1.332696519e+002 -1.332696519e+002 +4.7308e-001 +1.2841e+000 +2.2210e+000
3800 +3.251263466e-004 +3.251263466e-004 -1.332696749e+002 -1.332696749e+002 +4.6818e-001 +1.2855e+000 +2.2371e+000
3811 +2.975754257e-004 +2.975754257e-004 -1.332697024e+002 -1.332697024e+002 +4.8531e-001 +1.2776e+000 +2.2408e+000
3827 +2.886545754e-004 +2.886545754e-004 -1.332697113e+002 -1.332697113e+002 +4.7028e-001 +1.2803e+000 +2.2483e+000
3841 +2.833252009e-004 +2.833252009e-004 -1.332697167e+002 -1.332697167e+002 +4.7628e-001 +1.2792e+000 +2.2481e+000
3863 +2.809295537e-004 +2.809295537e-004 -1.332697191e+002 -1.332697191e+002 +4.8474e-001 +1.2790e+000 +2.2518e+000
3871 +2.724199681e-004 +2.724199681e-004 -1.332697276e+002 -1.332697276e+002 +4.7891e-001 +1.2787e+000 +2.2559e+000
3900 +2.687865245e-004 +2.687865245e-004 -1.332697312e+002 -1.332697312e+002 +4.7673e-001 +1.2788e+000 +2.2638e+000
3911 +2.619419710e-004 +2.619419710e-004 -1.332697381e+002 -1.332697381e+002 +4.7193e-001 +1.2740e+000 +2.2700e+000
3932 +2.533391801e-004 +2.533391801e-004 -1.332697467e+002 -1.332697467e+002 +4.7460e-001 +1.2757e+000 +2.2714e+000
3934 +2.423600529e-004 +2.423600529e-004 -1.332697576e+002 -1.332697576e+002 +4.7804e-001 +1.2731e+000 +2.2782e+000
3997 +2.395665136e-004 +2.395665136e-004 -1.332697604e+002 -1.332697604e+002 +4.9019e-001 +1.2719e+000 +2.2769e+000
4038 +2.324132599e-004 +2.324132599e-004 -1.332697676e+002 -1.332697676e+002 +4.8114e-001 +1.2716e+000 +2.2853e+000
4066 +2.281724429e-004 +2.281724429e-004 -1.332697718e+002 -1.332697718e+002 +4.9204e-001 +1.2700e+000 +2.2863e+000
4097 +2.222715657e-004 +2.222715657e-004 -1.332697777e+002 -1.332697777e+002 +4.8987e-001 +1.2681e+000 +2.2903e+000
4122 +2.156997592e-004 +2.156997592e-004 -1.332697843e+002 -1.332697843e+002 +4.8733e-001 +1.2681e+000 +2.2964e+000
4125 +2.061773424e-004 +2.061773424e-004 -1.332697938e+002 -1.332697938e+002 +4.8805e-001 +1.2676e+000 +2.3080e+000
4159 +2.026949753e-004 +2.026949753e-004 -1.332697973e+002 -1.332697973e+002 +4.8997e-001 +1.2668e+000 +2.3094e+000
4198 +1.946770338e-004 +1.946770338e-004 -1.332698053e+002 -1.332698053e+002 +4.8616e-001 +1.2627e+000 +2.3171e+000
4204 +1.721479044e-004 +1.721479044e-004 -1.332698279e+002 -1.332698279e+002 +4.9439e-001 +1.2621e+000 +2.3339e+000
4210 +1.684424884e-004 +1.684424884e-004 -1.332698316e+002 -1.332698316e+002 +4.9345e-001 +1.2616e+000 +2.3391e+000
4221 +1.646660080e-004 +1.646660080e-004 -1.332698353e+002 -1.332698353e+002 +4.8955e-001 +1.2611e+000 +2.3421e+000
4231 +1.621794368e-004 +1.621794368e-004 -1.332698378e+002 -1.332698378e+002 +4.9323e-001 +1.2605e+000 +2.3472e+000
4247 +1.579946188e-004 +1.579946188e-004 -1.332698420e+002 -1.332698420e+002 +4.9423e-001 +1.2596e+000 +2.3385e+000
4255 +1.497401185e-004 +1.497401185e-004 -1.332698503e+002 -1.332698503e+002 +4.8997e-001 +1.2583e+000 +2.3600e+000
4264 +1.342897878e-004 +1.342897878e-004 -1.332698657e+002 -1.332698657e+002 +5.0588e-001 +1.2532e+000 +2.3511e+000
4290 +1.298224288e-004 +1.298224288e-004 -1.332698702e+002 -1.332698702e+002 +5.0075e-001 +1.2551e+000 +2.3643e+000
4294 +1.263178615e-004 +1.263178615e-004 -1.332698737e+002 -1.332698737e+002 +4.9966e-001 +1.2545e+000 +2.3639e+000
4306 +1.201225576e-004 +1.201225576e-004 -1.332698799e+002 -1.332698799e+002 +5.0342e-001 +1.2519e+000 +2.3638e+000
4326 +1.157204631e-004 +1.157204631e-004 -1.332698843e+002 -1.332698843e+002 +5.0525e-001 +1.2515e+000 +2.3678e+000
4351 +1.132436527e-004 +1.132436527e-004 -1.332698868e+002 -1.332698868e+002 +5.0741e-001 +1.2512e+000 +2.3713e+000
4353 +1.048680868e-004 +1.048680868e-004 -1.332698951e+002 -1.332698951e+002 +5.0534e-001 +1.2495e+000 +2.3904e+000
4386 +1.010037544e-004 +1.010037544e-004 -1.332698990e+002 -1.332698990e+002 +5.0067e-001 +1.2476e+000 +2.3909e+000
4398 +9.911088401e-005 +9.911088401e-005 -1.332699009e+002 -1.332699009e+002 +5.0539e-001 +1.2477e+000 +2.3889e+000
4416 +9.734448554e-005 +9.734448554e-005 -1.332699027e+002 -1.332699027e+002 +5.0771e-001 +1.2460e+000 +2.3889e+000
4427 +9.294404700e-005 +9.294404700e-005 -1.332699071e+002 -1.332699071e+002 +4.9667e-001 +1.2435e+000 +2.4170e+000
4428 +9.024247018e-005 +9.024247018e-005 -1.332699098e+002 -1.332699098e+002 +5.0663e-001 +1.2452e+000 +2.4041e+000
4435 +8.868606034e-005 +8.868606034e-005 -1.332699113e+002 -1.332699113e+002 +5.0626e-001 +1.2442e+000 +2.4047e+000
4461 +7.875046904e-005 +7.875046904e-005 -1.332699212e+002 -1.332699212e+002 +5.0986e-001 +1.2405e+000 +2.4354e+000
4474 +7.580433535e-005 +7.580433535e-005 -1.332699242e+002 -1.332699242e+002 +5.0295e-001 +1.2372e+000 +2.4401e+000
4483 +7.321498612e-005 +7.321498612e-005 -1.332699268e+002 -1.332699268e+002 +5.0542e-001 +1.2365e+000 +2.4390e+000
4522 +7.158465979e-005 +7.158465979e-005 -1.332699284e+002 -1.332699284e+002 +5.0888e-001 +1.2382e+000 +2.4323e+000
4531 +6.993227282e-005 +6.993227282e-005 -1.332699301e+002 -1.332699301e+002 +5.0916e-001 +1.2382e+000 +2.4385e+000
4534 +6.804309859e-005 +6.804309859e-005 -1.332699320e+002 -1.332699320e+002 +5.1226e-001 +1.2381e+000 +2.4383e+000
4558 +6.653345724e-005 +6.653345724e-005 -1.332699335e+002 -1.332699335e+002 +5.1509e-001 +1.2378e+000 +2.4384e+000
4574 +6.431520291e-005 +6.431520291e-005 -1.332699357e+002 -1.332699357e+002 +5.1322e-001 +1.2370e+000 +2.4412e+000
4600 +6.195543401e-005 +6.195543401e-005 -1.332699380e+002 -1.332699380e+002 +5.1454e-001 +1.2359e+000 +2.4392e+000
4616 +6.073997832e-005 +6.073997832e-005 -1.332699393e+002 -1.332699393e+002 +5.1770e-001 +1.2360e+000 +2.4383e+000
4636 +5.941305258e-005 +5.941305258e-005 -1.332699406e+002 -1.332699406e+002 +5.1969e-001 +1.2357e+000 +2.4387e+000
4644 +5.745677322e-005 +5.745677322e-005 -1.332699425e+002 -1.332699425e+002 +5.2787e-001 +1.2344e+000 +2.4394e+000
4661 +5.577555726e-005 +5.577555726e-005 -1.332699442e+002 -1.332699442e+002 +5.2719e-001 +1.2337e+000 +2.4391e+000
4738 +5.382361419e-005 +5.382361419e-005 -1.332699462e+002 -1.332699462e+002 +5.2985e-001 +1.2321e+000 +2.4408e+000
4755 +5.348746035e-005 +5.348746035e-005 -1.332699465e+002 -1.332699465e+002 +5.2778e-001 +1.2326e+000 +2.4413e+000
4773 +5.119798993e-005 +5.119798993e-005 -1.332699488e+002 -1.332699488e+002 +5.2820e-001 +1.2326e+000 +2.4451e+000
4797 +4.923845256e-005 +4.923845256e-005 -1.332699508e+002 -1.332699508e+002 +5.2654e-001 +1.2323e+000 +2.4480e+000
4839 +4.776137746e-005 +4.776137746e-005 -1.332699522e+002 -1.332699522e+002 +5.2651e-001 +1.2315e+000 +2.4492e+000
4849 +4.665973989e-005 +4.665973989e-005 -1.332699533e+002 -1.332699533e+002 +5.2708e-001 +1.2315e+000 +2.4512e+000
4868 +4.391916636e-005 +4.391916636e-005 -1.332699561e+002 -1.332699561e+002 +5.2745e-001 +1.2305e+000 +2.4546e+000
4903 +4.331651618e-005 +4.331651618e-005 -1.332699567e+002 -1.332699567e+002 +5.2784e-001 +1.2295e+000 +2.4552e+000
4905 +4.177623271e-005 +4.177623271e-005 -1.332699582e+002 -1.332699582e+002 +5.2763e-001 +1.2303e+000 +2.4600e+000
4911 +3.893128414e-005 +3.893128414e-005 -1.332699611e+002 -1.332699611e+002 +5.2647e-001 +1.2292e+000 +2.4645e+000
4940 +3.559335229e-005 +3.559335229e-005 -1.332699644e+002 -1.332699644e+002 +5.2708e-001 +1.2279e+000 +2.4722e+000
4941 +3.388970603e-005 +3.388970603e-005 -1.332699661e+002 -1.332699661e+002 +5.2863e-001 +1.2263e+000 +2.4731e+000
4970 +3.110787600e-005 +3.110787600e-005 -1.332699689e+002 -1.332699689e+002 +5.4494e-001 +1.2195e+000 +2.4828e+000
4987 +3.080450614e-005 +3.080450614e-005 -1.332699692e+002 -1.332699692e+002 +5.3116e-001 +1.2246e+000 +2.4806e+000
4997 +2.973036717e-005 +2.973036717e-005 -1.332699703e+002 -1.332699703e+002 +5.3186e-001 +1.2243e+000 +2.4859e+000
5043 +2.936737113e-005 +2.936737113e-005 -1.332699706e+002 -1.332699706e+002 +5.2953e-001 +1.2237e+000 +2.4888e+000
5054 +2.750453382e-005 +2.750453382e-005 -1.332699725e+002 -1.332699725e+002 +5.2746e-001 +1.2194e+000 +2.5071e+000
5104 +2.653996452e-005 +2.653996452e-005 -1.332699735e+002 -1.332699735e+002 +5.3278e-001 +1.2201e+000 +2.5097e+000
5116 +2.596075822e-005 +2.596075822e-005 -1.332699740e+002 -1.332699740e+002 +5.3434e-001 +1.2190e+000 +2.5121e+000
5133 +2.495175093e-005 +2.495175093e-005 -1.332699750e+002 -1.332699750e+002 +5.3990e-001 +1.2169e+000 +2.5128e+000
5252 +2.400509860e-005 +2.400509860e-005 -1.332699760e+002 -1.332699760e+002 +5.4032e-001 +1.2162e+000 +2.5209e+000
5269 +2.347752144e-005 +2.347752144e-005 -1.332699765e+002 -1.332699765e+002 +5.3964e-001 +1.2155e+000 +2.5225e+000
5332 +2.282307548e-005 +2.282307548e-005 -1.332699772e+002 -1.332699772e+002 +5.4303e-001 +1.2148e+000 +2.5228e+000
5429 +2.174105941e-005 +2.174105941e-005 -1.332699783e+002 -1.332699783e+002 +5.4583e-001 +1.2139e+000 +2.5259e+000
5466 +2.057045219e-005 +2.057045219e-005 -1.332699794e+002 -1.332699794e+002 +5.4304e-001 +1.2133e+000 +2.5312e+000
5477 +2.024451496e-005 +2.024451496e-005 -1.332699798e+002 -1.332699798e+002 +5.4387e-001 +1.2126e+000 +2.5305e+000
5479 +1.984493002e-005 +1.984493002e-005 -1.332699802e+002 -1.332699802e+002 +5.4522e-001 +1.2128e+000 +2.5369e+000
5493 +1.941400930e-005 +1.941400930e-005 -1.332699806e+002 -1.332699806e+002 +5.5202e-001 +1.2106e+000 +2.5306e+000
5494 +1.881192068e-005 +1.881192068e-005 -1.332699812e+002 -1.332699812e+002 +5.4422e-001 +1.2118e+000 +2.5347e+000
5497 +1.724621981e-005 +1.724621981e-005 -1.332699828e+002 -1.332699828e+002 +5.4767e-001 +1.2107e+000 +2.5367e+000
5520 +1.646936892e-005 +1.646936892e-005 -1.332699835e+002 -1.332699835e+002 +5.4605e-001 +1.2097e+000 +2.5403e+000
5531 +1.619400817e-005 +1.619400817e-005 -1.332699838e+002 -1.332699838e+002 +5.4726e-001 +1.2094e+000 +2.5404e+000
5533 +1.542351330e-005 +1.542351330e-005 -1.332699846e+002 -1.332699846e+002 +5.4698e-001 +1.2100e+000 +2.5424e+000
5537 +1.469721846e-005 +1.469721846e-005 -1.332699853e+002 -1.332699853e+002 +5.4837e-001 +1.2089e+000 +2.5433e+000
5541 +1.305042343e-005 +1.305042343e-005 -1.332699869e+002 -1.332699869e+002 +5.4820e-001 +1.2087e+000 +2.5491e+000
5555 +1.256955966e-005 +1.256955966e-005 -1.332699874e+002 -1.332699874e+002 +5.4713e-001 +1.2082e+000 +2.5511e+000
5564 +1.199460672e-005 +1.199460672e-005 -1.332699880e+002 -1.332699880e+002 +5.4900e-001 +1.2081e+000 +2.5526e+000
5580 +1.159115394e-005 +1.159115394e-005 -1.332699884e+002 -1.332699884e+002 +5.5049e-001 +1.2077e+000 +2.5522e+000
5589 +1.011712908e-005 +1.011712908e-005 -1.332699899e+002 -1.332699899e+002 +5.4880e-001 +1.2067e+000 +2.5615e+000
5602 +9.564436056e-006 +9.564436056e-006 -1.332699904e+002 -1.332699904e+002 +5.4850e-001 +1.2059e+000 +2.5622e+000
5605 +9.048754293e-006 +9.048754293e-006 -1.332699910e+002 -1.332699910e+002 +5.5022e-001 +1.2053e+000 +2.5728e+000
5615 +6.871924739e-006 +6.871924739e-006 -1.332699931e+002 -1.332699931e+002 +5.5076e-001 +1.2002e+000 +2.5861e+000
5798 +6.740880082e-006 +6.740880082e-006 -1.332699933e+002 -1.332699933e+002 +5.5493e-001 +1.2009e+000 +2.5816e+000
6084 +6.606259404e-006 +6.606259404e-006 -1.332699934e+002 -1.332699934e+002 +5.5838e-001 +1.2000e+000 +2.5868e+000
6210 +6.389706726e-006 +6.389706726e-006 -1.332699936e+002 -1.332699936e+002 +5.6005e-001 +1.1970e+000 +2.5951e+000
6286 +6.292874701e-006 +6.292874701e-006 -1.332699937e+002 -1.332699937e+002 +5.6211e-001 +1.1969e+000 +2.5966e+000
6376 +6.157256053e-006 +6.157256053e-006 -1.332699938e+002 -1.332699938e+002 +5.6533e-001 +1.1956e+000 +2.5973e+000
6397 +5.800999702e-006 +5.800999702e-006 -1.332699942e+002 -1.332699942e+002 +5.6413e-001 +1.1952e+000 +2.6023e+000
6468 +5.730554051e-006 +5.730554051e-006 -1.332699943e+002 -1.332699943e+002 +5.6321e-001 +1.1953e+000 +2.6043e+000
6541 +5.605786896e-006 +5.605786896e-006 -1.332699944e+002 -1.332699944e+002 +5.6265e-001 +1.1951e+000 +2.6063e+000
6565 +5.488886785e-006 +5.488886785e-006 -1.332699945e+002 -1.332699945e+002 +5.6226e-001 +1.1947e+000 +2.6073e+000
6592 +5.201616375e-006 +5.201616375e-006 -1.332699948e+002 -1.332699948e+002 +5.6287e-001 +1.1943e+000 +2.6109e+000
6621 +5.013610433e-006 +5.013610433e-006 -1.332699950e+002 -1.332699950e+002 +5.6335e-001 +1.1939e+000 +2.6106e+000
6634 +4.975773834e-006 +4.975773834e-006 -1.332699950e+002 -1.332699950e+002 +5.6646e-001 +1.1932e+000 +2.6081e+000
6648 +4.857783182e-006 +4.857783182e-006 -1.332699951e+002 -1.332699951e+002 +5.6546e-001 +1.1937e+000 +2.6103e+000
6669 +4.682863562e-006 +4.682863562e-006 -1.332699953e+002 -1.332699953e+002 +5.6557e-001 +1.1933e+000 +2.6112e+000
6676 +4.482041248e-006 +4.482041248e-006 -1.332699955e+002 -1.332699955e+002 +5.6454e-001 +1.1932e+000 +2.6148e+000
6678 +4.321826736e-006 +4.321826736e-006 -1.332699957e+002 -1.332699957e+002 +5.6465e-001 +1.1929e+000 +2.6191e+000
6692 +4.192724418e-006 +4.192724418e-006 -1.332699958e+002 -1.332699958e+002 +5.6502e-001 +1.1927e+000 +2.6189e+000
6696 +4.035406818e-006 +4.035406818e-006 -1.332699960e+002 -1.332699960e+002 +5.6505e-001 +1.1925e+000 +2.6186e+000
6721 +3.974941251e-006 +3.974941251e-006 -1.332699960e+002 -1.332699960e+002 +5.6557e-001 +1.1923e+000 +2.6214e+000
6725 +3.483272167e-006 +3.483272167e-006 -1.332699965e+002 -1.332699965e+002 +5.6473e-001 +1.1912e+000 +2.6218e+000
6745 +3.355164182e-006 +3.355164182e-006 -1.332699966e+002 -1.332699966e+002 +5.6512e-001 +1.1913e+000 +2.6239e+000
6793 +3.167804294e-006 +3.167804294e-006 -1.332699968e+002 -1.332699968e+002 +5.6564e-001 +1.1910e+000 +2.6244e+000
6795 +3.148227648e-006 +3.148227648e-006 -1.332699969e+002 -1.332699969e+002 +5.6554e-001 +1.1908e+000 +2.6243e+000
6798 +3.019994807e-006 +3.019994807e-006 -1.332699970e+002 -1.332699970e+002 +5.6573e-001 +1.1907e+000 +2.6267e+000
6800 +2.999327535e-006 +2.999327535e-006 -1.332699970e+002 -1.332699970e+002 +5.6566e-001 +1.1905e+000 +2.6258e+000
6828 +2.781931670e-006 +2.781931670e-006 -1.332699972e+002 -1.332699972e+002 +5.6634e-001 +1.1902e+000 +2.6282e+000
6830 +2.646596812e-006 +2.646596812e-006 -1.332699974e+002 -1.332699974e+002 +5.6560e-001 +1.1895e+000 +2.6354e+000
6845 +2.628883209e-006 +2.628883209e-006 -1.332699974e+002 -1.332699974e+002 +5.6586e-001 +1.1897e+000 +2.6307e+000
6858 +2.562087559e-006 +2.562087559e-006 -1.332699974e+002 -1.332699974e+002 +5.6596e-001 +1.1895e+000 +2.6315e+000
6871 +2.366695014e-006 +2.366695014e-006 -1.332699976e+002 -1.332699976e+002 +5.6675e-001 +1.1888e+000 +2.6322e+000
6886 +2.310193906e-006 +2.310193906e-006 -1.332699977e+002 -1.332699977e+002 +5.6807e-001 +1.1891e+000 +2.6327e+000
6901 +2.165262629e-006 +2.165262629e-006 -1.332699978e+002 -1.332699978e+002 +5.6955e-001 +1.1881e+000 +2.6318e+000
6929 +2.028553979e-006 +2.028553979e-006 -1.332699980e+002 -1.332699980e+002 +5.6873e-001 +1.1880e+000 +2.6377e+000
6935 +1.942484232e-006 +1.942484232e-006 -1.332699981e+002 -1.332699981e+002 +5.7576e-001 +1.1872e+000 +2.6361e+000
6964 +1.827123384e-006 +1.827123384e-006 -1.332699982e+002 -1.332699982e+002 +5.7098e-001 +1.1868e+000 +2.6391e+000
6997 +1.738410134e-006 +1.738410134e-006 -1.332699983e+002 -1.332699983e+002 +5.7093e-001 +1.1861e+000 +2.6440e+000
7000 +1.734081053e-006 +1.734081053e-006 -1.332699983e+002 -1.332699983e+002 +5.7159e-001 +1.1862e+000 +2.6454e+000
7053 +1.678047312e-006 +1.678047312e-006 -1.332699983e+002 -1.332699983e+002 +5.7353e-001 +1.1853e+000 +2.6443e+000
7119 +1.656293392e-006 +1.656293392e-006 -1.332699983e+002 -1.332699983e+002 +5.7517e-001 +1.1846e+000 +2.6448e+000
7128 +1.618727140e-006 +1.618727140e-006 -1.332699984e+002 -1.332699984e+002 +5.7441e-001 +1.1845e+000 +2.6523e+000
7191 +1.551062468e-006 +1.551062468e-006 -1.332699984e+002 -1.332699984e+002 +5.7799e-001 +1.1831e+000 +2.6510e+000
7196 +1.548122555e-006 +1.548122555e-006 -1.332699985e+002 -1.332699985e+002 +5.7992e-001 +1.1830e+000 +2.6527e+000
7211 +1.477393170e-006 +1.477393170e-006 -1.332699985e+002 -1.332699985e+002 +5.7825e-001 +1.1825e+000 +2.6544e+000
7244 +1.423229719e-006 +1.423229719e-006 -1.332699986e+002 -1.332699986e+002 +5.8248e-001 +1.1814e+000 +2.6567e+000
7262 +1.324769642e-006 +1.324769642e-006 -1.332699987e+002 -1.332699987e+002 +5.8227e-001 +1.1810e+000 +2.6598e+000
7323 +1.315372003e-006 +1.315372003e-006 -1.332699987e+002 -1.332699987e+002 +5.8033e-001 +1.1810e+000 +2.6588e+000
7336 +1.283099351e-006 +1.283099351e-006 -1.332699987e+002 -1.332699987e+002 +5.7961e-001 +1.1812e+000 +2.6601e+000
7385 +1.252877752e-006 +1.252877752e-006 -1.332699987e+002 -1.332699987e+002 +5.8016e-001 +1.1809e+000 +2.6606e+000
7399 +1.219980476e-006 +1.219980476e-006 -1.332699988e+002 -1.332699988e+002 +5.8017e-001 +1.1809e+000 +2.6620e+000
7402 +1.198744656e-006 +1.198744656e-006 -1.332699988e+002 -1.332699988e+002 +5.8007e-001 +1.1809e+000 +2.6632e+000
7426 +1.162676455e-006 +1.162676455e-006 -1.332699988e+002 -1.332699988e+002 +5.7988e-001 +1.1807e+000 +2.6658e+000
7428 +1.113520938e-006 +1.113520938e-006 -1.332699989e+002 -1.332699989e+002 +5.8014e-001 +1.1801e+000 +2.6639e+000
7478 +1.095635213e-006 +1.095635213e-006 -1.332699989e+002 -1.332699989e+002 +5.7929e-001 +1.1804e+000 +2.6660e+000
7503 +1.043565504e-006 +1.043565504e-006 -1.332699990e+002 -1.332699990e+002 +5.8069e-001 +1.1800e+000 +2.6663e+000
7507 +1.019580083e-006 +1.019580083e-006 -1.332699990e+002 -1.332699990e+002 +5.7947e-001 +1.1800e+000 +2.6681e+000
7516 +9.758349790e-007 +9.758349790e-007 -1.332699990e+002 -1.332699990e+002 +5.7978e-001 +1.1798e+000 +2.6686e+000
7537 +9.271379611e-007 +9.271379611e-007 -1.332699991e+002 -1.332699991e+002 +5.7954e-001 +1.1794e+000 +2.6696e+000
7570 +8.989669311e-007 +8.989669311e-007 -1.332699991e+002 -1.332699991e+002 +5.7950e-001 +1.1787e+000 +2.6706e+000
7591 +8.891435925e-007 +8.891435925e-007 -1.332699991e+002 -1.332699991e+002 +5.8011e-001 +1.1791e+000 +2.6700e+000
7622 +8.234893585e-007 +8.234893585e-007 -1.332699992e+002 -1.332699992e+002 +5.8375e-001 +1.1781e+000 +2.6703e+000
7711 +8.064340875e-007 +8.064340875e-007 -1.332699992e+002 -1.332699992e+002 +5.8278e-001 +1.1782e+000 +2.6709e+000
7746 +7.360125380e-007 +7.360125380e-007 -1.332699993e+002 -1.332699993e+002 +5.8604e-001 +1.1773e+000 +2.6732e+000
7757 +7.023745923e-007 +7.023745923e-007 -1.332699993e+002 -1.332699993e+002 +5.8159e-001 +1.1780e+000 +2.6758e+000
7782 +6.712151901e-007 +6.712151901e-007 -1.332699993e+002 -1.332699993e+002 +5.8551e-001 +1.1761e+000 +2.6762e+000
7789 +6.359020972e-007 +6.359020972e-007 -1.332699994e+002 -1.332699994e+002 +5.8388e-001 +1.1773e+000 +2.6792e+000
7806 +6.268427626e-007 +6.268427626e-007 -1.332699994e+002 -1.332699994e+002 +5.8473e-001 +1.1766e+000 +2.6768e+000
7817 +5.465167590e-007 +5.465167590e-007 -1.332699995e+002 -1.332699995e+002 +5.8287e-001 +1.1763e+000 +2.6853e+000
7819 +4.605502397e-007 +4.605502397e-007 -1.332699995e+002 -1.332699995e+002 +5.8377e-001 +1.1740e+000 +2.6992e+000
7852 +3.844477305e-007 +3.844477305e-007 -1.332699996e+002 -1.332699996e+002 +5.8306e-001 +1.1720e+000 +2.7014e+000
8013 +3.788070444e-007 +3.788070444e-007 -1.332699996e+002 -1.332699996e+002 +5.8525e-001 +1.1736e+000 +2.6960e+000
8073 +3.702425033e-007 +3.702425033e-007 -1.332699996e+002 -1.332699996e+002 +5.8673e-001 +1.1735e+000 +2.6940e+000
8082 +3.592886344e-007 +3.592886344e-007 -1.332699996e+002 -1.332699996e+002 +5.8663e-001 +1.1732e+000 +2.6947e+000
8083 +3.543302114e-007 +3.543302114e-007 -1.332699996e+002 -1.332699996e+002 +5.8710e-001 +1.1732e+000 +2.6949e+000
8102 +3.463011637e-007 +3.463011637e-007 -1.332699997e+002 -1.332699997e+002 +5.8553e-001 +1.1730e+000 +2.6976e+000
8138 +3.359068046e-007 +3.359068046e-007 -1.332699997e+002 -1.332699997e+002 +5.8664e-001 +1.1729e+000 +2.6970e+000
8148 +3.162492987e-007 +3.162492987e-007 -1.332699997e+002 -1.332699997e+002 +5.8717e-001 +1.1725e+000 +2.6982e+000
8166 +3.081421767e-007 +3.081421767e-007 -1.332699997e+002 -1.332699997e+002 +5.8816e-001 +1.1724e+000 +2.6992e+000
8177 +2.901414859e-007 +2.901414859e-007 -1.332699997e+002 -1.332699997e+002 +5.8859e-001 +1.1721e+000 +2.6997e+000
8181 +2.865844237e-007 +2.865844237e-007 -1.332699997e+002 -1.332699997e+002 +5.8852e-001 +1.1713e+000 +2.6998e+000
8198 +2.721626515e-007 +2.721626515e-007 -1.332699997e+002 -1.332699997e+002 +5.8860e-001 +1.1717e+000 +2.7009e+000
8206 +2.573201812e-007 +2.573201812e-007 -1.332699997e+002 -1.332699997e+002 +5.8762e-001 +1.1714e+000 +2.7047e+000
8209 +2.486686981e-007 +2.486686981e-007 -1.332699998e+002 -1.332699998e+002 +5.8990e-001 +1.1710e+000 +2.7019e+000
8240 +2.260135545e-007 +2.260135545e-007 -1.332699998e+002 -1.332699998e+002 +5.8941e-001 +1.1708e+000 +2.7057e+000
8267 +1.858056748e-007 +1.858056748e-007 -1.332699998e+002 -1.332699998e+002 +5.9236e-001 +1.1694e+000 +2.7097e+000
8340 +1.811727657e-007 +1.811727657e-007 -1.332699998e+002 -1.332699998e+002 +5.9187e-001 +1.1693e+000 +2.7108e+000
8376 +1.769768971e-007 +1.769768971e-007 -1.332699998e+002 -1.332699998e+002 +5.9169e-001 +1.1690e+000 +2.7109e+000
8403 +1.723560672e-007 +1.723560672e-007 -1.332699998e+002 -1.332699998e+002 +5.9370e-001 +1.1685e+000 +2.7112e+000
8436 +1.673143970e-007 +1.673143970e-007 -1.332699998e+002 -1.332699998e+002 +5.9282e-001 +1.1687e+000 +2.7126e+000
8461 +1.628618804e-007 +1.628618804e-007 -1.332699998e+002 -1.332699998e+002 +5.9257e-001 +1.1685e+000 +2.7133e+000
8476 +1.616024576e-007 +1.616024576e-007 -1.332699998e+002 -1.332699998e+002 +5.9258e-001 +1.1684e+000 +2.7133e+000
8503 +1.564017964e-007 +1.564017964e-007 -1.332699998e+002 -1.332699998e+002 +5.9246e-001 +1.1683e+000 +2.7146e+000
8514 +1.545260204e-007 +1.545260204e-007 -1.332699998e+002 -1.332699998e+002 +5.9280e-001 +1.1683e+000 +2.7151e+000
8516 +1.493598063e-007 +1.493598063e-007 -1.332699999e+002 -1.332699999e+002 +5.9245e-001 +1.1680e+000 +2.7155e+000
8530 +1.473108000e-007 +1.473108000e-007 -1.332699999e+002 -1.332699999e+002 +5.9164e-001 +1.1680e+000 +2.7184e+000
8542 +1.392261311e-007 +1.392261311e-007 -1.332699999e+002 -1.332699999e+002 +5.9273e-001 +1.1676e+000 +2.7170e+000
8584 +1.380086587e-007 +1.380086587e-007 -1.332699999e+002 -1.332699999e+002 +5.9263e-001 +1.1677e+000 +2.7176e+000
8591 +1.334912554e-007 +1.334912554e-007 -1.332699999e+002 -1.332699999e+002 +5.9242e-001 +1.1676e+000 +2.7188e+000
8602 +1.302420856e-007 +1.302420856e-007 -1.332699999e+002 -1.332699999e+002 +5.9225e-001 +1.1674e+000 +2.7194e+000
8642 +1.265654817e-007 +1.265654817e-007 -1.332699999e+002 -1.332699999e+002 +5.9284e-001 +1.1670e+000 +2.7191e+000
8656 +1.232992588e-007 +1.232992588e-007 -1.332699999e+002 -1.332699999e+002 +5.9348e-001 +1.1672e+000 +2.7189e+000
8659 +1.212383154e-007 +1.212383154e-007 -1.332699999e+002 -1.332699999e+002 +5.9340e-001 +1.1671e+000 +2.7192e+000
8686 +1.199751978e-007 +1.199751978e-007 -1.332699999e+002 -1.332699999e+002 +5.9354e-001 +1.1666e+000 +2.7197e+000
8703 +1.157543466e-007 +1.157543466e-007 -1.332699999e+002 -1.332699999e+002 +5.9392e-001 +1.1669e+000 +2.7196e+000
8705 +1.132990235e-007 +1.132990235e-007 -1.332699999e+002 -1.332699999e+002 +5.9450e-001 +1.1666e+000 +2.7197e+000
8706 +1.105498200e-007 +1.105498200e-007 -1.332699999e+002 -1.332699999e+002 +5.9356e-001 +1.1668e+000 +2.7232e+000
8718 +1.059468389e-007 +1.059468389e-007 -1.332699999e+002 -1.332699999e+002 +5.9357e-001 +1.1668e+000 +2.7221e+000
8725 +1.041483983e-007 +1.041483983e-007 -1.332699999e+002 -1.332699999e+002 +5.9665e-001 +1.1663e+000 +2.7213e+000
8727 +1.019031970e-007 +1.019031970e-007 -1.332699999e+002 -1.332699999e+002 +5.9368e-001 +1.1666e+000 +2.7218e+000
8731 +9.874077023e-008 +9.874077023e-008 -1.332699999e+002 -1.332699999e+002 +5.9477e-001 +1.1665e+000 +2.7220e+000
8733 +9.417107094e-008 +9.417107094e-008 -1.332699999e+002 -1.332699999e+002 +5.9445e-001 +1.1662e+000 +2.7223e+000
8777 +9.306367588e-008 +9.306367588e-008 -1.332699999e+002 -1.332699999e+002 +5.9476e-001 +1.1663e+000 +2.7223e+000
8789 +9.109439247e-008 +9.109439247e-008 -1.332699999e+002 -1.332699999e+002 +5.9537e-001 +1.1661e+000 +2.7223e+000
8804 +8.810133068e-008 +8.810133068e-008 -1.332699999e+002 -1.332699999e+002 +5.9499e-001 +1.1660e+000 +2.7229e+000
8810 +8.275088703e-008 +8.275088703e-008 -1.332699999e+002 -1.332699999e+002 +5.9541e-001 +1.1658e+000 +2.7235e+000
8822 +7.779132716e-008 +7.779132716e-008 -1.332699999e+002 -1.332699999e+002 +5.9582e-001 +1.1657e+000 +2.7243e+000
8824 +7.023362514e-008 +7.023362514e-008 -1.332699999e+002 -1.332699999e+002 +5.9532e-001 +1.1654e+000 +2.7257e+000
8831 +6.589033319e-008 +6.589033319e-008 -1.332699999e+002 -1.332699999e+002 +5.9543e-001 +1.1653e+000 +2.7267e+000
8849 +6.137332775e-008 +6.137332775e-008 -1.332699999e+002 -1.332699999e+002 +5.9578e-001 +1.1652e+000 +2.7282e+000
8865 +6.014971632e-008 +6.014971632e-008 -1.332699999e+002 -1.332699999e+002 +5.9525e-001 +1.1647e+000 +2.7286e+000
8872 +5.235261824e-008 +5.235261824e-008 -1.332699999e+002 -1.332699999e+002 +5.9579e-001 +1.1640e+000 +2.7317e+000
8899 +5.091027333e-008 +5.091027333e-008 -1.332699999e+002 -1.332699999e+002 +5.9658e-001 +1.1636e+000 +2.7324e+000
8906 +4.920434549e-008 +4.920434549e-008 -1.332700000e+002 -1.332700000e+002 +5.9716e-001 +1.1639e+000 +2.7346e+000
8909 +4.832062928e-008 +4.832062928e-008 -1.332700000e+002 -1.332700000e+002 +5.9722e-001 +1.1637e+000 +2.7350e+000
8917 +4.507543849e-008 +4.507543849e-008 -1.332700000e+002 -1.332700000e+002 +5.9673e-001 +1.1625e+000 +2.7425e+000
8924 +4.316791546e-008 +4.316791546e-008 -1.332700000e+002 -1.332700000e+002 +5.9720e-001 +1.1625e+000 +2.7392e+000
8937 +4.248033747e-008 +4.248033747e-008 -1.332700000e+002 -1.332700000e+002 +5.9706e-001 +1.1624e+000 +2.7401e+000
8942 +3.288448625e-008 +3.288448625e-008 -1.332700000e+002 -1.332700000e+002 +5.9777e-001 +1.1617e+000 +2.7435e+000
9006 +2.875489713e-008 +2.875489713e-008 -1.332700000e+002 -1.332700000e+002 +5.9833e-001 +1.1615e+000 +2.7440e+000
9026 +2.429055712e-008 +2.429055712e-008 -1.332700000e+002 -1.332700000e+002 +5.9958e-001 +1.1610e+000 +2.7437e+000
9046 +1.933096883e-008 +1.933096883e-008 -1.332700000e+002 -1.332700000e+002 +6.0097e-001 +1.1608e+000 +2.7445e+000
9062 +1.753360834e-008 +1.753360834e-008 -1.332700000e+002 -1.332700000e+002 +6.0062e-001 +1.1606e+000 +2.7454e+000
9099 +1.633824809e-008 +1.633824809e-008 -1.332700000e+002 -1.332700000e+002 +6.0077e-001 +1.1601e+000 +2.7523e+000
9109 +1.547743977e-008 +1.547743977e-008 -1.332700000e+002 -1.332700000e+002 +6.0042e-001 +1.1606e+000 +2.7471e+000
9111 +1.415719453e-008 +1.415719453e-008 -1.332700000e+002 -1.332700000e+002 +6.0003e-001 +1.1601e+000 +2.7516e+000
9116 +1.280579909e-008 +1.280579909e-008 -1.332700000e+002 -1.332700000e+002 +6.0044e-001 +1.1600e+000 +2.7509e+000
9125 +1.204611522e-008 +1.204611522e-008 -1.332700000e+002 -1.332700000e+002 +6.0052e-001 +1.1595e+000 +2.7522e+000
9136 +1.199930466e-008 +1.199930466e-008 -1.332700000e+002 -1.332700000e+002 +6.0058e-001 +1.1594e+000 +2.7530e+000
9192 +1.157229690e-008 +1.157229690e-008 -1.332700000e+002 -1.332700000e+002 +6.0209e-001 +1.1589e+000 +2.7530e+000
9213 +1.143641271e-008 +1.143641271e-008 -1.332700000e+002 -1.332700000e+002 +6.0215e-001 +1.1589e+000 +2.7536e+000
9224 +1.100272584e-008 +1.100272584e-008 -1.332700000e+002 -1.332700000e+002 +6.0206e-001 +1.1586e+000 +2.7547e+000
9243 +1.069258815e-008 +1.069258815e-008 -1.332700000e+002 -1.332700000e+002 +6.0231e-001 +1.1584e+000 +2.7550e+000
9270 +1.040848474e-008 +1.040848474e-008 -1.332700000e+002 -1.332700000e+002 +6.0227e-001 +1.1584e+000 +2.7554e+000
9291 +1.004158889e-008 +1.004158889e-008 -1.332700000e+002 -1.332700000e+002 +6.0229e-001 +1.1583e+000 +2.7559e+000
9292 +9.644793408e-009 +9.644793408e-009 -1.332700000e+002 -1.332700000e+002 +6.0229e-001 +1.1583e+000 +2.7565e+000
16866 +0.000000000e+000 +0.000000000e+000 -1.332700000e+002 -1.332700000e+002 +6.1271e-001 +1.1493e+000 +2.7929e+000
% function evaluation | noise-free fitness - Fopt (-5.488000000000e+001) | best noise-free fitness - Fopt | measured fitness | best measured fitness | x1 | x2...
1 +2.229616937e+002 +2.229616937e+002 +1.680816937e+002 +1.680816937e+002 -1.7255e+000 -1.1565e+001 -1.4665e+001
2 +8.376473424e+001 +8.376473424e+001 +2.888473424e+001 +2.888473424e+001 -3.7103e+000 -6.8789e+000 -2.9886e+000
3 +7.469747327e+001 +7.469747327e+001 +1.981747327e+001 +1.981747327e+001 -2.5154e+000 -4.3874e+000 -3.7057e+000
9 +4.365148631e+001 +4.365148631e+001 -1.122851369e+001 -1.122851369e+001 -2.0961e+000 -4.9764e+000 +1.1227e+000
23 +3.109629400e+001 +3.109629400e+001 -2.378370600e+001 -2.378370600e+001 -3.5817e-001 -3.3059e+000 +4.2692e-001
32 +2.665651543e+001 +2.665651543e+001 -2.822348457e+001 -2.822348457e+001 +2.5431e+000 +1.3440e+000 -1.2020e+000
49 +1.341039654e+001 +1.341039654e+001 -4.146960346e+001 -4.146960346e+001 -8.7410e-001 +1.5580e+000 -8.9742e-001
55 +1.013109366e+001 +1.013109366e+001 -4.474890634e+001 -4.474890634e+001 -4.3260e-001 +6.9362e-001 -9.3706e-002
63 +1.709300994e+000 +1.709300994e+000 -5.317069901e+001 -5.317069901e+001 -9.9541e-001 +4.3649e-001 -1.0423e+000
75 +1.670044321e+000 +1.670044321e+000 -5.320995568e+001 -5.320995568e+001 -1.1251e+000 +7.9598e-001 -7.9701e-001
77 +8.621857511e-001 +8.621857511e-001 -5.401781425e+001 -5.401781425e+001 -1.3684e+000 +6.5719e-001 -7.0293e-001
219 +8.140199390e-001 +8.140199390e-001 -5.406598006e+001 -5.406598006e+001 -1.8091e+000 +5.0665e-001 -5.4125e-001
249 +7.479459497e-001 +7.479459497e-001 -5.413205405e+001 -5.413205405e+001 -1.4540e+000 +5.8401e-001 -6.9597e-001
253 +7.408769634e-001 +7.408769634e-001 -5.413912304e+001 -5.413912304e+001 -1.5611e+000 +4.6374e-001 -5.9951e-001
296 +7.166004666e-001 +7.166004666e-001 -5.416339953e+001 -5.416339953e+001 -1.3648e+000 +5.6952e-001 -6.4771e-001
330 +7.073751406e-001 +7.073751406e-001 -5.417262486e+001 -5.417262486e+001 -1.4395e+000 +5.0873e-001 -7.0103e-001
% function evaluation | noise-free fitness - Fopt (-2.253700000000e+002) | best noise-free fitness - Fopt | measured fitness | best measured fitness | x1 | x2...
1 +9.909851302e+000 +9.909851302e+000 -2.154601487e+002 -2.154601487e+002 -5.0972e+000 -9.0133e-001 -3.6875e+000
108 +3.459094748e+000 +3.459094748e+000 -2.219109053e+002 -2.219109053e+002 -2.2485e+000 -1.3212e+000 -1.2812e+000
140 +2.910697721e+000 +2.910697721e+000 -2.224593023e+002 -2.224593023e+002 -2.9324e+000 -1.2968e+000 -1.8060e+000
142 +2.621508995e+000 +2.621508995e+000 -2.227484910e+002 -2.227484910e+002 -3.0188e+000 -1.2618e+000 -1.8411e+000
236 +1.758552584e+000 +1.758552584e+000 -2.236114474e+002 -2.236114474e+002 -1.9395e+000 -1.2061e+000 -3.6860e-001
301 +1.105467092e+000 +1.105467092e+000 -2.242645329e+002 -2.242645329e+002 -2.6614e+000 -9.7573e-001 -9.6032e-001
348 +8.868353306e-001 +8.868353306e-001 -2.244831647e+002 -2.244831647e+002 -2.8036e+000 -9.4800e-001 -9.7689e-001
363 +6.722733211e-001 +6.722733211e-001 -2.246977267e+002 -2.246977267e+002 -1.9698e+000 -1.0781e+000 -3.9790e-001
423 +6.074908353e-001 +6.074908353e-001 -2.247625092e+002 -2.247625092e+002 -2.7067e+000 -9.0195e-001 -7.3119e-001
467 +5.882049826e-001 +5.882049826e-001 -2.247817950e+002 -2.247817950e+002 -2.6653e+000 -9.1480e-001 -7.2809e-001
666 +5.746695236e-001 +5.746695236e-001 -2.247953305e+002 -2.247953305e+002 -2.6607e+000 -9.0599e-001 -7.0169e-001
736 +5.623240281e-001 +5.623240281e-001 -2.248076760e+002 -2.248076760e+002 -2.6600e+000 -8.9033e-001 -6.6922e-001
791 +5.482676132e-001 +5.482676132e-001 -2.248217324e+002 -2.248217324e+002 -2.6604e+000 -8.6387e-001 -6.0637e-001
889 +5.369223070e-001 +5.369223070e-001 -2.248330777e+002 -2.248330777e+002 -2.6472e+000 -8.3077e-001 -5.3548e-001
963 +5.244551825e-001 +5.244551825e-001 -2.248455448e+002 -2.248455448e+002 -2.5922e+000 -8.6140e-001 -5.5865e-001
992 +5.018135315e-001 +5.018135315e-001 -2.248681865e+002 -2.248681865e+002 -2.4562e+000 -8.9598e-001 -4.8623e-001
1051 +5.008856151e-001 +5.008856151e-001 -2.248691144e+002 -2.248691144e+002 -2.4701e+000 -9.0374e-001 -4.8245e-001
1204 +4.866839946e-001 +4.866839946e-001 -2.248833160e+002 -2.248833160e+002 -2.3987e+000 -8.8876e-001 -3.5279e-001
1250 +4.774019730e-001 +4.774019730e-001 -2.248925980e+002 -2.248925980e+002 -2.3413e+000 -8.9200e-001 -3.3486e-001
1284 +4.649820615e-001 +4.649820615e-001 -2.249050179e+002 -2.249050179e+002 -2.3442e+000 -8.7235e-001 -2.7101e-001
1310 +4.533159835e-001 +4.533159835e-001 -2.249166840e+002 -2.249166840e+002 -2.3179e+000 -8.7426e-001 -2.3730e-001
1330 +4.449117702e-001 +4.449117702e-001 -2.249250882e+002 -2.249250882e+002 -2.2962e+000 -8.7969e-001 -2.3094e-001
1384 +4.362279799e-001 +4.362279799e-001 -2.249337720e+002 -2.249337720e+002 -2.2887e+000 -8.6964e-001 -2.1301e-001
1428 +4.248828450e-001 +4.248828450e-001 -2.249451172e+002 -2.249451172e+002 -2.2845e+000 -8.5755e-001 -1.7694e-001
1469 +4.149028247e-001 +4.149028247e-001 -2.249550972e+002 -2.249550972e+002 -2.2796e+000 -8.4471e-001 -1.2898e-001
1501 +4.062372450e-001 +4.062372450e-001 -2.249637628e+002 -2.249637628e+002 -2.2600e+000 -8.5564e-001 -1.4805e-001
1542 +3.958780186e-001 +3.958780186e-001 -2.249741220e+002 -2.249741220e+002 -2.2360e+000 -8.6993e-001 -1.4323e-001
1564 +3.886416013e-001 +3.886416013e-001 -2.249813584e+002 -2.249813584e+002 -2.2302e+000 -8.6680e-001 -1.3091e-001
1592 +3.747531334e-001 +3.747531334e-001 -2.249952469e+002 -2.249952469e+002 -2.2082e+000 -8.6694e-001 -1.2125e-001
1595 +3.620414024e-001 +3.620414024e-001 -2.250079586e+002 -2.250079586e+002 -2.2027e+000 -8.6034e-001 -9.6184e-002
1625 +3.530450051e-001 +3.530450051e-001 -2.250169550e+002 -2.250169550e+002 -2.1995e+000 -8.5156e-001 -4.5852e-002
1654 +3.279914842e-001 +3.279914842e-001 -2.250420085e+002 -2.250420085e+002 -2.1775e+000 -8.4843e-001 -2.6323e-002
1707 +3.175052941e-001 +3.175052941e-001 -2.250524947e+002 -2.250524947e+002 -2.1746e+000 -8.3276e-001 -1.0560e-003
1717 +3.092307787e-001 +3.092307787e-001 -2.250607692e+002 -2.250607692e+002 -2.1539e+000 -8.5287e-001 -1.3224e-002
1751 +3.080800253e-001 +3.080800253e-001 -2.250619200e+002 -2.250619200e+002 -2.1653e+000 -8.2953e-001 +3.0453e-002
1770 +2.994649307e-001 +2.994649307e-001 -2.250705351e+002 -2.250705351e+002 -2.1540e+000 -8.3358e-001 +1.7266e-002
1774 +2.945326004e-001 +2.945326004e-001 -2.250754674e+002 -2.250754674e+002 -2.1444e+000 -8.3061e-001 +2.2023e-002
1817 +2.790395817e-001 +2.790395817e-001 -2.250909604e+002 -2.250909604e+002 -2.1127e+000 -8.3339e-001 +3.6856e-002
1849 +2.402923807e-001 +2.402923807e-001 -2.251297076e+002 -2.251297076e+002 -2.0663e+000 -8.3259e-001 +1.6179e-001
1864 +2.374079455e-001 +2.374079455e-001 -2.251325921e+002 -2.251325921e+002 -2.0440e+000 -8.2879e-001 +1.0838e-001
1881 +2.341557891e-001 +2.341557891e-001 -2.251358442e+002 -2.251358442e+002 -2.0741e+000 -8.3010e-001 +1.4050e-001
1883 +2.245402956e-001 +2.245402956e-001 -2.251454597e+002 -2.251454597e+002 -2.0588e+000 -8.2631e-001 +1.2375e-001
1890 +2.189240073e-001 +2.189240073e-001 -2.251510760e+002 -2.251510760e+002 -2.0521e+000 -8.2643e-001 +1.3303e-001
1893 +1.861089513e-001 +1.861089513e-001 -2.251838910e+002 -2.251838910e+002 -1.9941e+000 -8.4193e-001 +1.7985e-001
1910 +1.787756975e-001 +1.787756975e-001 -2.251912243e+002 -2.251912243e+002 -1.9793e+000 -8.2797e-001 +2.0855e-001
1919 +1.330819632e-001 +1.330819632e-001 -2.252369180e+002 -2.252369180e+002 -1.8012e+000 -8.5863e-001 +3.6768e-001
2017 +1.259532949e-001 +1.259532949e-001 -2.252440467e+002 -2.252440467e+002 -1.7797e+000 -8.3842e-001 +4.2650e-001
2026 +1.234291572e-001 +1.234291572e-001 -2.252465708e+002 -2.252465708e+002 -1.7488e+000 -8.4660e-001 +4.3160e-001
2045 +1.196626957e-001 +1.196626957e-001 -2.252503373e+002 -2.252503373e+002 -1.7459e+000 -8.3358e-001 +4.7230e-001
2050 +1.173398581e-001 +1.173398581e-001 -2.252526601e+002 -2.252526601e+002 -1.7319e+000 -8.3629e-001 +4.9395e-001
2077 +1.069496864e-001 +1.069496864e-001 -2.252630503e+002 -2.252630503e+002 -1.6688e+000 -8.0387e-001 +5.8734e-001
2082 +1.038106750e-001 +1.038106750e-001 -2.252661893e+002 -2.252661893e+002 -1.6573e+000 -8.3569e-001 +5.9700e-001
2084 +9.389341839e-002 +9.389341839e-002 -2.252761066e+002 -2.252761066e+002 -1.6346e+000 -8.1585e-001 +6.2380e-001
2102 +7.577627575e-002 +7.577627575e-002 -2.252942237e+002 -2.252942237e+002 -1.5500e+000 -8.2491e-001 +7.3999e-001
2151 +7.376459080e-002 +7.376459080e-002 -2.252962354e+002 -2.252962354e+002 -1.5463e+000 -8.1450e-001 +7.1672e-001
2166 +7.087735843e-002 +7.087735843e-002 -2.252991226e+002 -2.252991226e+002 -1.5422e+000 -8.2174e-001 +7.2844e-001
2168 +6.520244268e-002 +6.520244268e-002 -2.253047976e+002 -2.253047976e+002 -1.4953e+000 -8.3940e-001 +7.4871e-001
2184 +6.364692609e-002 +6.364692609e-002 -2.253063531e+002 -2.253063531e+002 -1.4713e+000 -8.2322e-001 +8.4790e-001
2196 +6.282193470e-002 +6.282193470e-002 -2.253071781e+002 -2.253071781e+002 -1.5018e+000 -8.2029e-001 +7.6865e-001
2212 +6.112029270e-002 +6.112029270e-002 -2.253088797e+002 -2.253088797e+002 -1.5048e+000 -8.0796e-001 +8.0022e-001
2269 +5.872056903e-002 +5.872056903e-002 -2.253112794e+002 -2.253112794e+002 -1.4959e+000 -7.9623e-001 +8.3054e-001
2370 +5.584415736e-002 +5.584415736e-002 -2.253141558e+002 -2.253141558e+002 -1.4731e+000 -7.9655e-001 +8.4355e-001
2377 +5.284213895e-002 +5.284213895e-002 -2.253171579e+002 -2.253171579e+002 -1.4518e+000 -7.9933e-001 +8.6045e-001
2417 +5.241466071e-002 +5.241466071e-002 -2.253175853e+002 -2.253175853e+002 -1.4343e+000 -7.9857e-001 +8.6850e-001
2420 +5.111949163e-002 +5.111949163e-002 -2.253188805e+002 -2.253188805e+002 -1.4170e+000 -7.9785e-001 +8.8392e-001
2431 +4.957291420e-002 +4.957291420e-002 -2.253204271e+002 -2.253204271e+002 -1.4353e+000 -8.0147e-001 +8.9444e-001
2434 +4.881392930e-002 +4.881392930e-002 -2.253211861e+002 -2.253211861e+002 -1.3995e+000 -8.0267e-001 +8.9497e-001
2451 +4.762456635e-002 +4.762456635e-002 -2.253223754e+002 -2.253223754e+002 -1.4199e+000 -8.0253e-001 +9.0718e-001
2453 +4.589842842e-002 +4.589842842e-002 -2.253241016e+002 -2.253241016e+002 -1.4033e+000 -8.0378e-001 +9.1441e-001
2472 +4.534256124e-002 +4.534256124e-002 -2.253246574e+002 -2.253246574e+002 -1.3800e+000 -8.0332e-001 +9.2111e-001
2479 +4.420779283e-002 +4.420779283e-002 -2.253257922e+002 -2.253257922e+002 -1.3922e+000 -7.9937e-001 +9.3687e-001
2485 +4.344484304e-002 +4.344484304e-002 -2.253265552e+002 -2.253265552e+002 -1.3842e+000 -8.0214e-001 +9.3981e-001
2504 +4.225343499e-002 +4.225343499e-002 -2.253277466e+002 -2.253277466e+002 -1.3606e+000 -8.0097e-001 +9.5153e-001
2506 +4.078479749e-002 +4.078479749e-002 -2.253292152e+002 -2.253292152e+002 -1.3635e+000 -8.0164e-001 +9.6893e-001
2509 +4.025088547e-002 +4.025088547e-002 -2.253297491e+002 -2.253297491e+002 -1.3446e+000 -8.0378e-001 +9.6607e-001
2524 +3.921530647e-002 +3.921530647e-002 -2.253307847e+002 -2.253307847e+002 -1.2564e+000 -8.0110e-001 +1.0327e+000
2544 +3.691281709e-002 +3.691281709e-002 -2.253330872e+002 -2.253330872e+002 -1.3294e+000 -8.0247e-001 +1.0013e+000
2553 +3.619938853e-002 +3.619938853e-002 -2.253338006e+002 -2.253338006e+002 -1.3218e+000 -8.0220e-001 +1.0064e+000
2564 +3.281283737e-002 +3.281283737e-002 -2.253371872e+002 -2.253371872e+002 -1.2969e+000 -8.0155e-001 +1.0535e+000
2596 +3.230983705e-002 +3.230983705e-002 -2.253376902e+002 -2.253376902e+002 -1.2854e+000 -8.0193e-001 +1.0412e+000
2605 +2.910023101e-002 +2.910023101e-002 -2.253408998e+002 -2.253408998e+002 -1.2432e+000 -8.0454e-001 +1.0720e+000
2627 +2.777249324e-002 +2.777249324e-002 -2.253422275e+002 -2.253422275e+002 -1.2474e+000 -8.0270e-001 +1.1175e+000
2644 +2.552655784e-002 +2.552655784e-002 -2.253444734e+002 -2.253444734e+002 -1.2369e+000 -8.0251e-001 +1.1095e+000
2657 +2.499654039e-002 +2.499654039e-002 -2.253450035e+002 -2.253450035e+002 -1.2297e+000 -8.0287e-001 +1.1100e+000
2692 +2.378599030e-002 +2.378599030e-002 -2.253462140e+002 -2.253462140e+002 -1.2175e+000 -8.0316e-001 +1.1216e+000
2708 +2.010687069e-002 +2.010687069e-002 -2.253498931e+002 -2.253498931e+002 -1.1748e+000 -8.0323e-001 +1.1950e+000
2746 +1.961287535e-002 +1.961287535e-002 -2.253503871e+002 -2.253503871e+002 -1.1643e+000 -8.0327e-001 +1.1717e+000
2757 +1.928161110e-002 +1.928161110e-002 -2.253507184e+002 -2.253507184e+002 -1.1692e+000 -8.0338e-001 +1.1773e+000
2793 +1.903793138e-002 +1.903793138e-002 -2.253509621e+002 -2.253509621e+002 -1.1671e+000 -8.0424e-001 +1.1874e+000
2797 +1.817968928e-002 +1.817968928e-002 -2.253518203e+002 -2.253518203e+002 -1.1536e+000 -8.0346e-001 +1.1949e+000
2856 +1.737173530e-002 +1.737173530e-002 -2.253526283e+002 -2.253526283e+002 -1.1469e+000 -7.8392e-001 +1.2331e+000
2896 +1.687589199e-002 +1.687589199e-002 -2.253531241e+002 -2.253531241e+002 -1.1305e+000 -8.0032e-001 +1.2215e+000
2902 +1.655182627e-002 +1.655182627e-002 -2.253534482e+002 -2.253534482e+002 -1.1346e+000 -7.9363e-001 +1.2410e+000
2928 +1.606309984e-002 +1.606309984e-002 -2.253539369e+002 -2.253539369e+002 -1.1297e+000 -7.8190e-001 +1.2723e+000
2993 +1.577302136e-002 +1.577302136e-002 -2.253542270e+002 -2.253542270e+002 -1.1160e+000 -7.8656e-001 +1.2663e+000
3015 +1.454094210e-002 +1.454094210e-002 -2.253554591e+002 -2.253554591e+002 -1.0671e+000 -7.9696e-001 +1.2977e+000
3117 +1.432745436e-002 +1.432745436e-002 -2.253556725e+002 -2.253556725e+002 -1.0667e+000 -7.9598e-001 +1.3168e+000
3182 +1.412228817e-002 +1.412228817e-002 -2.253558777e+002 -2.253558777e+002 -1.0513e+000 -7.9626e-001 +1.3164e+000
3264 +1.380281002e-002 +1.380281002e-002 -2.253561972e+002 -2.253561972e+002 -1.0441e+000 -7.9683e-001 +1.3299e+000
3343 +1.334482138e-002 +1.334482138e-002 -2.253566552e+002 -2.253566552e+002 -1.0096e+000 -7.9575e-001 +1.4046e+000
3350 +1.298887220e-002 +1.298887220e-002 -2.253570111e+002 -2.253570111e+002 -1.0112e+000 -7.9788e-001 +1.3570e+000
3384 +1.269941865e-002 +1.269941865e-002 -2.253573006e+002 -2.253573006e+002 -1.0118e+000 -7.9785e-001 +1.3678e+000
3422 +1.256274546e-002 +1.256274546e-002 -2.253574373e+002 -2.253574373e+002 -1.0083e+000 -7.9720e-001 +1.3707e+000
3453 +1.227675641e-002 +1.227675641e-002 -2.253577232e+002 -2.253577232e+002 -1.0033e+000 -7.9681e-001 +1.3801e+000
3556 +1.198609171e-002 +1.198609171e-002 -2.253580139e+002 -2.253580139e+002 -9.9542e-001 -7.9663e-001 +1.3849e+000
3619 +1.170191018e-002 +1.170191018e-002 -2.253582981e+002 -2.253582981e+002 -9.8731e-001 -7.9666e-001 +1.3905e+000
3630 +1.140468564e-002 +1.140468564e-002 -2.253585953e+002 -2.253585953e+002 -9.8620e-001 -7.9669e-001 +1.4014e+000
3641 +1.079811458e-002 +1.079811458e-002 -2.253592019e+002 -2.253592019e+002 -9.7459e-001 -7.9673e-001 +1.4207e+000
3669 +1.022448199e-002 +1.022448199e-002 -2.253597755e+002 -2.253597755e+002 -9.6372e-001 -7.9674e-001 +1.4206e+000
3751 +9.964626902e-003 +9.964626902e-003 -2.253600354e+002 -2.253600354e+002 -9.5700e-001 -7.9638e-001 +1.4247e+000
3764 +9.701507226e-003 +9.701507226e-003 -2.253602985e+002 -2.253602985e+002 -9.5425e-001 -7.9665e-001 +1.4296e+000
3796 +9.419950036e-003 +9.419950036e-003 -2.253605800e+002 -2.253605800e+002 -9.5268e-001 -7.9681e-001 +1.4385e+000
3817 +8.682058339e-003 +8.682058339e-003 -2.253613179e+002 -2.253613179e+002 -9.3471e-001 -7.9640e-001 +1.4476e+000
3835 +8.479128911e-003 +8.479128911e-003 -2.253615209e+002 -2.253615209e+002 -9.3836e-001 -7.9637e-001 +1.4551e+000
3855 +7.858357155e-003 +7.858357155e-003 -2.253621416e+002 -2.253621416e+002 -9.2553e-001 -7.9712e-001 +1.4627e+000
3894 +7.463825435e-003 +7.463825435e-003 -2.253625362e+002 -2.253625362e+002 -9.3043e-001 -7.8896e-001 +1.4820e+000
3902 +7.232789631e-003 +7.232789631e-003 -2.253627672e+002 -2.253627672e+002 -9.2435e-001 -7.9000e-001 +1.4799e+000
3919 +6.969651973e-003 +6.969651973e-003 -2.253630303e+002 -2.253630303e+002 -9.2453e-001 -7.8428e-001 +1.4904e+000
3927 +6.728773053e-003 +6.728773053e-003 -2.253632712e+002 -2.253632712e+002 -9.1993e-001 -7.8441e-001 +1.4947e+000
3936 +6.370735410e-003 +6.370735410e-003 -2.253636293e+002 -2.253636293e+002 -8.9768e-001 -7.8261e-001 +1.5083e+000
3947 +6.296835787e-003 +6.296835787e-003 -2.253637032e+002 -2.253637032e+002 -9.1035e-001 -7.8847e-001 +1.5052e+000
3953 +5.907130218e-003 +5.907130218e-003 -2.253640929e+002 -2.253640929e+002 -9.0667e-001 -7.8007e-001 +1.5171e+000
3961 +5.812273706e-003 +5.812273706e-003 -2.253641877e+002 -2.253641877e+002 -8.9936e-001 -7.8937e-001 +1.5120e+000
3982 +4.990890490e-003 +4.990890490e-003 -2.253650091e+002 -2.253650091e+002 -8.4190e-001 -7.8067e-001 +1.5633e+000
3991 +4.425094733e-003 +4.425094733e-003 -2.253655749e+002 -2.253655749e+002 -8.3783e-001 -7.9634e-001 +1.5867e+000
4005 +4.100869745e-003 +4.100869745e-003 -2.253658991e+002 -2.253658991e+002 -8.5079e-001 -7.8405e-001 +1.5840e+000
4007 +3.624920444e-003 +3.624920444e-003 -2.253663751e+002 -2.253663751e+002 -7.6118e-001 -7.9587e-001 +1.6713e+000
4070 +3.511183827e-003 +3.511183827e-003 -2.253664888e+002 -2.253664888e+002 -7.1803e-001 -8.0733e-001 +1.6803e+000
4174 +3.376878956e-003 +3.376878956e-003 -2.253666231e+002 -2.253666231e+002 -7.3955e-001 -7.9179e-001 +1.6849e+000
4217 +3.299319777e-003 +3.299319777e-003 -2.253667007e+002 -2.253667007e+002 -7.2974e-001 -7.9354e-001 +1.6912e+000
4231 +3.232366757e-003 +3.232366757e-003 -2.253667676e+002 -2.253667676e+002 -7.2504e-001 -7.9251e-001 +1.6951e+000
4235 +3.132462473e-003 +3.132462473e-003 -2.253668675e+002 -2.253668675e+002 -7.2059e-001 -7.9315e-001 +1.7045e+000
4250 +3.063497835e-003 +3.063497835e-003 -2.253669365e+002 -2.253669365e+002 -7.1823e-001 -7.9215e-001 +1.7073e+000
4251 +2.973664196e-003 +2.973664196e-003 -2.253670263e+002 -2.253670263e+002 -6.9559e-001 -7.9292e-001 +1.7171e+000
4254 +2.935182165e-003 +2.935182165e-003 -2.253670648e+002 -2.253670648e+002 -7.1005e-001 -7.9334e-001 +1.7179e+000
4261 +2.721493454e-003 +2.721493454e-003 -2.253672785e+002 -2.253672785e+002 -7.0064e-001 -7.9282e-001 +1.7260e+000
4262 +2.515740972e-003 +2.515740972e-003 -2.253674843e+002 -2.253674843e+002 -6.9100e-001 -7.9333e-001 +1.7369e+000
4268 +1.739005771e-003 +1.739005771e-003 -2.253682610e+002 -2.253682610e+002 -6.5283e-001 -7.9234e-001 +1.7936e+000
4316 +1.636397496e-003 +1.636397496e-003 -2.253683636e+002 -2.253683636e+002 -6.2515e-001 -7.9616e-001 +1.8236e+000
4317 +8.875574220e-004 +8.875574220e-004 -2.253691124e+002 -2.253691124e+002 -5.3966e-001 -7.9405e-001 +1.9124e+000
4404 +1.219272025e-004 +1.219272025e-004 -2.253698781e+002 -2.253698781e+002 -2.8243e-001 -7.8123e-001 +2.2365e+000
4815 +1.196756572e-004 +1.196756572e-004 -2.253698803e+002 -2.253698803e+002 -4.0797e-001 -7.6223e-001 +2.1173e+000
4823 +1.135591748e-004 +1.135591748e-004 -2.253698864e+002 -2.253698864e+002 -4.0338e-001 -7.6232e-001 +2.1206e+000
4849 +1.095798635e-004 +1.095798635e-004 -2.253698904e+002 -2.253698904e+002 -3.9438e-001 -7.6492e-001 +2.1234e+000
4855 +9.410462042e-005 +9.410462042e-005 -2.253699059e+002 -2.253699059e+002 -3.9494e-001 -7.5613e-001 +2.1465e+000
4895 +8.872286722e-005 +8.872286722e-005 -2.253699113e+002 -2.253699113e+002 -3.8256e-001 -7.4494e-001 +2.1719e+000
4896 +8.357401560e-005 +8.357401560e-005 -2.253699164e+002 -2.253699164e+002 -3.8488e-001 -7.5496e-001 +2.1617e+000
4906 +7.683501767e-005 +7.683501767e-005 -2.253699232e+002 -2.253699232e+002 -3.8196e-001 -7.5017e-001 +2.1690e+000
4913 +3.963322405e-005 +3.963322405e-005 -2.253699604e+002 -2.253699604e+002 -3.3941e-001 -7.5840e-001 +2.2067e+000
5029 +3.645384254e-005 +3.645384254e-005 -2.253699635e+002 -2.253699635e+002 -3.3778e-001 -7.5801e-001 +2.2005e+000
5044 +3.528429374e-005 +3.528429374e-005 -2.253699647e+002 -2.253699647e+002 -3.3924e-001 -7.5740e-001 +2.2035e+000
5061 +3.331841870e-005 +3.331841870e-005 -2.253699667e+002 -2.253699667e+002 -3.3379e-001 -7.5696e-001 +2.2154e+000
5114 +3.136654965e-005 +3.136654965e-005 -2.253699686e+002 -2.253699686e+002 -3.3191e-001 -7.5770e-001 +2.2104e+000
5148 +3.056824090e-005 +3.056824090e-005 -2.253699694e+002 -2.253699694e+002 -3.2999e-001 -7.5784e-001 +2.2126e+000
5153 +2.999966705e-005 +2.999966705e-005 -2.253699700e+002 -2.253699700e+002 -3.2849e-001 -7.5777e-001 +2.2137e+000
5159 +2.942699086e-005 +2.942699086e-005 -2.253699706e+002 -2.253699706e+002 -3.2682e-001 -7.5796e-001 +2.2158e+000
5166 +2.807854136e-005 +2.807854136e-005 -2.253699719e+002 -2.253699719e+002 -3.2223e-001 -7.5781e-001 +2.2203e+000
5179 +2.750907143e-005 +2.750907143e-005 -2.253699725e+002 -2.253699725e+002 -3.1980e-001 -7.5781e-001 +2.2230e+000
5209 +2.690876613e-005 +2.690876613e-005 -2.253699731e+002 -2.253699731e+002 -3.1669e-001 -7.5808e-001 +2.2275e+000
5237 +2.604063008e-005 +2.604063008e-005 -2.253699740e+002 -2.253699740e+002 -3.0949e-001 -7.5823e-001 +2.2385e+000
5243 +2.438533923e-005 +2.438533923e-005 -2.253699756e+002 -2.253699756e+002 -3.0211e-001 -7.5856e-001 +2.2427e+000
5254 +2.319777730e-005 +2.319777730e-005 -2.253699768e+002 -2.253699768e+002 -3.0484e-001 -7.5414e-001 +2.2455e+000
5267 +2.229082565e-005 +2.229082565e-005 -2.253699777e+002 -2.253699777e+002 -2.9975e-001 -7.5653e-001 +2.2480e+000
5304 +2.127598904e-005 +2.127598904e-005 -2.253699787e+002 -2.253699787e+002 -2.9838e-001 -7.5598e-001 +2.2505e+000
5312 +2.079746039e-005 +2.079746039e-005 -2.253699792e+002 -2.253699792e+002 -2.9719e-001 -7.5617e-001 +2.2517e+000
5327 +2.025953771e-005 +2.025953771e-005 -2.253699797e+002 -2.253699797e+002 -2.9430e-001 -7.5640e-001 +2.2530e+000
5335 +1.966377499e-005 +1.966377499e-005 -2.253699803e+002 -2.253699803e+002 -2.9516e-001 -7.5610e-001 +2.2543e+000
5348 +1.867197000e-005 +1.867197000e-005 -2.253699813e+002 -2.253699813e+002 -2.9832e-001 -7.5306e-001 +2.2568e+000
5365 +1.737623845e-005 +1.737623845e-005 -2.253699826e+002 -2.253699826e+002 -2.9150e-001 -7.5475e-001 +2.2589e+000
5434 +1.685664475e-005 +1.685664475e-005 -2.253699831e+002 -2.253699831e+002 -2.9266e-001 -7.5466e-001 +2.2598e+000
5454 +1.595240653e-005 +1.595240653e-005 -2.253699840e+002 -2.253699840e+002 -2.9349e-001 -7.5326e-001 +2.2620e+000
5470 +1.563047437e-005 +1.563047437e-005 -2.253699844e+002 -2.253699844e+002 -2.9309e-001 -7.5313e-001 +2.2652e+000
5502 +1.518534060e-005 +1.518534060e-005 -2.253699848e+002 -2.253699848e+002 -2.9228e-001 -7.5326e-001 +2.2637e+000
5508 +1.465708377e-005 +1.465708377e-005 -2.253699853e+002 -2.253699853e+002 -2.9141e-001 -7.5330e-001 +2.2649e+000
5533 +1.402080051e-005 +1.402080051e-005 -2.253699860e+002 -2.253699860e+002 -2.8976e-001 -7.5280e-001 +2.2657e+000
5537 +1.356872497e-005 +1.356872497e-005 -2.253699864e+002 -2.253699864e+002 -2.9031e-001 -7.5272e-001 +2.2682e+000
5539 +1.308305556e-005 +1.308305556e-005 -2.253699869e+002 -2.253699869e+002 -2.8998e-001 -7.5205e-001 +2.2683e+000
5548 +1.188987301e-005 +1.188987301e-005 -2.253699881e+002 -2.253699881e+002 -2.8783e-001 -7.5185e-001 +2.2738e+000
5555 +1.173891638e-005 +1.173891638e-005 -2.253699883e+002 -2.253699883e+002 -2.8694e-001 -7.5259e-001 +2.2715e+000
5581 +9.638792079e-006 +9.638792079e-006 -2.253699904e+002 -2.253699904e+002 -2.7711e-001 -7.5354e-001 +2.2769e+000
5595 +8.650474598e-006 +8.650474598e-006 -2.253699913e+002 -2.253699913e+002 -2.7528e-001 -7.5375e-001 +2.2798e+000
5647 +8.256472341e-006 +8.256472341e-006 -2.253699917e+002 -2.253699917e+002 -2.7664e-001 -7.5306e-001 +2.2824e+000
5684 +7.947847081e-006 +7.947847081e-006 -2.253699921e+002 -2.253699921e+002 -2.7493e-001 -7.5311e-001 +2.2831e+000
5712 +7.932716812e-006 +7.932716812e-006 -2.253699921e+002 -2.253699921e+002 -2.7426e-001 -7.5304e-001 +2.2830e+000
5739 +7.653804175e-006 +7.653804175e-006 -2.253699923e+002 -2.253699923e+002 -2.7535e-001 -7.5191e-001 +2.2850e+000
5748 +7.214517296e-006 +7.214517296e-006 -2.253699928e+002 -2.253699928e+002 -2.7501e-001 -7.5011e-001 +2.2898e+000
5810 +6.970192970e-006 +6.970192970e-006 -2.253699930e+002 -2.253699930e+002 -2.7194e-001 -7.4951e-001 +2.2921e+000
5813 +6.780114120e-006 +6.780114120e-006 -2.253699932e+002 -2.253699932e+002 -2.6758e-001 -7.5209e-001 +2.2958e+000
5868 +6.699472578e-006 +6.699472578e-006 -2.253699933e+002 -2.253699933e+002 -2.6806e-001 -7.5098e-001 +2.2960e+000
5907 +6.588847754e-006 +6.588847754e-006 -2.253699934e+002 -2.253699934e+002 -2.6663e-001 -7.4920e-001 +2.3016e+000
6271 +6.408708515e-006 +6.408708515e-006 -2.253699936e+002 -2.253699936e+002 -2.5921e-001 -7.4642e-001 +2.3117e+000
6310 +6.282338092e-006 +6.282338092e-006 -2.253699937e+002 -2.253699937e+002 -2.5985e-001 -7.4620e-001 +2.3136e+000
6372 +6.160576078e-006 +6.160576078e-006 -2.253699938e+002 -2.253699938e+002 -2.5879e-001 -7.4687e-001 +2.3150e+000
6388 +5.888779015e-006 +5.888779015e-006 -2.253699941e+002 -2.253699941e+002 -2.5668e-001 -7.4568e-001 +2.3188e+000
6396 +5.820774334e-006 +5.820774334e-006 -2.253699942e+002 -2.253699942e+002 -2.5596e-001 -7.4643e-001 +2.3178e+000
6411 +5.738629085e-006 +5.738629085e-006 -2.253699943e+002 -2.253699943e+002 -2.5484e-001 -7.4651e-001 +2.3181e+000
6467 +5.571496644e-006 +5.571496644e-006 -2.253699944e+002 -2.253699944e+002 -2.5393e-001 -7.4649e-001 +2.3192e+000
6476 +5.478464743e-006 +5.478464743e-006 -2.253699945e+002 -2.253699945e+002 -2.5417e-001 -7.4647e-001 +2.3203e+000
6507 +5.253292869e-006 +5.253292869e-006 -2.253699947e+002 -2.253699947e+002 -2.5270e-001 -7.4632e-001 +2.3241e+000
6512 +5.216193273e-006 +5.216193273e-006 -2.253699948e+002 -2.253699948e+002 -2.5282e-001 -7.4658e-001 +2.3216e+000
6527 +4.701162879e-006 +4.701162879e-006 -2.253699953e+002 -2.253699953e+002 -2.5059e-001 -7.4604e-001 +2.3262e+000
6542 +4.220723525e-006 +4.220723525e-006 -2.253699958e+002 -2.253699958e+002 -2.4315e-001 -7.4692e-001 +2.3278e+000
6561 +4.014468800e-006 +4.014468800e-006 -2.253699960e+002 -2.253699960e+002 -2.4746e-001 -7.4664e-001 +2.3277e+000
6579 +3.887151422e-006 +3.887151422e-006 -2.253699961e+002 -2.253699961e+002 -2.4265e-001 -7.4658e-001 +2.3294e+000
6586 +3.693685642e-006 +3.693685642e-006 -2.253699963e+002 -2.253699963e+002 -2.4564e-001 -7.4519e-001 +2.3312e+000
6594 +3.505514627e-006 +3.505514627e-006 -2.253699965e+002 -2.253699965e+002 -2.3892e-001 -7.4780e-001 +2.3306e+000
6597 +3.355471847e-006 +3.355471847e-006 -2.253699966e+002 -2.253699966e+002 -2.4379e-001 -7.4747e-001 +2.3296e+000
6602 +2.307436318e-006 +2.307436318e-006 -2.253699977e+002 -2.253699977e+002 -2.3547e-001 -7.4867e-001 +2.3357e+000
6709 +2.264319306e-006 +2.264319306e-006 -2.253699977e+002 -2.253699977e+002 -2.3378e-001 -7.4975e-001 +2.3358e+000
6742 +2.225706169e-006 +2.225706169e-006 -2.253699978e+002 -2.253699978e+002 -2.3363e-001 -7.4906e-001 +2.3365e+000
6753 +2.130094828e-006 +2.130094828e-006 -2.253699979e+002 -2.253699979e+002 -2.3330e-001 -7.4935e-001 +2.3389e+000
6770 +2.054180925e-006 +2.054180925e-006 -2.253699979e+002 -2.253699979e+002 -2.3089e-001 -7.4998e-001 +2.3384e+000
6771 +1.997624594e-006 +1.997624594e-006 -2.253699980e+002 -2.253699980e+002 -2.3103e-001 -7.4975e-001 +2.3404e+000
6781 +1.994316477e-006 +1.994316477e-006 -2.253699980e+002 -2.253699980e+002 -2.3079e-001 -7.4980e-001 +2.3395e+000
6790 +1.943556583e-006 +1.943556583e-006 -2.253699981e+002 -2.253699981e+002 -2.2992e-001 -7.4972e-001 +2.3401e+000
6794 +1.720205717e-006 +1.720205717e-006 -2.253699983e+002 -2.253699983e+002 -2.2087e-001 -7.5012e-001 +2.3474e+000
6803 +1.697565892e-006 +1.697565892e-006 -2.253699983e+002 -2.253699983e+002 -2.2265e-001 -7.4856e-001 +2.3484e+000
6812 +1.645189883e-006 +1.645189883e-006 -2.253699984e+002 -2.253699984e+002 -2.1772e-001 -7.5082e-001 +2.3547e+000
6823 +1.612529388e-006 +1.612529388e-006 -2.253699984e+002 -2.253699984e+002 -2.1305e-001 -7.5207e-001 +2.3542e+000
6873 +1.579366682e-006 +1.579366682e-006 -2.253699984e+002 -2.253699984e+002 -2.1441e-001 -7.5117e-001 +2.3547e+000
6887 +1.320998450e-006 +1.320998450e-006 -2.253699987e+002 -2.253699987e+002 -2.1211e-001 -7.4864e-001 +2.3612e+000
6947 +1.242360128e-006 +1.242360128e-006 -2.253699988e+002 -2.253699988e+002 -2.1603e-001 -7.4532e-001 +2.3649e+000
7279 +1.229023553e-006 +1.229023553e-006 -2.253699988e+002 -2.253699988e+002 -2.1493e-001 -7.4462e-001 +2.3664e+000
7282 +1.170763795e-006 +1.170763795e-006 -2.253699988e+002 -2.253699988e+002 -2.1449e-001 -7.4459e-001 +2.3673e+000
7314 +1.140354755e-006 +1.140354755e-006 -2.253699989e+002 -2.253699989e+002 -2.1436e-001 -7.4456e-001 +2.3678e+000
7325 +1.108419042e-006 +1.108419042e-006 -2.253699989e+002 -2.253699989e+002 -2.1424e-001 -7.4468e-001 +2.3683e+000
7337 +1.095301286e-006 +1.095301286e-006 -2.253699989e+002 -2.253699989e+002 -2.1419e-001 -7.4465e-001 +2.3690e+000
7396 +1.058157977e-006 +1.058157977e-006 -2.253699989e+002 -2.253699989e+002 -2.1350e-001 -7.4481e-001 +2.3690e+000
7430 +1.044964478e-006 +1.044964478e-006 -2.253699990e+002 -2.253699990e+002 -2.1325e-001 -7.4471e-001 +2.3693e+000
7438 +1.012864857e-006 +1.012864857e-006 -2.253699990e+002 -2.253699990e+002 -2.1265e-001 -7.4520e-001 +2.3691e+000
7444 +9.517196986e-007 +9.517196986e-007 -2.253699990e+002 -2.253699990e+002 -2.1081e-001 -7.4584e-001 +2.3692e+000
7488 +8.818223023e-007 +8.818223023e-007 -2.253699991e+002 -2.253699991e+002 -2.0991e-001 -7.4517e-001 +2.3714e+000
7496 +8.426511897e-007 +8.426511897e-007 -2.253699992e+002 -2.253699992e+002 -2.0996e-001 -7.4519e-001 +2.3724e+000
7509 +7.264475812e-007 +7.264475812e-007 -2.253699993e+002 -2.253699993e+002 -2.0575e-001 -7.4587e-001 +2.3741e+000
7510 +6.792969316e-007 +6.792969316e-007 -2.253699993e+002 -2.253699993e+002 -2.0638e-001 -7.4560e-001 +2.3758e+000
7525 +5.752982588e-007 +5.752982588e-007 -2.253699994e+002 -2.253699994e+002 -2.0354e-001 -7.4531e-001 +2.3801e+000
7638 +5.381335200e-007 +5.381335200e-007 -2.253699995e+002 -2.253699995e+002 -1.9942e-001 -7.4614e-001 +2.3803e+000
7649 +4.968648000e-007 +4.968648000e-007 -2.253699995e+002 -2.253699995e+002 -1.9946e-001 -7.4612e-001 +2.3832e+000
7677 +4.810376311e-007 +4.810376311e-007 -2.253699995e+002 -2.253699995e+002 -1.9791e-001 -7.4620e-001 +2.3827e+000
7697 +4.749319658e-007 +4.749319658e-007 -2.253699995e+002 -2.253699995e+002 -1.9850e-001 -7.4619e-001 +2.3834e+000
7719 +4.532521132e-007 +4.532521132e-007 -2.253699995e+002 -2.253699995e+002 -1.9589e-001 -7.4627e-001 +2.3879e+000
7728 +4.299988632e-007 +4.299988632e-007 -2.253699996e+002 -2.253699996e+002 -1.9493e-001 -7.4613e-001 +2.3859e+000
7731 +4.158937088e-007 +4.158937088e-007 -2.253699996e+002 -2.253699996e+002 -1.9506e-001 -7.4626e-001 +2.3865e+000
7748 +3.732707796e-007 +3.732707796e-007 -2.253699996e+002 -2.253699996e+002 -1.9295e-001 -7.4595e-001 +2.3891e+000
7793 +2.111742958e-007 +2.111742958e-007 -2.253699998e+002 -2.253699998e+002 -1.8022e-001 -7.4571e-001 +2.4075e+000
7808 +1.860630903e-007 +1.860630903e-007 -2.253699998e+002 -2.253699998e+002 -1.8115e-001 -7.4573e-001 +2.4048e+000
7818 +1.766479159e-007 +1.766479159e-007 -2.253699998e+002 -2.253699998e+002 -1.7993e-001 -7.4607e-001 +2.4041e+000
7852 +1.709799733e-007 +1.709799733e-007 -2.253699998e+002 -2.253699998e+002 -1.7802e-001 -7.4605e-001 +2.4080e+000
7908 +1.683954736e-007 +1.683954736e-007 -2.253699998e+002 -2.253699998e+002 -1.7897e-001 -7.4587e-001 +2.4051e+000
7936 +1.602016937e-007 +1.602016937e-007 -2.253699998e+002 -2.253699998e+002 -1.7820e-001 -7.4584e-001 +2.4062e+000
7950 +1.582072287e-007 +1.582072287e-007 -2.253699998e+002 -2.253699998e+002 -1.7692e-001 -7.4575e-001 +2.4069e+000
7955 +1.533635441e-007 +1.533635441e-007 -2.253699998e+002 -2.253699998e+002 -1.7794e-001 -7.4550e-001 +2.4070e+000
7968 +1.415862130e-007 +1.415862130e-007 -2.253699999e+002 -2.253699999e+002 -1.7702e-001 -7.4548e-001 +2.4091e+000
7983 +1.403734018e-007 +1.403734018e-007 -2.253699999e+002 -2.253699999e+002 -1.7733e-001 -7.4516e-001 +2.4086e+000
7997 +1.362391799e-007 +1.362391799e-007 -2.253699999e+002 -2.253699999e+002 -1.7721e-001 -7.4505e-001 +2.4091e+000
8027 +1.324361278e-007 +1.324361278e-007 -2.253699999e+002 -2.253699999e+002 -1.7771e-001 -7.4443e-001 +2.4099e+000
8043 +1.311100846e-007 +1.311100846e-007 -2.253699999e+002 -2.253699999e+002 -1.7728e-001 -7.4461e-001 +2.4098e+000
8062 +1.280814956e-007 +1.280814956e-007 -2.253699999e+002 -2.253699999e+002 -1.7702e-001 -7.4472e-001 +2.4104e+000
8063 +1.238605591e-007 +1.238605591e-007 -2.253699999e+002 -2.253699999e+002 -1.7705e-001 -7.4438e-001 +2.4110e+000
8117 +1.224286734e-007 +1.224286734e-007 -2.253699999e+002 -2.253699999e+002 -1.7679e-001 -7.4451e-001 +2.4111e+000
8164 +1.191540662e-007 +1.191540662e-007 -2.253699999e+002 -2.253699999e+002 -1.7664e-001 -7.4427e-001 +2.4113e+000
8197 +1.161522221e-007 +1.161522221e-007 -2.253699999e+002 -2.253699999e+002 -1.7657e-001 -7.4413e-001 +2.4117e+000
8211 +1.106960212e-007 +1.106960212e-007 -2.253699999e+002 -2.253699999e+002 -1.7623e-001 -7.4338e-001 +2.4131e+000
8226 +1.092606396e-007 +1.092606396e-007 -2.253699999e+002 -2.253699999e+002 -1.7535e-001 -7.4432e-001 +2.4140e+000
8241 +9.326316786e-008 +9.326316786e-008 -2.253699999e+002 -2.253699999e+002 -1.7405e-001 -7.4452e-001 +2.4135e+000
8340 +9.113409760e-008 +9.113409760e-008 -2.253699999e+002 -2.253699999e+002 -1.7380e-001 -7.4466e-001 +2.4138e+000
8343 +8.438368582e-008 +8.438368582e-008 -2.253699999e+002 -2.253699999e+002 -1.7347e-001 -7.4445e-001 +2.4151e+000
8399 +8.258700746e-008 +8.258700746e-008 -2.253699999e+002 -2.253699999e+002 -1.7337e-001 -7.4442e-001 +2.4152e+000
8412 +8.122881923e-008 +8.122881923e-008 -2.253699999e+002 -2.253699999e+002 -1.7290e-001 -7.4436e-001 +2.4149e+000
8413 +7.930580637e-008 +7.930580637e-008 -2.253699999e+002 -2.253699999e+002 -1.7294e-001 -7.4439e-001 +2.4152e+000
8415 +7.721547490e-008 +7.721547490e-008 -2.253699999e+002 -2.253699999e+002 -1.7282e-001 -7.4441e-001 +2.4158e+000
8448 +7.564702287e-008 +7.564702287e-008 -2.253699999e+002 -2.253699999e+002 -1.7267e-001 -7.4439e-001 +2.4158e+000
8449 +7.163183113e-008 +7.163183113e-008 -2.253699999e+002 -2.253699999e+002 -1.7202e-001 -7.4447e-001 +2.4161e+000
8462 +7.026162052e-008 +7.026162052e-008 -2.253699999e+002 -2.253699999e+002 -1.7148e-001 -7.4426e-001 +2.4165e+000
8468 +6.717183965e-008 +6.717183965e-008 -2.253699999e+002 -2.253699999e+002 -1.7188e-001 -7.4410e-001 +2.4170e+000
8513 +6.466729019e-008 +6.466729019e-008 -2.253699999e+002 -2.253699999e+002 -1.7144e-001 -7.4419e-001 +2.4173e+000
8534 +6.450784440e-008 +6.450784440e-008 -2.253699999e+002 -2.253699999e+002 -1.7031e-001 -7.4451e-001 +2.4173e+000
8539 +6.283693210e-008 +6.283693210e-008 -2.253699999e+002 -2.253699999e+002 -1.7109e-001 -7.4424e-001 +2.4176e+000
8577 +6.092579952e-008 +6.092579952e-008 -2.253699999e+002 -2.253699999e+002 -1.7024e-001 -7.4442e-001 +2.4178e+000
8604 +5.896157518e-008 +5.896157518e-008 -2.253699999e+002 -2.253699999e+002 -1.6919e-001 -7.4493e-001 +2.4182e+000
8615 +4.818764410e-008 +4.818764410e-008 -2.253700000e+002 -2.253700000e+002 -1.6525e-001 -7.4488e-001 +2.4236e+000
8703 +4.747604976e-008 +4.747604976e-008 -2.253700000e+002 -2.253700000e+002 -1.6662e-001 -7.4371e-001 +2.4238e+000
8773 +4.382758334e-008 +4.382758334e-008 -2.253700000e+002 -2.253700000e+002 -1.6412e-001 -7.4403e-001 +2.4263e+000
8917 +4.289569233e-008 +4.289569233e-008 -2.253700000e+002 -2.253700000e+002 -1.6444e-001 -7.4288e-001 +2.4274e+000
8950 +4.119198138e-008 +4.119198138e-008 -2.253700000e+002 -2.253700000e+002 -1.6413e-001 -7.4333e-001 +2.4274e+000
8974 +4.055078762e-008 +4.055078762e-008 -2.253700000e+002 -2.253700000e+002 -1.6393e-001 -7.4310e-001 +2.4277e+000
9001 +3.961079642e-008 +3.961079642e-008 -2.253700000e+002 -2.253700000e+002 -1.6361e-001 -7.4306e-001 +2.4281e+000
9054 +3.817456218e-008 +3.817456218e-008 -2.253700000e+002 -2.253700000e+002 -1.6325e-001 -7.4345e-001 +2.4280e+000
9061 +3.612896649e-008 +3.612896649e-008 -2.253700000e+002 -2.253700000e+002 -1.6269e-001 -7.4338e-001 +2.4296e+000
9079 +3.470100296e-008 +3.470100296e-008 -2.253700000e+002 -2.253700000e+002 -1.6244e-001 -7.4341e-001 +2.4288e+000
9096 +3.463847520e-008 +3.463847520e-008 -2.253700000e+002 -2.253700000e+002 -1.6267e-001 -7.4337e-001 +2.4290e+000
9127 +3.324763043e-008 +3.324763043e-008 -2.253700000e+002 -2.253700000e+002 -1.6214e-001 -7.4344e-001 +2.4291e+000
9143 +3.251207659e-008 +3.251207659e-008 -2.253700000e+002 -2.253700000e+002 -1.6223e-001 -7.4340e-001 +2.4297e+000
9154 +3.117867209e-008 +3.117867209e-008 -2.253700000e+002 -2.253700000e+002 -1.6186e-001 -7.4325e-001 +2.4297e+000
9163 +2.926969955e-008 +2.926969955e-008 -2.253700000e+002 -2.253700000e+002 -1.6165e-001 -7.4333e-001 +2.4300e+000
9168 +2.718982728e-008 +2.718982728e-008 -2.253700000e+002 -2.253700000e+002 -1.6037e-001 -7.4353e-001 +2.4304e+000
9187 +2.613251127e-008 +2.613251127e-008 -2.253700000e+002 -2.253700000e+002 -1.5986e-001 -7.4317e-001 +2.4314e+000
9194 +2.370597940e-008 +2.370597940e-008 -2.253700000e+002 -2.253700000e+002 -1.6001e-001 -7.4335e-001 +2.4313e+000
9202 +2.203901772e-008 +2.203901772e-008 -2.253700000e+002 -2.253700000e+002 -1.6014e-001 -7.4330e-001 +2.4326e+000
9218 +1.873098654e-008 +1.873098654e-008 -2.253700000e+002 -2.253700000e+002 -1.5887e-001 -7.4300e-001 +2.4331e+000
9276 +1.808163574e-008 +1.808163574e-008 -2.253700000e+002 -2.253700000e+002 -1.5795e-001 -7.4376e-001 +2.4345e+000
9279 +1.542747441e-008 +1.542747441e-008 -2.253700000e+002 -2.253700000e+002 -1.5799e-001 -7.4271e-001 +2.4347e+000
9281 +1.426980134e-008 +1.426980134e-008 -2.253700000e+002 -2.253700000e+002 -1.5825e-001 -7.4286e-001 +2.4347e+000
9303 +1.215025236e-008 +1.215025236e-008 -2.253700000e+002 -2.253700000e+002 -1.5641e-001 -7.4288e-001 +2.4369e+000
9587 +1.191855858e-008 +1.191855858e-008 -2.253700000e+002 -2.253700000e+002 -1.5597e-001 -7.4242e-001 +2.4383e+000
9648 +1.171630970e-008 +1.171630970e-008 -2.253700000e+002 -2.253700000e+002 -1.5513e-001 -7.4252e-001 +2.4393e+000
9692 +1.130885607e-008 +1.130885607e-008 -2.253700000e+002 -2.253700000e+002 -1.5415e-001 -7.4249e-001 +2.4407e+000
9710 +1.066669597e-008 +1.066669597e-008 -2.253700000e+002 -2.253700000e+002 -1.5360e-001 -7.4248e-001 +2.4409e+000
9739 +1.018599960e-008 +1.018599960e-008 -2.253700000e+002 -2.253700000e+002 -1.5285e-001 -7.4255e-001 +2.4412e+000
9771 +8.125880413e-009 +8.125880413e-009 -2.253700000e+002 -2.253700000e+002 -1.5176e-001 -7.4257e-001 +2.4424e+000
23840 +0.000000000e+000 +0.000000000e+000 -2.253700000e+002 -2.253700000e+002 -1.2757e-001 -7.4127e-001 +2.4725e+000
% function evaluation | noise-free fitness - Fopt (-2.212900000000e+002) | best noise-free fitness - Fopt | measured fitness | best measured fitness | x1 | x2...
1 +1.432216552e+002 +1.432216552e+002 -7.806834476e+001 -7.806834476e+001 -1.1168e+001 -4.8867e+000 -9.3142e+000
2 +5.656438269e+001 +5.656438269e+001 -1.647256173e+002 -1.647256173e+002 +3.9318e+000 +1.1064e+000 -4.1576e+000
3 +2.012804252e+001 +2.012804252e+001 -2.011619575e+002 -2.011619575e+002 +1.2080e+000 -1.6739e+000 +1.2136e+000
4 +1.949519082e+001 +1.949519082e+001 -2.017948092e+002 -2.017948092e+002 +4.5804e+000 +1.4649e+000 +8.6874e-001
8 +1.142506999e+001 +1.142506999e+001 -2.098649300e+002 -2.098649300e+002 +1.8409e-001 +3.1848e+000 +4.3090e+000
113 +6.263826873e+000 +6.263826873e+000 -2.150261731e+002 -2.150261731e+002 +4.1810e+000 -4.5952e+000 -6.3501e-001
116 +5.279034599e+000 +5.279034599e+000 -2.160109654e+002 -2.160109654e+002 +3.2704e+000 -1.6000e+000 +8.2993e-001
170 +3.508081669e+000 +3.508081669e+000 -2.177819183e+002 -2.177819183e+002 +3.7245e+000 -4.2707e+000 -1.5483e-001
190 +2.860875711e+000 +2.860875711e+000 -2.184291243e+002 -2.184291243e+002 +3.7677e+000 -5.5479e+000 -6.4886e-001
217 +2.569241139e+000 +2.569241139e+000 -2.187207589e+002 -2.187207589e+002 +3.8011e+000 -5.1672e+000 -5.3689e-001
382 +1.975154399e+000 +1.975154399e+000 -2.193148456e+002 -2.193148456e+002 +3.9582e+000 -4.6711e+000 -9.5822e-001
740 +1.939618789e+000 +1.939618789e+000 -2.193503812e+002 -2.193503812e+002 +3.4247e+000 -2.8877e+000 +1.1145e-001
759 +1.645537355e+000 +1.645537355e+000 -2.196444626e+002 -2.196444626e+002 +3.3092e+000 -3.2717e+000 +2.4580e-001
764 +1.528557704e+000 +1.528557704e+000 -2.197614423e+002 -2.197614423e+002 +3.2879e+000 -3.3451e+000 +2.1732e-001
775 +1.499392163e+000 +1.499392163e+000 -2.197906078e+002 -2.197906078e+002 +3.3931e+000 -3.2343e+000 +1.6641e-001
777 +1.198557785e+000 +1.198557785e+000 -2.200914422e+002 -2.200914422e+002 +3.3271e+000 -3.5570e+000 +7.1263e-002
782 +1.126729282e+000 +1.126729282e+000 -2.201632707e+002 -2.201632707e+002 +3.4920e+000 -3.5271e+000 -9.4443e-003
798 +9.224631804e-001 +9.224631804e-001 -2.203675368e+002 -2.203675368e+002 +3.4666e+000 -3.7291e+000 -1.3091e-001
835 +8.180123783e-001 +8.180123783e-001 -2.204719876e+002 -2.204719876e+002 +3.4825e+000 -3.8677e+000 -1.6276e-001
900 +7.870847868e-001 +7.870847868e-001 -2.205029152e+002 -2.205029152e+002 +3.5591e+000 -3.8956e+000 -2.3781e-001
911 +7.756095503e-001 +7.756095503e-001 -2.205143904e+002 -2.205143904e+002 +3.5080e+000 -3.9508e+000 -1.9256e-001
950 +7.581181515e-001 +7.581181515e-001 -2.205318818e+002 -2.205318818e+002 +3.5262e+000 -4.0003e+000 -2.4177e-001
951 +7.298450675e-001 +7.298450675e-001 -2.205601549e+002 -2.205601549e+002 +3.5428e+000 -4.1015e+000 -2.7813e-001
1050 +7.209055844e-001 +7.209055844e-001 -2.205690944e+002 -2.205690944e+002 +3.5601e+000 -4.1138e+000 -2.9456e-001
1245 +7.076904814e-001 +7.076904814e-001 -2.205823095e+002 -2.205823095e+002 +3.5880e+000 -4.1661e+000 -3.2929e-001
% function evaluation | noise-free fitness - Fopt (1.065700000000e+002) | best noise-free fitness - Fopt | measured fitness | best measured fitness | x1 | x2...
1 +8.382353235e+001 +8.382353235e+001 +1.903935324e+002 +1.903935324e+002 +2.6008e+000 -1.6765e+000 +5.4954e+000
2 +7.281681675e+001 +7.281681675e+001 +1.793868168e+002 +1.793868168e+002 -3.9882e+000 -1.2296e+000 +7.5185e-001
4 +7.115021973e+001 +7.115021973e+001 +1.777202197e+002 +1.777202197e+002 -3.0905e+000 -5.2272e-001 +2.7738e+000
5 +6.038872887e+001 +6.038872887e+001 +1.669587289e+002 +1.669587289e+002 -2.6085e+000 +7.0149e-001 +3.8724e+000
8 +1.746695576e+001 +1.746695576e+001 +1.240369558e+002 +1.240369558e+002 -4.9681e+000 +1.5832e+000 +4.7762e+000
15 +1.193908801e+001 +1.193908801e+001 +1.185090880e+002 +1.185090880e+002 -1.5264e-001 -1.1331e+000 +3.9240e+000
63 +5.711996531e+000 +5.711996531e+000 +1.122819965e+002 +1.122819965e+002 -4.9126e-001 -5.9055e-002 +2.2098e+000
127 +4.364446401e+000 +4.364446401e+000 +1.109344464e+002 +1.109344464e+002 -1.9486e+000 +2.2301e+000 +1.8388e+000
151 +2.453695479e-001 +2.453695479e-001 +1.068153695e+002 +1.068153695e+002 -1.9874e-001 -1.7287e+000 +1.9051e+000
% function evaluation | noise-free fitness - Fopt (-1.284800000000e+002) | best noise-free fitness - Fopt | measured fitness | best measured fitness | x1 | x2...
1 +6.317594428e+001 +6.317594428e+001 -6.530405572e+001 -6.530405572e+001 -4.5244e-001 -1.1620e-001 +8.1968e-001
3 +6.040704612e+001 +6.040704612e+001 -6.807295388e+001 -6.807295388e+001 -8.7707e-001 -6.7423e-002 +1.1886e+000
7 +4.652711671e+001 +4.652711671e+001 -8.195288329e+001 -8.195288329e+001 -1.4590e+000 -1.9895e+000 +1.8594e+000
12 +2.715483298e+001 +2.715483298e+001 -1.013251670e+002 -1.013251670e+002 -1.7473e+000 +9.0381e-001 -4.7609e-001
36 +2.678068968e+001 +2.678068968e+001 -1.016993103e+002 -1.016993103e+002 -1.1477e+000 -5.7967e-002 -3.1602e-001
43 +2.387802961e+001 +2.387802961e+001 -1.046019704e+002 -1.046019704e+002 -1.2235e+000 -2.8369e-001 -4.5602e-001
103 +1.354775891e+001 +1.354775891e+001 -1.149322411e+002 -1.149322411e+002 +2.6821e+000 +1.9819e+000 +1.7842e-001
145 +1.208727541e+001 +1.208727541e+001 -1.163927246e+002 -1.163927246e+002 +2.4798e+000 +1.5880e+000 -3.8991e-001
156 +8.287625853e+000 +8.287625853e+000 -1.201923741e+002 -1.201923741e+002 +3.0605e+000 +2.7670e+000 -4.5948e-001
185 +7.850145792e+000 +7.850145792e+000 -1.206298542e+002 -1.206298542e+002 +2.4056e+000 +2.5086e+000 -6.6908e-001
205 +7.489658447e+000 +7.489658447e+000 -1.209903416e+002 -1.209903416e+002 +2.6416e+000 +2.5155e+000 -4.3711e-001
217 +7.410106973e+000 +7.410106973e+000 -1.210698930e+002 -1.210698930e+002 +2.7461e+000 +2.7937e+000 -7.0330e-001
% function evaluation | noise-free fitness - Fopt (2.358800000000e+002) | best noise-free fitness - Fopt | measured fitness | best measured fitness | x1 | x2...
1 +7.248135030e+002 +7.248135030e+002 +9.606935030e+002 +9.606935030e+002 -7.9202e+000 +2.1174e+000 +3.0094e+001
2 +7.988468168e+001 +7.988468168e+001 +3.157646817e+002 +3.157646817e+002 -4.5265e+000 +9.4526e-001 +7.1252e+000
4 +7.044558748e+001 +7.044558748e+001 +3.063255875e+002 +3.063255875e+002 -4.0161e+000 +1.1655e+000 +3.9208e+000
7 +6.860619503e+001 +6.860619503e+001 +3.044861950e+002 +3.044861950e+002 -4.8123e+000 +6.7303e-001 +2.9329e+000
16 +6.436990420e+001 +6.436990420e+001 +3.002499042e+002 +3.002499042e+002 -5.0331e+000 -2.0526e+000 +3.3086e+000
19 +4.362162541e+001 +4.362162541e+001 +2.795016254e+002 +2.795016254e+002 +1.1939e+000 +1.0625e+000 +2.9103e+000
31 +3.814579025e+001 +3.814579025e+001 +2.740257903e+002 +2.740257903e+002 -1.7094e+000 +1.3513e+000 +3.7261e+000
46 +3.138533856e+001 +3.138533856e+001 +2.672653386e+002 +2.672653386e+002 -2.3794e+000 -4.1778e+000 +3.3882e+000
48 +1.708270058e+001 +1.708270058e+001 +2.529627006e+002 +2.529627006e+002 -1.9767e+000 -7.7779e-001 +4.3764e+000
61 +9.675512636e+000 +9.675512636e+000 +2.455555126e+002 +2.455555126e+002 -1.9330e+000 -1.1238e+000 +4.3367e+000
81 +7.228582899e+000 +7.228582899e+000 +2.431085829e+002 +2.431085829e+002 -2.1009e+000 -1.3700e+000 +4.0589e+000
94 +6.672946192e+000 +6.672946192e+000 +2.425529462e+002 +2.425529462e+002 -2.4304e+000 -1.7786e+000 +4.4282e+000
98 +5.591800234e+000 +5.591800234e+000 +2.414718002e+002 +2.414718002e+002 -2.4458e+000 -2.3607e+000 +4.2958e+000
114 +2.067524561e+000 +2.067524561e+000 +2.379475246e+002 +2.379475246e+002 -1.6366e+000 -2.2390e+000 +4.2913e+000
152 +2.025914098e+000 +2.025914098e+000 +2.379059141e+002 +2.379059141e+002 -1.8176e+000 -2.6180e+000 +3.9796e+000
166 +1.990153523e+000 +1.990153523e+000 +2.378701535e+002 +2.378701535e+002 -1.8655e+000 -2.2992e+000 +3.9670e+000
% function evaluation | noise-free fitness - Fopt (-5.310000000000e+000) | best noise-free fitness - Fopt | measured fitness | best measured fitness | x1 | x2...
1 +1.209679192e+003 +1.209679192e+003 +1.204369192e+003 +1.204369192e+003 -3.8513e+001 +9.1417e-001 +7.7117e-001
2 +1.196960406e+002 +1.196960406e+002 +1.143860406e+002 +1.143860406e+002 +1.0730e+001 -4.4662e+000 +5.5437e+000
3 +5.066662583e+001 +5.066662583e+001 +4.535662583e+001 +4.535662583e+001 +3.2680e+000 -5.2382e-001 +1.9536e+000
18 +4.568198657e+001 +4.568198657e+001 +4.037198657e+001 +4.037198657e+001 +3.0553e+000 +3.3318e-001 +2.0377e+000
21 +4.365141293e+001 +4.365141293e+001 +3.834141293e+001 +3.834141293e+001 +3.9213e+000 -5.9161e-001 +6.7174e-002
31 +6.467329682e+000 +6.467329682e+000 +1.157329682e+000 +1.157329682e+000 +1.0091e+000 -2.0801e+000 -3.8850e-001
54 +3.759566790e+000 +3.759566790e+000 -1.550433210e+000 -1.550433210e+000 +1.5964e+000 +6.6540e-001 -4.2114e-001
107 +1.333791058e-002 +1.333791058e-002 -5.296662089e+000 -5.296662089e+000 +1.0717e+000 +1.2979e+000 -9.3200e-001
175 +1.116449701e-002 +1.116449701e-002 -5.298835503e+000 -5.298835503e+000 +9.0330e-001 +1.4303e+000 -7.1881e-001
212 +9.450625155e-004 +9.450625155e-004 -5.309054937e+000 -5.309054937e+000 +8.8022e-001 +1.5953e+000 -9.2722e-001
229 +1.487883004e-004 +1.487883004e-004 -5.309851212e+000 -5.309851212e+000 +7.1021e-001 +1.6585e+000 -7.8183e-001
303 +1.257823351e-004 +1.257823351e-004 -5.309874218e+000 -5.309874218e+000 +5.6919e-001 +1.8927e+000 -8.8262e-001
308 +3.506890200e-005 +3.506890200e-005 -5.309964931e+000 -5.309964931e+000 +5.5736e-001 +1.8854e+000 -8.7028e-001
353 +6.482900323e-007 +6.482900323e-007 -5.309999352e+000 -5.309999352e+000 +5.3840e-001 +1.8763e+000 -8.3336e-001
386 +2.362780522e-007 +2.362780522e-007 -5.309999764e+000 -5.309999764e+000 +5.1432e-001 +1.8994e+000 -8.2166e-001
391 +2.253977591e-007 +2.253977591e-007 -5.309999775e+000 -5.309999775e+000 +5.1495e-001 +1.8982e+000 -8.2044e-001
406 +1.221880330e-007 +1.221880330e-007 -5.309999878e+000 -5.309999878e+000 +5.1066e-001 +1.8989e+000 -8.2052e-001
421 +8.168465371e-008 +8.168465371e-008 -5.309999918e+000 -5.309999918e+000 +5.1708e-001 +1.8941e+000 -8.2125e-001
422 +5.357497024e-008 +5.357497024e-008 -5.309999946e+000 -5.309999946e+000 +5.1029e-001 +1.8973e+000 -8.1450e-001
424 +4.789701702e-008 +4.789701702e-008 -5.309999952e+000 -5.309999952e+000 +5.1112e-001 +1.8966e+000 -8.1557e-001
444 +4.045122637e-008 +4.045122637e-008 -5.309999960e+000 -5.309999960e+000 +5.1654e-001 +1.8912e+000 -8.1817e-001
458 +1.628155388e-008 +1.628155388e-008 -5.309999984e+000 -5.309999984e+000 +5.1462e-001 +1.8888e+000 -8.1188e-001
485 +1.488704715e-008 +1.488704715e-008 -5.309999985e+000 -5.309999985e+000 +5.1615e-001 +1.8893e+000 -8.1498e-001
499 +1.330069210e-008 +1.330069210e-008 -5.309999987e+000 -5.309999987e+000 +5.1725e-001 +1.8880e+000 -8.1397e-001
500 +1.211431044e-008 +1.211431044e-008 -5.309999988e+000 -5.309999988e+000 +5.1892e-001 +1.8860e+000 -8.1523e-001
532 +1.194234933e-008 +1.194234933e-008 -5.309999988e+000 -5.309999988e+000 +5.1861e-001 +1.8864e+000 -8.1482e-001
634 +1.173638786e-008 +1.173638786e-008 -5.309999988e+000 -5.309999988e+000 +5.1905e-001 +1.8855e+000 -8.1424e-001
726 +1.080774847e-008 +1.080774847e-008 -5.309999989e+000 -5.309999989e+000 +5.2052e-001 +1.8838e+000 -8.1416e-001
771 +1.066577049e-008 +1.066577049e-008 -5.309999989e+000 -5.309999989e+000 +5.2069e-001 +1.8837e+000 -8.1411e-001
790 +1.033012609e-008 +1.033012609e-008 -5.309999990e+000 -5.309999990e+000 +5.2090e-001 +1.8834e+000 -8.1401e-001
804 +1.012444351e-008 +1.012444351e-008 -5.309999990e+000 -5.309999990e+000 +5.2119e-001 +1.8833e+000 -8.1413e-001
916 +9.987152438e-009 +9.987152438e-009 -5.309999990e+000 -5.309999990e+000 +5.2119e-001 +1.8832e+000 -8.1413e-001
