% function evaluation | noise-free fitness - Fopt (-1.000000000000e+003) | best noise-free fitness - Fopt | measured fitness | best measured fitness | x1 | x2...
1 +1.682781690e+002 +1.682781690e+002 -8.317218310e+002 -8.317218310e+002 -9.3240e+000 -4.9605e-001 +7.4648e+000 -6.9166e-001 +1.4200e-001 -1.2519e+001 +4.4755e+000 +2.5167e+000 -2.9347e+000 +5.6313e+000
2 +8.744881319e+001 +8.744881319e+001 -9.125511868e+002 -9.125511868e+002 +2.0230e+000 -3.0360e+000 +6.7968e-001 +3.0223e+000 +3.0712e+000 -4.8210e+000 +4.5201e+000 +2.3694e+000 -2.4932e+000 -6.0560e+000
8 +8.563507837e+001 +8.563507837e+001 -9.143649216e+002 -9.143649216e+002 -3.1228e+000 +8.8504e-002 +2.1412e+000 -1.6326e+000 +3.8881e-001 -2.1106e+000 +4.9211e+000 +4.2865e+000 -1.4983e+000 +3.3632e+000
14 +8.388126832e+001 +8.388126832e+001 -9.161187317e+002 -9.161187317e+002 -3.5503e+000 +1.3416e+000 +1.6590e+000 +3.9889e+000 +7.7716e-001 +2.5483e+000 +2.4368e+000 +2.5884e+000 -2.5958e+000 +2.3557e-001
19 +8.246969578e+001 +8.246969578e+001 -9.175303042e+002 -9.175303042e+002 -3.2826e+000 +4.6228e-001 -6.5966e-001 +1.7578e+000 -5.5394e+000 -1.0709e+000 +5.1227e+000 +5.3318e+000 -1.5344e+000 +2.5814e+000
30 +7.918145024e+001 +7.918145024e+001 -9.208185498e+002 -9.208185498e+002 -5.4757e+000 +4.3928e+000 +4.3904e+000 +1.5203e+000 +3.6023e+000 +2.9825e+000 +3.6230e+000 +1.9857e+000 +8.7340e-001 +2.4295e-001
75 +7.362012470e+001 +7.362012470e+001 -9.263798753e+002 -9.263798753e+002 +1.2780e+000 +3.4005e+000 +2.3015e+000 +2.8580e+000 +2.8251e+000 -1.1697e+000 +3.1552e+000 +2.4603e+000 -8.3978e-001 +1.0090e+000
124 +6.934889396e+001 +6.934889396e+001 -9.306511060e+002 -9.306511060e+002 -3.5123e+000 +4.3969e+000 +2.6427e+000 +1.5433e+000 +6.4657e-001 +2.5225e+000 +1.9850e+000 +2.5928e+000 -9.4766e-002 -3.4787e+000
143 +6.739547158e+001 +6.739547158e+001 -9.326045284e+002 -9.326045284e+002 +1.7020e+000 +1.0364e+000 -1.3186e+000 +4.9457e+000 +2.3290e-001 +2.3352e-001 +1.4232e+000 +5.7034e+000 +1.0195e+000 +1.4441e+000
158 +6.593398367e+001 +6.593398367e+001 -9.340660163e+002 -9.340660163e+002 -1.5591e-001 +1.1999e+000 +2.8699e+000 +2.3141e+000 +1.2912e+000 +1.0614e+000 +1.3761e+000 +2.7331e+000 +1.6603e+000 +3.4487e+000
184 +6.223329042e+001 +6.223329042e+001 -9.377667096e+002 -9.377667096e+002 +1.0507e-001 +9.1380e-001 +1.2385e+000 +3.7769e+000 +1.2194e+000 +2.1834e+000 +1.7974e+000 +2.4361e+000 +1.3373e+000 -6.8867e-001
207 +6.108288789e+001 +6.108288789e+001 -9.389171121e+002 -9.389171121e+002 -1.0930e+000 +2.8536e+000 +1.4654e+000 +3.8137e+000 +1.8493e+000 +4.0053e-001 +3.0756e-001 +4.1865e+000 +1.0558e+000 +1.6185e+000
227 +5.921860318e+001 +5.921860318e+001 -9.407813968e+002 -9.407813968e+002 -8.5421e-001 +2.2973e-001 +1.4669e+000 +3.8844e+000 +6.4436e-001 +2.8351e-001 +2.7790e+000 +3.3130e+000 +1.6814e+000 +1.6104e+000
239 +4.338845942e+001 +4.338845942e+001 -9.566115406e+002 -9.566115406e+002 -1.2453e+000 -1.5924e+000 +1.7918e+000 +3.0880e+000 +3.7542e+000 +5.3449e-002 +1.9559e+000 +3.9408e+000 +2.2366e+000 +1.3371e+000
256 +3.979241808e+001 +3.979241808e+001 -9.602075819e+002 -9.602075819e+002 +8.0184e-001 +2.7026e+000 +1.4465e+000 +3.5986e+000 +1.9645e+000 -1.1423e-001 -2.1121e-001 +8.2484e-001 +3.9266e+000 +1.5500e+000
258 +2.765152051e+001 +2.765152051e+001 -9.723484795e+002 -9.723484795e+002 +1.4114e-001 +9.4163e-001 +6.0462e-001 +3.5424e+000 +3.1229e+000 -1.7156e-001 +7.0610e-001 +4.0907e+000 +6.4025e-001 +1.1917e+000
325 +2.589999188e+001 +2.589999188e+001 -9.741000081e+002 -9.741000081e+002 -2.1183e-001 +1.7358e+000 -1.1345e+000 +3.0629e+000 +2.1394e+000 -8.4357e-002 -3.5313e-001 +3.3623e+000 +3.8366e+000 +1.9161e+000
333 +1.678369097e+001 +1.678369097e+001 -9.832163090e+002 -9.832163090e+002 +1.4960e+000 -4.2295e-002 +1.1887e+000 +3.7753e+000 +2.3573e+000 +7.7803e-001 +1.5383e+000 +2.6821e+000 +2.8369e+000 +1.7765e+000
351 +1.008033029e+001 +1.008033029e+001 -9.899196697e+002 -9.899196697e+002 +3.9211e-002 +4.3251e-001 -1.6111e-001 +3.1827e+000 +2.2928e+000 -2.4081e-002 +4.9986e-001 +3.5197e+000 +3.7884e+000 +7.4740e-001
394 +9.412631901e+000 +9.412631901e+000 -9.905873681e+002 -9.905873681e+002 +4.2260e-001 -1.2562e-001 +1.1998e+000 +2.9742e+000 +2.7588e+000 -1.1259e+000 +1.7504e+000 +3.0685e+000 +2.9556e+000 +1.9593e+000
463 +9.194389063e+000 +9.194389063e+000 -9.908056109e+002 -9.908056109e+002 +3.8915e-001 +6.6420e-001 +1.1597e-001 +3.7087e+000 +2.0630e+000 -3.3029e-001 -1.1262e-001 +3.1719e+000 +3.0548e+000 +1.3160e+000
471 +8.306804287e+000 +8.306804287e+000 -9.916931957e+002 -9.916931957e+002 +7.3348e-001 +1.7161e-001 +2.5529e-001 +2.3714e+000 +3.4578e+000 -4.2391e-001 +3.2252e-001 +3.4630e+000 +2.6371e+000 +1.0843e+000
481 +7.582968208e+000 +7.582968208e+000 -9.924170318e+002 -9.924170318e+002 +4.6206e-001 +6.9032e-001 +5.6435e-001 +4.3638e+000 +2.6795e+000 -2.9647e-001 +6.3004e-001 +3.1246e+000 +3.6905e+000 +1.3460e+000
515 +4.971948610e+000 +4.971948610e+000 -9.950280514e+002 -9.950280514e+002 +6.2305e-001 +6.5977e-001 +5.3885e-001 +4.2530e+000 +2.9771e+000 -8.3314e-001 +9.8861e-001 +2.9143e+000 +3.1364e+000 +1.1426e+000
610 +4.860587648e+000 +4.860587648e+000 -9.951394124e+002 -9.951394124e+002 +7.2975e-001 +5.5684e-001 +8.0322e-001 +3.8499e+000 +3.4468e+000 -3.4606e-001 +1.1262e+000 +3.3515e+000 +3.2195e+000 +1.0048e+000
616 +3.859395742e+000 +3.859395742e+000 -9.961406043e+002 -9.961406043e+002 +8.4429e-001 +2.0029e-001 +4.8830e-001 +4.0403e+000 +3.2028e+000 -4.7523e-001 +8.6573e-001 +3.3951e+000 +3.5653e+000 +1.0674e+000
645 +3.764343731e+000 +3.764343731e+000 -9.962356563e+002 -9.962356563e+002 +9.8984e-001 +4.2917e-001 +4.9232e-001 +3.4028e+000 +2.9185e+000 -1.1670e+000 +4.2085e-001 +3.0407e+000 +4.2180e+000 +7.8385e-001
653 +3.138110613e+000 +3.138110613e+000 -9.968618894e+002 -9.968618894e+002 +1.6560e+000 -1.0895e-002 +6.9061e-001 +3.5404e+000 +3.3417e+000 -9.2579e-001 +5.1014e-001 +2.9346e+000 +3.3731e+000 +1.4083e+000
687 +2.605421808e+000 +2.605421808e+000 -9.973945782e+002 -9.973945782e+002 +1.1594e+000 +2.1302e-001 +1.4941e-001 +4.1335e+000 +2.9898e+000 -1.1550e+000 +9.7687e-001 +2.8049e+000 +3.8806e+000 +1.0351e+000
701 +2.292478522e+000 +2.292478522e+000 -9.977075215e+002 -9.977075215e+002 +1.3205e+000 +6.2853e-001 +3.8303e-001 +3.3170e+000 +3.3321e+000 -8.0111e-001 +7.7725e-001 +3.2283e+000 +3.3700e+000 +1.1604e+000
715 +2.243029535e+000 +2.243029535e+000 -9.977569705e+002 -9.977569705e+002 +1.2900e+000 +5.5216e-001 +3.5863e-001 +3.6021e+000 +3.7107e+000 -5.4533e-001 +6.4998e-001 +3.0178e+000 +3.8645e+000 +1.1402e+000
755 +2.162066981e+000 +2.162066981e+000 -9.978379330e+002 -9.978379330e+002 +9.9056e-001 +2.9867e-001 +4.0088e-001 +3.7574e+000 +3.2976e+000 -8.7541e-001 +1.0836e+000 +3.1026e+000 +3.4166e+000 +1.2133e+000
758 +2.041446500e+000 +2.041446500e+000 -9.979585535e+002 -9.979585535e+002 +1.0513e+000 +3.9402e-001 +5.1736e-001 +3.6220e+000 +3.7106e+000 -1.2019e+000 +1.0895e+000 +2.9366e+000 +3.4718e+000 +1.1618e+000
947 +1.994984099e+000 +1.994984099e+000 -9.980050159e+002 -9.980050159e+002 +1.0833e+000 +2.9867e-001 +2.8241e-001 +3.2930e+000 +3.6320e+000 -1.0429e+000 +8.7031e-001 +2.8122e+000 +3.5574e+000 +1.0427e+000
% function evaluation | noise-free fitness - Fopt (1.000000000000e+003) | best noise-free fitness - Fopt | measured fitness | best measured fitness | x1 | x2...
1 +1.848009695e+002 +1.848009695e+002 +1.184800970e+003 +1.184800970e+003 +1.2144e+001 -1.6767e+000 -5.1258e+000 -1.6240e+000 -4.6630e+000 -8.6336e+000 -3.2196e+000 -1.0829e+001 -3.4260e-001 -1.3259e+000
3 +1.585710968e+002 +1.585710968e+002 +1.158571097e+003 +1.158571097e+003 +1.8243e+000 -1.6801e+000 -8.5688e+000 -1.0241e+000 -4.7241e+000 -5.6198e+000 +8.7227e+000 -1.0755e+001 +1.6223e+000 -8.4507e+000
4 +1.196460414e+002 +1.196460414e+002 +1.119646041e+003 +1.119646041e+003 +4.4506e-001 -1.5803e+000 -9.8119e+000 -8.1467e+000 +1.9560e+000 -5.1655e+000 +2.4884e+000 -2.1017e+000 +2.7462e+000 -2.2550e+000
7 +8.819844086e+001 +8.819844086e+001 +1.088198441e+003 +1.088198441e+003 +4.5922e+000 -6.0249e-001 -2.8947e+000 -7.6317e-002 -6.3138e+000 -2.6514e+000 -2.1651e-001 -4.2628e+000 +4.6706e+000 -1.6320e+000
9 +8.645176353e+001 +8.645176353e+001 +1.086451764e+003 +1.086451764e+003 +4.2798e+000 -5.7835e-001 -3.6620e+000 -4.8546e+000 -3.3787e+000 -4.2208e+000 +8.7940e-002 -3.8174e+000 +3.1734e+000 -9.4350e-001
63 +8.406602060e+001 +8.406602060e+001 +1.084066021e+003 +1.084066021e+003 +5.1938e-001 +2.7556e+000 -2.7115e+000 -4.2614e+000 -5.2392e+000 -1.2091e+000 +8.4038e-001 -3.1222e+000 +2.3309e+000 +1.1030e+000
134 +8.271276578e+001 +8.271276578e+001 +1.082712766e+003 +1.082712766e+003 +4.9357e-001 -2.4753e+000 -2.9768e+000 -3.5702e+000 -3.4147e+000 -9.0088e-001 +1.3584e+000 -3.5965e+000 +3.8980e+000 +1.2667e+000
161 +7.772190277e+001 +7.772190277e+001 +1.077721903e+003 +1.077721903e+003 +2.9665e-001 +1.5876e+000 -3.8417e+000 +2.0587e+000 -8.3456e-001 -5.2869e+000 +1.4334e+000 +1.3979e+000 +2.7335e+000 -3.6721e+000
205 +7.636972995e+001 +7.636972995e+001 +1.076369730e+003 +1.076369730e+003 -2.5414e+000 -1.8952e-002 -2.7867e+000 -9.8061e-001 -3.5040e+000 -1.1015e+000 +2.4371e+000 -4.7523e+000 +3.0126e-002 -2.0880e+000
214 +7.253159113e+001 +7.253159113e+001 +1.072531591e+003 +1.072531591e+003 -1.2613e+000 +7.6605e-001 -3.4199e+000 -2.0948e+000 -3.5304e+000 -1.3386e+000 +7.9265e-001 -5.5328e+000 -1.8101e+000 -1.4359e-001
273 +6.902057237e+001 +6.902057237e+001 +1.069020572e+003 +1.069020572e+003 -4.3338e+000 -1.3116e+000 -3.2768e+000 -6.2323e-001 -3.6495e+000 -6.2584e-001 +6.7904e-001 -3.3924e+000 +1.8464e+000 +2.6382e-001
414 +6.050236474e+001 +6.050236474e+001 +1.060502365e+003 +1.060502365e+003 -2.9210e+000 +3.4072e-001 -1.6141e+000 -2.3818e+000 -2.3086e+000 +1.2511e-001 +1.8987e-001 -5.8163e+000 -2.0784e+000 -3.5706e-001
520 +5.758436955e+001 +5.758436955e+001 +1.057584370e+003 +1.057584370e+003 -2.6626e+000 +1.1336e+000 -8.6192e-001 -2.9007e+000 -2.8061e+000 +1.0054e+000 +1.7579e+000 -8.7213e-001 -2.6436e+000 +1.2311e+000
610 +4.143746294e+001 +4.143746294e+001 +1.041437463e+003 +1.041437463e+003 -4.0356e+000 +1.3962e+000 -5.1443e-001 -2.1391e+000 -2.4707e+000 -1.0415e+000 +3.1090e+000 +3.2421e-001 -3.0658e+000 +3.2293e+000
744 +3.859727152e+001 +3.859727152e+001 +1.038597272e+003 +1.038597272e+003 -3.4543e+000 +1.4100e+000 -5.3087e-001 -3.1038e+000 -2.5949e+000 -2.8067e-001 +9.0210e-001 -1.0553e-001 -2.0146e+000 +2.2456e+000
777 +3.423726520e+001 +3.423726520e+001 +1.034237265e+003 +1.034237265e+003 -4.0496e+000 +1.3441e+000 -1.6740e-001 -3.6139e+000 -2.5494e+000 -4.9973e-001 +6.4643e-001 +4.5833e-001 -3.3397e+000 +2.4945e+000
789 +3.194878854e+001 +3.194878854e+001 +1.031948789e+003 +1.031948789e+003 -4.5071e+000 +1.0367e+000 +1.2178e+000 -4.0822e+000 -2.2220e+000 -8.3969e-001 +1.5914e+000 -4.9592e-001 -2.5653e+000 +2.7430e+000
807 +3.100592786e+001 +3.100592786e+001 +1.031005928e+003 +1.031005928e+003 -4.0029e+000 +1.0096e+000 -1.9257e-001 -3.5603e+000 -2.5787e+000 -1.3164e+000 +1.4456e+000 +3.0998e-001 -3.6527e+000 +2.6195e+000
817 +2.784537731e+001 +2.784537731e+001 +1.027845377e+003 +1.027845377e+003 -3.8494e+000 +1.4401e+000 +5.5222e-001 -3.3733e+000 -2.5925e+000 -1.2037e+000 +1.7590e+000 -4.4649e-002 -2.7023e+000 +2.7424e+000
990 +2.719223715e+001 +2.719223715e+001 +1.027192237e+003 +1.027192237e+003 -3.7923e+000 +8.5829e-001 +5.7078e-001 -3.5775e+000 -2.3970e+000 -4.8794e-001 +1.8405e+000 +3.6671e-001 -2.4080e+000 +3.3718e+000
1162 +2.616574771e+001 +2.616574771e+001 +1.026165748e+003 +1.026165748e+003 -3.5889e+000 +9.2292e-001 +5.2651e-001 -2.9799e+000 -2.4013e+000 -6.8585e-001 +1.8432e+000 +4.6195e-002 -3.0289e+000 +2.8630e+000
1420 +2.567263085e+001 +2.567263085e+001 +1.025672631e+003 +1.025672631e+003 -3.5848e+000 +7.5711e-001 +5.5264e-001 -3.3348e+000 -2.2128e+000 -7.8093e-001 +1.8531e+000 -3.2371e-002 -2.9174e+000 +2.9902e+000
% function evaluation | noise-free fitness - Fopt (-4.913000000000e+001) | best noise-free fitness - Fopt | measured fitness | best measured fitness | x1 | x2...
1 +1.985627984e+002 +1.985627984e+002 +1.494327984e+002 +1.494327984e+002 +7.8843e+000 -1.4151e+001 -2.9865e+000 -4.6734e+000 -1.9921e+000 -9.4068e+000 -3.1019e+000 +1.9147e+000 +2.7887e+000 -5.7241e+000
3 +9.460446169e+001 +9.460446169e+001 +4.547446169e+001 +4.547446169e+001 -3.0453e+000 +4.2954e+000 -3.9734e+000 +7.8605e+000 -4.3008e+000 -1.0917e+000 -3.1773e+000 -1.5971e+000 +5.2348e+000 -1.0258e+000
4 +8.790489349e+001 +8.790489349e+001 +3.877489349e+001 +3.877489349e+001 -9.7651e-001 -5.6212e-001 +6.6654e-002 +1.8213e+000 +3.1314e-002 -6.3122e+000 -5.6081e+000 -1.8150e+000 +4.2053e+000 -3.8387e+000
6 +8.384968642e+001 +8.384968642e+001 +3.471968642e+001 +3.471968642e+001 +5.7505e-001 +3.6768e-001 -2.0846e+000 -6.8582e-001 -3.3905e+000 -2.8968e+000 -2.3123e+000 -5.7728e+000 +2.7707e+000 -7.2940e+000
62 +7.754695370e+001 +7.754695370e+001 +2.841695370e+001 +2.841695370e+001 +3.4038e+000 +3.3401e+000 -1.4313e-001 +9.8628e-001 -3.5609e+000 -2.8146e+000 -1.8588e+000 -1.8451e+000 +3.7070e+000 -4.5880e+000
205 +6.270317451e+001 +6.270317451e+001 +1.357317451e+001 +1.357317451e+001 +3.0215e+000 +1.1286e+000 +7.9234e-001 +7.6110e-001 -2.7870e+000 -2.4195e+000 -2.9828e+000 -1.0555e+000 +3.2791e+000 +7.0284e-001
609 +6.157052025e+001 +6.157052025e+001 +1.244052025e+001 +1.244052025e+001 +4.0886e+000 +4.6527e+000 -8.3760e-001 -1.3544e+000 -2.8835e-001 -2.1525e+000 -1.3719e+000 -5.0160e+000 +2.5547e+000 -2.8412e+000
676 +5.573918558e+001 +5.573918558e+001 +6.609185575e+000 +6.609185575e+000 -4.4443e+000 +2.8756e+000 -1.1374e+000 -1.7749e+000 -4.1695e-001 -2.2566e+000 +1.9398e-001 +2.0791e+000 +3.8445e+000 -5.0575e-001
724 +4.736436703e+001 +4.736436703e+001 -1.765632972e+000 -1.765632972e+000 -2.2409e+000 +2.6012e+000 -2.2864e+000 -1.2013e+000 -3.8200e-001 -2.4326e+000 +1.8384e+000 +2.0484e+000 +2.8088e+000 -2.7243e+000
755 +4.529142678e+001 +4.529142678e+001 -3.838573217e+000 -3.838573217e+000 -3.7011e+000 +2.0761e+000 -1.8194e+000 -1.3860e+000 +5.5037e-001 -1.3332e+000 +7.6808e-001 +1.5351e+000 +2.9801e+000 -7.1873e-001
797 +4.236521927e+001 +4.236521927e+001 -6.764780726e+000 -6.764780726e+000 -3.4704e+000 +2.7704e+000 -1.4192e+000 -1.5493e+000 -4.1765e-001 -1.4634e+000 +5.1770e-001 +2.0215e+000 +3.6084e+000 -2.1753e+000
897 +4.148761339e+001 +4.148761339e+001 -7.642386610e+000 -7.642386610e+000 -2.7451e+000 +3.5715e+000 -1.7202e+000 -4.9352e-001 +2.9638e-001 -1.7586e+000 +5.4675e-001 +2.9573e+000 +3.0469e+000 -1.7456e+000
898 +3.911270102e+001 +3.911270102e+001 -1.001729898e+001 -1.001729898e+001 -2.9653e+000 +2.3078e+000 -2.2749e+000 -6.2799e-001 +6.5010e-001 -3.3414e+000 +1.1603e+000 +7.9892e-001 +3.9347e+000 -1.6236e+000
938 +3.562275580e+001 +3.562275580e+001 -1.350724420e+001 -1.350724420e+001 -2.7278e+000 +3.1380e+000 -1.7017e+000 -1.9118e+000 +1.2685e-001 -2.5119e+000 +5.3323e-001 +1.8849e+000 +4.0180e+000 -1.9199e+000
973 +3.473965199e+001 +3.473965199e+001 -1.439034801e+001 -1.439034801e+001 -3.2167e+000 +2.6439e+000 -2.3392e+000 -6.6304e-001 +1.2557e+000 -2.4991e+000 -4.8457e-002 +2.3251e+000 +4.7436e+000 -1.1464e+000
983 +3.454736936e+001 +3.454736936e+001 -1.458263064e+001 -1.458263064e+001 -2.3821e+000 +2.8597e+000 -1.9006e+000 -1.4570e+000 +2.2973e-001 -1.8126e+000 +6.8209e-001 +2.1221e+000 +3.8914e+000 -1.7850e+000
1020 +3.181882308e+001 +3.181882308e+001 -1.731117692e+001 -1.731117692e+001 -3.4180e+000 +2.7204e+000 -2.1583e+000 -1.2081e+000 +2.1405e-001 -2.6356e+000 +7.8188e-001 +2.3634e+000 +3.8650e+000 -2.0449e+000
1051 +3.048361445e+001 +3.048361445e+001 -1.864638555e+001 -1.864638555e+001 -3.0639e+000 +2.6645e+000 -2.5996e+000 -1.8151e+000 +3.3634e-001 -2.7248e+000 +6.7043e-001 +2.5957e+000 +3.5955e+000 -1.4510e+000
1072 +2.924391376e+001 +2.924391376e+001 -1.988608624e+001 -1.988608624e+001 -2.9668e+000 +2.5569e+000 -3.5598e+000 -1.1993e+000 +2.9912e-001 -2.3244e+000 +6.7432e-001 +2.1068e+000 +3.7774e+000 -1.9963e+000
1134 +2.689556338e+001 +2.689556338e+001 -2.223443662e+001 -2.223443662e+001 -2.8881e+000 +2.4671e+000 -3.2333e+000 -8.4358e-001 +1.4298e+000 -2.2425e+000 +8.4782e-001 +1.5559e+000 +3.6028e+000 -1.4531e+000
1152 +2.484433548e+001 +2.484433548e+001 -2.428566452e+001 -2.428566452e+001 -3.0083e+000 +2.5522e+000 -3.2399e+000 -1.1479e+000 +1.5379e+000 -2.5249e+000 +8.9401e-001 +2.6040e+000 +3.6607e+000 -1.9184e+000
1251 +2.378244884e+001 +2.378244884e+001 -2.534755116e+001 -2.534755116e+001 -3.1027e+000 +2.8098e+000 -3.5540e+000 -1.0757e+000 +1.6056e+000 -2.4610e+000 +7.3272e-001 +2.0684e+000 +3.4539e+000 -1.8532e+000
1356 +2.328352371e+001 +2.328352371e+001 -2.584647629e+001 -2.584647629e+001 -3.1871e+000 +2.6763e+000 -3.7246e+000 -1.3108e+000 +1.5254e+000 -2.3923e+000 +5.8110e-001 +2.0871e+000 +3.6881e+000 -1.8153e+000
1409 +2.272226247e+001 +2.272226247e+001 -2.640773753e+001 -2.640773753e+001 -3.0892e+000 +3.0084e+000 -3.5976e+000 -1.2135e+000 +1.7273e+000 -2.2564e+000 +4.2260e-001 +2.3575e+000 +3.8373e+000 -2.2368e+000
1703 +2.238270946e+001 +2.238270946e+001 -2.674729054e+001 -2.674729054e+001 -2.9878e+000 +2.8962e+000 -3.3937e+000 -1.4180e+000 +1.8090e+000 -2.3392e+000 +4.5012e-001 +2.2419e+000 +3.8727e+000 -2.1877e+000
2329 +2.187550446e+001 +2.187550446e+001 -2.725449554e+001 -2.725449554e+001 -3.1026e+000 +3.0379e+000 -3.6303e+000 -1.4472e+000 +1.9588e+000 -2.5251e+000 +3.0264e-001 +2.0848e+000 +4.0534e+000 -2.0460e+000
% function evaluation | noise-free fitness - Fopt (2.977300000000e+002) | best noise-free fitness - Fopt | measured fitness | best measured fitness | x1 | x2...
1 +7.495282338e+001 +7.495282338e+001 +3.726828234e+002 +3.726828234e+002 +2.4116e+000 +1.9986e+000 -6.1252e+000 -3.1721e-001 +7.3524e-001 -2.5869e+000 -3.7180e-001 +1.9787e+000 +2.3321e+000 -1.8613e+000
43 +6.999170492e+001 +6.999170492e+001 +3.677217049e+002 +3.677217049e+002 -7.4894e-002 +2.1203e+000 -2.1525e+000 +2.9527e+000 -2.1869e+000 -1.6016e+000 +2.8684e+000 +2.9740e+000 +3.5618e+000 -3.2213e-001
141 +6.776335793e+001 +6.776335793e+001 +3.654933579e+002 +3.654933579e+002 +5.6312e+000 +1.8197e+000 -3.0126e-001 -5.8060e-002 -3.8578e+000 -1.8519e+000 -3.8022e+000 +4.4712e-001 +2.1976e+000 +4.0121e-001
266 +5.811037954e+001 +5.811037954e+001 +3.558403795e+002 +3.558403795e+002 +2.1165e+000 +3.0626e+000 -1.9689e+000 +4.7061e+000 -2.5549e+000 -3.4225e+000 +6.0450e-001 +2.1784e+000 +1.1509e-001 +2.2402e-001
428 +5.611390998e+001 +5.611390998e+001 +3.538439100e+002 +3.538439100e+002 +2.3591e+000 +2.3864e+000 -2.2840e+000 +2.9729e+000 -2.1934e+000 -1.9835e+000 +1.5456e-001 +2.3246e+000 -7.6509e-002 +1.2282e+000
447 +5.021980490e+001 +5.021980490e+001 +3.479498049e+002 +3.479498049e+002 +3.4925e+000 +1.7442e+000 -1.1450e+000 +2.4520e+000 -1.3888e+000 -2.6939e+000 +5.8198e-001 +2.1186e+000 -3.5561e-001 +5.2041e-001
461 +4.549931155e+001 +4.549931155e+001 +3.432293115e+002 +3.432293115e+002 +1.7870e+000 +8.2662e-001 -1.6141e+000 +2.7405e+000 -2.8204e+000 -2.2593e+000 +1.2538e-001 +2.2154e+000 +2.1406e-001 +1.1753e+000
508 +3.287480884e+001 +3.287480884e+001 +3.306048088e+002 +3.306048088e+002 +1.0471e+000 +1.5801e+000 -6.2913e-001 +3.9463e+000 -1.4335e+000 -2.9068e+000 +1.3360e+000 +2.1156e+000 -2.0886e-001 +1.8932e+000
510 +2.936997911e+001 +2.936997911e+001 +3.270999791e+002 +3.270999791e+002 +1.9045e+000 +1.9833e+000 -1.6716e+000 +4.5800e+000 -2.1765e+000 -3.3483e+000 +7.2558e-001 +2.1259e+000 -5.5613e-001 +2.6546e+000
540 +2.858493792e+001 +2.858493792e+001 +3.263149379e+002 +3.263149379e+002 +2.1596e+000 +1.8618e+000 -1.9518e+000 +3.7927e+000 -1.9269e+000 -2.9671e+000 +7.1666e-001 +4.4931e+000 +2.1294e-001 +1.1615e+000
557 +2.726828098e+001 +2.726828098e+001 +3.249982810e+002 +3.249982810e+002 +4.1741e+000 +3.5021e-001 -1.4343e+000 +4.6944e+000 -1.0274e+000 -2.7954e+000 +9.4560e-001 +4.5581e+000 -6.2221e-001 +1.1763e+000
558 +2.155649911e+001 +2.155649911e+001 +3.192864991e+002 +3.192864991e+002 +2.7145e+000 +1.5884e+000 -1.6867e+000 +4.8221e+000 -1.0738e+000 -3.2989e+000 +1.2003e+000 +2.8464e+000 -6.9311e-001 +1.5835e+000
578 +2.112842723e+001 +2.112842723e+001 +3.188584272e+002 +3.188584272e+002 +1.7985e+000 +1.0769e+000 -1.8231e+000 +3.6639e+000 -3.1190e+000 -4.3486e+000 +8.1019e-001 +2.4894e+000 -1.2614e-001 +1.5140e+000
599 +1.568214690e+001 +1.568214690e+001 +3.134121469e+002 +3.134121469e+002 +1.2891e+000 -5.2266e-001 -1.5647e-001 +3.8405e+000 -2.1066e+000 -4.2680e+000 +7.6518e-001 +3.2902e+000 -5.2944e-001 +1.5644e+000
620 +1.501753494e+001 +1.501753494e+001 +3.127475349e+002 +3.127475349e+002 +2.0562e+000 +7.3327e-001 -1.6108e+000 +4.2530e+000 -9.1940e-001 -3.6923e+000 +6.1362e-001 +3.4334e+000 +3.9297e-001 +9.7818e-001
633 +1.358373754e+001 +1.358373754e+001 +3.113137375e+002 +3.113137375e+002 +2.7361e+000 +6.7795e-001 -1.8534e+000 +4.9387e+000 -1.4362e+000 -3.7020e+000 +6.9769e-001 +4.1324e+000 -3.8484e-001 +1.6039e+000
667 +1.311753620e+001 +1.311753620e+001 +3.108475362e+002 +3.108475362e+002 +2.3953e+000 +4.1949e-001 -1.3358e+000 +2.6900e+000 -2.0536e+000 -3.7768e+000 +6.6376e-001 +4.0086e+000 -3.8261e-001 +1.0404e+000
674 +1.194061896e+001 +1.194061896e+001 +3.096706190e+002 +3.096706190e+002 +2.1765e+000 -5.5552e-001 -1.2614e+000 +3.6390e+000 -1.5355e+000 -5.5028e+000 +2.4156e-001 +3.5421e+000 -1.6431e-001 +3.9973e-001
706 +8.665139818e+000 +8.665139818e+000 +3.063951398e+002 +3.063951398e+002 +2.1928e+000 +1.7666e-001 -1.9755e+000 +2.8453e+000 -5.6141e-001 -3.9316e+000 +1.2552e+000 +3.3402e+000 -8.3149e-001 +1.0684e+000
751 +8.027864809e+000 +8.027864809e+000 +3.057578648e+002 +3.057578648e+002 +1.7364e+000 +3.5131e-001 -1.4903e+000 +3.6382e+000 -1.5990e+000 -4.1731e+000 +7.8717e-001 +3.1233e+000 -1.5958e-001 +1.6474e+000
753 +7.808630465e+000 +7.808630465e+000 +3.055386305e+002 +3.055386305e+002 +1.3293e+000 +1.7717e-001 -1.6106e+000 +3.5225e+000 -7.7461e-001 -4.2504e+000 +6.4226e-001 +3.1526e+000 -7.6493e-001 +1.0617e+000
837 +7.422443408e+000 +7.422443408e+000 +3.051524434e+002 +3.051524434e+002 +1.3559e+000 +1.6458e-001 -1.4877e+000 +3.3562e+000 -1.0440e+000 -4.1323e+000 +6.6160e-001 +3.2063e+000 -5.1507e-001 +1.6085e+000
839 +7.250599013e+000 +7.250599013e+000 +3.049805990e+002 +3.049805990e+002 +1.4222e+000 +3.0380e-001 -1.6690e+000 +3.2729e+000 -7.5011e-001 -4.1129e+000 +7.1414e-001 +3.8859e+000 -9.1587e-001 +1.7591e+000
847 +7.074955855e+000 +7.074955855e+000 +3.048049559e+002 +3.048049559e+002 +1.7196e+000 -1.2548e-001 -1.4334e+000 +3.1837e+000 -1.0348e+000 -4.3399e+000 +3.1076e-001 +3.2124e+000 -3.7029e-001 +1.5304e+000
979 +6.231259203e+000 +6.231259203e+000 +3.039612592e+002 +3.039612592e+002 +1.8502e+000 -4.7559e-002 -1.5193e+000 +3.7154e+000 -1.2266e+000 -4.2184e+000 +9.5882e-001 +3.4778e+000 -4.0828e-001 +1.6570e+000
1013 +6.045365732e+000 +6.045365732e+000 +3.037753657e+002 +3.037753657e+002 +2.0626e+000 -2.1508e-001 -1.4964e+000 +3.8260e+000 -1.1086e+000 -4.2341e+000 +9.3518e-001 +3.7201e+000 -3.2530e-001 +1.6461e+000
1083 +5.740943760e+000 +5.740943760e+000 +3.034709438e+002 +3.034709438e+002 +2.3381e+000 -3.4908e-001 -1.6332e+000 +3.7943e+000 -1.2172e+000 -4.4229e+000 +9.2205e-001 +3.4841e+000 -5.3651e-001 +1.5923e+000
1105 +5.262609444e+000 +5.262609444e+000 +3.029926094e+002 +3.029926094e+002 +2.0476e+000 -3.1734e-001 -1.6310e+000 +3.6959e+000 -1.0967e+000 -4.5555e+000 +9.4980e-001 +3.6875e+000 -6.4815e-001 +1.5479e+000
1285 +5.221750356e+000 +5.221750356e+000 +3.029517504e+002 +3.029517504e+002 +2.2132e+000 -2.5167e-001 -1.5038e+000 +3.4359e+000 -1.0933e+000 -4.5848e+000 +8.9216e-001 +3.6085e+000 -6.6946e-001 +1.6695e+000
1333 +5.125355259e+000 +5.125355259e+000 +3.028553553e+002 +3.028553553e+002 +2.0118e+000 -2.3140e-001 -1.6302e+000 +3.5876e+000 -1.0217e+000 -4.5300e+000 +7.7755e-001 +3.6743e+000 -7.5857e-001 +1.6577e+000
% function evaluation | noise-free fitness - Fopt (5.157000000000e+001) | best noise-free fitness - Fopt | measured fitness | best measured fitness | x1 | x2...
1 +1.028761307e+002 +1.028761307e+002 +1.544461307e+002 +1.544461307e+002 +3.9717e+000 +2.0750e+000 +2.6251e-001 +4.5288e+000 +9.0851e+000 +2.6043e+000 +3.0895e+000 -5.6189e+000 +1.2327e+000 -4.5693e-002
2 +8.184566163e+001 +8.184566163e+001 +1.334156616e+002 +1.334156616e+002 +3.8573e+000 +3.8293e+000 -2.0678e+000 +3.9469e+000 +1.9087e+000 -1.0233e+000 +2.2606e+000 -4.6627e+000 +8.0106e-001 -3.0036e+000
21 +7.903440750e+001 +7.903440750e+001 +1.306044075e+002 +1.306044075e+002 +4.2253e+000 +2.9551e+000 -1.2238e+000 +2.4360e+000 +2.6240e+000 -2.5417e+000 +3.8896e+000 -4.7476e+000 +1.0586e+000 -3.3023e+000
150 +7.637920934e+001 +7.637920934e+001 +1.279492093e+002 +1.279492093e+002 -5.2158e+000 +1.6011e-001 +3.9366e+000 +2.9626e+000 +7.4579e-001 -3.7338e+000 +4.0133e-001 -3.5655e+000 -2.0192e+000 -3.0139e+000
199 +7.312853877e+001 +7.312853877e+001 +1.246985388e+002 +1.246985388e+002 -5.4751e+000 +1.7480e+000 -5.8356e+000 +3.3215e+000 -3.6950e+000 -9.5169e-001 +5.6701e+000 -1.9642e+000 -5.7052e-001 -5.6862e+000
216 +6.449895666e+001 +6.449895666e+001 +1.160689567e+002 +1.160689567e+002 -1.9410e+000 +4.2251e+000 -5.8595e+000 +9.5686e-001 +4.6259e-001 -2.0097e+000 +4.3268e+000 +4.3427e-001 +6.1428e-001 -3.1360e+000
317 +5.481506697e+001 +5.481506697e+001 +1.063850670e+002 +1.063850670e+002 -1.3373e+000 +6.3157e-001 -3.9552e+000 +3.4134e-001 -1.1003e+000 +2.7106e-002 +4.9280e+000 -1.0593e+000 -9.4829e-002 -2.6293e+000
361 +3.961660235e+001 +3.961660235e+001 +9.118660235e+001 +9.118660235e+001 -1.3569e+000 +1.6300e+000 -3.8833e+000 +1.0336e+000 -8.8790e-001 -2.2691e+000 +3.4247e+000 -8.2299e-001 +8.0720e-001 -1.6828e+000
373 +3.783387871e+001 +3.783387871e+001 +8.940387871e+001 +8.940387871e+001 -8.3015e-001 +1.8721e+000 -6.2421e+000 +1.8372e+000 -1.5954e+000 -1.3109e+000 +4.4412e+000 -1.6966e+000 +9.5087e-001 -1.1506e+000
427 +3.702517632e+001 +3.702517632e+001 +8.859517632e+001 +8.859517632e+001 -1.1808e+000 +2.0764e+000 -3.6893e+000 +1.3692e+000 -1.3655e+000 -8.2899e-001 +3.4642e+000 -1.0915e+000 +4.6643e-001 -1.9736e+000
434 +3.573404275e+001 +3.573404275e+001 +8.730404275e+001 +8.730404275e+001 -1.4994e+000 +1.7901e+000 -5.1608e+000 +1.3389e+000 -6.1787e-001 -5.6648e-001 +3.9450e+000 -1.0234e+000 +6.2540e-001 -2.2084e+000
449 +3.392344855e+001 +3.392344855e+001 +8.549344855e+001 +8.549344855e+001 -8.0865e-001 +1.9225e+000 -4.1716e+000 +1.7176e+000 -1.3334e+000 -1.7439e-001 +3.6246e+000 -9.1946e-001 +6.5266e-001 -1.1566e+000
454 +2.676313878e+001 +2.676313878e+001 +7.833313878e+001 +7.833313878e+001 -2.1860e+000 +1.0610e-001 -3.6201e+000 +1.6336e+000 -2.0942e+000 -1.1462e+000 +4.4223e+000 -4.2396e-001 +3.8640e-001 -1.9317e+000
522 +2.513478285e+001 +2.513478285e+001 +7.670478285e+001 +7.670478285e+001 -2.0835e+000 +1.2655e+000 -3.4148e+000 +1.4571e+000 -2.3400e+000 -9.5191e-001 +4.0890e+000 -6.6326e-001 +4.2457e-001 -1.8223e+000
590 +2.469950103e+001 +2.469950103e+001 +7.626950103e+001 +7.626950103e+001 -1.3237e+000 +2.3216e+000 -4.9966e+000 +1.3884e+000 -2.2880e+000 -1.0731e+000 +3.9878e+000 +1.3101e-001 +3.0597e-001 -1.8775e+000
612 +1.628566928e+001 +1.628566928e+001 +6.785566928e+001 +6.785566928e+001 -1.9628e+000 +1.0365e+000 -4.1614e+000 +8.1337e-001 -3.0076e+000 -4.2828e-001 +3.8787e+000 -5.4811e-001 -1.0030e-001 -1.2387e+000
724 +1.332959393e+001 +1.332959393e+001 +6.489959393e+001 +6.489959393e+001 -2.4420e+000 +8.9513e-001 -5.2358e+000 +9.8171e-001 -2.3935e+000 -1.4889e+000 +4.2132e+000 -5.7744e-001 -2.5256e-001 -2.2202e+000
853 +1.208162081e+001 +1.208162081e+001 +6.365162081e+001 +6.365162081e+001 -2.6134e+000 +8.4048e-001 -5.3596e+000 +6.5746e-001 -1.9816e+000 -1.4144e+000 +4.1276e+000 -4.0808e-001 -4.4602e-001 -2.2376e+000
855 +1.157000955e+001 +1.157000955e+001 +6.314000955e+001 +6.314000955e+001 -2.5630e+000 +9.6839e-001 -4.7716e+000 +8.6580e-001 -1.8380e+000 -9.8217e-001 +4.0040e+000 -2.4180e-001 -1.2755e+000 -1.6720e+000
905 +1.038543864e+001 +1.038543864e+001 +6.195543864e+001 +6.195543864e+001 -2.2594e+000 +1.0766e+000 -4.8320e+000 +9.4362e-001 -2.1792e+000 -1.2615e+000 +3.9821e+000 -8.4812e-002 -1.2579e+000 -2.2676e+000
959 +9.894837756e+000 +9.894837756e+000 +6.146483776e+001 +6.146483776e+001 -2.4570e+000 +9.4236e-001 -4.8805e+000 +6.8132e-001 -2.1700e+000 -1.5929e+000 +4.0023e+000 -1.6635e-001 -9.4334e-001 -1.7205e+000
988 +9.719337724e+000 +9.719337724e+000 +6.128933772e+001 +6.128933772e+001 -2.1793e+000 +6.1812e-001 -5.0941e+000 +7.7427e-001 -2.3562e+000 -1.0380e+000 +3.8960e+000 -2.7033e-001 -7.6971e-001 -1.8173e+000
1010 +9.356995630e+000 +9.356995630e+000 +6.092699563e+001 +6.092699563e+001 -2.1783e+000 +5.8633e-001 -5.1934e+000 +8.1064e-001 -2.1155e+000 -1.2903e+000 +3.9059e+000 -1.7325e-001 -1.0117e+000 -1.8678e+000
1025 +9.254423901e+000 +9.254423901e+000 +6.082442390e+001 +6.082442390e+001 -2.2346e+000 +7.7810e-001 -4.8164e+000 +7.1725e-001 -2.2099e+000 -1.5821e+000 +3.9607e+000 +6.5811e-002 -1.7176e+000 -2.0676e+000
1069 +9.069930505e+000 +9.069930505e+000 +6.063993051e+001 +6.063993051e+001 -2.2824e+000 +4.2577e-001 -4.8969e+000 +7.3157e-001 -2.0673e+000 -1.2062e+000 +4.0153e+000 -1.9633e-001 -1.0035e+000 -1.8660e+000
1086 +8.822031086e+000 +8.822031086e+000 +6.039203109e+001 +6.039203109e+001 -2.4525e+000 +3.4710e-001 -5.0064e+000 +5.7353e-001 -2.1425e+000 -1.5470e+000 +3.8157e+000 +1.0566e-001 -1.1352e+000 -1.9505e+000
1109 +8.579601234e+000 +8.579601234e+000 +6.014960123e+001 +6.014960123e+001 -2.2303e+000 +5.0666e-001 -4.8705e+000 +6.9673e-001 -2.1015e+000 -1.3172e+000 +3.7869e+000 -2.1222e-001 -1.2121e+000 -1.8822e+000
1121 +8.502564387e+000 +8.502564387e+000 +6.007256439e+001 +6.007256439e+001 -2.2229e+000 -9.1833e-002 -4.8379e+000 +6.1199e-001 -2.0591e+000 -1.1150e+000 +3.9234e+000 -1.3532e-001 -1.4765e+000 -2.0270e+000
1158 +8.247330275e+000 +8.247330275e+000 +5.981733027e+001 +5.981733027e+001 -2.1750e+000 +4.8535e-001 -4.8822e+000 +6.2476e-001 -2.0730e+000 -1.2782e+000 +3.8136e+000 -5.1176e-002 -1.3056e+000 -1.9039e+000
1166 +7.800737147e+000 +7.800737147e+000 +5.937073715e+001 +5.937073715e+001 -2.2327e+000 +5.0162e-001 -5.0492e+000 +1.8770e-001 -1.9497e+000 -1.2707e+000 +3.8516e+000 -9.0727e-002 -1.4417e+000 -2.1253e+000
1229 +7.475319790e+000 +7.475319790e+000 +5.904531979e+001 +5.904531979e+001 -1.9665e+000 +3.1827e-001 -5.1359e+000 -2.0104e-002 -1.9830e+000 -1.4629e+000 +3.8264e+000 -1.1027e-001 -1.5009e+000 -1.7540e+000
1311 +7.269739416e+000 +7.269739416e+000 +5.883973942e+001 +5.883973942e+001 -2.4087e+000 +6.4511e-001 -5.1068e+000 -1.8867e-001 -2.3391e+000 -1.4121e+000 +3.6982e+000 -6.7179e-002 -1.8183e+000 -2.0591e+000
1333 +7.129096862e+000 +7.129096862e+000 +5.869909686e+001 +5.869909686e+001 -2.0818e+000 +4.6574e-001 -4.7839e+000 -9.0178e-002 -1.8813e+000 -1.2604e+000 +3.8640e+000 +2.1839e-001 -1.8968e+000 -2.0049e+000
1353 +6.629411924e+000 +6.629411924e+000 +5.819941192e+001 +5.819941192e+001 -2.1472e+000 +2.4111e-001 -4.8041e+000 -4.8471e-001 -2.0631e+000 -1.8165e+000 +3.8377e+000 +2.0841e-001 -1.8995e+000 -2.2098e+000
1417 +6.526477974e+000 +6.526477974e+000 +5.809647797e+001 +5.809647797e+001 -2.0613e+000 +4.3245e-001 -4.9488e+000 -2.7756e-001 -2.1761e+000 -1.5799e+000 +3.7614e+000 +5.2919e-002 -1.9665e+000 -1.8401e+000
1533 +6.416429559e+000 +6.416429559e+000 +5.798642956e+001 +5.798642956e+001 -2.1968e+000 +2.7542e-001 -4.7996e+000 -1.7111e-001 -2.1393e+000 -1.6100e+000 +3.7551e+000 +2.3435e-002 -1.9172e+000 -1.9567e+000
1558 +6.308728354e+000 +6.308728354e+000 +5.787872835e+001 +5.787872835e+001 -1.9943e+000 +2.8679e-001 -4.6388e+000 -3.2829e-001 -1.9954e+000 -1.8077e+000 +3.8246e+000 +1.0635e-001 -1.9092e+000 -1.8968e+000
1618 +6.087953607e+000 +6.087953607e+000 +5.765795361e+001 +5.765795361e+001 -2.2102e+000 +3.8410e-001 -4.6462e+000 -3.3833e-001 -2.0984e+000 -1.7679e+000 +3.7476e+000 +1.4385e-001 -2.0103e+000 -1.9400e+000
1670 +5.928454333e+000 +5.928454333e+000 +5.749845433e+001 +5.749845433e+001 -2.1129e+000 +1.8365e-001 -4.7041e+000 -2.7868e-001 -2.0540e+000 -1.7117e+000 +3.8242e+000 +1.2899e-001 -2.2982e+000 -1.9582e+000
1770 +5.839106835e+000 +5.839106835e+000 +5.740910684e+001 +5.740910684e+001 -2.1473e+000 +1.8671e-001 -4.7211e+000 -3.2231e-001 -2.1137e+000 -1.6562e+000 +3.7490e+000 +2.3648e-001 -2.3032e+000 -1.8988e+000
1858 +5.666206387e+000 +5.666206387e+000 +5.723620639e+001 +5.723620639e+001 -2.0971e+000 +1.4721e-001 -4.7051e+000 -4.5127e-001 -1.9448e+000 -1.7821e+000 +3.7490e+000 +1.4326e-001 -2.3137e+000 -1.9367e+000
1923 +5.615107516e+000 +5.615107516e+000 +5.718510752e+001 +5.718510752e+001 -2.1032e+000 +1.5096e-001 -4.6122e+000 -3.9947e-001 -2.0664e+000 -1.6960e+000 +3.7110e+000 +3.0224e-001 -2.4239e+000 -2.0207e+000
2106 +5.492489997e+000 +5.492489997e+000 +5.706249000e+001 +5.706249000e+001 -2.1158e+000 +1.7354e-001 -4.6088e+000 -4.1466e-001 -1.9581e+000 -1.7572e+000 +3.6780e+000 +2.6117e-001 -2.5038e+000 -1.9284e+000
2304 +5.368734775e+000 +5.368734775e+000 +5.693873477e+001 +5.693873477e+001 -2.1931e+000 +1.0815e-001 -4.6197e+000 -5.2030e-001 -1.9867e+000 -1.7632e+000 +3.6379e+000 +3.0943e-001 -2.6859e+000 -1.9394e+000
2498 +5.238965074e+000 +5.238965074e+000 +5.680896507e+001 +5.680896507e+001 -2.1894e+000 +1.8814e-003 -4.5347e+000 -5.7338e-001 -1.9721e+000 -1.8194e+000 +3.5498e+000 +3.2867e-001 -2.6229e+000 -1.9096e+000
2815 +5.125468441e+000 +5.125468441e+000 +5.669546844e+001 +5.669546844e+001 -2.1724e+000 +2.4656e-002 -4.4697e+000 -7.0819e-001 -1.9911e+000 -1.8423e+000 +3.5917e+000 +3.4387e-001 -2.7414e+000 -1.9558e+000
% function evaluation | noise-free fitness - Fopt (-4.870000000000e+000) | best noise-free fitness - Fopt | measured fitness | best measured fitness | x1 | x2...
1 +1.547186245e+002 +1.547186245e+002 +1.498486245e+002 +1.498486245e+002 +2.8330e+000 -1.3256e+001 -1.1706e-001 -3.1111e+000 +4.5477e+000 +1.3410e+000 +4.4844e+000 +3.8344e+000 +3.1158e-002 -3.2423e-002
3 +8.599164234e+001 +8.599164234e+001 +8.112164234e+001 +8.112164234e+001 +5.5267e+000 -4.1093e+000 +4.4684e-001 -3.6057e+000 +5.3817e+000 +5.5706e+000 +1.8145e-003 +4.2935e+000 -3.8690e-002 +2.0976e+000
13 +7.584569226e+001 +7.584569226e+001 +7.097569226e+001 +7.097569226e+001 +2.7087e+000 -4.2488e+000 +3.0271e+000 +1.1811e+000 -2.5570e+000 +3.2870e+000 -2.9964e+000 +2.8578e+000 +4.7400e+000 -1.2592e+000
96 +7.231403762e+001 +7.231403762e+001 +6.744403762e+001 +6.744403762e+001 +3.2695e+000 -5.2923e+000 +1.7544e-001 -1.5603e+000 -3.4005e-001 +3.4659e+000 +6.9933e-001 -3.2374e+000 -7.8265e-001 -2.2175e+000
162 +6.931789921e+001 +6.931789921e+001 +6.444789921e+001 +6.444789921e+001 +2.2727e+000 -4.0671e+000 +1.0091e+000 -4.6889e+000 +1.2780e+000 +1.5618e+000 -3.8317e-001 -1.7437e-001 +2.1752e+000 +7.3435e-001
202 +3.754362069e+001 +3.754362069e+001 +3.267362069e+001 +3.267362069e+001 +2.9825e+000 -4.3744e+000 +3.0064e+000 +1.9305e+000 -5.8399e-003 +1.4379e+000 +6.0978e-001 +2.9325e+000 +2.9365e+000 -3.3336e-002
502 +3.234949236e+001 +3.234949236e+001 +2.747949236e+001 +2.747949236e+001 +1.9711e+000 -3.5757e+000 +1.7333e+000 +1.5422e+000 -1.1041e+000 -5.4907e-001 +3.7198e+000 +1.5013e+000 +1.7970e+000 +1.9345e-001
679 +2.394586520e+001 +2.394586520e+001 +1.907586520e+001 +1.907586520e+001 +3.0229e+000 -3.4417e+000 +2.1002e+000 +1.1897e+000 -9.3558e-001 +1.5870e-001 +2.7412e+000 +1.6443e+000 +2.1758e+000 +5.9738e-001
789 +2.235381323e+001 +2.235381323e+001 +1.748381323e+001 +1.748381323e+001 +3.5912e+000 -3.6411e+000 +1.6526e+000 +1.2917e+000 -1.3560e+000 +5.5107e-001 +2.9592e+000 +2.7212e+000 +2.8886e+000 -1.3662e+000
822 +1.969831412e+001 +1.969831412e+001 +1.482831412e+001 +1.482831412e+001 +4.6325e+000 -3.8580e+000 +1.8662e+000 +1.5635e+000 -8.0769e-001 -5.5504e-001 +4.3044e+000 +1.8635e+000 +3.0145e+000 +2.9178e-001
825 +1.783279914e+001 +1.783279914e+001 +1.296279914e+001 +1.296279914e+001 +4.0018e+000 -3.8367e+000 +1.2953e+000 +2.7820e+000 -1.1099e+000 +4.7147e-001 +4.6343e+000 +1.7284e+000 +2.8813e+000 +1.1159e+000
841 +1.699398947e+001 +1.699398947e+001 +1.212398947e+001 +1.212398947e+001 +3.3438e+000 -4.4630e+000 +1.5581e+000 +1.4740e+000 -1.0137e+000 +3.8145e-001 +3.1384e+000 +3.7126e+000 +3.2241e+000 +1.1393e-002
873 +1.634318285e+001 +1.634318285e+001 +1.147318285e+001 +1.147318285e+001 +3.3397e+000 -5.1200e+000 +2.4012e+000 +1.0369e+000 -1.3775e-001 -4.3064e-001 +2.5184e+000 +2.6285e+000 +2.7720e+000 +1.6731e+000
925 +1.492320122e+001 +1.492320122e+001 +1.005320122e+001 +1.005320122e+001 +3.0692e+000 -3.6554e+000 +1.7364e+000 +2.5805e+000 -7.4452e-001 -2.8172e-001 +4.9186e+000 +2.5310e+000 +3.2899e+000 +8.9200e-001
961 +1.202064038e+001 +1.202064038e+001 +7.150640383e+000 +7.150640383e+000 +3.4787e+000 -3.9335e+000 +1.6254e+000 +1.7089e+000 -5.3419e-001 +9.5053e-002 +3.6459e+000 +1.5869e+000 +3.3105e+000 -2.5007e-001
1012 +9.734299055e+000 +9.734299055e+000 +4.864299055e+000 +4.864299055e+000 +2.9254e+000 -4.2888e+000 +1.8879e+000 +2.3828e+000 -8.5350e-001 +3.1527e-002 +3.5125e+000 +2.3597e+000 +2.8565e+000 +4.0150e-001
1121 +9.539292791e+000 +9.539292791e+000 +4.669292791e+000 +4.669292791e+000 +3.3798e+000 -4.5149e+000 +1.4621e+000 +1.6472e+000 -1.1384e+000 -2.7127e-002 +3.2363e+000 +2.6944e+000 +2.4431e+000 +6.6931e-001
1155 +8.765195820e+000 +8.765195820e+000 +3.895195820e+000 +3.895195820e+000 +3.2689e+000 -4.8144e+000 +1.8989e+000 +1.2346e+000 -6.3924e-001 -1.8249e-001 +3.1888e+000 +2.5635e+000 +3.6251e+000 +5.3930e-001
1178 +8.284800976e+000 +8.284800976e+000 +3.414800976e+000 +3.414800976e+000 +3.6249e+000 -4.5555e+000 +1.8519e+000 +2.5149e+000 -5.4864e-001 -1.9481e-002 +2.9942e+000 +2.4275e+000 +3.0616e+000 +2.8314e-001
1241 +8.030751714e+000 +8.030751714e+000 +3.160751714e+000 +3.160751714e+000 +3.6047e+000 -4.5300e+000 +1.5655e+000 +2.1916e+000 -1.0425e+000 -7.0243e-002 +2.8177e+000 +2.8039e+000 +2.7144e+000 +1.0171e-001
1338 +7.764563181e+000 +7.764563181e+000 +2.894563181e+000 +2.894563181e+000 +3.7253e+000 -4.3359e+000 +1.6321e+000 +2.1256e+000 -6.2620e-001 -8.2933e-002 +3.2465e+000 +2.2295e+000 +2.3885e+000 +7.7174e-001
1344 +7.723295991e+000 +7.723295991e+000 +2.853295991e+000 +2.853295991e+000 +3.7790e+000 -4.4806e+000 +1.7572e+000 +2.3611e+000 -8.3033e-001 -6.5269e-002 +3.1290e+000 +2.4346e+000 +2.6609e+000 +9.7970e-001
1366 +7.506347986e+000 +7.506347986e+000 +2.636347986e+000 +2.636347986e+000 +3.5070e+000 -4.4719e+000 +1.6868e+000 +2.2256e+000 -6.6611e-001 -1.6917e-001 +3.1160e+000 +2.4014e+000 +2.6089e+000 +3.1383e-001
1369 +7.329713617e+000 +7.329713617e+000 +2.459713617e+000 +2.459713617e+000 +3.6142e+000 -4.2706e+000 +1.8634e+000 +2.3351e+000 -5.6339e-001 -1.8201e-001 +3.2041e+000 +2.6933e+000 +2.6811e+000 +6.8126e-001
1410 +7.151869058e+000 +7.151869058e+000 +2.281869058e+000 +2.281869058e+000 +3.5797e+000 -4.2646e+000 +1.6225e+000 +2.4937e+000 -4.2269e-001 -2.6832e-001 +3.4198e+000 +2.3903e+000 +2.3101e+000 +1.1553e+000
1468 +6.960479485e+000 +6.960479485e+000 +2.090479485e+000 +2.090479485e+000 +3.4614e+000 -4.4176e+000 +1.6204e+000 +2.1930e+000 -7.4968e-001 -2.7212e-001 +3.2927e+000 +2.5033e+000 +2.5663e+000 +8.8098e-001
1504 +6.670252649e+000 +6.670252649e+000 +1.800252649e+000 +1.800252649e+000 +3.3226e+000 -4.6476e+000 +1.4973e+000 +2.1690e+000 -7.2637e-001 -4.6356e-001 +3.4125e+000 +2.6465e+000 +2.6408e+000 +6.7207e-001
1604 +6.494014984e+000 +6.494014984e+000 +1.624014984e+000 +1.624014984e+000 +3.2811e+000 -4.5307e+000 +1.5182e+000 +2.3457e+000 -5.1295e-001 -2.6837e-001 +3.4180e+000 +2.6110e+000 +2.7060e+000 +1.2178e+000
1631 +6.382202674e+000 +6.382202674e+000 +1.512202674e+000 +1.512202674e+000 +3.4659e+000 -4.4182e+000 +1.3885e+000 +2.4524e+000 -6.1810e-001 -2.8363e-001 +3.1967e+000 +2.6138e+000 +3.0797e+000 +1.5020e+000
1685 +6.053373246e+000 +6.053373246e+000 +1.183373246e+000 +1.183373246e+000 +3.4403e+000 -4.4905e+000 +1.4350e+000 +2.3435e+000 -4.2012e-001 -3.8025e-001 +3.4519e+000 +2.7367e+000 +2.6457e+000 +1.0034e+000
1694 +6.016293986e+000 +6.016293986e+000 +1.146293986e+000 +1.146293986e+000 +3.4886e+000 -4.4331e+000 +1.4585e+000 +2.3041e+000 -4.4822e-001 -4.1927e-001 +3.3302e+000 +2.6019e+000 +2.8018e+000 +1.3391e+000
1754 +5.859826040e+000 +5.859826040e+000 +9.898260400e-001 +9.898260400e-001 +3.4503e+000 -4.5078e+000 +1.4205e+000 +2.3029e+000 -3.6505e-001 -4.2434e-001 +3.2814e+000 +2.6260e+000 +2.7438e+000 +1.3958e+000
1958 +5.736110416e+000 +5.736110416e+000 +8.661104163e-001 +8.661104163e-001 +3.4151e+000 -4.5204e+000 +1.4276e+000 +2.3665e+000 -3.9015e-001 -4.9398e-001 +3.3316e+000 +2.6895e+000 +2.8300e+000 +1.3764e+000
2002 +5.577539465e+000 +5.577539465e+000 +7.075394654e-001 +7.075394654e-001 +3.5349e+000 -4.5647e+000 +1.3948e+000 +2.4045e+000 -1.4889e-001 -6.3726e-001 +3.3822e+000 +2.7565e+000 +2.7440e+000 +1.4862e+000
2141 +5.476603641e+000 +5.476603641e+000 +6.066036411e-001 +6.066036411e-001 +3.4400e+000 -4.5803e+000 +1.2746e+000 +2.3558e+000 -2.4496e-001 -5.6966e-001 +3.3877e+000 +2.7885e+000 +2.8413e+000 +1.5202e+000
2210 +5.284850851e+000 +5.284850851e+000 +4.148508505e-001 +4.148508505e-001 +3.4337e+000 -4.5836e+000 +1.3197e+000 +2.3638e+000 -1.6854e-001 -5.2608e-001 +3.1481e+000 +2.8558e+000 +3.0104e+000 +1.3163e+000
2454 +5.241650890e+000 +5.241650890e+000 +3.716508900e-001 +3.716508900e-001 +3.5008e+000 -4.6366e+000 +1.3211e+000 +2.3509e+000 -1.6863e-001 -5.7098e-001 +3.2082e+000 +2.8876e+000 +2.9506e+000 +1.3582e+000
3012 +5.128558359e+000 +5.128558359e+000 +2.585583586e-001 +2.585583586e-001 +3.4290e+000 -4.6653e+000 +1.2840e+000 +2.2808e+000 -7.3009e-002 -6.2233e-001 +3.1866e+000 +2.9545e+000 +3.0758e+000 +1.3464e+000
% function evaluation | noise-free fitness - Fopt (1.511400000000e+002) | best noise-free fitness - Fopt | measured fitness | best measured fitness | x1 | x2...
1 +8.607226983e+001 +8.607226983e+001 +2.372122698e+002 +2.372122698e+002 +1.6096e+000 +9.7066e-001 -2.0436e+000 +4.5039e+000 +1.8676e+000 -3.5628e+000 +5.1889e+000 -3.4343e+000 +1.0735e+000 -1.4631e+000
3 +8.304491252e+001 +8.304491252e+001 +2.341849125e+002 +2.341849125e+002 +4.9975e+000 +1.4504e+000 -4.4254e+000 +3.2067e+000 +7.5070e-001 +1.5146e+000 +4.2548e+000 -1.5316e+000 +9.6676e-001 -3.3757e+000
15 +7.955683736e+001 +7.955683736e+001 +2.306968374e+002 +2.306968374e+002 +3.8011e+000 +3.0675e+000 -8.4187e-001 +2.5886e+000 +4.2096e+000 -3.2259e-001 +3.9527e+000 +2.2336e-001 +5.2600e+000 -1.6326e-001
30 +6.611939858e+001 +6.611939858e+001 +2.172593986e+002 +2.172593986e+002 +2.6588e+000 +2.1113e+000 +1.2042e+000 +2.9634e+000 +1.4510e+000 -1.6537e+000 +4.4036e+000 +4.3371e+000 +8.0252e-002 +8.0965e-001
231 +6.534510456e+001 +6.534510456e+001 +2.164851046e+002 +2.164851046e+002 +1.9238e+000 +2.7699e+000 +2.2428e+000 +2.1468e+000 +5.1663e+000 +2.1249e+000 +3.2229e+000 +1.2339e-001 +9.1851e-001 -6.5607e-001
280 +6.160652564e+001 +6.160652564e+001 +2.127465256e+002 +2.127465256e+002 +3.9019e+000 +4.7111e-001 +1.6044e+000 +3.3756e+000 +1.2732e+000 -1.7133e+000 +3.4256e+000 +4.2488e+000 +1.0621e+000 -2.3500e-001
316 +5.906871550e+001 +5.906871550e+001 +2.102087155e+002 +2.102087155e+002 +5.5883e-001 +3.6812e+000 +3.9340e+000 +1.5022e+000 +4.5796e+000 -9.3259e-001 +3.3329e+000 +1.2825e+000 +2.4450e+000 -1.5802e-001
340 +5.523000761e+001 +5.523000761e+001 +2.063700076e+002 +2.063700076e+002 +1.3022e+000 +2.3761e+000 +3.3497e+000 +2.8615e+000 +3.9236e+000 -8.3114e-002 +3.4158e+000 +1.5188e+000 +2.6945e+000 -5.7869e-001
397 +4.962281074e+001 +4.962281074e+001 +2.007628107e+002 +2.007628107e+002 +2.1432e+000 +3.8005e+000 +1.4094e+000 +3.1940e+000 +2.4494e+000 -1.3166e+000 +5.4111e+000 +2.7697e+000 +2.7487e+000 +7.9071e-001
464 +4.567005417e+001 +4.567005417e+001 +1.968100542e+002 +1.968100542e+002 +3.7787e+000 +3.2198e+000 +2.7881e+000 +2.4833e+000 +3.7485e+000 -1.0896e-001 +4.5464e+000 +1.0974e+000 +2.6480e+000 +6.6771e-001
478 +3.466574810e+001 +3.466574810e+001 +1.858057481e+002 +1.858057481e+002 +2.5322e+000 +5.5279e+000 +4.1383e+000 +1.6338e+000 +1.9163e+000 -1.7213e+000 +4.3511e+000 +1.3986e+000 +4.2162e+000 -8.5849e-003
547 +2.326402795e+001 +2.326402795e+001 +1.744040279e+002 +1.744040279e+002 +4.1577e+000 +3.9694e+000 +2.7608e+000 +2.3043e+000 +1.8390e+000 -1.4547e+000 +4.8660e+000 +1.0436e+000 +3.3917e+000 +7.7514e-001
554 +1.893940471e+001 +1.893940471e+001 +1.700794047e+002 +1.700794047e+002 +3.4233e+000 +3.2803e+000 +3.2123e+000 +2.1277e+000 +2.2717e+000 -1.4279e+000 +4.7611e+000 +1.0150e+000 +2.9862e+000 +1.2864e+000
603 +1.417845703e+001 +1.417845703e+001 +1.653184570e+002 +1.653184570e+002 +4.1861e+000 +3.3693e+000 +3.2152e+000 +2.4922e+000 +3.1958e+000 -2.3847e+000 +4.2498e+000 +1.6491e+000 +1.9513e+000 +1.3434e+000
627 +1.234581829e+001 +1.234581829e+001 +1.634858183e+002 +1.634858183e+002 +3.5337e+000 +2.3146e+000 +3.8115e+000 +2.6149e+000 +3.1268e+000 -2.2916e+000 +4.6327e+000 +1.8607e+000 +1.5901e+000 +1.3252e+000
652 +7.684195368e+000 +7.684195368e+000 +1.588241954e+002 +1.588241954e+002 +3.4184e+000 +3.2752e+000 +4.1737e+000 +2.7066e+000 +2.8185e+000 -2.2587e+000 +4.3361e+000 +1.9365e+000 +2.5536e+000 +1.0415e+000
875 +7.442397356e+000 +7.442397356e+000 +1.585823974e+002 +1.585823974e+002 +4.2417e+000 +3.1034e+000 +3.8727e+000 +3.1742e+000 +2.4097e+000 -2.0516e+000 +4.2883e+000 +2.5985e+000 +1.9909e+000 +1.3966e+000
887 +7.155992058e+000 +7.155992058e+000 +1.582959921e+002 +1.582959921e+002 +3.8472e+000 +3.0453e+000 +4.0676e+000 +3.1496e+000 +3.0108e+000 -2.3600e+000 +5.1267e+000 +2.5994e+000 +2.5505e+000 +1.1257e+000
934 +6.855457344e+000 +6.855457344e+000 +1.579954573e+002 +1.579954573e+002 +3.9229e+000 +3.0805e+000 +3.7184e+000 +3.1370e+000 +2.7617e+000 -2.3019e+000 +5.0573e+000 +2.1844e+000 +2.9574e+000 +5.1668e-001
944 +6.563675493e+000 +6.563675493e+000 +1.577036755e+002 +1.577036755e+002 +3.7867e+000 +3.0897e+000 +4.0008e+000 +3.1324e+000 +2.4296e+000 -2.3167e+000 +4.9669e+000 +2.4179e+000 +2.3900e+000 +8.0085e-001
1007 +5.560499245e+000 +5.560499245e+000 +1.567004992e+002 +1.567004992e+002 +4.1693e+000 +3.0249e+000 +3.9112e+000 +3.2044e+000 +2.5340e+000 -2.3166e+000 +4.3557e+000 +2.4064e+000 +2.4937e+000 +6.4769e-001
1299 +5.348607854e+000 +5.348607854e+000 +1.564886079e+002 +1.564886079e+002 +4.1838e+000 +2.9217e+000 +3.9930e+000 +3.1023e+000 +2.6024e+000 -2.2909e+000 +4.6433e+000 +2.5958e+000 +2.6387e+000 +6.3055e-001
1568 +5.203277869e+000 +5.203277869e+000 +1.563432779e+002 +1.563432779e+002 +4.1403e+000 +2.8800e+000 +3.9572e+000 +3.0618e+000 +2.6301e+000 -2.2604e+000 +4.6051e+000 +2.7040e+000 +2.5716e+000 +4.5677e-001
1804 +5.127083928e+000 +5.127083928e+000 +1.562670839e+002 +1.562670839e+002 +4.1510e+000 +2.9999e+000 +4.0076e+000 +3.1070e+000 +2.6598e+000 -2.3004e+000 +4.4920e+000 +2.7174e+000 +2.4503e+000 +4.4180e-001
% function evaluation | noise-free fitness - Fopt (-1.332700000000e+002) | best noise-free fitness - Fopt | measured fitness | best measured fitness | x1 | x2...
1 +8.674882785e+001 +8.674882785e+001 -4.652117215e+001 -4.652117215e+001 +6.6480e-001 +3.5662e+000 -2.2919e-001 -1.6546e+000 -6.1645e+000 +5.0252e+000 +2.0692e+000 +2.5284e+000 +2.1879e+000 +3.0134e+000
5 +8.496637906e+001 +8.496637906e+001 -4.830362094e+001 -4.830362094e+001 -1.5943e+000 +6.2883e-001 -1.0251e+000 -5.7156e+000 -3.7266e+000 +4.3011e+000 +2.4521e+000 +3.0571e+000 +1.4184e+000 +1.1270e+000
49 +7.570670793e+001 +7.570670793e+001 -5.756329207e+001 -5.756329207e+001 -9.4379e-001 +2.1543e+000 -2.4345e+000 +3.7578e+000 -5.0910e+000 +4.5004e+000 +1.6669e+000 +4.5269e+000 -2.1260e+000 -6.2131e+000
129 +6.654099559e+001 +6.654099559e+001 -6.672900441e+001 -6.672900441e+001 +9.6861e-001 +2.3972e+000 +1.4082e-001 -5.6597e+000 -9.1365e-001 +3.4141e+000 +3.4100e+000 +1.7443e+000 -1.7702e+000 +8.7130e-001
167 +6.375252556e+001 +6.375252556e+001 -6.951747444e+001 -6.951747444e+001 +4.0694e-001 +4.9717e+000 +1.3557e+000 -2.4172e+000 +6.5026e-001 +4.5777e+000 +3.8758e+000 -2.3633e+000 -5.7109e-001 +2.7188e-001
261 +2.695440583e+001 +2.695440583e+001 -1.063155942e+002 -1.063155942e+002 +7.2103e-001 +1.8593e+000 -1.3960e+000 -3.6930e+000 +3.4461e-001 +3.2758e+000 +2.6159e+000 -3.3224e+000 -1.0959e+000 +2.2257e+000
418 +2.081323840e+001 +2.081323840e+001 -1.124567616e+002 -1.124567616e+002 -1.9040e-001 +3.2080e+000 -5.1154e-001 -4.5109e+000 -9.0619e-002 +3.8613e+000 +3.3574e+000 -7.7340e-001 -1.4307e-001 +2.3405e+000
477 +1.977838218e+001 +1.977838218e+001 -1.134916178e+002 -1.134916178e+002 -6.0749e-001 +2.5133e+000 -2.3474e+000 -5.2065e+000 +7.8133e-001 +2.9896e+000 +2.8932e+000 -2.5352e+000 -6.0097e-001 +1.8140e+000
501 +1.248159799e+001 +1.248159799e+001 -1.207884020e+002 -1.207884020e+002 +1.1266e-001 +2.6332e+000 -4.7552e-001 -4.8763e+000 +1.0031e+000 +3.3939e+000 +2.6815e+000 -1.3460e+000 -2.6574e-001 +2.1872e+000
794 +1.185904514e+001 +1.185904514e+001 -1.214109549e+002 -1.214109549e+002 +4.2742e-001 +2.5093e+000 -1.0645e+000 -4.5492e+000 +1.1283e+000 +3.1701e+000 +2.9279e+000 -1.5050e+000 -2.5753e-001 +1.9777e+000
810 +1.121486321e+001 +1.121486321e+001 -1.220551368e+002 -1.220551368e+002 +1.1401e+000 +2.3030e+000 -1.1862e+000 -4.7528e+000 +1.0061e+000 +3.2311e+000 +2.8697e+000 -1.4095e+000 +2.7366e-001 +2.7709e+000
984 +1.085051960e+001 +1.085051960e+001 -1.224194804e+002 -1.224194804e+002 +3.2665e-001 +2.5696e+000 -1.1708e+000 -4.7270e+000 +1.3329e+000 +2.9643e+000 +3.1750e+000 -1.6146e+000 +7.3527e-001 +2.4746e+000
1010 +1.042673425e+001 +1.042673425e+001 -1.228432658e+002 -1.228432658e+002 +7.1103e-001 +2.6360e+000 -1.1311e+000 -4.6705e+000 +1.2796e+000 +3.1448e+000 +3.1909e+000 -1.6970e+000 +5.2369e-002 +2.5032e+000
1105 +9.723727540e+000 +9.723727540e+000 -1.235462725e+002 -1.235462725e+002 +5.6667e-001 +2.4465e+000 -1.1933e+000 -4.6909e+000 +1.1699e+000 +2.8852e+000 +3.0657e+000 -1.8668e+000 +3.8751e-001 +2.3992e+000
1303 +9.427069268e+000 +9.427069268e+000 -1.238429307e+002 -1.238429307e+002 +7.3156e-001 +2.3357e+000 -1.0989e+000 -4.7084e+000 +1.1705e+000 +3.0079e+000 +2.9213e+000 -1.8233e+000 +4.1540e-001 +2.5197e+000
1435 +9.232947646e+000 +9.232947646e+000 -1.240370524e+002 -1.240370524e+002 +6.9640e-001 +2.3202e+000 -1.0256e+000 -4.6166e+000 +1.1404e+000 +3.1040e+000 +2.8991e+000 -1.9936e+000 +6.6553e-001 +2.4658e+000
1501 +9.038699617e+000 +9.038699617e+000 -1.242313004e+002 -1.242313004e+002 +7.4401e-001 +2.3137e+000 -9.8334e-001 -4.6567e+000 +1.2638e+000 +3.0601e+000 +2.7391e+000 -2.0570e+000 +6.7924e-001 +2.4387e+000
1777 +8.912401470e+000 +8.912401470e+000 -1.243575985e+002 -1.243575985e+002 +7.9775e-001 +2.1346e+000 -9.9876e-001 -4.6204e+000 +1.2936e+000 +3.0802e+000 +2.6813e+000 -2.2536e+000 +7.4392e-001 +2.4637e+000
% function evaluation | noise-free fitness - Fopt (-5.488000000000e+001) | best noise-free fitness - Fopt | measured fitness | best measured fitness | x1 | x2...
1 +8.401242744e+001 +8.401242744e+001 +2.913242744e+001 +2.913242744e+001 +1.7362e+000 -4.4786e+000 -3.9657e+000 -2.2697e-001 -2.5704e+000 -4.5748e+000 +1.4470e+000 -5.1960e-001 +4.8276e+000 +3.1197e+000
19 +7.371448031e+001 +7.371448031e+001 +1.883448031e+001 +1.883448031e+001 +4.5376e-001 +1.4971e+000 -5.7681e+000 +6.6882e-001 +1.8154e+000 -4.3507e+000 -6.3777e-001 +5.2945e-001 +3.0094e+000 +1.4748e+000
34 +6.670570354e+001 +6.670570354e+001 +1.182570354e+001 +1.182570354e+001 +1.0281e+000 +6.1933e-001 -5.4702e+000 +2.1273e-001 -1.2874e+000 -4.0730e+000 -7.5956e-001 -6.5928e-001 +1.7299e+000 +2.8278e+000
153 +5.326608795e+001 +5.326608795e+001 -1.613912047e+000 -1.613912047e+000 +2.0485e+000 +7.7331e-003 -2.8392e+000 +1.6722e+000 -7.6987e-001 -3.7782e+000 +1.3381e-001 -2.3438e+000 +2.4429e+000 +2.3441e+000
165 +4.211097646e+001 +4.211097646e+001 -1.276902354e+001 -1.276902354e+001 +2.9096e+000 -2.3967e-001 -3.3454e+000 +1.8920e+000 -6.2806e-001 -4.2422e+000 -1.3401e+000 -2.4031e+000 +2.0866e+000 +9.2225e-001
247 +3.491323810e+001 +3.491323810e+001 -1.996676190e+001 -1.996676190e+001 +2.1921e+000 -7.2835e-001 -4.4560e+000 +4.8169e-001 -1.1368e+000 -2.7556e+000 -1.4521e+000 -3.7053e+000 +2.6364e+000 +1.4660e+000
302 +2.797100222e+001 +2.797100222e+001 -2.690899778e+001 -2.690899778e+001 +2.3740e+000 +1.1123e+000 -4.8384e+000 +1.1773e+000 -7.9101e-001 -3.2396e+000 -3.3612e+000 -2.4152e+000 +2.4315e+000 +1.5321e+000
320 +2.492950351e+001 +2.492950351e+001 -2.995049649e+001 -2.995049649e+001 +3.0393e+000 +8.4528e-001 -2.2141e+000 +5.6384e-001 -3.4123e+000 -2.3178e+000 -2.8520e+000 -2.4404e+000 +4.4940e+000 +1.2159e+000
406 +2.337695854e+001 +2.337695854e+001 -3.150304146e+001 -3.150304146e+001 +2.5583e+000 +6.8884e-001 -3.6834e+000 +6.2041e-001 -2.5313e+000 -2.5739e+000 -1.6340e+000 -2.8741e+000 +2.9062e+000 +1.9373e+000
435 +2.134670957e+001 +2.134670957e+001 -3.353329043e+001 -3.353329043e+001 +2.9035e+000 +7.3246e-001 -4.5255e+000 -8.1146e-001 -1.7730e+000 -6.8667e-001 -2.9083e+000 -3.0613e+000 +2.8535e+000 -2.9536e-001
444 +1.676558804e+001 +1.676558804e+001 -3.811441196e+001 -3.811441196e+001 +2.5374e+000 +9.1704e-001 -3.1819e+000 -1.2880e+000 -1.4214e+000 -2.4435e+000 -3.8623e+000 -2.0806e+000 +2.1262e+000 -3.1048e-001
467 +1.477314084e+001 +1.477314084e+001 -4.010685916e+001 -4.010685916e+001 +2.8761e+000 +5.2526e-002 -4.3359e+000 +1.0682e+000 -1.6537e+000 -2.8959e+000 -1.7552e+000 -2.7759e+000 +3.4574e+000 +1.0857e+000
570 +1.232941527e+001 +1.232941527e+001 -4.255058473e+001 -4.255058473e+001 +3.6766e+000 -5.6621e-001 -3.9003e+000 +7.1876e-001 -1.9040e+000 -2.4369e+000 -3.0119e+000 -2.6904e+000 +2.4220e+000 +4.0707e-001
656 +1.006102078e+001 +1.006102078e+001 -4.481897922e+001 -4.481897922e+001 +2.7819e+000 -8.9786e-001 -2.5333e+000 +3.7352e-001 -2.7818e+000 -2.0556e+000 -2.7211e+000 -3.1626e+000 +2.4728e+000 +5.6058e-001
790 +9.179803367e+000 +9.179803367e+000 -4.570019663e+001 -4.570019663e+001 +2.7257e+000 -3.9937e-001 -3.0540e+000 +7.6984e-001 -1.4271e+000 -2.5355e+000 -2.0737e+000 -2.7630e+000 +2.1162e+000 +7.4710e-001
813 +8.988529937e+000 +8.988529937e+000 -4.589147006e+001 -4.589147006e+001 +2.8981e+000 +1.9185e-002 -2.7215e+000 +3.8259e-001 -2.3459e+000 -2.4681e+000 -2.2263e+000 -2.7416e+000 +3.0085e+000 +8.5126e-001
830 +8.095217158e+000 +8.095217158e+000 -4.678478284e+001 -4.678478284e+001 +2.5189e+000 +5.0617e-001 -2.8489e+000 +5.0346e-001 -1.8866e+000 -2.0963e+000 -1.6996e+000 -2.6148e+000 +3.0941e+000 +5.3625e-001
1036 +6.661781295e+000 +6.661781295e+000 -4.821821870e+001 -4.821821870e+001 +2.6219e+000 +5.2350e-002 -2.5986e+000 +2.2601e-001 -1.8004e+000 -1.7990e+000 -2.2110e+000 -2.8404e+000 +2.3650e+000 +6.1962e-001
1143 +6.254125586e+000 +6.254125586e+000 -4.862587441e+001 -4.862587441e+001 +2.5041e+000 +1.3275e-001 -2.4569e+000 +3.5353e-001 -2.1250e+000 -1.7731e+000 -2.3873e+000 -3.0293e+000 +2.6670e+000 +5.7867e-001
1207 +5.961472335e+000 +5.961472335e+000 -4.891852767e+001 -4.891852767e+001 +2.6695e+000 +1.1895e-001 -2.2975e+000 +1.7367e-001 -1.8538e+000 -1.8937e+000 -2.3604e+000 -2.9473e+000 +2.5249e+000 +3.1647e-001
1302 +5.847477686e+000 +5.847477686e+000 -4.903252231e+001 -4.903252231e+001 +2.5671e+000 +4.3877e-001 -2.2803e+000 -4.1310e-003 -1.7339e+000 -1.8887e+000 -2.5074e+000 -3.1013e+000 +2.2077e+000 +5.1016e-001
1311 +5.136691919e+000 +5.136691919e+000 -4.974330808e+001 -4.974330808e+001 +2.5986e+000 +4.2343e-001 -2.1504e+000 +1.5835e-001 -1.7950e+000 -1.7353e+000 -2.3938e+000 -2.9979e+000 +2.3820e+000 +2.6092e-001
1363 +3.669609140e+000 +3.669609140e+000 -5.121039086e+001 -5.121039086e+001 +2.6774e+000 +8.3816e-001 -2.2135e+000 +2.5268e-001 -1.9990e+000 -1.2126e+000 -2.7524e+000 -3.6002e+000 +2.3690e+000 +3.9241e-001
1907 +3.429120596e+000 +3.429120596e+000 -5.145087940e+001 -5.145087940e+001 +2.5201e+000 +5.2751e-001 -2.5470e+000 +1.1188e-001 -1.9706e+000 -1.1688e+000 -2.4372e+000 -3.3538e+000 +2.1772e+000 +2.6639e-001
2105 +3.369258202e+000 +3.369258202e+000 -5.151074180e+001 -5.151074180e+001 +2.5307e+000 +5.2290e-001 -2.4726e+000 +1.3568e-001 -2.0211e+000 -1.1138e+000 -2.4732e+000 -3.3406e+000 +2.2788e+000 +3.2922e-001
2164 +3.310092800e+000 +3.310092800e+000 -5.156990720e+001 -5.156990720e+001 +2.5643e+000 +5.7589e-001 -2.5218e+000 +1.8502e-002 -2.0001e+000 -1.1518e+000 -2.5146e+000 -3.3494e+000 +2.2047e+000 +3.1808e-001
2210 +3.165743403e+000 +3.165743403e+000 -5.171425660e+001 -5.171425660e+001 +2.5303e+000 +5.5271e-001 -2.4283e+000 +8.0321e-002 -1.9650e+000 -8.8889e-001 -2.4067e+000 -3.4636e+000 +2.1728e+000 +1.5696e-001
2406 +3.132051367e+000 +3.132051367e+000 -5.174794863e+001 -5.174794863e+001 +2.5026e+000 +7.4855e-001 -2.4803e+000 +7.0534e-002 -1.9911e+000 -9.9148e-001 -2.5378e+000 -3.4068e+000 +2.1970e+000 +2.3929e-001
2534 +3.072524920e+000 +3.072524920e+000 -5.180747508e+001 -5.180747508e+001 +2.4899e+000 +6.3564e-001 -2.4397e+000 +4.6029e-002 -2.0109e+000 -9.5687e-001 -2.5475e+000 -3.4381e+000 +2.1764e+000 +2.3268e-001
2828 +3.008099489e+000 +3.008099489e+000 -5.187190051e+001 -5.187190051e+001 +2.5377e+000 +7.3217e-001 -2.3760e+000 +1.1321e-002 -2.0130e+000 -9.0522e-001 -2.5938e+000 -3.4468e+000 +2.1977e+000 +2.4598e-001
3270 +2.940075137e+000 +2.940075137e+000 -5.193992486e+001 -5.193992486e+001 +2.5333e+000 +7.2839e-001 -2.3818e+000 -1.8476e-002 -2.0550e+000 -8.2843e-001 -2.5870e+000 -3.5029e+000 +2.1262e+000 +2.1842e-001
3707 +2.876268345e+000 +2.876268345e+000 -5.200373165e+001 -5.200373165e+001 +2.5946e+000 +7.6637e-001 -2.4861e+000 +3.3242e-003 -2.0643e+000 -8.5186e-001 -2.7295e+000 -3.5860e+000 +2.1372e+000 +2.8603e-001
4277 +2.810481226e+000 +2.810481226e+000 -5.206951877e+001 -5.206951877e+001 +2.5842e+000 +7.7937e-001 -2.4636e+000 +4.0996e-003 -2.1302e+000 -7.4907e-001 -2.7074e+000 -3.6278e+000 +2.1681e+000 +2.7893e-001
4753 +2.753118934e+000 +2.753118934e+000 -5.212688107e+001 -5.212688107e+001 +2.6539e+000 +8.4632e-001 -2.4824e+000 +4.4193e-002 -2.1634e+000 -7.0060e-001 -2.7580e+000 -3.7048e+000 +2.1883e+000 +3.4986e-001
6069 +2.683108180e+000 +2.683108180e+000 -5.219689182e+001 -5.219689182e+001 +2.7219e+000 +8.3748e-001 -2.5361e+000 +9.1172e-002 -2.1977e+000 -6.4677e-001 -2.8599e+000 -3.8537e+000 +2.1904e+000 +3.5764e-001
8393 +2.629668878e+000 +2.629668878e+000 -5.225033112e+001 -5.225033112e+001 +2.8042e+000 +8.7101e-001 -2.5947e+000 +1.4525e-001 -2.2405e+000 -5.3517e-001 -2.9197e+000 -3.9993e+000 +2.1818e+000 +4.1903e-001
% function evaluation | noise-free fitness - Fopt (-2.253700000000e+002) | best noise-free fitness - Fopt | measured fitness | best measured fitness | x1 | x2...
1 +8.717611374e+001 +8.717611374e+001 -1.381938863e+002 -1.381938863e+002 -1.3146e+000 -4.8510e+000 -1.3173e+000 -3.2478e+000 +1.5255e+000 -5.9001e+000 +2.5887e+000 -4.5851e+000 +2.9820e+000 +2.1932e+000
3 +8.517160493e+001 +8.517160493e+001 -1.401983951e+002 -1.401983951e+002 -1.7164e+000 -1.9210e+000 -2.1645e+000 -1.6595e+000 -4.8704e+000 -4.0656e+000 -1.4260e+000 -1.2889e+000 +4.0563e+000 +1.7332e+000
8 +8.082680629e+001 +8.082680629e+001 -1.445431937e+002 -1.445431937e+002 -1.8971e+000 +7.4132e-001 +4.7070e-001 +7.1132e-001 -3.4584e+000 -2.2775e+000 -1.7724e+000 -2.2790e+000 +8.6839e-001 +4.3974e+000
34 +7.734923694e+001 +7.734923694e+001 -1.480207631e+002 -1.480207631e+002 +4.5877e+000 +7.6049e-001 +2.4597e+000 -1.8931e+000 -9.9497e-001 -2.2515e+000 -2.5614e+000 -3.1794e+000 -4.1400e-001 +1.6889e+000
62 +7.143242773e+001 +7.143242773e+001 -1.539375723e+002 -1.539375723e+002 +5.9823e-001 -1.3060e+000 +1.8591e+000 -3.3075e+000 -1.2642e+000 -1.5665e+000 +2.8192e+000 +1.7037e+000 +2.0661e+000 +1.8794e+000
96 +5.756743042e+001 +5.756743042e+001 -1.678025696e+002 -1.678025696e+002 +2.7562e+000 +6.7343e-001 +1.8587e+000 -2.4799e+000 -1.2925e+000 +2.3230e+000 -9.0755e-001 +1.9377e+000 +6.5811e-001 +1.4699e+000
201 +5.144676480e+001 +5.144676480e+001 -1.739232352e+002 -1.739232352e+002 -4.8255e-001 +2.0553e+000 -1.7947e+000 -2.1610e+000 -6.8308e-001 -1.6221e+000 +7.4319e-001 -1.5611e+000 +3.7744e+000 -2.9139e-002
272 +4.991625489e+001 +4.991625489e+001 -1.754537451e+002 -1.754537451e+002 +3.4881e+000 +2.8881e+000 +7.6233e-001 -6.4269e-002 -4.7355e-001 -2.0500e+000 -1.2695e+000 -2.7732e+000 +5.1299e+000 +1.0459e+000
290 +4.447895254e+001 +4.447895254e+001 -1.808910475e+002 -1.808910475e+002 +7.5642e-001 +1.0722e+000 -8.7685e-001 -3.2067e-001 -9.7450e-001 -1.4076e+000 -6.8993e-001 -8.5023e-001 +2.9448e+000 -2.8556e+000
403 +3.545161742e+001 +3.545161742e+001 -1.899183826e+002 -1.899183826e+002 +2.6353e+000 +3.1489e+000 +4.5047e-001 +8.7104e-001 -7.9745e-001 -2.7886e+000 -1.4482e+000 -1.5708e+000 +3.5367e+000 +2.0472e-001
604 +3.410028059e+001 +3.410028059e+001 -1.912697194e+002 -1.912697194e+002 +2.2292e+000 +3.4149e+000 +1.0910e+000 +5.4448e-001 -3.4065e-001 -2.2854e+000 -1.5650e+000 -1.9482e+000 +3.8777e+000 +1.1274e+000
641 +3.232452143e+001 +3.232452143e+001 -1.930454786e+002 -1.930454786e+002 +2.0904e+000 +3.3464e+000 +7.5114e-001 +9.3596e-001 -7.1591e-001 -2.3547e+000 -1.8283e+000 -1.9637e+000 +3.3660e+000 +4.3848e-001
812 +3.122291069e+001 +3.122291069e+001 -1.941470893e+002 -1.941470893e+002 +2.3905e+000 +3.6374e+000 +7.1541e-001 +2.6600e-001 -8.7953e-001 -2.8042e+000 -1.7532e+000 -2.6788e+000 +3.7201e+000 +9.5451e-001
1040 +3.087605010e+001 +3.087605010e+001 -1.944939499e+002 -1.944939499e+002 +2.2165e+000 +3.5902e+000 +6.3961e-001 +5.3744e-001 -8.1530e-001 -2.6200e+000 -2.2080e+000 -2.1150e+000 +3.4962e+000 +8.5090e-001
1211 +3.019449770e+001 +3.019449770e+001 -1.951755023e+002 -1.951755023e+002 +2.2690e+000 +3.4879e+000 +5.7752e-001 +6.3163e-001 -8.4735e-001 -2.8119e+000 -1.8778e+000 -2.3684e+000 +3.4378e+000 +9.8285e-001
% function evaluation | noise-free fitness - Fopt (-2.212900000000e+002) | best noise-free fitness - Fopt | measured fitness | best measured fitness | x1 | x2...
1 +8.788167706e+001 +8.788167706e+001 -1.334083229e+002 -1.334083229e+002 -5.0397e+000 -3.4188e-001 -3.7465e-001 +3.9217e+000 +6.1601e+000 +4.6753e+000 +1.3372e+000 -3.6062e+000 -2.4654e+000 -3.3533e+000
6 +8.681035711e+001 +8.681035711e+001 -1.344796429e+002 -1.344796429e+002 -3.2633e+000 +1.3396e+000 -7.7394e-001 +5.7136e+000 +4.8806e+000 -2.6023e-001 +2.3337e+000 -3.8088e+000 +1.3294e+000 -2.2832e+000
11 +7.512679182e+001 +7.512679182e+001 -1.461632082e+002 -1.461632082e+002 -5.1240e+000 -1.9430e+000 -4.7810e+000 +1.9172e+000 +1.9879e+000 +2.9151e+000 +1.3492e+000 -4.4843e-001 -2.5063e-001 -5.5225e+000
140 +6.846490150e+001 +6.846490150e+001 -1.528250985e+002 -1.528250985e+002 -6.1834e-001 -2.4426e+000 -2.7221e+000 +5.5475e-001 -6.9097e-002 +1.5866e+000 +1.0046e+000 +1.6160e-002 -4.7060e+000 -5.9867e+000
169 +6.427150073e+001 +6.427150073e+001 -1.570184993e+002 -1.570184993e+002 -3.8609e+000 -1.3752e+000 -4.8491e-001 +2.0846e+000 -6.9145e-001 +1.0220e+000 +1.9674e+000 -1.2471e+000 -3.2563e-002 -3.0512e+000
356 +6.244819192e+001 +6.244819192e+001 -1.588418081e+002 -1.588418081e+002 -3.2637e+000 +6.5837e-001 -9.8792e-001 +1.1451e+000 +9.0753e-001 +5.0957e-001 +2.1468e+000 -4.5918e-001 -2.0747e-001 -4.3693e-001
367 +5.762311024e+001 +5.762311024e+001 -1.636668898e+002 -1.636668898e+002 -1.3268e+000 -3.1276e-001 -2.8048e+000 +2.0281e+000 -1.6867e+000 +6.9013e-001 +1.3375e+000 +3.7085e-001 -9.1168e-001 +1.5220e-001
398 +5.132651874e+001 +5.132651874e+001 -1.699634813e+002 -1.699634813e+002 -2.6827e+000 -1.0754e+000 -2.7301e+000 +1.4379e+000 +9.4318e-001 +2.3570e-001 +1.0792e+000 -4.2592e-001 -2.0281e+000 -3.7099e+000
505 +5.088437729e+001 +5.088437729e+001 -1.704056227e+002 -1.704056227e+002 -2.8912e+000 +1.0071e+000 -7.6776e-001 +1.3562e+000 +1.7595e-002 +4.3967e-001 +3.0778e+000 +1.9597e-001 -1.3403e+000 -8.1792e-001
545 +4.986889996e+001 +4.986889996e+001 -1.714211000e+002 -1.714211000e+002 -3.5811e+000 -9.0507e-001 -9.5369e-001 +2.3050e+000 +2.1920e-001 +2.6106e-001 +1.6368e+000 -2.6557e-001 -8.3836e-001 -1.7769e+000
554 +4.618058732e+001 +4.618058732e+001 -1.751094127e+002 -1.751094127e+002 -2.2975e+000 +1.0083e+000 +2.8710e-001 +9.0460e-001 -3.4340e-001 -7.8886e-001 +1.4599e+000 -1.1395e+000 -6.7180e-001 -1.1093e+000
594 +4.008603707e+001 +4.008603707e+001 -1.812039629e+002 -1.812039629e+002 -2.5744e+000 +3.4311e-001 -1.3144e+000 +2.2683e+000 -3.6778e-001 +3.3820e-001 +1.5805e+000 -7.0202e-001 -1.2985e+000 -2.9578e+000
690 +3.915894524e+001 +3.915894524e+001 -1.821310548e+002 -1.821310548e+002 -2.3175e+000 -7.5992e-001 -3.0812e+000 +2.2236e+000 -6.4015e-001 -5.9468e-001 +3.4415e+000 -6.8199e-001 -6.2466e-001 -8.4183e-001
701 +2.959736038e+001 +2.959736038e+001 -1.916926396e+002 -1.916926396e+002 -2.4494e+000 -8.9011e-001 -4.1380e+000 +2.5333e+000 -1.1117e+000 -6.5773e-001 +2.9026e+000 -2.3943e-001 -2.2836e+000 +2.5472e-001
706 +2.551170699e+001 +2.551170699e+001 -1.957782930e+002 -1.957782930e+002 -2.2391e+000 -8.1089e-001 -3.5158e+000 +2.5227e+000 -1.2855e+000 -1.0126e+000 +2.8042e+000 -4.7892e-001 -7.2161e-001 +3.2812e-001
751 +2.444778339e+001 +2.444778339e+001 -1.968422166e+002 -1.968422166e+002 -2.2705e+000 -7.5049e-001 -3.9517e+000 +3.1566e+000 -1.2558e+000 -1.2325e+000 +3.4996e+000 -7.8746e-001 -1.3112e+000 -2.0886e-001
757 +2.378089483e+001 +2.378089483e+001 -1.975091052e+002 -1.975091052e+002 -1.6071e+000 -9.7309e-001 -3.5920e+000 +2.3787e+000 -2.0212e+000 -1.0022e+000 +3.2509e+000 -4.1697e-001 -1.4669e+000 -7.9462e-001
779 +2.300930103e+001 +2.300930103e+001 -1.982806990e+002 -1.982806990e+002 -1.6616e+000 -9.1508e-001 -3.6395e+000 +2.6866e+000 -1.3291e+000 -5.8411e-001 +3.7268e+000 -4.5184e-001 -1.0963e+000 +1.0284e+000
796 +2.252740351e+001 +2.252740351e+001 -1.987625965e+002 -1.987625965e+002 -1.3942e+000 -8.6996e-001 -3.7502e+000 +2.5094e+000 -1.1549e+000 -9.4118e-001 +3.4657e+000 -3.9024e-001 -9.9428e-001 +1.8697e-001
804 +2.081538728e+001 +2.081538728e+001 -2.004746127e+002 -2.004746127e+002 -1.7685e+000 -5.2144e-001 -4.0434e+000 +2.0330e+000 -2.0189e+000 -2.0659e+000 +3.3621e+000 +8.5379e-002 -1.3065e+000 +1.6405e-001
838 +1.997850885e+001 +1.997850885e+001 -2.013114912e+002 -2.013114912e+002 -1.5037e+000 -1.1020e+000 -5.5205e+000 +2.2991e+000 -2.5945e+000 -9.7185e-001 +3.5757e+000 +2.6005e-001 -1.5083e+000 -2.7384e-001
851 +1.957178548e+001 +1.957178548e+001 -2.017182145e+002 -2.017182145e+002 -1.8595e+000 -6.6409e-001 -4.0162e+000 +2.6055e+000 -1.6284e+000 -1.1366e+000 +3.7703e+000 +1.9757e-001 -1.0960e+000 +5.3548e-002
858 +1.706797274e+001 +1.706797274e+001 -2.042220273e+002 -2.042220273e+002 -1.9154e+000 -9.4600e-001 -4.2702e+000 +2.5650e+000 -2.1074e+000 -8.5070e-001 +3.6593e+000 -5.3092e-001 -7.2815e-001 +1.0222e-001
896 +1.508341513e+001 +1.508341513e+001 -2.062065849e+002 -2.062065849e+002 -1.9594e+000 -1.9423e+000 -3.8860e+000 +2.7813e+000 -2.2632e+000 -1.4267e+000 +3.7350e+000 -6.3639e-001 -8.1957e-001 +1.2466e-001
936 +1.456598561e+001 +1.456598561e+001 -2.067240144e+002 -2.067240144e+002 -1.9088e+000 -1.2113e+000 -4.8707e+000 +2.2430e+000 -3.1279e+000 -1.6477e+000 +3.6617e+000 -9.1882e-003 -1.0849e+000 +1.1376e-001
1052 +1.392732229e+001 +1.392732229e+001 -2.073626777e+002 -2.073626777e+002 -1.8326e+000 -1.1397e+000 -4.4232e+000 +2.3201e+000 -2.7765e+000 -1.6977e+000 +4.0567e+000 +7.9078e-002 -1.1728e+000 -1.3079e-001
1105 +1.379585321e+001 +1.379585321e+001 -2.074941468e+002 -2.074941468e+002 -1.6144e+000 -1.3804e+000 -4.2999e+000 +2.4524e+000 -2.3305e+000 -1.1541e+000 +4.3362e+000 -6.2894e-002 -9.6148e-001 +7.5440e-001
1116 +1.337336725e+001 +1.337336725e+001 -2.079166328e+002 -2.079166328e+002 -1.7640e+000 -1.1494e+000 -4.6569e+000 +2.6241e+000 -2.8568e+000 -1.6832e+000 +3.8779e+000 -4.0402e-001 -9.2854e-001 +3.1886e-001
1136 +1.304369478e+001 +1.304369478e+001 -2.082463052e+002 -2.082463052e+002 -2.0545e+000 -1.4270e+000 -4.3263e+000 +2.4903e+000 -2.9294e+000 -1.7458e+000 +4.1492e+000 +2.5289e-001 -9.1668e-001 +4.9143e-001
1173 +1.252568975e+001 +1.252568975e+001 -2.087643102e+002 -2.087643102e+002 -1.8314e+000 -1.3036e+000 -4.2682e+000 +2.4105e+000 -2.7763e+000 -1.6751e+000 +3.9538e+000 +1.9660e-002 -1.0382e+000 +3.5905e-001
1209 +1.220817279e+001 +1.220817279e+001 -2.090818272e+002 -2.090818272e+002 -1.8285e+000 -1.4972e+000 -4.3149e+000 +2.5023e+000 -2.5662e+000 -2.0683e+000 +4.0843e+000 -1.5927e-002 -1.0097e+000 +4.0926e-001
1252 +1.195777896e+001 +1.195777896e+001 -2.093322210e+002 -2.093322210e+002 -1.6711e+000 -1.4512e+000 -4.4632e+000 +2.2076e+000 -2.8338e+000 -1.8404e+000 +4.0080e+000 -3.2606e-002 -7.0550e-001 +7.4996e-001
1351 +1.167770632e+001 +1.167770632e+001 -2.096122937e+002 -2.096122937e+002 -1.8171e+000 -1.5682e+000 -4.3515e+000 +2.3291e+000 -2.8128e+000 -2.0591e+000 +4.1522e+000 -8.5373e-002 -8.9018e-001 +5.9869e-001
1551 +1.145503264e+001 +1.145503264e+001 -2.098349674e+002 -2.098349674e+002 -1.8846e+000 -1.5572e+000 -4.3706e+000 +2.2807e+000 -2.6607e+000 -2.0034e+000 +4.3164e+000 -2.4964e-001 -8.8427e-001 +3.7435e-001
1805 +1.119580597e+001 +1.119580597e+001 -2.100941940e+002 -2.100941940e+002 -1.8207e+000 -1.7204e+000 -4.4277e+000 +2.2536e+000 -2.8087e+000 -1.9859e+000 +4.1820e+000 -2.4134e-001 -6.8274e-001 +4.7621e-001
% function evaluation | noise-free fitness - Fopt (1.065700000000e+002) | best noise-free fitness - Fopt | measured fitness | best measured fitness | x1 | x2...
1 +1.306021525e+002 +1.306021525e+002 +2.371721525e+002 +2.371721525e+002 -3.4951e+000 +1.3894e+000 +6.4918e+000 -3.1716e+000 +3.8798e+000 -1.1172e+000 -3.0706e+000 +1.1466e+001 +3.0541e+000 -5.0746e+000
3 +8.624290061e+001 +8.624290061e+001 +1.928129006e+002 +1.928129006e+002 -2.1671e+000 +1.4190e+000 +4.5869e+000 -4.6714e+000 -3.6721e+000 -1.9874e+000 +5.5763e+000 -4.2650e+000 -4.8296e-001 -4.8479e+000
11 +7.989726118e+001 +7.989726118e+001 +1.864672612e+002 +1.864672612e+002 -2.1373e+000 +3.9920e+000 -1.6799e+000 -3.2330e+000 -4.7944e+000 +1.0210e+000 +5.1516e+000 -3.9578e+000 -7.4948e-001 -1.6306e-001
142 +7.838783405e+001 +7.838783405e+001 +1.849578341e+002 +1.849578341e+002 +2.7378e+000 +2.4814e+000 +1.5638e+000 +5.9303e-001 -3.5201e+000 -1.9185e+000 +3.4035e+000 -3.0994e+000 +6.6453e-002 -4.9606e-001
160 +7.440638790e+001 +7.440638790e+001 +1.809763879e+002 +1.809763879e+002 +3.4343e+000 +5.1240e-001 +4.3279e-001 -9.3997e-001 -1.2968e+000 -2.5976e+000 +5.5334e+000 -2.0930e-001 +1.2538e+000 -3.0270e+000
180 +6.924954853e+001 +6.924954853e+001 +1.758195485e+002 +1.758195485e+002 +1.8008e+000 +1.4622e+000 +1.1641e+000 -7.2131e-001 -3.3610e+000 -1.0897e+000 +5.3318e+000 -7.8234e-001 -2.0926e-001 -7.3572e-001
363 +6.365122367e+001 +6.365122367e+001 +1.702212237e+002 +1.702212237e+002 +3.5305e+000 +2.3405e-001 -2.8284e+000 +1.4015e+000 -8.4459e-001 +2.7888e+000 -1.9602e-002 -1.7203e+000 +1.1984e+000 -8.4507e-001
585 +5.759398548e+001 +5.759398548e+001 +1.641639855e+002 +1.641639855e+002 +5.5053e-001 -1.1533e-001 -4.8152e+000 +4.3896e+000 -9.2101e-001 -3.4094e+000 +3.6000e+000 +1.3922e+000 +1.1906e+000 -5.3177e-001
591 +4.273457518e+001 +4.273457518e+001 +1.493045752e+002 +1.493045752e+002 -2.3215e+000 -7.7515e-001 +1.1730e+000 +3.6772e+000 +5.2799e-001 +9.8731e-001 -1.5097e+000 +5.0454e-001 -1.5937e-001 +1.0988e-001
1115 +4.120164874e+001 +4.120164874e+001 +1.477716487e+002 +1.477716487e+002 +2.6564e-003 +5.5619e-001 +2.1038e+000 +3.3988e+000 -2.2601e+000 -1.2310e-001 +3.3595e+000 +1.6635e+000 -1.3875e+000 -3.0007e+000
1125 +3.227215061e+001 +3.227215061e+001 +1.388421506e+002 +1.388421506e+002 +5.5756e-002 -7.7698e-002 +1.4532e+000 +2.3574e+000 -3.5441e+000 -1.2050e+000 +2.3715e+000 +1.0292e+000 -9.8448e-001 -2.2897e+000
1156 +2.601812662e+001 +2.601812662e+001 +1.325881266e+002 +1.325881266e+002 +2.4799e-001 +3.3478e-001 +1.5826e+000 +2.8469e+000 -2.9407e+000 -5.4542e-001 +4.2186e+000 +2.1420e+000 -1.3117e+000 -1.7740e+000
1208 +2.414316065e+001 +2.414316065e+001 +1.307131607e+002 +1.307131607e+002 +2.2617e-001 +3.0854e-001 +2.2672e+000 +2.2339e+000 -3.0472e+000 -4.6168e-001 +2.7767e+000 +3.4929e+000 -9.1556e-002 -1.8392e+000
1216 +2.105060918e+001 +2.105060918e+001 +1.276206092e+002 +1.276206092e+002 +5.1138e-001 +3.9637e-001 +1.7023e+000 +1.4958e+000 -2.8839e+000 -1.7868e+000 +3.9787e+000 +2.1257e+000 -7.6208e-001 -8.9090e-001
1247 +1.591465803e+001 +1.591465803e+001 +1.224846580e+002 +1.224846580e+002 +3.3179e-001 +2.0809e-001 +2.5060e+000 +2.1235e+000 -3.2800e+000 -2.0088e+000 +3.9352e+000 +1.9664e+000 -3.9103e-001 -1.7653e+000
1272 +1.088587566e+001 +1.088587566e+001 +1.174558757e+002 +1.174558757e+002 +1.3200e+000 +7.4654e-001 +2.5662e+000 +1.9635e+000 -2.8683e+000 -2.8315e+000 +3.8787e+000 +2.1816e+000 -1.4048e+000 -3.0796e+000
1312 +9.929685804e+000 +9.929685804e+000 +1.164996858e+002 +1.164996858e+002 +5.2737e-001 +4.8901e-001 +2.1459e+000 +2.0471e+000 -3.0399e+000 -1.9032e+000 +4.1025e+000 +2.2538e+000 -1.2248e+000 -2.3558e+000
1372 +8.297067256e+000 +8.297067256e+000 +1.148670673e+002 +1.148670673e+002 +1.0772e+000 +7.7724e-001 +2.1593e+000 +2.0906e+000 -3.2512e+000 -1.8879e+000 +3.7772e+000 +2.4741e+000 -8.7108e-001 -2.6604e+000
1453 +7.688885289e+000 +7.688885289e+000 +1.142588853e+002 +1.142588853e+002 +9.5787e-001 +9.1857e-001 +2.6264e+000 +1.5579e+000 -3.1191e+000 -1.6227e+000 +3.6929e+000 +2.9948e+000 -9.7628e-001 -2.4869e+000
1502 +6.811992886e+000 +6.811992886e+000 +1.133819929e+002 +1.133819929e+002 +1.0846e+000 +8.9457e-001 +2.2269e+000 +1.7137e+000 -3.5114e+000 -1.7173e+000 +3.9548e+000 +2.5399e+000 -1.3008e+000 -2.5880e+000
1571 +6.675847806e+000 +6.675847806e+000 +1.132458478e+002 +1.132458478e+002 +1.2853e+000 +7.7235e-001 +2.4664e+000 +1.8720e+000 -3.9604e+000 -1.4501e+000 +3.8402e+000 +2.5683e+000 -1.2455e+000 -2.6522e+000
1603 +6.413024093e+000 +6.413024093e+000 +1.129830241e+002 +1.129830241e+002 +1.1206e+000 +7.5524e-001 +2.2979e+000 +1.4994e+000 -3.5756e+000 -2.3056e+000 +3.8625e+000 +3.2612e+000 -1.3380e+000 -2.8667e+000
1646 +6.211725866e+000 +6.211725866e+000 +1.127817259e+002 +1.127817259e+002 +8.3728e-001 +8.7711e-001 +2.3180e+000 +1.5281e+000 -3.6134e+000 -1.5108e+000 +3.9166e+000 +3.1796e+000 -1.2907e+000 -3.0590e+000
1734 +6.069417416e+000 +6.069417416e+000 +1.126394174e+002 +1.126394174e+002 +1.1580e+000 +7.7486e-001 +2.1275e+000 +1.6144e+000 -3.8003e+000 -1.7052e+000 +3.8479e+000 +3.1622e+000 -1.1622e+000 -2.7558e+000
1765 +5.983637221e+000 +5.983637221e+000 +1.125536372e+002 +1.125536372e+002 +9.7533e-001 +1.0843e+000 +2.3579e+000 +9.7756e-001 -3.7193e+000 -2.2643e+000 +4.0313e+000 +3.0483e+000 -1.3597e+000 -2.8591e+000
1768 +5.849463589e+000 +5.849463589e+000 +1.124194636e+002 +1.124194636e+002 +1.0658e+000 +9.7659e-001 +2.3817e+000 +1.4596e+000 -3.5951e+000 -2.1114e+000 +3.7952e+000 +2.8168e+000 -1.3533e+000 -2.9557e+000
1784 +5.653705306e+000 +5.653705306e+000 +1.122237053e+002 +1.122237053e+002 +8.1334e-001 +9.8128e-001 +2.2551e+000 +1.4965e+000 -3.7334e+000 -2.0810e+000 +3.9801e+000 +2.8606e+000 -1.3537e+000 -2.8563e+000
1791 +5.442534658e+000 +5.442534658e+000 +1.120125347e+002 +1.120125347e+002 +1.1168e+000 +8.6622e-001 +2.3409e+000 +1.5164e+000 -3.7973e+000 -1.9569e+000 +3.9532e+000 +3.0927e+000 -1.6277e+000 -2.8083e+000
1858 +5.248579563e+000 +5.248579563e+000 +1.118185796e+002 +1.118185796e+002 +1.0703e+000 +9.0341e-001 +2.3910e+000 +1.4814e+000 -3.8353e+000 -1.8614e+000 +3.8835e+000 +2.9562e+000 -1.4062e+000 -2.8045e+000
1970 +5.247803699e+000 +5.247803699e+000 +1.118178037e+002 +1.118178037e+002 +9.3064e-001 +1.0526e+000 +2.3508e+000 +1.3858e+000 -3.8093e+000 -1.9492e+000 +3.8844e+000 +3.0761e+000 -1.4771e+000 -2.7238e+000
2258 +5.124830170e+000 +5.124830170e+000 +1.116948302e+002 +1.116948302e+002 +9.9915e-001 +1.0029e+000 +2.2905e+000 +1.3403e+000 -3.9519e+000 -1.8253e+000 +3.8615e+000 +3.0582e+000 -1.4540e+000 -2.8343e+000
% function evaluation | noise-free fitness - Fopt (-1.284800000000e+002) | best noise-free fitness - Fopt | measured fitness | best measured fitness | x1 | x2...
1 +5.955234700e+002 +5.955234700e+002 +4.670434700e+002 +4.670434700e+002 +3.7195e+000 -3.7821e+000 +2.1889e+000 +3.2399e+000 +1.0644e+001 +2.6843e+001 +3.9295e+000 +2.5307e+000 +3.8016e+000 +5.9262e-001
2 +2.102525228e+002 +2.102525228e+002 +8.177252280e+001 +8.177252280e+001 +2.6960e+000 -5.1246e+000 +2.6694e+000 +4.6348e+000 -3.5704e+000 +3.2599e+000 -1.6121e+001 +8.9419e-001 +1.9082e+000 -1.2232e+000
3 +1.747274655e+002 +1.747274655e+002 +4.624746553e+001 +4.624746553e+001 +6.1720e+000 -4.6685e+000 +2.5242e+000 +1.2395e+001 +1.3862e+000 +3.3588e+000 -9.3653e-001 +3.1930e+000 +5.8552e+000 -1.0600e+001
4 +7.600023742e+001 +7.600023742e+001 -5.247976258e+001 -5.247976258e+001 +1.6320e+000 -3.2891e+000 +4.0604e+000 +4.8317e+000 +6.5081e-001 +2.4266e+000 -1.9758e+000 -2.9358e+000 +3.2703e+000 -4.4771e+000
26 +6.597241628e+001 +6.597241628e+001 -6.250758372e+001 -6.250758372e+001 -8.9035e-001 -6.1046e+000 +2.5860e+000 +5.3882e+000 +2.1380e+000 -1.0694e+000 -3.0308e+000 -2.0493e+000 +3.6381e+000 +1.1696e+000
94 +5.912998561e+001 +5.912998561e+001 -6.935001439e+001 -6.935001439e+001 +1.9480e+000 -3.5005e+000 +2.0733e+000 +3.8754e+000 +2.1836e+000 +2.1327e+000 -1.0871e+000 -1.4953e-001 +3.8376e+000 -3.7881e+000
215 +3.143071875e+001 +3.143071875e+001 -9.704928125e+001 -9.704928125e+001 -1.3132e+000 -1.8171e+000 +2.1968e+000 +5.9128e+000 -1.6648e+000 -1.4122e+000 +3.5437e-001 -4.5420e+000 +1.8423e+000 -2.6905e+000
514 +3.080399185e+001 +3.080399185e+001 -9.767600815e+001 -9.767600815e+001 +2.7838e+000 -2.6746e+000 +2.6095e+000 +2.7580e+000 +3.0929e+000 +1.4337e+000 -4.2982e-001 -1.8462e+000 +3.5703e+000 -2.5868e+000
524 +2.603727828e+001 +2.603727828e+001 -1.024427217e+002 -1.024427217e+002 +2.8172e+000 +1.9050e-001 +2.3116e-001 +1.9308e+000 -9.8185e-001 -1.1854e+000 +3.7430e-001 -2.6071e+000 +3.7970e+000 +1.3269e+000
575 +2.524196666e+001 +2.524196666e+001 -1.032380333e+002 -1.032380333e+002 +6.5308e-001 -1.3492e+000 +2.5507e-001 +4.0784e+000 +6.8785e-002 -7.1764e-001 -5.0022e-001 -2.2183e+000 +2.4129e+000 +1.0641e+000
595 +1.991287042e+001 +1.991287042e+001 -1.085671296e+002 -1.085671296e+002 +2.4262e+000 -4.2711e-001 +5.1917e-001 +1.8424e+000 -5.1954e-001 +3.9152e-001 +1.3146e+000 -4.4013e+000 +3.6162e+000 +6.6652e-001
604 +1.139692971e+001 +1.139692971e+001 -1.170830703e+002 -1.170830703e+002 +2.3334e+000 -6.7675e-001 +7.8846e-001 +2.1181e+000 -1.2143e+000 +2.6117e-001 +9.5891e-001 -3.3369e+000 +4.4162e+000 +1.9913e+000
712 +1.036187738e+001 +1.036187738e+001 -1.181181226e+002 -1.181181226e+002 +2.1377e+000 -1.1235e+000 +6.5464e-001 +1.7043e+000 -1.9023e+000 -4.8300e-001 +6.3401e-001 -3.3425e+000 +4.5309e+000 +9.1715e-001
716 +9.281231119e+000 +9.281231119e+000 -1.191987689e+002 -1.191987689e+002 +2.1603e+000 -1.3755e+000 +1.0212e+000 +1.0389e+000 -3.5211e+000 +6.2479e-001 +5.1119e-001 -3.6637e+000 +4.5426e+000 +1.7664e+000
758 +7.740405684e+000 +7.740405684e+000 -1.207395943e+002 -1.207395943e+002 +2.3098e+000 -1.2871e+000 +5.3578e-001 +7.7592e-001 -2.6438e+000 -1.5978e-001 +9.6329e-001 -3.5122e+000 +4.0611e+000 +1.1073e+000
858 +6.372855522e+000 +6.372855522e+000 -1.221071445e+002 -1.221071445e+002 +2.1437e+000 -8.1131e-001 +6.7262e-001 +1.2904e+000 -2.3810e+000 +5.7145e-001 +2.4623e-001 -3.3408e+000 +3.9246e+000 +1.5621e+000
960 +6.203303267e+000 +6.203303267e+000 -1.222766967e+002 -1.222766967e+002 +1.9053e+000 -1.5394e+000 +2.0007e-001 +1.8724e+000 -2.5797e+000 +3.5818e-001 +9.4258e-002 -3.6627e+000 +4.0991e+000 +1.5583e+000
1004 +5.177269766e+000 +5.177269766e+000 -1.233027302e+002 -1.233027302e+002 +2.1857e+000 -1.2251e+000 +2.1827e-001 +1.2480e+000 -2.5559e+000 -1.7176e-002 +4.5532e-001 -3.7554e+000 +3.5820e+000 +1.6013e+000
1031 +4.940115096e+000 +4.940115096e+000 -1.235398849e+002 -1.235398849e+002 +1.7241e+000 -1.1508e+000 +7.3286e-002 +1.8991e+000 -2.3385e+000 +7.0604e-001 +6.0190e-001 -3.5578e+000 +3.9818e+000 +1.7601e+000
1070 +4.685315693e+000 +4.685315693e+000 -1.237946843e+002 -1.237946843e+002 +1.8770e+000 -1.0512e+000 -1.5745e-001 +1.1048e+000 -2.2773e+000 +4.5813e-001 +7.3648e-002 -3.7604e+000 +4.3337e+000 +1.7653e+000
1077 +4.305777104e+000 +4.305777104e+000 -1.241742229e+002 -1.241742229e+002 +1.9147e+000 -1.1546e+000 -1.6040e-002 +1.4133e+000 -2.3651e+000 +5.2247e-001 +3.6744e-001 -4.0938e+000 +4.1920e+000 +1.3321e+000
1104 +3.602161951e+000 +3.602161951e+000 -1.248778380e+002 -1.248778380e+002 +1.7034e+000 -6.6524e-001 -2.5843e-001 +1.3851e+000 -2.2315e+000 +6.1531e-001 +4.5777e-001 -4.2085e+000 +3.9009e+000 +1.6943e+000
1111 +3.460488168e+000 +3.460488168e+000 -1.250195118e+002 -1.250195118e+002 +1.7194e+000 -7.3079e-001 +1.8980e-001 +1.7400e+000 -2.3151e+000 +2.6054e-001 +3.7863e-001 -3.9348e+000 +3.7136e+000 +1.6593e+000
1148 +3.357208967e+000 +3.357208967e+000 -1.251227910e+002 -1.251227910e+002 +1.6857e+000 -9.1828e-001 +2.3592e-001 +1.7380e+000 -2.2759e+000 +3.8172e-001 +5.6265e-001 -3.8922e+000 +3.8655e+000 +1.7566e+000
1154 +3.291788865e+000 +3.291788865e+000 -1.251882111e+002 -1.251882111e+002 +1.6994e+000 -6.0354e-001 +1.8839e-001 +1.5462e+000 -2.3146e+000 +1.0853e-001 +4.2488e-001 -4.1150e+000 +3.6371e+000 +1.6653e+000
1241 +3.230042204e+000 +3.230042204e+000 -1.252499578e+002 -1.252499578e+002 +1.8007e+000 -6.3108e-001 +1.5361e-002 +1.5078e+000 -2.2427e+000 +3.5850e-001 +5.4841e-001 -3.9240e+000 +3.8285e+000 +1.4619e+000
1278 +3.123173063e+000 +3.123173063e+000 -1.253568269e+002 -1.253568269e+002 +1.7693e+000 -1.0417e+000 +9.3986e-002 +1.3553e+000 -2.6164e+000 +4.5681e-001 +3.8785e-001 -4.0226e+000 +3.6688e+000 +1.6173e+000
1314 +3.039884946e+000 +3.039884946e+000 -1.254401151e+002 -1.254401151e+002 +1.8181e+000 -9.1694e-001 +9.5399e-002 +1.1294e+000 -2.4965e+000 +3.3010e-001 +5.1181e-001 -3.9602e+000 +3.8236e+000 +1.6415e+000
1330 +2.866469388e+000 +2.866469388e+000 -1.256135306e+002 -1.256135306e+002 +1.6757e+000 -7.3428e-001 -4.4426e-002 +1.2106e+000 -2.6913e+000 +3.5263e-001 +6.8620e-001 -4.0282e+000 +3.8123e+000 +1.5530e+000
1351 +2.791791316e+000 +2.791791316e+000 -1.256882087e+002 -1.256882087e+002 +1.6634e+000 -8.6802e-001 +7.0714e-002 +1.3897e+000 -2.5183e+000 +4.7575e-001 +5.3750e-001 -4.0028e+000 +3.7584e+000 +1.6552e+000
1462 +2.746111462e+000 +2.746111462e+000 -1.257338885e+002 -1.257338885e+002 +1.6038e+000 -7.5269e-001 +4.1743e-002 +1.2712e+000 -2.4353e+000 +3.5964e-001 +5.0792e-001 -4.1635e+000 +3.7483e+000 +1.5977e+000
1511 +2.685987002e+000 +2.685987002e+000 -1.257940130e+002 -1.257940130e+002 +1.5974e+000 -7.4973e-001 +6.4001e-002 +1.3153e+000 -2.4657e+000 +3.9840e-001 +5.6393e-001 -4.0044e+000 +3.7746e+000 +1.6659e+000
1949 +2.622265253e+000 +2.622265253e+000 -1.258577347e+002 -1.258577347e+002 +1.4827e+000 -7.5096e-001 +1.0171e-001 +1.2628e+000 -2.5120e+000 +3.4093e-001 +7.0816e-001 -3.9630e+000 +3.6834e+000 +1.7215e+000
% function evaluation | noise-free fitness - Fopt (2.358800000000e+002) | best noise-free fitness - Fopt | measured fitness | best measured fitness | x1 | x2...
1 +1.389757709e+003 +1.389757709e+003 +1.625637709e+003 +1.625637709e+003 -5.7879e+000 -3.0602e+000 -2.9681e+000 +5.2148e+000 +1.3799e+000 -6.2189e-001 +1.3322e+000 -1.1318e+001 -2.3800e+000 +4.0533e+001
2 +9.828879725e+001 +9.828879725e+001 +3.341687972e+002 +3.341687972e+002 -6.5555e+000 -5.4050e+000 +1.0299e+000 +2.7942e+000 +7.9085e+000 -3.6566e+000 +5.8395e+000 -2.6174e+000 -4.5216e-001 -1.0493e+000
3 +9.315232018e+001 +9.315232018e+001 +3.290323202e+002 +3.290323202e+002 -5.7572e-002 -5.2092e+000 +1.8536e+000 +3.7933e+000 +1.3026e+000 -1.3985e+000 +3.4490e+000 +2.1747e+000 +5.3563e-001 +7.5977e+000
7 +8.463158608e+001 +8.463158608e+001 +3.205115861e+002 +3.205115861e+002 -1.9185e+000 -3.6365e+000 +3.0953e-001 +3.1904e+000 -5.4044e+000 -1.5586e+000 +8.3758e-001 -2.1002e+000 -1.1746e+000 -1.7893e+000
94 +8.226752144e+001 +8.226752144e+001 +3.181475214e+002 +3.181475214e+002 -3.2403e+000 -7.5740e-001 -9.9008e-001 +3.0926e+000 -5.1440e+000 -4.6918e+000 +3.7403e+000 +4.0494e+000 -2.3549e+000 +1.8940e+000
127 +7.815771615e+001 +7.815771615e+001 +3.140377161e+002 +3.140377161e+002 -3.0911e+000 -2.2745e+000 -6.8761e-001 +1.9474e+000 -1.1750e+000 -2.8054e+000 +1.3021e+000 -1.2614e+000 +6.2530e+000 +1.0561e+000
180 +7.113630631e+001 +7.113630631e+001 +3.070163063e+002 +3.070163063e+002 -2.8012e+000 -1.7800e+000 -5.9429e+000 -4.7209e-001 -2.8598e+000 -3.3650e+000 +1.2297e+000 -1.6820e+000 +1.4989e+000 +1.8738e+000
338 +6.899520168e+001 +6.899520168e+001 +3.048752017e+002 +3.048752017e+002 -1.3339e+000 +3.2251e-002 -1.1595e+000 +4.6913e-001 -2.9678e+000 -3.7006e+000 -2.9149e+000 +1.1714e+000 +1.7862e+000 +1.4559e+000
393 +6.695832403e+001 +6.695832403e+001 +3.028383240e+002 +3.028383240e+002 -4.7619e-001 +3.1590e+000 -1.8939e-001 -5.8691e-001 -2.6489e+000 -4.2829e+000 -7.3793e-001 +2.1853e+000 +1.5513e+000 +1.7163e+000
418 +6.065366204e+001 +6.065366204e+001 +2.965336620e+002 +2.965336620e+002 -9.3157e-001 +2.2664e+000 -8.2713e-001 +6.7397e-001 -1.4877e+000 -4.1461e+000 -1.8291e+000 +1.1092e+000 +2.3244e+000 +3.3035e-002
459 +5.741831728e+001 +5.741831728e+001 +2.932983173e+002 +2.932983173e+002 -1.9186e+000 +9.2246e-001 -3.5921e+000 -1.2238e+000 -3.7982e+000 -3.4211e+000 -4.6612e-001 -1.0085e+000 +1.1924e+000 +7.4104e-001
541 +5.167272179e+001 +5.167272179e+001 +2.875527218e+002 +2.875527218e+002 -3.1819e+000 +1.2926e+000 -1.5730e+000 -1.7796e-001 -2.9594e+000 -3.3187e+000 -2.9503e+000 -2.9228e-001 +2.7279e+000 -5.3301e-001
553 +4.994552247e+001 +4.994552247e+001 +2.858255225e+002 +2.858255225e+002 -2.2372e+000 +2.2411e+000 -2.5624e-001 -2.5740e-001 -3.2359e+000 -3.0327e+000 -1.7184e+000 +1.5439e+000 +1.4612e+000 +1.7052e-001
585 +3.603892269e+001 +3.603892269e+001 +2.719189227e+002 +2.719189227e+002 -2.8305e+000 +8.8884e-001 -2.1948e+000 -4.3400e-001 -1.9999e+000 -3.0165e+000 -1.4934e+000 +8.9006e-001 +1.9551e+000 +9.6272e-001
613 +3.056614780e+001 +3.056614780e+001 +2.664461478e+002 +2.664461478e+002 -2.3796e+000 +8.0762e-001 -2.6454e+000 -3.3037e-001 -2.4737e+000 -3.1242e+000 -6.6701e-001 +9.7134e-001 +2.9254e+000 +1.1185e+000
746 +2.897436705e+001 +2.897436705e+001 +2.648543671e+002 +2.648543671e+002 -2.9152e+000 +4.8266e-001 -3.3880e+000 -1.4784e-001 -2.3697e+000 -2.5817e+000 -6.1411e-001 +7.1293e-001 +2.7768e+000 +1.5551e+000
855 +2.869019603e+001 +2.869019603e+001 +2.645701960e+002 +2.645701960e+002 -2.5743e+000 +5.2963e-001 -2.2463e+000 -3.0451e-001 -1.8873e+000 -2.4298e+000 -7.2651e-001 +6.0121e-001 +3.1922e+000 +1.9357e+000
901 +2.746937877e+001 +2.746937877e+001 +2.633493788e+002 +2.633493788e+002 -2.2888e+000 +7.8925e-001 -1.5473e+000 -7.8429e-001 -2.4450e+000 -2.6928e+000 -1.2058e+000 +3.8759e-001 +2.7866e+000 +1.1704e+000
1173 +2.646377061e+001 +2.646377061e+001 +2.623437706e+002 +2.623437706e+002 -2.3692e+000 +8.7976e-001 -2.3023e+000 -5.7533e-001 -2.1964e+000 -2.5343e+000 -1.1747e+000 +9.1624e-001 +3.0966e+000 +1.2180e+000
1318 +2.615618631e+001 +2.615618631e+001 +2.620361863e+002 +2.620361863e+002 -2.3994e+000 +1.1312e+000 -2.1433e+000 -6.8145e-001 -2.2510e+000 -2.6686e+000 -1.2585e+000 +6.2877e-001 +3.2900e+000 +1.2325e+000
1752 +2.568945550e+001 +2.568945550e+001 +2.615694555e+002 +2.615694555e+002 -2.5087e+000 +1.0259e+000 -2.2821e+000 -5.9990e-001 -2.3085e+000 -2.5784e+000 -1.2846e+000 +6.6913e-001 +3.1001e+000 +1.4228e+000
% function evaluation | noise-free fitness - Fopt (-5.310000000000e+000) | best noise-free fitness - Fopt | measured fitness | best measured fitness | x1 | x2...
1 +5.283189280e+002 +5.283189280e+002 +5.230089280e+002 +5.230089280e+002 +3.3155e-001 -1.6039e+000 +8.9016e-001 -1.2860e+001 +4.5737e+000 +1.7138e+000 -6.5604e+000 +2.4162e+000 +1.5451e+000 +2.4431e+001
2 +1.445917573e+002 +1.445917573e+002 +1.392817573e+002 +1.392817573e+002 -6.7845e-001 -2.0539e+000 +1.2350e+001 +3.7780e+000 +7.0016e+000 +3.1272e+000 +1.9434e+000 +1.9396e+000 +3.9922e-001 -2.3744e+000
3 +8.342332438e+001 +8.342332438e+001 +7.811332438e+001 +7.811332438e+001 +5.1108e+000 +3.2078e+000 -4.2464e+000 -1.6471e+000 +1.9880e+000 +2.6111e+000 -2.8317e+000 +1.7557e-001 +5.0627e+000 +2.7338e-001
6 +8.026476162e+001 +8.026476162e+001 +7.495476162e+001 +7.495476162e+001 -8.2391e-001 -2.6042e+000 +4.9030e-001 +5.9199e-001 +3.4695e+000 -2.3539e+000 -3.0002e+000 +4.0510e-001 +4.8525e+000 -9.8823e-001
61 +7.761673971e+001 +7.761673971e+001 +7.230673971e+001 +7.230673971e+001 +1.8761e+000 -2.4611e+000 +4.3664e+000 -3.0350e+000 +1.5967e+000 +2.7823e+000 -1.0093e+000 -2.0631e+000 +2.6022e+000 -9.4998e-001
208 +7.549561634e+001 +7.549561634e+001 +7.018561634e+001 +7.018561634e+001 -1.3048e+000 -9.9953e-001 -3.0139e+000 -2.5148e+000 +1.6935e+000 +1.2132e+000 -1.8016e+000 -4.1690e-001 +1.6342e+000 -2.5014e+000
210 +7.161018813e+001 +7.161018813e+001 +6.630018813e+001 +6.630018813e+001 +5.4542e+000 +4.4613e-001 +6.2778e-001 -5.5186e-001 -6.1767e-001 +1.3729e-001 -1.6705e+000 -1.0538e+000 +2.9583e+000 -3.9445e+000
402 +6.772184240e+001 +6.772184240e+001 +6.241184240e+001 +6.241184240e+001 -3.5072e+000 -3.5841e-001 -6.3875e-001 -1.9892e+000 +1.8915e+000 +8.1310e-001 +7.5311e-002 -9.8583e-001 +3.3160e+000 -3.6414e-001
546 +6.730363734e+001 +6.730363734e+001 +6.199363734e+001 +6.199363734e+001 +2.8209e-001 -9.6915e-002 +3.2067e+000 +2.5893e+000 +1.6456e+000 +8.5362e-001 -8.5415e-001 -2.3858e-003 +1.7240e+000 -9.0882e-001
577 +6.576535137e+001 +6.576535137e+001 +6.045535137e+001 +6.045535137e+001 +6.3340e-001 -1.0620e+000 +1.2765e+000 +5.1434e-001 +2.1507e+000 +2.3369e+000 -1.4537e+000 +4.9607e-001 +2.1366e+000 +2.0774e+000
715 +6.445360101e+001 +6.445360101e+001 +5.914360101e+001 +5.914360101e+001 +8.7932e-001 +9.2206e-001 +1.9076e+000 -4.4370e-001 +3.6345e+000 +3.8195e+000 -1.5271e+000 -6.9248e-001 +3.0417e+000 +1.0332e+000
806 +5.770920632e+001 +5.770920632e+001 +5.239920632e+001 +5.239920632e+001 +3.7226e+000 -3.8570e-001 +1.2892e+000 -3.0625e-001 +3.2400e+000 +4.2625e+000 -4.2952e-001 -2.6621e-001 +2.1002e+000 +1.9200e+000
839 +5.696949701e+001 +5.696949701e+001 +5.165949701e+001 +5.165949701e+001 +2.0266e+000 +2.8306e-001 +1.0927e+000 -1.1142e+000 +3.2166e+000 +4.1723e+000 -4.8480e-001 +9.3236e-001 +2.8398e+000 +1.0004e+000
864 +5.562275742e+001 +5.562275742e+001 +5.031275742e+001 +5.031275742e+001 +9.6200e-001 -5.4165e-001 +1.4574e+000 -4.8339e-001 +2.9607e+000 +3.2750e+000 -1.7128e+000 +1.0511e+000 +3.2549e+000 +1.8828e+000
892 +4.473311635e+001 +4.473311635e+001 +3.942311635e+001 +3.942311635e+001 +5.4850e-001 -8.0982e-001 +1.7387e+000 -9.8858e-001 +3.2259e+000 +3.9213e+000 -5.6688e-001 -2.6635e-001 +2.8453e+000 +2.4663e+000
952 +4.406567663e+001 +4.406567663e+001 +3.875567663e+001 +3.875567663e+001 +1.4156e+000 -4.9598e-001 +1.5998e+000 -8.0670e-001 +3.1978e+000 +3.4391e+000 -1.6418e+000 -2.1937e-001 +2.5273e+000 +2.5047e+000
1021 +3.959167322e+001 +3.959167322e+001 +3.428167322e+001 +3.428167322e+001 +1.4734e+000 -5.2164e-001 +1.5312e+000 -1.3766e+000 +4.5376e+000 +3.7359e+000 -1.7016e+000 -6.4614e-001 +2.5555e+000 +2.9323e+000
1056 +3.793757972e+001 +3.793757972e+001 +3.262757972e+001 +3.262757972e+001 +1.4834e+000 -6.1373e-001 +1.5308e+000 -4.2406e-001 +3.6994e+000 +4.1669e+000 -5.3708e-001 +8.2869e-001 +2.0817e+000 +2.7344e+000
1078 +3.301462798e+001 +3.301462798e+001 +2.770462798e+001 +2.770462798e+001 +1.6093e+000 -6.0390e-001 +1.6693e+000 -1.3880e+000 +4.7822e+000 +3.8698e+000 -1.2291e+000 +5.1975e-001 +1.9622e+000 +2.8702e+000
1161 +3.225570045e+001 +3.225570045e+001 +2.694570045e+001 +2.694570045e+001 +2.1723e+000 -6.4426e-001 +1.3267e+000 -1.4004e+000 +4.3972e+000 +4.0294e+000 -1.3208e+000 +6.0529e-001 +2.6764e+000 +2.8224e+000
1235 +3.121389522e+001 +3.121389522e+001 +2.590389522e+001 +2.590389522e+001 +2.4390e+000 -6.1246e-001 +1.2179e+000 -1.3457e+000 +4.0954e+000 +5.2350e+000 -1.2962e+000 +5.1424e-001 +2.2545e+000 +3.2615e+000
1262 +3.015926241e+001 +3.015926241e+001 +2.484926241e+001 +2.484926241e+001 +2.1052e+000 -7.3955e-001 +1.8458e+000 -1.3456e+000 +3.9842e+000 +4.1887e+000 -1.3537e+000 +8.2580e-001 +2.8773e+000 +3.0528e+000
1274 +2.922833089e+001 +2.922833089e+001 +2.391833089e+001 +2.391833089e+001 +2.1875e+000 -6.9359e-001 +1.4367e+000 -1.6052e+000 +3.9392e+000 +4.3249e+000 -1.2172e+000 +5.2568e-001 +2.2756e+000 +3.1149e+000
1360 +2.778128953e+001 +2.778128953e+001 +2.247128953e+001 +2.247128953e+001 +1.8612e+000 -7.0414e-001 +1.9419e+000 -1.7710e+000 +4.1649e+000 +4.5532e+000 -1.4470e+000 +4.3160e-001 +2.4950e+000 +3.0829e+000
1516 +2.740961628e+001 +2.740961628e+001 +2.209961628e+001 +2.209961628e+001 +2.0008e+000 -7.1864e-001 +1.9464e+000 -1.5856e+000 +4.1389e+000 +4.8099e+000 -1.2892e+000 +4.1436e-001 +2.4617e+000 +3.1326e+000
1678 +2.683009771e+001 +2.683009771e+001 +2.152009771e+001 +2.152009771e+001 +1.9434e+000 -8.3114e-001 +2.1226e+000 -1.7170e+000 +3.9898e+000 +4.8337e+000 -1.1922e+000 +3.7005e-001 +2.3586e+000 +3.1678e+000
1904 +2.625164261e+001 +2.625164261e+001 +2.094164261e+001 +2.094164261e+001 +1.9393e+000 -1.0682e+000 +2.1648e+000 -1.8456e+000 +4.0452e+000 +4.7237e+000 -1.4448e+000 +4.2166e-001 +2.4184e+000 +3.2092e+000
2160 +2.556388648e+001 +2.556388648e+001 +2.025388648e+001 +2.025388648e+001 +1.9307e+000 -1.3979e+000 +2.1526e+000 -1.8315e+000 +4.0104e+000 +4.8829e+000 -1.2532e+000 +5.8941e-001 +2.2728e+000 +3.2372e+000
